  -0.02533,   0.00420,   0.02718,   0.01077,   0.01897,  -0.00236,   0.00585,  -0.00564,  -0.03026,   0.01897,   0.01733,  -0.02205,   0.04523,  -0.02533,   0.01241,   0.01077,  -0.00564,   0.03539,  -0.01221,  -0.03682,   0.01733,   0.10923,   0.05508,   0.00420,  -0.00400,  -0.02369,   0.07477,  -0.08113,  -0.01713,   0.05836,   0.03210,   0.07969,   0.03374,  -0.00728,  -0.04831,   0.09611,   0.01897,  -0.00728,  -0.03846,  -0.04831,   0.08134,   0.03867,  -0.06472,   0.05180,   0.04031,  -0.04667,  -0.06964,   0.05180,  -0.02369,  -0.00072,   0.07805,   0.00420,   0.02390,  -0.03354,  -0.02369,   0.01241,  -0.01385,  -0.00072,   0.05344,  -0.01385,  -0.02533,   0.01241,   0.01897,   0.02718,  -0.09918,   0.01405,  -0.04995,  -0.01549,  -0.02369,  -0.08441,   0.02226,   0.03703,  -0.07457,  -0.04503,   0.01733,   0.02554,  -0.04995,   0.05672,   0.01241,  -0.02698,   0.02062,  -0.04831,   0.03210,  -0.02533,   0.04687,   0.02062,   0.07969,   0.02226,   0.10595,   0.13385,   0.02062,   0.08954,   0.03539,  -0.03846,  -0.05816,   0.00256,  -0.01877,  -0.00400,  -0.03026,  -0.04010,  -0.02205,  -0.02041,  -0.00892,  -0.01056,  -0.02205,  -0.07129,   0.03539,   0.04195,   0.02554,   0.01241,  -0.07293,  -0.06800,  -0.07129,   0.01733,  -0.04175,  -0.00072,  -0.00400,  -0.00728,  -0.00236,   0.00256,  -0.03026,   0.01077,  -0.00892,   0.06985,   0.03374,  -0.04010,   0.02882,  -0.02698,  -0.04339,  -0.00400,   0.02554,  -0.04831,  -0.01713,  -0.00892,  -0.00728,   0.01077,  -0.04339,  -0.00072,  -0.06144,  -0.00728,   0.02554,  -0.01877,   0.01733,  -0.07785,  -0.01221,  -0.00072,   0.01733,   0.01733,   0.02718,  -0.00236,  -0.01056,  -0.01056,  -0.02862,   0.03867,   0.06000,   0.00913,   0.07805,   0.06164,   0.01241,   0.03374,  -0.04667,  -0.07129,  -0.02369,   0.03867,   0.06657,  -0.04667,  -0.06800,   0.11580,   0.12565,   0.01733,   0.01241,  -0.02369,  -0.04503,  -0.05652,   0.00256,  -0.03026,  -0.03026,  -0.04339,   0.01405,  -0.01877,   0.11252,   0.00749,  -0.00728,   0.04851,   0.07313,   0.00092,  -0.00728,   0.00585,  -0.05980,   0.00256,  -0.05652,   0.03703,   0.06657,  -0.00728,   0.05344,  -0.02698,   0.02882,  -0.02369,   0.02882,  -0.00564,   0.02554,   0.00092,   0.02554,   0.00749,   0.00913,  -0.03846,  -0.03354,  -0.02862,  -0.02862,   0.09118,  -0.04503,   0.00256,  -0.03518,   0.00256,   0.03046,   0.04523,  -0.03190,   0.03867,   0.00256,  -0.00400,   0.03539,   0.03374,   0.02390,  -0.05487,  -0.01713,   0.04851,   0.04851,   0.02226,  -0.05816,  -0.04175,  -0.01056,   0.06000,   0.02554,  -0.02369,  -0.00892,  -0.00728,  -0.02369,  -0.03518,   0.02390,   0.05016,   0.00092,   0.04523,   0.02062,  -0.08113,   0.02882,   0.04851,   0.01241,   0.04687,  -0.00072,   0.07641,   0.01733,   0.03374,   0.06164,   0.01241,  -0.06800,  -0.01056,   0.07149,   0.04031,   0.07805,   0.07477,   0.07641,  -0.04831,   0.10267,  -0.06964,   0.01897,  -0.02205,   0.04359,   0.00256,  -0.06308,   0.06657,   0.09446,  -0.00564,   0.00913,  -0.02041,  -0.01713,  -0.06144,  -0.03190,   0.04851,   0.03210,  -0.07949,  -0.00236,  -0.00236,   0.00585,   0.08790,   0.02062,  -0.06472,  -0.06144,  -0.05980,  -0.02205,   0.01897,  -0.01385,  -0.04667,   0.00585,  -0.05323,  -0.02205,   0.00092,  -0.01549,  -0.02533,   0.07149,  -0.01221,  -0.00564,   0.02390,   0.09118,   0.01569,   0.00913,  -0.02041,   0.02718,   0.06492,   0.04359,  -0.02205,  -0.02041,   0.05672,   0.02226,   0.10103,   0.02062,   0.06657,   0.03210,  -0.03026,  -0.03682,   0.01733,   0.05508,  -0.08277,   0.00585,   0.00092,  -0.03518,   0.01897,  -0.06800,   0.03867,   0.05016,  -0.06144,  -0.01549,  -0.04503,  -0.00892,   0.06821,   0.03046,   0.03210,   0.04195,  -0.04667,  -0.05487,   0.00749,  -0.01549,  -0.04831,  -0.05816,   0.07969,   0.07641,  -0.02041,   0.01077,   0.04359,   0.00749,  -0.04995,  -0.00564,   0.00092,  -0.01385,  -0.04831,  -0.02533,  -0.04503,   0.00749,  -0.00072,  -0.00236,   0.00256,  -0.02698,   0.05344,  -0.01549,   0.04687,  -0.06964,  -0.00892,   0.02554,   0.05016,  -0.00728,  -0.06800,  -0.03190,   0.01897,   0.05836,  -0.04010,   0.02390,   0.05180,   0.03374,   0.01733,  -0.01549,   0.01077,  -0.01549,  -0.04339,   0.01569,   0.01897,   0.05180,   0.00092,   0.00092,  -0.03190,  -0.03518,  -0.01056,   0.02882,   0.00256,   0.03539,  -0.05652,  -0.03846,   0.01569,  -0.01056,   0.01405,   0.01405,  -0.01713,   0.00256,   0.04359,   0.01405,   0.02718,   0.07149,   0.03867,   0.04359,   0.00913,  -0.01385,   0.05180,   0.00092,   0.02718,  -0.03682,  -0.00728,  -0.03026,  -0.02862,  -0.01549,   0.02226,  -0.03846,   0.01569,   0.01405,  -0.02862,   0.03374,   0.00585,   0.08134,   0.03539,   0.04687,  -0.05159,   0.05344,   0.01077,   0.03374,   0.00585,  -0.05487,   0.13057,  -0.06800,  -0.03682,  -0.11231,  -0.02205,  -0.00072,  -0.03518,  -0.06636,  -0.01056,   0.00585,  -0.02862,  -0.04667,   0.00585,   0.00913,   0.01569,   0.00092,  -0.03682,   0.07477,  -0.07457,   0.01405,  -0.03026,  -0.06144,  -0.06472,  -0.07949,  -0.00236,  -0.05487,  -0.00892,  -0.00400,  -0.00072,   0.05672,   0.03539,   0.03210,   0.01405,   0.01405,   0.02882,   0.02390,   0.01241,   0.01077,   0.02718,   0.00256,   0.03703,   0.05508,  -0.01385,   0.03046,   0.02718,  -0.01056,  -0.03026,  -0.04339,   0.00913,  -0.04339,  -0.02533,   0.01241,   0.03539,   0.04359,   0.03867,   0.01405,   0.03210,   0.05836,   0.04031,   0.05508,  -0.04339,   0.07313,  -0.06800,  -0.01056,   0.03867,  -0.02862,  -0.08113,  -0.02862,   0.01241,   0.02718,   0.03374,  -0.02533,   0.06000,   0.01241,   0.02062,   0.05180,  -0.00892,  -0.00892,  -0.03682,   0.00256,  -0.06472,   0.03210,   0.00420,  -0.00892,   0.03046,   0.01733,   0.07641,  -0.01056,  -0.01713,   0.03374,   0.06492,   0.04851,   0.01405,  -0.02698,  -0.05652,  -0.02698,  -0.04175,   0.08134,  -0.00236,  -0.07621,  -0.04010,  -0.01549,   0.03703,  -0.08934,   0.00092,   0.02718,   0.00092,   0.07149,  -0.05980,  -0.00400,  -0.03518,   0.01405,  -0.00564,   0.06821,  -0.03518,   0.01241,   0.04687,  -0.05816,  -0.02205,   0.03867,  -0.02205,  -0.04175,  -0.06144,  -0.01549,   0.03539,   0.02226,  -0.00564,   0.00256,   0.04195,   0.03867,   0.00585,   0.07149,   0.01733,  -0.03846,  -0.05816,   0.06164,   0.00749,   0.02718,  -0.02862,  -0.03190,  -0.07621,   0.02390,   0.00256,   0.02882,  -0.01877,   0.01077,  -0.00892,   0.04523,   0.02554,  -0.02369,  -0.03846,   0.01569,   0.08790,  -0.00892,   0.03210,  -0.00072,   0.08134,   0.01733,   0.04195,   0.04851,   0.03374,  -0.02533,  -0.00892,   0.04851,   0.00913,  -0.07293,   0.03867,  -0.00236,   0.04359,   0.02718,   0.01077,   0.04359,  -0.02369,   0.02718,  -0.03846,   0.02062,   0.02554,  -0.01056,  -0.04667,   0.09282,  -0.02698,  -0.10903,   0.04031,   0.06164,   0.04523,  -0.01549,   0.03539,   0.05836,  -0.02369,   0.03703,  -0.03190,  -0.00236,   0.06000,   0.03210,  -0.00892,   0.04195,   0.05180,   0.05180,  -0.01221,  -0.02205,  -0.01221,  -0.00892,  -0.00892,  -0.03190,  -0.03354,  -0.08113,   0.01733,   0.04687,   0.01077,   0.01241,   0.09282,   0.00092,   0.02718,  -0.04010,   0.03374,   0.02226,  -0.04503,  -0.04831,  -0.00400,   0.04195,  -0.03518,  -0.01221,   0.01733,  -0.01056,  -0.01221,  -0.00072,  -0.03682,  -0.02041,   0.01569,  -0.02041,  -0.04503,  -0.06964,  -0.05159,   0.00092,  -0.05487,   0.00749,   0.04851,   0.00420,   0.07969,   0.03703,  -0.04503,  -0.01549,  -0.00236,  -0.02533,   0.02390,   0.02226,  -0.00892,   0.00092,   0.04195,   0.10759,   0.00420,   0.04851,  -0.00564,  -0.05816,   0.04523,  -0.01713,  -0.01385,   0.07149,  -0.01056,   0.01897,  -0.03518,  -0.04503,   0.01897,  -0.00892,  -0.04010,  -0.04175,   0.04031,  -0.01385,  -0.00728,  -0.09426,   0.01405,  -0.00892,   0.02882,  -0.06472,  -0.00564,   0.01569,  -0.03518,   0.02226,   0.04687,   0.01569,  -0.02862,   0.06821,  -0.10739,  -0.02041,  -0.06472,  -0.05652,  -0.06964,   0.01077,   0.01569,  -0.01713,  -0.01877,   0.03046,   0.01405,  -0.08277,  -0.04339,   0.00913,  -0.01549,   0.07641,  -0.01549,   0.02882,   0.02718,  -0.02205,  -0.02862,  -0.05159,   0.07641,  -0.03190,   0.00256,   0.04687,   0.07313,   0.02390,  -0.02041,   0.01733,  -0.00236,   0.04359,   0.00092,   0.00585,   0.08626,   0.03539,   0.02882,   0.05508,  -0.01221,  -0.01056,   0.07313,  -0.05487,  -0.05487,  -0.00236,   0.03867,   0.04359,   0.00420,  -0.03354,   0.00749,   0.05344,  -0.02533,   0.08298,   0.08298,  -0.00728,  -0.03518,  -0.05159,   0.02554,  -0.01056,  -0.00236,   0.01569,  -0.06308,  -0.03354,   0.06821,  -0.03682,   0.00092,  -0.01713,  -0.01385,   0.10103,   0.04687,  -0.03190,   0.02882,  -0.00728,   0.03703,   0.06985,   0.00749,  -0.02205,  -0.02205,   0.06328,   0.02554,  -0.07457,  -0.05816,  -0.04175,   0.01897,   0.01569,  -0.01221,  -0.02205,  -0.03026,  -0.03518,   0.01405,   0.06164,  -0.01221,   0.02882,   0.04687,   0.02882,  -0.06636,   0.07805,   0.05836,  -0.04831,   0.03703,  -0.09918,  -0.07293,  -0.00564,  -0.03026,   0.04031,  -0.06800,  -0.02533,  -0.01385,  -0.00892,  -0.04831,   0.03374,  -0.09262,  -0.04175,   0.03210,   0.01241,   0.05016,   0.01077,   0.00420,   0.08462,   0.01241,   0.01405,   0.03539,  -0.01385,   0.04195,   0.01405,  -0.01056,   0.03867,   0.00913,   0.09446,   0.00092,  -0.01877,   0.03374,  -0.04339,   0.00420,   0.02554,  -0.01056,   0.02718,   0.00092,   0.04031,  -0.03518,  -0.00892,  -0.04010,   0.07805,  -0.04175,   0.00256,   0.03374,  -0.08770,   0.02062,   0.00420,  -0.02205,   0.04031,   0.05508,   0.01733,  -0.03846,   0.05344,   0.05016,   0.03867,  -0.02369,   0.03046,  -0.02041,  -0.00400,  -0.00728,  -0.00236,   0.01077,   0.01241,  -0.03026,   0.01241,  -0.03518,  -0.02041,   0.08462,  -0.00728,  -0.00728,  -0.07949,  -0.00564,  -0.00236,  -0.02533,  -0.04010,  -0.00564,  -0.02862,   0.04851,   0.05016,   0.02062,   0.05180,   0.00749,  -0.00072,   0.02554,  -0.00728,   0.00092,   0.01733,  -0.02369,   0.02554,   0.10103,   0.06492,  -0.04831,  -0.06144,  -0.04503,   0.04523,  -0.00728,  -0.01221,  -0.01713,   0.03374,  -0.06636,   0.00256,  -0.07457,  -0.02205,  -0.05980,  -0.04010,  -0.03026,   0.01569,   0.02882,  -0.04010,  -0.07949,  -0.01549,  -0.02533,  -0.04175,   0.04031,   0.02554,   0.05344,  -0.00072,  -0.02698,   0.01897,  -0.04175,  -0.07785,  -0.08934,  -0.00564,   0.02882,   0.00092,   0.01569,   0.00092,   0.04359,   0.05016,   0.08954,   0.01077,  -0.01877,   0.02390,  -0.00236,   0.04687,   0.02390,   0.03210,   0.05344,  -0.04339,   0.08626,  -0.03518,   0.00420,   0.05016,   0.03539,  -0.01713,   0.04195,  -0.07785,   0.02718,  -0.02205,   0.01569,  -0.00564,   0.00256,  -0.06144,   0.04195,   0.10103,  -0.01385,   0.03046,  -0.00564,   0.00256,   0.00749,   0.06492,  -0.00892,   0.04359,  -0.06636,  -0.00892,   0.02390,   0.03210,  -0.00892,  -0.00892,   0.01241,  -0.07293,   0.01077,  -0.02698,  -0.03026,  -0.00236,   0.06164,  -0.01877,   0.03539,   0.05180,   0.00585,   0.03210,  -0.01385,   0.02390,   0.01241,  -0.01549,  -0.01385,  -0.06144,  -0.01877,   0.01897,  -0.06472,   0.08134,  -0.02369,   0.01733,  -0.01056,   0.03867,  -0.02369,  -0.00728,   0.01077,  -0.02533,   0.00749,  -0.05323,  -0.00072,   0.03703,   0.05836,   0.06657,  -0.00400,  -0.04339,   0.01405
   0.02882,  -0.04010,  -0.08277,  -0.01385,   0.04851,   0.03867,   0.04523,  -0.00400,  -0.03518,   0.01405,  -0.06636,   0.00256,   0.01897,   0.01405,  -0.01549,   0.04195,   0.03210,   0.00585,   0.01733,  -0.04503,  -0.00728,  -0.02533,   0.02390,  -0.01385,  -0.00236,   0.01077,  -0.00072,   0.00256,   0.06328,   0.01077,  -0.00072,  -0.01385,  -0.06964,  -0.04995,   0.06000,   0.00256,   0.08134,  -0.13201,   0.05508,  -0.02698,  -0.01221,   0.00913,  -0.00400,   0.00256,   0.06492,   0.05344,  -0.04339,  -0.01549,  -0.06472,  -0.04995,  -0.00564,  -0.03682,   0.01897,   0.02882,   0.01897,  -0.09754,  -0.02041,   0.01241,  -0.04175,   0.04031,  -0.05980,  -0.01549,  -0.01056,   0.01897,  -0.10739,  -0.04667,   0.01897,   0.02062,   0.06657,  -0.03682,  -0.05980,  -0.01713,  -0.01221,   0.09939,   0.02882,   0.03867,  -0.02041,   0.00256,  -0.01713,   0.09118,   0.02554,   0.06328,   0.01241,   0.02718,  -0.07785,  -0.01877,  -0.02205,  -0.00072,   0.03539,   0.04687,  -0.02041,   0.07313,  -0.09426,  -0.01221,  -0.04831,   0.10923,   0.05016,  -0.10575,  -0.04175,  -0.05980,   0.08954,  -0.02369,  -0.01385,   0.02554,  -0.03190,   0.00092,   0.04687,   0.01569,   0.06985,  -0.01221,   0.02062,   0.00256,   0.02226,   0.02718,   0.04523,   0.01241,  -0.02533,  -0.06800,   0.06328,  -0.02369,   0.01897,  -0.00072,   0.00092,  -0.00728,  -0.00728,   0.06492,  -0.00892,   0.05836,  -0.04503,   0.05016,  -0.03682,  -0.02369,  -0.04667,   0.01077,   0.05016,  -0.00892,  -0.04010,  -0.05816,   0.02882,   0.00092,  -0.01056,   0.01569,  -0.02698,   0.07313,  -0.07621,   0.04687,   0.07313,  -0.07293,   0.00092,   0.00585,  -0.02369,   0.00256,   0.02718,  -0.08770,  -0.05159,   0.02718,   0.04195,   0.02390,  -0.07457,  -0.05652,   0.06492,  -0.04503,  -0.02698,   0.01733,  -0.00564,  -0.02205,  -0.04995,   0.02390,   0.08298,  -0.01877,  -0.02205,  -0.07621,   0.00749,   0.04195,  -0.06472,   0.01077,   0.03046,   0.01405,  -0.08605,  -0.01549,  -0.01549,  -0.01713,   0.02062,   0.00585,  -0.06800,   0.03374,   0.05508,   0.01405,  -0.02041,  -0.00892,  -0.07949,  -0.03190,   0.03703,   0.03703,  -0.00236,   0.01077,  -0.01713,   0.13385,  -0.05487,  -0.04831,   0.00585,   0.00585,  -0.05652,   0.07313,  -0.03682,  -0.00564,  -0.07785,   0.04031,   0.00420,   0.00585,   0.01077,   0.02226,   0.00256,  -0.01221,   0.01733,   0.01897,   0.05016,   0.03374,  -0.04503,   0.04031,  -0.03846,  -0.01056,   0.05672,  -0.06472,  -0.01877,   0.01405,   0.03046,  -0.01549,  -0.00236,   0.01077,   0.06000,   0.01733,  -0.07457,  -0.02041,   0.03867,  -0.04503,  -0.00400,   0.03867,  -0.01549,  -0.05487,  -0.01385,   0.02226,   0.04359,  -0.00892,   0.04195,   0.02226,   0.06657,  -0.05487,  -0.07949,   0.03703,   0.00749,   0.17816,   0.02718,  -0.02041,   0.00420,   0.01897,  -0.05652,  -0.00072,   0.05344,  -0.06964,   0.06328,  -0.00236,  -0.01713,   0.00749,   0.04031,   0.00913,  -0.00892,  -0.07949,  -0.01877,  -0.03354,   0.05508,   0.05344,   0.03867,   0.06985,  -0.00728,  -0.08934,   0.06985,  -0.04339,  -0.02698,   0.08790,   0.06657,  -0.04010,  -0.01221,   0.04687,  -0.06308,   0.04031,  -0.03682,   0.05016,  -0.00728,   0.01077,   0.05344,  -0.02041,  -0.03354,   0.08790,  -0.02862,  -0.00564,   0.03210,  -0.03190,  -0.03354,   0.02226,   0.00092,  -0.07621,  -0.02533,  -0.00728,  -0.01549,  -0.00564,   0.04687,  -0.07293,   0.02882,  -0.02698,   0.01897,   0.09939,   0.01569,  -0.06308,  -0.00400,  -0.01549,   0.05344,  -0.08277,  -0.01713,  -0.00236,   0.04687,  -0.00892,   0.03703,   0.02882,  -0.00072,   0.03046,   0.04523,  -0.08277,   0.05344,   0.02882,  -0.06308,  -0.00892,  -0.00564,   0.05180,  -0.00072,  -0.02369,   0.02390,  -0.01385,   0.02226,  -0.01713,  -0.03518,  -0.01549,   0.00585,   0.03703,  -0.03190,  -0.01221,   0.04851,   0.00749,  -0.01056,  -0.10247,   0.01897,   0.02226,   0.06328,   0.04359,   0.01897,   0.03210,  -0.00728,  -0.06636,   0.00092,   0.04031,   0.08462,  -0.01713,  -0.03682,  -0.01385,   0.03374,   0.00585,  -0.03518,  -0.00728,  -0.03354,   0.02226,   0.00913,  -0.00892,  -0.02041,  -0.08934,  -0.02205,  -0.06800,   0.01569,   0.03867,  -0.07621,   0.00256,  -0.06636,   0.00092,   0.00585,  -0.01221,  -0.01877,   0.00092,  -0.08441,   0.04031,   0.02062,   0.01897,  -0.03026,  -0.04503,   0.01077,   0.01897,  -0.00236,  -0.02533,   0.06328,  -0.02862,  -0.03190,   0.04031,  -0.01713,  -0.00892,   0.02062,  -0.08113,  -0.07457,  -0.03682,   0.05180,  -0.03682,  -0.05323,  -0.00728,   0.07477,   0.01897,   0.04195,  -0.01385,   0.02062,  -0.03846,  -0.01549,  -0.02698,   0.00092,  -0.05159,  -0.04667,   0.00092,  -0.08113,   0.07477,   0.05508,   0.00585,   0.03867,   0.00256,  -0.04667,   0.03867,  -0.03846,  -0.04010,  -0.05980,  -0.04339,   0.00256,   0.05672,  -0.04503,   0.00749,  -0.00728,   0.01733,   0.00256,  -0.05487,  -0.09426,   0.02718,  -0.06308,   0.03703,   0.02226,   0.06985,  -0.04339,   0.01569,  -0.03190,   0.02390,  -0.00892,  -0.01877,  -0.01221,  -0.08441,   0.07641,  -0.00236,   0.00420,   0.04851,   0.01897,   0.01897,   0.03703,  -0.04175,  -0.02862,   0.02718,   0.02226,   0.00913,  -0.01713,   0.01241,  -0.02862,   0.00913,  -0.00728,   0.05508,  -0.05323,  -0.03518,  -0.04010,   0.04031,  -0.01549,  -0.01385,   0.04195,   0.00092,  -0.07129,  -0.06472,   0.01733,  -0.09754,  -0.00400,  -0.09918,   0.02062,   0.05344,   0.04031,   0.01569,  -0.04831,  -0.02862,  -0.04503,  -0.00072,   0.04359,   0.04031,  -0.03518,  -0.01385,  -0.06636,  -0.10411,  -0.02369,   0.05344,   0.01077,  -0.00072,   0.02226,   0.00913,   0.01241,  -0.04831,  -0.06964,  -0.00236,   0.01077,  -0.01221,  -0.05159,   0.00749,   0.03210,   0.01241,  -0.03354,  -0.03518,   0.05508,   0.06492,  -0.03846,  -0.00236,  -0.01549,  -0.02369,  -0.05652,   0.00585,   0.05836,   0.00420,  -0.03682,  -0.10411,   0.08298,   0.02062,   0.01897,   0.06821,  -0.01056,  -0.05652,  -0.03026,  -0.02698,   0.00420,   0.01405,  -0.04503,   0.02554,   0.07641,  -0.05323,   0.03210,  -0.02041,  -0.10082,  -0.01221,  -0.01056,  -0.01056,   0.06985,   0.00749,   0.02062,  -0.02205,  -0.01056,  -0.00564,   0.05508,  -0.00564,   0.00420,   0.07805,   0.02718,   0.02554,  -0.01056,  -0.03846,  -0.09918,   0.01733,  -0.01056,   0.04687,  -0.00892,   0.02062,  -0.06800,  -0.01713,   0.04359,  -0.05323,  -0.00728,  -0.00236,   0.02554,  -0.03026,   0.02226,   0.02226,  -0.02369,  -0.00728,  -0.06308,   0.03374,   0.05508,  -0.06636,  -0.02205,  -0.03190,   0.06985,   0.04523,  -0.04339,  -0.05159,   0.09939,  -0.06964,  -0.02533,  -0.01056,   0.03703,  -0.02698,   0.00913,  -0.02369,   0.08462,  -0.03518,  -0.04667,   0.06657,  -0.00072,  -0.02369,   0.02062,   0.00092,   0.07805,   0.02554,  -0.05980,   0.00256,  -0.05159,  -0.04339,  -0.04175,   0.02226,   0.02062,  -0.05487,  -0.08277,   0.00092,  -0.02205,   0.04359,   0.05344,  -0.06308,  -0.07621,   0.01569,  -0.06800,   0.02390,  -0.00564,   0.07641,  -0.03846,   0.06657,  -0.03682,  -0.05652,   0.05672,   0.05344,   0.04195,  -0.04995,  -0.03354,  -0.02205,   0.04195,   0.07149,  -0.03518,  -0.03190,   0.11088,   0.01897,  -0.00892,   0.04687,  -0.01221,  -0.09098,  -0.04010,  -0.01385,   0.03703,   0.01241,   0.00256,  -0.03354,   0.00092,   0.00256,  -0.04831,   0.01241,  -0.00400,  -0.04010,  -0.08441,   0.00749,   0.04359,  -0.05159,   0.00420,   0.02554,  -0.06800,  -0.01385,  -0.02533,  -0.03190,   0.01569,   0.04195,  -0.03026,  -0.00400,   0.01569,  -0.04667,   0.03210,   0.03374,   0.00913,   0.01569,  -0.06144,   0.04687,   0.01077,  -0.01221,   0.06985,  -0.03354,   0.00256,  -0.06144,  -0.02205,  -0.02698,   0.06985,  -0.07621,   0.04523,   0.02226,  -0.01549,   0.02554,   0.00420,  -0.01713,  -0.05652,  -0.01877,   0.03210,  -0.01877,   0.02718,   0.03703,   0.13549,   0.05508,  -0.05487,   0.06657,   0.07805,   0.04687,   0.00585,  -0.06308,  -0.04010,  -0.08113,   0.08298,  -0.00072,  -0.00728,  -0.07293,   0.03703,   0.00420,   0.01569,  -0.01385,  -0.00564,   0.11252,  -0.00892,  -0.00892,  -0.02698,   0.00913,  -0.05816,  -0.01549,   0.00913,   0.01897,  -0.00564,   0.01405,   0.03867,   0.03374,   0.04031,  -0.01221,   0.05344,   0.00913,  -0.04175,  -0.11559,  -0.01385,   0.03374,  -0.02862,  -0.02533,   0.01897,   0.00092,   0.02062,   0.02554,  -0.00236,  -0.11231,  -0.06800,   0.07641,   0.05016,  -0.02533,  -0.02041,   0.01897,  -0.07293,   0.07149,   0.01405,   0.00420,  -0.04667,  -0.00564,   0.03867,   0.00420,  -0.04831,   0.07313,   0.06492,  -0.02698,  -0.08441,   0.02226,   0.03374,   0.00749,  -0.04010,   0.06657,  -0.01549,   0.03046,  -0.01713,   0.01569,   0.03703,   0.03867,  -0.03846,  -0.02369,  -0.01877,  -0.02862,   0.04851,   0.01733,   0.00585,  -0.05323,   0.02554,   0.09446,  -0.01713,  -0.04010,   0.06328,   0.01569,  -0.02698,   0.02554,  -0.00564,  -0.06800,  -0.05652,  -0.00072,  -0.08441,  -0.03518,  -0.02533,  -0.05487,  -0.04503,  -0.04175,  -0.03846,  -0.02862,  -0.07457,  -0.00072,   0.03210,  -0.00892,  -0.02698,   0.02882,   0.02554,  -0.03682,  -0.05159,  -0.04667,   0.03046,   0.07805,  -0.05323,   0.04523,   0.02062,   0.04687,  -0.08277,  -0.05980,   0.04687,   0.01733,  -0.04339,   0.03046,  -0.00400,   0.01241,   0.03867,   0.04359,  -0.02533,  -0.04503,  -0.06800,   0.03374,  -0.08770,   0.01897,   0.03539,   0.06492,   0.00585,   0.00256,  -0.01877,  -0.01221,   0.03867,   0.04359,   0.01077,   0.04195,   0.01241,  -0.01549,   0.01897,  -0.00400,   0.02882,   0.06164,  -0.02533,   0.01569,   0.05344,   0.01241,  -0.03026,  -0.02862,   0.01405,   0.04031,   0.05344,  -0.02041,   0.01405,   0.00749,  -0.03354,  -0.00564,  -0.00072,  -0.07621,   0.01569,   0.01733,   0.04195,  -0.00072,   0.03046,   0.02718,   0.03867,   0.02882,   0.06164,   0.02882,   0.01733,   0.03703,   0.00749,   0.03374,  -0.00564,  -0.01056,  -0.06144,  -0.06964,  -0.00072,  -0.00564,   0.00749,  -0.00564,  -0.00728,  -0.02533,  -0.01056,   0.02390,   0.02062,   0.03539,   0.01569,   0.00092,   0.02882,  -0.03518,  -0.02533,  -0.06472,   0.02882,  -0.00236,   0.04359,   0.02882,   0.05180,  -0.07785,   0.03046,  -0.05323,  -0.04831,   0.02062,   0.07477,  -0.04010,   0.04687,   0.02390,   0.01569,  -0.05652,   0.00913,   0.01733,  -0.02862,   0.09282,  -0.03846,  -0.00892,   0.07313,  -0.11559,  -0.03846,  -0.01221,  -0.03026,  -0.04010,   0.09775,  -0.01221,  -0.02041,   0.03210,   0.04523,  -0.00236,   0.02062,  -0.01713,  -0.01549,  -0.02862,  -0.00892,   0.02390,   0.02390,  -0.03026,   0.02718,   0.04523,  -0.04339,  -0.05159,  -0.00236,  -0.04175,   0.02226,  -0.03190,  -0.03190,  -0.00236,  -0.06472,  -0.00728,   0.01897,  -0.07949,  -0.06964,  -0.01713,   0.01241,   0.02718,  -0.04667,  -0.02205,  -0.01056,   0.03210,   0.03867,   0.04523,  -0.01549,  -0.03682,  -0.02862,   0.02718,  -0.13529,  -0.07293,   0.03046,   0.00092,   0.00913,  -0.03518,   0.05016,  -0.04667,   0.00913,  -0.04503,   0.01569,  -0.07293,   0.02882,   0.05344,  -0.04503,   0.05180,  -0.00072,   0.07149,  -0.02041,   0.05016,   0.00420,  -0.01713,  -0.06800,   0.00913,  -0.07129,   0.12729,  -0.00400,   0.03539,   0.03210,  -0.01221,   0.09282,  -0.00072,  -0.00564,   0.00256,   0.05180,   0.06821,   0.03046,   0.01733,  -0.04503,  -0.04831,   0.06985,   0.04359
   0.06000,  -0.04831,   0.05344,   0.01077,   0.02062,   0.05016,  -0.08277,  -0.00564,   0.07969,  -0.03682,  -0.05652,  -0.03190,   0.00585,  -0.07293,  -0.00072,   0.00749,  -0.06964,   0.00256,   0.02718,   0.00585,   0.01241,   0.06492,   0.01569,   0.00749,   0.04195,   0.00749,  -0.00564,   0.02062,   0.05508,   0.02718,   0.05344,  -0.02041,  -0.01713,   0.01405,   0.00092,  -0.00728,  -0.04831,  -0.00400,   0.03046,  -0.05816,  -0.03190,   0.04359,  -0.07949,   0.06985,  -0.03846,  -0.04339,   0.03210,  -0.01056,  -0.01877,   0.00256,   0.01241,   0.03374,  -0.08605,   0.04359,   0.00749,  -0.02862,  -0.03518,  -0.04995,   0.06657,  -0.05159,   0.03703,  -0.04010,   0.09282,  -0.00728,  -0.09098,  -0.00072,   0.05180,   0.01569,   0.05836,   0.00913,   0.05016,   0.01241,  -0.01713,  -0.04503,  -0.02041,  -0.01713,  -0.11067,  -0.05487,  -0.03026,   0.00256,  -0.00892,  -0.11067,  -0.04175,  -0.02205,   0.04523,  -0.00072,   0.05016,   0.07313,  -0.02369,  -0.00236,   0.05016,  -0.07621,  -0.05487,  -0.04339,   0.05344,  -0.03026,  -0.03354,   0.06657,  -0.02205,  -0.04831,  -0.00564,  -0.01056,   0.06492,  -0.00236,  -0.01056,  -0.03518,  -0.02205,   0.04359,   0.10103,   0.02882,  -0.04667,  -0.03354,   0.03867,   0.04195,   0.03210,  -0.00728,  -0.02533,  -0.06308,   0.04851,  -0.01713,   0.02226,  -0.01056,   0.03210,  -0.05159,   0.00092,  -0.04667,  -0.03354,   0.01077,  -0.00564,   0.04851,   0.06164,  -0.03190,  -0.03190,  -0.00728,   0.01077,   0.04195,   0.01077,   0.05672,   0.01569,  -0.05159,  -0.01549,  -0.02369,  -0.01056,  -0.06964,  -0.00728,   0.00092,   0.02062,  -0.04995,  -0.01877,   0.04523,  -0.00564,  -0.01221,  -0.02698,  -0.02205,   0.02062,  -0.02369,   0.08298,   0.03374,   0.12729,  -0.05487,   0.04687,  -0.01056,  -0.04010,   0.02882,  -0.10411,  -0.00564,  -0.00400,  -0.03026,   0.03046,  -0.07949,  -0.07129,  -0.00072,  -0.01877,   0.01241,  -0.03354,  -0.01056,   0.03539,  -0.05652,   0.00749,  -0.05487,   0.00913,  -0.03518,   0.05508,  -0.00564,   0.02062,  -0.00728,  -0.03518,  -0.02205,   0.02062,  -0.01221,  -0.04010,  -0.01385,  -0.06472,  -0.02698,   0.05344,  -0.03518,  -0.03190,  -0.03354,  -0.02369,  -0.01549,   0.00256,   0.03539,  -0.09098,   0.00420,   0.03374,  -0.00728,  -0.00400,  -0.04995,   0.01569,  -0.04831,   0.02718,  -0.09262,  -0.00728,  -0.01877,   0.08134,   0.04031,  -0.07457,  -0.04010,   0.07477,  -0.01549,  -0.02698,   0.03703,  -0.00892,   0.00092,  -0.01713,  -0.04667,   0.03046,  -0.04175,  -0.01713,   0.08462,  -0.01713,  -0.00072,  -0.04010,   0.09775,   0.06492,   0.03539,   0.02390,  -0.05323,  -0.04010,  -0.08770,  -0.01385,   0.09611,   0.01405,  -0.05159,   0.01569,  -0.01549,  -0.05487,  -0.00400,  -0.08441,   0.02226,   0.06000,   0.00420,  -0.08441,   0.01405,   0.04523,  -0.09262,   0.07149,  -0.01713,   0.00913,  -0.06636,  -0.01713,   0.04687,   0.01241,   0.01405,   0.02718,  -0.03190,  -0.05652,   0.01569,  -0.03026,  -0.09918,  -0.03190,  -0.07949,   0.03210,  -0.04503,  -0.06964,  -0.03518,   0.07313,  -0.02862,   0.01405,   0.03046,   0.04523,  -0.00236,   0.07477,  -0.03846,   0.07641,  -0.01877,  -0.02698,  -0.05980,  -0.04175,  -0.07293,   0.00092,   0.02390,   0.02718,  -0.05980,  -0.03518,   0.02062,   0.01405,   0.05180,  -0.00892,   0.04359,  -0.05980,  -0.07293,   0.00092,   0.03210,  -0.09918,  -0.01713,  -0.01713,   0.01405,   0.05672,   0.00092,   0.05508,  -0.03354,   0.04523,   0.04031,  -0.04995,  -0.00892,   0.00913,  -0.00892,  -0.07621,   0.00749,  -0.06964,  -0.01713,  -0.00236,  -0.04831,   0.00256,  -0.01221,  -0.01549,   0.02718,   0.02062,   0.01241,  -0.00236,  -0.01549,  -0.04010,  -0.01056,   0.04195,   0.01077,   0.00420,  -0.01056,  -0.01056,  -0.00236,   0.00256,  -0.04831,   0.01405,   0.03374,   0.02882,  -0.00236,   0.02226,  -0.01877,   0.02718,  -0.03518,   0.09118,  -0.01056,  -0.05816,  -0.02041,  -0.05487,  -0.01877,   0.05672,  -0.01056,   0.01405,  -0.00400,  -0.06472,  -0.02533,   0.00092,   0.04687,   0.02718,  -0.00892,   0.00585,  -0.08441,  -0.10739,   0.00256,   0.01405,   0.07969,   0.00256,   0.00420,   0.00420,  -0.00400,   0.00420,   0.04687,  -0.00400,  -0.05487,   0.04687,   0.00420,   0.00092,  -0.02533,  -0.10082,   0.06492,  -0.02041,   0.02718,   0.00913,  -0.03682,   0.01733,   0.01733,   0.03210,   0.01405,  -0.06800,   0.01241,  -0.06308,  -0.03026,  -0.03846,   0.06492,   0.05836,   0.02554,   0.04195,  -0.06308,  -0.01056,   0.04031,  -0.02698,  -0.02862,   0.02882,   0.02390,   0.02718,   0.02882,  -0.03518,   0.01241,  -0.12708,   0.04687,   0.00913,   0.00092,  -0.00892,   0.06821,   0.02390,   0.07149,   0.05672,  -0.03518,   0.06821,   0.04195,   0.04523,  -0.00236,  -0.02369,   0.01241,  -0.04503,  -0.01549,  -0.04503,  -0.04503,  -0.02862,   0.07477,   0.06164,   0.01733,   0.01241,  -0.00072,   0.01897,  -0.00564,   0.05672,   0.01405,   0.06328,  -0.04995,   0.08462,   0.00092,   0.04359,  -0.04339,   0.02390,  -0.00400,  -0.06800,  -0.02205,   0.03374,   0.02226,  -0.01221,  -0.01549,   0.02226,  -0.04339,   0.01897,  -0.05816,  -0.01549,  -0.02533,   0.03210,   0.03539,   0.04851,  -0.01221,  -0.01877,  -0.04339,  -0.10411,   0.07313,  -0.03354,   0.05344,   0.01569,   0.00256,   0.04523,  -0.03026,   0.08462,   0.01897,   0.03374,   0.09118,   0.07641,  -0.06800,   0.01733,   0.03210,  -0.03518,   0.05344,  -0.01221,  -0.03026,  -0.02698,   0.00256,  -0.00072,  -0.01549,  -0.04995,   0.05016,   0.01569,   0.02718,  -0.04175,   0.06492,   0.04851,   0.03374,  -0.08770,  -0.03026,  -0.09098,  -0.04503,   0.01241,   0.00913,  -0.00892,   0.02554,   0.01405,   0.03539,  -0.00072,  -0.03682,  -0.00400,   0.02554,  -0.00236,   0.05016,  -0.03026,  -0.07785,   0.03867,  -0.02369,  -0.01877,   0.03703,   0.05672,  -0.00236,  -0.03682,   0.02062,  -0.01713,   0.06821,  -0.02369,   0.00585,   0.00256,  -0.02698,   0.09118,  -0.06636,   0.05180,   0.06657,  -0.00892,  -0.01221,   0.00256,   0.06000,  -0.01549,   0.01569,   0.04359,   0.02062,  -0.03518,  -0.01385,   0.00092,   0.00256,  -0.01877,  -0.02205,   0.07149,  -0.03518,  -0.02533,  -0.07129,  -0.00892,  -0.01056,   0.00092,  -0.01221,   0.00420,   0.02718,   0.00256,  -0.00400,  -0.09426,   0.03867,   0.01897,  -0.06964,  -0.00892,   0.06492,   0.04359,  -0.05487,  -0.00072,  -0.03354,  -0.00564,  -0.03682,  -0.06964,   0.00092,  -0.00728,  -0.04503,  -0.03682,  -0.03354,   0.01077,  -0.02533,   0.05180,  -0.00564,   0.06492,  -0.08277,  -0.03354,   0.01077,   0.04195,  -0.00892,   0.00256,   0.04031,  -0.08605,  -0.01221,  -0.05816,   0.05180,   0.10267,   0.02062,   0.03210,   0.04851,  -0.03846,  -0.01877,   0.00256,   0.00420,  -0.00892,  -0.03026,   0.04851,  -0.00072,   0.01241,   0.07805,  -0.03846,  -0.06144,  -0.00728,  -0.00236,   0.02718,  -0.01385,  -0.00564,  -0.01549,  -0.00236,  -0.02862,  -0.00400,   0.00749,  -0.04175,  -0.04175,   0.03703,   0.05836,   0.05508,  -0.03846,  -0.03518,  -0.00728,   0.06821,   0.04687,  -0.00892,  -0.01713,  -0.05323,  -0.01549,  -0.07293,  -0.06964,   0.00749,   0.02226,   0.00256,   0.09446,   0.03539,   0.04031,   0.01897,   0.01733,  -0.01056,  -0.06964,   0.01405,  -0.02369,   0.06000,   0.00749,   0.02226,   0.05508,   0.01077,   0.02718,   0.03374,   0.04031,   0.04523,  -0.12708,  -0.01056,  -0.06144,  -0.04503,   0.01405,  -0.03846,   0.01405,   0.02390,   0.03210,   0.04523,  -0.06800,  -0.04339,   0.03703,  -0.02041,  -0.01549,  -0.04010,  -0.04010,   0.01733,   0.07477,  -0.00400,   0.06164,   0.06328,   0.01897,   0.00585,   0.01897,  -0.05487,   0.03046,   0.02554,  -0.04831,   0.08954,  -0.08113,   0.02226,   0.01569,   0.00913,  -0.00728,   0.04031,  -0.01385,   0.06657,  -0.03190,   0.04195,   0.01241,  -0.04503,  -0.01713,   0.03210,  -0.04667,  -0.05159,   0.00913,  -0.07129,  -0.06144,  -0.00236,   0.00256,  -0.00728,  -0.02533,  -0.05323,   0.04359,   0.03539,   0.00092,  -0.02205,   0.05672,   0.02062,  -0.00728,  -0.07129,   0.02226,   0.04687,   0.00256,   0.02718,  -0.03190,   0.10103,  -0.01056,   0.00420,  -0.02698,  -0.04503,   0.05180,  -0.01221,  -0.03518,  -0.04175,   0.01405,   0.01897,  -0.04175,  -0.01221,  -0.01877,   0.00749,   0.06328,  -0.08441,  -0.01549,  -0.05159,   0.00420,  -0.03518,  -0.04010,  -0.01056,   0.03374,  -0.02533,   0.06821,  -0.03354,   0.00256,   0.00092,   0.06164,   0.09118,   0.01733,   0.00256,   0.02718,  -0.04503,   0.00256,   0.08790,   0.02718,  -0.02205,  -0.03846,   0.03210,   0.03867,   0.01569,  -0.06800,   0.02718,   0.01077,  -0.00400,  -0.02205,  -0.01877,  -0.00728,   0.01405,  -0.00236,  -0.01713,  -0.03190,   0.00092,   0.00256,  -0.00236,   0.00092,   0.00092,   0.00585,   0.00585,   0.01241,  -0.01549,   0.03374,  -0.01056,  -0.00400,   0.01405,  -0.02205,  -0.01221,  -0.02533,  -0.04503,   0.06000,   0.00749,  -0.04339,   0.01241,  -0.06964,   0.09282,  -0.04995,   0.00092,   0.00585,  -0.01877,  -0.01221,   0.00420,   0.06164,  -0.02862,  -0.02369,  -0.02533,   0.01569,  -0.04175,  -0.08277,   0.01897,   0.01733,  -0.07949,   0.09118,   0.04687,   0.01733,   0.04195,  -0.01549,   0.06164,  -0.04995,   0.02718,   0.03539,   0.00256,  -0.10247,  -0.03518,  -0.03518,   0.04851,   0.00585,  -0.02533,  -0.01549,   0.06328,  -0.03682,  -0.01056,  -0.01877,   0.05344,   0.06328,   0.06985,   0.03703,   0.03046,  -0.05487,  -0.01877,   0.07149,  -0.03354,  -0.06308,  -0.05159,   0.01241,   0.00256,   0.06164,  -0.02041,  -0.01221,  -0.00072,   0.00913,   0.03703,   0.05180,  -0.03354,   0.02718,  -0.07293,   0.00585,  -0.04010,   0.08134,   0.02390,  -0.04339,  -0.00892,   0.00420,   0.04031,  -0.01549,  -0.01221,   0.00913,  -0.01221,  -0.03354,   0.03703,  -0.08277,  -0.05652,   0.03046,  -0.03354,   0.09775,   0.08134,   0.02554,  -0.00892,   0.06492,   0.02390,   0.02390,  -0.02533,  -0.05652,  -0.04175,   0.03374,   0.03210,  -0.03846,   0.01897,   0.09775,   0.05344,  -0.03026,   0.02226,   0.05180,  -0.03354,  -0.07293,   0.02882,  -0.03846,  -0.00400,  -0.01549,  -0.00728,   0.03703,   0.03210,   0.03867,  -0.05816,   0.07477,   0.02062,  -0.01221,   0.02390,  -0.05323,  -0.00892,   0.08954,   0.07313,  -0.02205,   0.00585,  -0.05323,   0.04851,  -0.08277,  -0.00072,  -0.05159,  -0.04503,  -0.02862,  -0.02205,   0.00585,   0.05344,  -0.03518,  -0.07293,   0.02226,  -0.01713,   0.01897,  -0.10247,   0.02554,  -0.02862,  -0.01056,   0.00256,  -0.02205,  -0.00564,  -0.07457,  -0.07949,  -0.01549,   0.02390,  -0.00236,  -0.01549,  -0.03026,   0.03703,   0.08626,  -0.02533,  -0.01056,  -0.02041,   0.07313,  -0.03354,  -0.00236,  -0.01221,   0.02882,  -0.02698,   0.07149,  -0.02041,   0.02554,  -0.00400,  -0.11724,   0.00585,  -0.02205,  -0.07621,   0.00585,   0.02390,   0.05180,   0.03703,  -0.04010,   0.06164,  -0.05159,   0.05836,  -0.01056,   0.04687,   0.00585,  -0.03354,   0.07969,  -0.03518,  -0.01385,   0.03867,  -0.00564,   0.03867,  -0.04339,   0.03374,  -0.01221,  -0.01549,   0.03703,   0.03374,   0.00420,   0.00092,  -0.02698,   0.06164,   0.02554,  -0.03846,  -0.03354,   0.04523,   0.01569,   0.05016,   0.02390,   0.03703,   0.02226,  -0.02862,   0.01241,  -0.03518,  -0.06144,  -0.00400,   0.01897,   0.02062,   0.01405,   0.06328,  -0.02369,   0.02390,   0.00585,  -0.02205,  -0.02205,  -0.13036,   0.02226
  -0.00728,  -0.00400,  -0.00892,  -0.07293,  -0.06144,  -0.03354,  -0.01385,   0.03046,  -0.05487,   0.08626,   0.06328,   0.07969,  -0.07621,   0.01405,  -0.02205,   0.02226,   0.06164,   0.01897,  -0.04995,   0.01241,  -0.01221,   0.00420,   0.11744,   0.01405,  -0.02205,  -0.00892,  -0.00728,   0.00092,  -0.03190,  -0.01221,  -0.05816,  -0.00892,  -0.04995,   0.03867,  -0.00564,  -0.01221,   0.03374,  -0.04667,   0.07149,  -0.04503,   0.00585,   0.08626,   0.00913,  -0.02369,  -0.04503,  -0.00564,  -0.01056,   0.01405,   0.07969,   0.05016,  -0.00564,  -0.05323,  -0.04995,  -0.01221,   0.01077,   0.06985,   0.06985,  -0.04010,  -0.03190,   0.04031,  -0.00400,   0.04687,   0.00585,   0.00913,   0.03703,   0.02226,  -0.03518,   0.02882,   0.02882,  -0.02698,  -0.02698,  -0.00892,   0.06821,  -0.02862,   0.01405,  -0.02205,  -0.06144,  -0.04010,   0.07477,  -0.04339,   0.00092,   0.02062,   0.00585,   0.00585,  -0.01385,   0.01077,  -0.04010,   0.03046,  -0.03354,   0.03210,  -0.00892,   0.05180,   0.02390,   0.02062,  -0.02369,   0.02882,   0.06985,   0.07641,  -0.00400,   0.02554,  -0.04503,   0.04195,  -0.04503,  -0.09262,   0.00749,   0.01569,   0.01897,   0.01077,  -0.01713,   0.01077,  -0.01221,  -0.03026,  -0.09918,   0.03703,   0.01733,  -0.03846,  -0.01385,   0.05016,  -0.02533,  -0.04995,   0.02390,   0.01241,   0.03046,   0.02390,   0.00913,   0.00749,  -0.01713,   0.08626,  -0.05159,   0.03046,  -0.03682,  -0.04010,   0.07313,   0.04031,   0.03703,   0.02718,   0.05180,  -0.03026,   0.02226,   0.04851,  -0.01877,   0.00420,  -0.07785,   0.04687,  -0.04010,  -0.03190,   0.09118,  -0.05159,   0.04851,  -0.03354,  -0.04667,   0.02390,  -0.02862,  -0.03026,  -0.08934,   0.05836,   0.11580,  -0.04995,  -0.01549,  -0.01877,   0.07641,  -0.00072,  -0.01877,  -0.02205,  -0.00072,  -0.01713,   0.03703,  -0.03518,  -0.03354,   0.03703,  -0.02041,   0.00092,   0.03539,   0.01897,  -0.00072,  -0.01713,   0.06328,   0.04031,   0.04687,   0.10595,  -0.09262,   0.04031,  -0.02205,  -0.04339,   0.02718,   0.02882,   0.07969,   0.04687,  -0.04503,  -0.01056,   0.00585,  -0.02533,  -0.00564,   0.01405,   0.04687,   0.02554,   0.04031,  -0.01713,  -0.02369,   0.00092,  -0.03846,  -0.03190,   0.00420,  -0.01713,  -0.00728,   0.04359,   0.00256,  -0.01056,  -0.04667,  -0.05323,  -0.00892,   0.01733,   0.00092,   0.00092,   0.00256,   0.02226,  -0.05816,  -0.04831,  -0.04010,   0.01897,   0.01077,  -0.02205,   0.01405,  -0.09262,  -0.03682,  -0.03518,  -0.05159,   0.03867,   0.00749,   0.01241,   0.05016,  -0.11724,   0.03703,  -0.01549,   0.04687,   0.01405,  -0.03190,   0.03210,   0.03210,  -0.01221,   0.02226,  -0.07621,   0.04851,   0.04031,  -0.02533,  -0.04010,  -0.00564,  -0.02698,  -0.00564,  -0.07293,  -0.03354,  -0.03846,   0.02554,  -0.01549,   0.01733,   0.01733,  -0.05159,  -0.02369,  -0.02698,   0.02882,   0.07313,  -0.00892,   0.03210,  -0.05980,   0.04359,  -0.07949,   0.03210,  -0.01877,  -0.02862,  -0.00564,   0.09939,  -0.05652,   0.00256,   0.03046,  -0.06964,   0.02882,  -0.05323,   0.01897,  -0.01549,  -0.03518,  -0.00564,   0.00092,   0.01569,  -0.01221,  -0.05487,  -0.01713,   0.00092,  -0.00072,  -0.10411,   0.00092,  -0.00728,  -0.01221,   0.11088,  -0.03682,   0.01569,   0.00585,   0.03703,  -0.00564,   0.03703,  -0.00728,   0.01897,   0.02882,   0.00913,   0.00913,   0.01405,  -0.01549,   0.04031,   0.00749,  -0.07129,   0.01077,  -0.07129,   0.03046,  -0.03354,   0.01405,  -0.03026,   0.05836,   0.05508,  -0.02205,   0.02718,  -0.06964,  -0.01056,   0.02718,   0.04851,  -0.01385,   0.03374,   0.00913,   0.02062,   0.00420,   0.00092,   0.00092,  -0.04010,   0.01569,  -0.01385,   0.00420,   0.02062,  -0.03354,  -0.08441,   0.08462,   0.05508,  -0.06636,   0.00256,   0.02554,   0.03867,  -0.01549,   0.03867,  -0.12544,  -0.00892,  -0.02205,   0.00585,  -0.00236,  -0.00728,   0.02718,  -0.02369,   0.02882,   0.03374,  -0.06636,   0.02554,  -0.01056,  -0.06800,   0.01733,  -0.00072,   0.03374,  -0.00400,  -0.08113,  -0.00072,   0.02554,   0.02718,   0.03539,  -0.03518,  -0.04831,  -0.00892,  -0.04667,  -0.00728,  -0.12216,  -0.02533,   0.01241,  -0.04995,   0.01405,   0.01733,   0.07641,   0.05344,   0.04687,  -0.15334,  -0.01713,   0.04195,  -0.06636,  -0.02369,  -0.04667,  -0.02205,  -0.00236,   0.01405,   0.00913,  -0.01221,   0.02226,   0.04523,  -0.08770,  -0.01713,   0.06328,   0.02718,  -0.02698,   0.00585,   0.00585,   0.01077,  -0.02205,   0.07313,  -0.04175,  -0.01221,  -0.02369,   0.00092,   0.03046,   0.01241,  -0.02369,  -0.02862,  -0.05487,  -0.04339,  -0.07457,  -0.01877,   0.02718,  -0.03354,  -0.03846,  -0.00400,  -0.01877,   0.06328,  -0.07457,  -0.00236,  -0.04831,   0.00256,   0.00749,   0.04687,   0.01733,   0.00749,  -0.02205,   0.01569,   0.01241,   0.03374,   0.07313,   0.00092,   0.08626,  -0.00728,  -0.06636,  -0.01056,  -0.04503,   0.03703,   0.08954,   0.03046,  -0.00400,   0.06328,  -0.02041,   0.00913,   0.01569,   0.00092,   0.01405,   0.01733,   0.04031,   0.05180,   0.03046,   0.03046,   0.01405,  -0.05652,  -0.07621,  -0.06800,   0.05836,  -0.03518,   0.02882,   0.01733,   0.00420,   0.02882,  -0.03846,  -0.01221,  -0.01877,  -0.01385,  -0.01877,  -0.01549,  -0.04995,  -0.11395,   0.00585,  -0.03518,  -0.02698,   0.02718,   0.06328,  -0.05159,  -0.02698,   0.03703,  -0.05652,  -0.00400,   0.00092,  -0.00892,  -0.00564,  -0.05980,   0.00092,  -0.06800,  -0.01385,   0.01077,   0.08134,   0.04523,   0.00420,  -0.03682,   0.00092,  -0.04831,   0.00092,   0.04687,   0.02390,   0.05344,  -0.02041,   0.02062,   0.00256,  -0.02205,  -0.08113,   0.06164,  -0.04175,   0.04687,   0.08134,  -0.02205,  -0.01056,   0.03703,  -0.06144,  -0.00236,   0.00256,  -0.02205,  -0.07129,  -0.02041,   0.05016,   0.02062,   0.02554,  -0.06144,  -0.03518,   0.09939,  -0.01221,   0.00749,   0.02226,  -0.01713,  -0.00564,  -0.04995,  -0.02205,   0.03210,  -0.02698,  -0.05652,   0.01897,   0.05016,   0.04851,   0.03539,   0.00092,   0.01077,   0.02390,   0.02882,  -0.03354,  -0.01056,  -0.04503,  -0.01221,   0.00092,   0.01569,  -0.02533,   0.02390,  -0.02862,  -0.04175,   0.10431,  -0.02369,   0.06328,   0.04031,  -0.00564,  -0.03026,   0.06985,  -0.04339,   0.02390,  -0.01056,   0.02554,  -0.04503,   0.12072,  -0.00564,   0.02718,  -0.03026,   0.06492,  -0.05159,   0.00749,  -0.03190,  -0.07129,  -0.05980,   0.08626,   0.02718,   0.00092,  -0.05159,  -0.00236,  -0.01385,  -0.00236,  -0.06144,   0.01897,   0.01897,   0.03703,  -0.00892,  -0.00728,   0.00092,   0.07805,   0.01733,  -0.00072,  -0.00072,   0.01897,   0.06328,   0.03046,   0.01405,  -0.05159,  -0.03026,  -0.03682,   0.01897,  -0.01877,  -0.01221,  -0.01549,  -0.05159,  -0.00072,  -0.01877,  -0.02862,   0.03046,  -0.02041,  -0.06964,   0.01897,   0.00420,  -0.03682,  -0.03846,   0.02390,  -0.02533,   0.02062,   0.02390,  -0.07621,  -0.00400,   0.04195,  -0.08770,  -0.04831,  -0.03682,   0.06328,  -0.04175,  -0.05980,   0.02882,  -0.00892,  -0.04175,   0.07313,   0.01241,   0.04195,   0.06164,  -0.02862,  -0.03354,  -0.00400,   0.06164,  -0.02205,  -0.02698,   0.00749,  -0.04831,  -0.00400,   0.00256,  -0.01549,   0.05672,   0.04359,  -0.08277,   0.03703,   0.02226,   0.00092,   0.00749,   0.01897,  -0.08277,   0.06657,  -0.03354,   0.00420,  -0.05159,  -0.01385,  -0.01056,   0.03210,   0.05836,   0.01569,   0.06328,  -0.00236,   0.05672,  -0.04010,   0.03046,  -0.10739,   0.02226,  -0.03682,  -0.02698,  -0.02205,   0.01077,  -0.04175,   0.02226,   0.03210,   0.00913,   0.04523,  -0.01713,  -0.03518,   0.03374,  -0.02205,  -0.01385,  -0.02533,  -0.08770,   0.02882,   0.10267,   0.05180,   0.01897,   0.02882,  -0.00564,   0.00749,  -0.01877,   0.01405,   0.04359,  -0.08113,   0.00913,   0.08462,  -0.08277,   0.00256,   0.04031,  -0.03518,   0.06328,  -0.05816,   0.01241,   0.01897,   0.01077,   0.02062,   0.04031,   0.06164,  -0.03354,   0.00749,  -0.02698,   0.06000,  -0.01549,  -0.08277,   0.01897,  -0.00400,  -0.01385,  -0.01221,   0.03210,   0.05344,   0.03867,   0.05508,   0.05344,   0.01897,  -0.02533,   0.03703,  -0.08277,  -0.01385,  -0.04010,  -0.01549,  -0.05159,   0.02390,   0.05344,  -0.06964,   0.03539,  -0.07621,  -0.07457,   0.09282,   0.01405,   0.03046,  -0.01713,  -0.05980,  -0.06472,  -0.00564,   0.05836,  -0.00400,  -0.07621,  -0.01549,  -0.00892,  -0.01713,  -0.06636,   0.02226,   0.05508,   0.02554,  -0.00236,   0.02554,   0.06657,  -0.03518,   0.05836,   0.01241,  -0.00728,   0.03374,   0.00585,   0.03867,  -0.00236,   0.02062,   0.00256,  -0.04503,  -0.02041,  -0.00236,   0.04195,   0.05508,  -0.00728,  -0.02698,   0.01733,  -0.01056,   0.03374,   0.00913,   0.06328,  -0.04503,  -0.00236,   0.08134,   0.09611,  -0.03354,  -0.00564,  -0.04831,  -0.03190,  -0.06636,   0.06164,   0.06657,   0.04031,   0.01405,  -0.02205,  -0.06636,   0.03046,   0.03374,   0.00749,   0.04523,   0.03374,   0.04359,  -0.03190,   0.01569,   0.05016,   0.03374,   0.03046,   0.00913,  -0.01221,   0.00913,   0.02882,   0.03539,  -0.02205,  -0.00236,   0.00585,  -0.05159,  -0.11888,  -0.00564,  -0.04667,  -0.06472,  -0.04175,  -0.03026,  -0.07785,   0.04851,  -0.02041,   0.03374,  -0.00236,  -0.00728,  -0.02041,   0.02554,   0.00749,   0.00749,  -0.03518,  -0.02205,  -0.07785,  -0.02369,   0.01405,   0.00420,  -0.01877,  -0.03354,   0.04359,  -0.14349,  -0.04831,  -0.00400,   0.00420,  -0.01713,   0.04687,  -0.00236,  -0.06636,   0.03539,   0.01405,  -0.05816,  -0.02533,   0.01897,  -0.08605,   0.00749,  -0.04667,   0.07477,  -0.00728,   0.03210,  -0.03190,  -0.00564,   0.05016,   0.01405,  -0.01877,  -0.03846,  -0.00236,  -0.02205,   0.06164,   0.01241,   0.04687,  -0.05652,   0.00256,  -0.03190,  -0.00564,  -0.02862,  -0.03518,   0.01077,  -0.06800,   0.06821,   0.00092,   0.00913,  -0.01713,  -0.07293,   0.05836,   0.05344,   0.07805,   0.06985,  -0.00892,   0.01405,   0.02882,  -0.07785,  -0.00236,  -0.03190,   0.01897,  -0.02041,  -0.04175,  -0.03682,   0.00420,   0.04359,  -0.02698,  -0.04831,  -0.00400,   0.02226,  -0.03354,  -0.02041,  -0.03190,  -0.00400,  -0.02862,   0.01405,  -0.01385,  -0.01056,   0.02554,  -0.01877,  -0.00564,  -0.05816,   0.02390,   0.08462,   0.04359,   0.00749,  -0.02205,  -0.02533,   0.01077,   0.03703,   0.03046,  -0.05816,   0.03210,  -0.03354,   0.01405,   0.00749,  -0.01549,  -0.03518,   0.05016,  -0.09262,  -0.03682,  -0.02205,  -0.06308,   0.04195,  -0.00728,   0.07477,  -0.06308,  -0.00728,   0.01405,  -0.08277,  -0.11067,  -0.06964,   0.01897,   0.02062,   0.02390,  -0.02041,   0.01405,  -0.02041,   0.01569,  -0.06144,  -0.01221,  -0.00400,  -0.04995,   0.05344,   0.03703,  -0.01221,   0.00256,   0.01405,   0.05344,   0.01077,  -0.01877,   0.00092,  -0.00892,   0.00092,  -0.01877,  -0.04175,   0.00585,  -0.00728,  -0.00072,   0.05180,  -0.04503,   0.03867,   0.07313,  -0.01549,   0.04359,   0.03374,   0.02226,  -0.03026,  -0.00400,   0.06000,   0.03046,   0.05016,   0.01405,   0.06821,   0.03867,  -0.07457,  -0.03518,   0.01897,  -0.01549,   0.03374,   0.01405,  -0.01713,  -0.06472,  -0.01056,   0.02390,  -0.03682,  -0.02369,  -0.00236,  -0.02862,  -0.04010,   0.03374,   0.03539,   0.01405,  -0.04667,   0.03046,  -0.00564,  -0.03354,   0.05508,  -0.00236,   0.03374,   0.05508,   0.02882,   0.02062,   0.00749,   0.00256,  -0.02862
   0.01897,  -0.08277,   0.03210,   0.03374,  -0.04339,   0.02226,  -0.01385,  -0.05980,   0.05180,  -0.03026,  -0.00728,   0.07313,   0.03703,  -0.00728,  -0.00072,   0.05344,   0.01405,  -0.08277,   0.00256,  -0.01385,   0.00749,   0.04031,  -0.03026,   0.05016,  -0.03518,  -0.02041,  -0.02862,   0.09775,   0.03374,  -0.03026,  -0.05652,  -0.02533,  -0.03026,   0.00585,   0.03867,  -0.04503,  -0.00728,  -0.05323,   0.06492,   0.01405,   0.07477,   0.02718,   0.00420,  -0.01549,  -0.00072,  -0.03518,   0.03539,   0.04523,   0.01897,  -0.01221,   0.00913,  -0.01056,  -0.02862,   0.00256,  -0.00564,  -0.03846,  -0.03846,   0.06492,   0.00749,  -0.01713,  -0.06636,   0.00913,  -0.05652,  -0.08277,  -0.00564,  -0.04503,   0.01733,  -0.05816,   0.06821,   0.03539,  -0.02862,   0.01733,   0.04687,  -0.03846,  -0.00564,   0.07969,   0.01733,   0.03210,   0.02226,  -0.02698,   0.01569,  -0.00400,  -0.00892,  -0.00564,  -0.02041,   0.01405,  -0.02205,   0.05508,  -0.00072,  -0.02041,  -0.05159,  -0.04339,   0.00420,   0.03046,  -0.02041,  -0.01877,   0.04359,   0.04031,   0.01077,   0.10923,   0.02718,  -0.06636,   0.01897,   0.07805,   0.04195,   0.01897,   0.01405,   0.01405,   0.05508,   0.06000,  -0.00564,  -0.00072,   0.00092,  -0.05323,   0.02390,   0.06492,  -0.07785,   0.00913,   0.03374,   0.01241,   0.03374,   0.05344,  -0.01221,  -0.01713,  -0.01056,   0.01405,   0.03867,  -0.04339,  -0.01549,  -0.09426,  -0.02041,  -0.00400,  -0.01713,   0.00913,   0.01733,  -0.03190,   0.01897,  -0.02698,   0.05016,   0.04359,  -0.00072,  -0.00236,  -0.00072,   0.00420,  -0.03518,   0.04359,   0.06821,   0.01569,   0.01897,   0.03046,   0.01733,  -0.01549,   0.03210,   0.02554,  -0.00400,   0.10759,   0.01241,   0.02882,   0.02554,   0.07477,   0.07149,   0.06164,  -0.02862,   0.04523,  -0.02369,   0.00585,   0.01733,  -0.00564,   0.06492,   0.03703,   0.05180,   0.04359,  -0.00072,  -0.01877,   0.09939,   0.02226,   0.00420,   0.06164,  -0.01385,  -0.03846,   0.07641,  -0.00236,  -0.03846,  -0.03190,  -0.01056,  -0.07293,   0.01241,  -0.01877,   0.06985,  -0.08441,  -0.04503,  -0.05816,   0.06821,   0.06821,   0.01897,  -0.03518,  -0.03682,   0.05672,  -0.00236,  -0.02041,  -0.00236,   0.02882,  -0.00400,   0.01733,  -0.06472,  -0.00400,   0.00585,  -0.02698,  -0.05159,  -0.07457,   0.00913,  -0.01549,  -0.00728,  -0.01713,  -0.00236,  -0.01713,  -0.04831,   0.04687,   0.02062,   0.02554,  -0.04010,  -0.01549,   0.00585,   0.01241,   0.00092,   0.03046,   0.02554,  -0.03518,  -0.09918,  -0.01877,  -0.01221,  -0.03354,   0.03046,   0.01897,  -0.02041,  -0.05816,   0.11088,   0.02226,  -0.03682,   0.00092,   0.01897,  -0.02698,  -0.05652,  -0.03026,  -0.00728,  -0.02205,   0.04851,  -0.04339,   0.03046,   0.00749,  -0.01385,   0.04851,  -0.01549,  -0.02205,   0.00420,   0.00749,   0.03210,  -0.04010,  -0.03682,   0.03539,  -0.06144,  -0.04175,  -0.01221,  -0.01056,  -0.02041,   0.07149,  -0.02369,  -0.01549,   0.01569,   0.06164,   0.01897,  -0.00728,   0.10759,  -0.00564,  -0.00072,   0.06821,  -0.01385,  -0.01385,  -0.01056,  -0.05159,   0.01569,  -0.02862,   0.01897,  -0.00072,   0.01733,  -0.04995,   0.02062,  -0.04339,  -0.04339,   0.01733,   0.00749,  -0.02369,   0.04523,  -0.02698,  -0.05487,  -0.04667,   0.00913,   0.05180,  -0.03354,  -0.04831,   0.01241,   0.06492,   0.00256,  -0.01385,  -0.02698,  -0.00564,   0.07149,  -0.03682,  -0.06472,  -0.03682,   0.04851,   0.02062,  -0.04175,   0.03867,  -0.01221,  -0.05816,  -0.03354,   0.06492,  -0.01385,   0.01405,  -0.02041,   0.01733,   0.00256,   0.02882,   0.07477,   0.01733,  -0.02533,  -0.02041,  -0.05159,   0.03210,   0.05508,  -0.00072,  -0.00728,   0.03046,   0.00585,  -0.05652,   0.00420,   0.01733,  -0.02533,  -0.08277,   0.02554,  -0.01877,  -0.04175,   0.04687,   0.00913,   0.03374,  -0.04995,   0.04523,  -0.04010,   0.01733,   0.01405,   0.00092,   0.05180,  -0.09754,   0.00913,   0.02390,  -0.03682,   0.02718,   0.00749,  -0.02041,  -0.06472,  -0.05487,  -0.02041,  -0.02205,   0.04851,  -0.03354,  -0.04175,   0.03046,  -0.01549,  -0.04831,  -0.04667,   0.05016,   0.06328,  -0.04503,  -0.03846,   0.01405,   0.05180,   0.02554,   0.02062,   0.02062,   0.04031,  -0.05159,  -0.03026,   0.01897,  -0.01713,   0.02226,  -0.04339,   0.05344,   0.01569,  -0.02533,  -0.04831,  -0.02533,   0.08954,  -0.04667,  -0.01713,  -0.02533,  -0.02862,  -0.05652,   0.02390,  -0.00728,  -0.00072,   0.04359,  -0.04175,  -0.01056,  -0.04175,   0.05836,  -0.02862,  -0.02698,  -0.08441,  -0.00236,  -0.02369,   0.00420,   0.04031,  -0.03026,   0.01733,   0.00913,   0.05180,  -0.02041,  -0.04175,   0.05180,   0.02882,   0.00420,  -0.04175,   0.00749,   0.08790,  -0.04175,  -0.00892,  -0.00400,  -0.03846,  -0.06308,   0.01077,  -0.08113,   0.02718,  -0.04339,  -0.03354,   0.04523,  -0.07457,  -0.00236,   0.03374,  -0.04175,   0.01733,   0.01241,   0.04195,   0.00256,   0.04687,   0.03703,   0.05672,   0.02062,   0.01241,  -0.04831,  -0.01385,  -0.10247,  -0.02862,   0.06492,   0.03867,  -0.08934,   0.00913,  -0.05816,   0.01897,   0.00749,   0.02226,   0.03867,  -0.00728,   0.00749,  -0.03354,   0.08134,   0.02554,   0.04031,  -0.04995,   0.03867,  -0.00892,   0.05508,  -0.04503,  -0.06144,  -0.04667,  -0.00892,   0.07805,   0.08462,   0.07477,   0.04851,   0.03374,  -0.01221,   0.02554,   0.02062,  -0.02041,   0.03867,   0.13221,  -0.02041,  -0.04667,   0.00913,   0.04687,  -0.06472,  -0.01385,  -0.00892,   0.02554,   0.00092,  -0.02533,   0.00256,   0.00749,  -0.01385,   0.01241,  -0.02205,   0.06000,  -0.01713,   0.00256,   0.04851,  -0.00892,  -0.01385,   0.01897,  -0.07621,  -0.00236,   0.06492,  -0.05323,   0.03539,  -0.06964,  -0.00072,   0.02554,  -0.00728,   0.02718,  -0.02533,   0.00913,   0.07313,  -0.03354,  -0.00892,  -0.02369,  -0.04503,  -0.08441,   0.02718,   0.00092,  -0.04831,   0.02062,   0.01405,  -0.01385,  -0.01385,  -0.02698,   0.05180,  -0.02698,  -0.00236,  -0.02205,  -0.00400,  -0.00072,  -0.02698,  -0.01056,  -0.01713,   0.01897,   0.03703,  -0.06144,  -0.05159,  -0.04010,  -0.03518,  -0.04503,   0.09939,  -0.02533,  -0.01877,  -0.04339,   0.04851,   0.04031,   0.03374,   0.04195,   0.01405,   0.04359,   0.03374,   0.07313,  -0.04831,   0.01569,   0.02554,  -0.02698,   0.04523,   0.02226,   0.03539,  -0.02041,  -0.00892,  -0.03682,   0.04359,  -0.06636,   0.03539,   0.01897,  -0.01877,  -0.00400,   0.01733,   0.07149,   0.01569,  -0.01385,  -0.05980,   0.01733,   0.11088,   0.00913,   0.07149,  -0.01056,  -0.00236,  -0.06472,   0.14041,   0.02390,   0.08298,  -0.03846,  -0.00400,  -0.03846,  -0.04831,  -0.00072,   0.01077,  -0.09590,   0.00420,  -0.04175,   0.06164,   0.07313,  -0.00236,  -0.00236,   0.03046,   0.03703,  -0.05159,  -0.00236,   0.01405,   0.03539,  -0.00236,   0.02062,   0.02062,   0.02226,   0.02390,   0.02882,   0.04195,   0.01897,   0.01569,  -0.01221,   0.04687,   0.05016,  -0.03354,  -0.02698,  -0.02041,   0.02390,  -0.01385,  -0.01385,  -0.06964,   0.06657,   0.04359,  -0.04175,  -0.00564,   0.03867,  -0.00564,  -0.04995,   0.03703,  -0.06144,   0.10923,   0.03046,   0.04195,   0.02226,  -0.07949,  -0.06472,   0.07805,  -0.04175,  -0.01221,   0.01077,   0.02718,  -0.01056,  -0.01056,   0.02390,   0.00585,  -0.00400,  -0.00400,  -0.00072,  -0.00400,  -0.00564,  -0.01056,  -0.03518,   0.01897,  -0.05652,   0.01241,   0.03046,   0.03703,  -0.02041,  -0.01713,  -0.03354,  -0.04831,   0.07313,  -0.03354,  -0.00072,  -0.03846,   0.04195,  -0.00236,   0.09282,  -0.00400,  -0.02205,  -0.03354,  -0.07129,  -0.06472,   0.00420,   0.03703,   0.04195,   0.02882,   0.04359,   0.00420,   0.01733,  -0.00564,   0.08790,  -0.07621,   0.10923,   0.02226,   0.03210,  -0.03190,   0.06821,  -0.07129,   0.03046,   0.01569,  -0.03682,   0.03867,   0.03210,  -0.05487,  -0.00564,   0.06657,   0.01405,   0.06000,  -0.00072,   0.04031,   0.04687,  -0.00400,  -0.03026,   0.00256,  -0.04010,  -0.04010,  -0.01877,   0.00749,  -0.01713,  -0.00892,  -0.04010,   0.03374,  -0.09262,   0.01733,  -0.00400,   0.03210,   0.05672,  -0.01056,   0.02226,   0.07641,   0.01733,   0.03210,  -0.03190,   0.07313,   0.00913,  -0.02698,   0.02062,  -0.03682,  -0.06964,   0.03867,   0.00420,   0.01405,   0.03210,   0.06000,  -0.02698,  -0.00400,   0.10267,   0.03703,  -0.02369,   0.03046,   0.04851,  -0.02862,   0.05836,   0.03046,  -0.00400,  -0.00892,   0.00092,  -0.01713,   0.00749,  -0.04995,   0.04359,   0.10759,  -0.01221,   0.08954,  -0.00400,   0.06164,   0.07969,  -0.00728,  -0.03682,   0.01897,   0.03210,   0.07149,  -0.00728,   0.04687,   0.04851,   0.01569,   0.04359,   0.02554,   0.03867,   0.00913,   0.04195,   0.03867,   0.01241,   0.02226,  -0.02862,  -0.02369,   0.03867,   0.10923,   0.02718,   0.01733,   0.00092,  -0.04667,  -0.05323,  -0.02369,   0.01733,  -0.01385,  -0.01221,   0.03539,  -0.05816,  -0.03026,  -0.00400,  -0.05323,   0.00256,   0.00256,   0.00749,  -0.01221,  -0.03518,  -0.01877,  -0.04339,  -0.00072,   0.02882,   0.02062,  -0.01385,  -0.01713,  -0.00728,   0.05344,   0.01569,  -0.02862,  -0.03026,  -0.04339,   0.02062,  -0.03026,  -0.06636,  -0.08770,   0.03374,   0.04687,   0.02062,  -0.06144,  -0.05159,  -0.07129,   0.02554,   0.05344,  -0.00892,  -0.01385,   0.03867,  -0.00400,  -0.05980,  -0.06800,  -0.02041,  -0.03518,   0.05344,  -0.00072,  -0.03682,   0.02554,  -0.01549,   0.04031,  -0.03354,  -0.03026,  -0.02041,  -0.01221,  -0.01549,   0.04851,   0.10267,   0.07969,  -0.08113,  -0.05980,   0.11088,   0.01733,  -0.01056,   0.02226,   0.00092,   0.07313,  -0.00236,   0.01733,  -0.00072,  -0.00400,   0.02062,  -0.02041,  -0.00892,   0.04195,   0.03539,  -0.02369,   0.02882,  -0.03846,   0.00585,  -0.04503,   0.00420,   0.02554,  -0.00072,   0.00585,  -0.00072,  -0.04831,   0.05836,   0.02718,   0.03046,  -0.05323,  -0.01221,  -0.01713,   0.02718,   0.00913,   0.05344,   0.00585,  -0.05487,   0.06000,  -0.03354,  -0.02041,  -0.02862,  -0.01385,   0.03374,   0.07805,   0.00420,  -0.01713,  -0.00728,  -0.02862,   0.00913,   0.01569,   0.08626,   0.01405,  -0.00400,   0.07313,  -0.06800,   0.02062,  -0.00400,  -0.04339,  -0.00072,  -0.01549,  -0.03846,  -0.02862,   0.00913,   0.00256,   0.02226,   0.02882,  -0.00892,   0.01077,  -0.05487,  -0.00728,   0.01405,   0.02882,  -0.00236,  -0.04995,  -0.03846,   0.02226,  -0.04339,   0.04195,  -0.05323,   0.02390,   0.04523,  -0.00400,  -0.00072,   0.05016,   0.02718,   0.00585,   0.00913,   0.06657,   0.05016,  -0.07621,   0.04031,  -0.02041,  -0.05816,  -0.00400,   0.01241,  -0.04010,   0.05344,  -0.00728,  -0.00564,   0.02554,   0.04687,  -0.01056,  -0.02041,  -0.00072,  -0.08934,  -0.03518,   0.08790,  -0.02369,   0.01733,  -0.02698,   0.02390,  -0.03518,   0.04523,   0.00749,  -0.05323,   0.04851,   0.02718,   0.03539,  -0.01877,  -0.01385,   0.03703,   0.00913,   0.00420,  -0.00564,  -0.02041,  -0.03354,   0.02554,   0.03374,  -0.03354,   0.03867,  -0.00564,   0.07969,   0.01077,  -0.03846,   0.03046,   0.00585,   0.00585,  -0.03026,   0.02226,  -0.00400,   0.00585,  -0.01221,   0.03867,   0.00749,   0.04195,  -0.04175,  -0.04010,   0.01077,   0.00749,  -0.05652,  -0.01877,   0.01569,  -0.03190,  -0.00564,  -0.05159,   0.01897,  -0.00564,  -0.10903,  -0.05980,  -0.05159,  -0.02862,   0.01733,   0.04359,   0.01077,   0.03374,   0.04031
  -0.00892,   0.01405,   0.02554,  -0.00400,  -0.08277,   0.00749,   0.04195,  -0.00892,   0.00420,   0.03703,   0.01733,  -0.08934,   0.06000,  -0.01877,   0.06821,   0.03210,  -0.02698,  -0.03518,   0.06000,  -0.02205,  -0.00892,  -0.05487,  -0.02533,  -0.05159,  -0.10247,  -0.03682,  -0.00892,  -0.00564,   0.07641,   0.06328,   0.04195,  -0.03026,   0.02718,   0.01897,  -0.03190,  -0.02862,   0.05508,  -0.03190,   0.01077,  -0.05323,  -0.05487,   0.05508,  -0.01549,  -0.02205,   0.04359,  -0.05652,   0.04687,  -0.04831,  -0.02369,  -0.00400,  -0.08113,  -0.07129,  -0.05652,   0.05508,   0.02554,  -0.02205,   0.03539,  -0.03518,   0.00256,  -0.04175,  -0.04010,   0.01733,   0.00092,  -0.04503,   0.03210,   0.02390,  -0.04831,  -0.07949,  -0.00236,  -0.04339,   0.06985,  -0.03190,   0.09118,   0.02882,  -0.02698,   0.02882,   0.00749,   0.04359,   0.03210,   0.02062,   0.00749,   0.06328,  -0.00236,  -0.03026,   0.10267,   0.07805,  -0.07129,  -0.02698,   0.01897,   0.05508,   0.03539,  -0.01877,   0.05508,   0.01405,  -0.06636,   0.00749,   0.00749,   0.07149,  -0.01385,   0.01733,   0.02390,   0.00092,   0.00420,  -0.04010,   0.04195,   0.05180,  -0.01877,  -0.01877,   0.02226,  -0.00236,  -0.05816,  -0.00892,   0.02390,   0.07477,  -0.01385,   0.04687,   0.00420,   0.02718,  -0.00072,  -0.03682,   0.06164,  -0.02533,  -0.03354,  -0.07457,   0.01569,   0.04523,  -0.04339,  -0.01056,  -0.00072,  -0.01056,  -0.06308,  -0.03518,   0.04523,  -0.01549,  -0.00400,   0.08626,  -0.02862,   0.04687,   0.00585,   0.07805,   0.01077,  -0.02041,  -0.06636,  -0.06308,   0.07149,   0.01569,  -0.04667,   0.02554,   0.05180,  -0.01221,   0.03374,  -0.05652,  -0.00892,   0.02390,   0.02882,  -0.03846,   0.03374,   0.00585,   0.02062,   0.02226,  -0.09754,  -0.03518,  -0.06144,   0.08790,  -0.02862,  -0.00892,   0.00420,  -0.01713,  -0.01877,   0.01241,  -0.03846,   0.00585,  -0.02041,  -0.04503,  -0.02205,  -0.02369,  -0.01385,   0.00420,   0.04523,   0.02062,  -0.01385,   0.01569,   0.00092,   0.02062,  -0.02369,   0.02226,  -0.00400,   0.00092,  -0.03026,   0.04195,   0.05344,  -0.06144,  -0.00728,   0.06821,   0.03539,  -0.08770,  -0.04339,   0.00749,   0.01077,   0.02882,   0.06328,   0.05180,  -0.06308,   0.05016,   0.00585,   0.03867,  -0.00400,   0.03867,  -0.00400,  -0.01713,  -0.01877,  -0.04667,  -0.03190,   0.04359,  -0.02698,  -0.02369,  -0.07293,   0.02554,   0.01897,   0.01569,  -0.03190,   0.03867,   0.06492,  -0.05816,   0.09611,   0.00749,  -0.06636,   0.02226,  -0.05323,  -0.00400,   0.01569,   0.06164,  -0.03026,   0.05836,  -0.01713,   0.00256,   0.01569,  -0.03846,   0.05508,  -0.00072,  -0.02041,  -0.02041,   0.02718,  -0.01877,  -0.02698,   0.00256,   0.03210,   0.00092,   0.01569,  -0.10247,   0.04851,   0.03539,  -0.03026,   0.01405,  -0.05323,  -0.02369,  -0.05323,   0.01405,  -0.02698,   0.04523,  -0.05487,  -0.00400,  -0.04175,  -0.01877,  -0.00564,  -0.01221,  -0.05487,   0.02718,   0.04523,  -0.01221,   0.05836,   0.06821,   0.01077,   0.03703,   0.04359,   0.00585,   0.06328,  -0.00400,   0.06985,  -0.06800,   0.01405,  -0.02041,  -0.01713,  -0.02698,  -0.00728,   0.00256,  -0.06800,  -0.00072,   0.01077,  -0.05487,  -0.02862,  -0.07785,   0.01405,   0.01733,  -0.06636,  -0.00564,  -0.02698,   0.00092,  -0.05652,  -0.01549,   0.02718,   0.01569,  -0.04995,  -0.04175,  -0.05980,  -0.01385,  -0.02533,  -0.03518,   0.06328,  -0.00892,  -0.01877,   0.03210,   0.02062,  -0.04667,  -0.02862,  -0.07457,  -0.04010,   0.05344,  -0.02533,  -0.03026,   0.06821,   0.05508,   0.05344,   0.04031,   0.01897,   0.08298,   0.08954,   0.06821,   0.01733,  -0.04010,   0.02882,   0.00420,  -0.02205,   0.02226,   0.02554,   0.01569,   0.03539,   0.02390,   0.02554,   0.00092,  -0.00564,  -0.03026,  -0.02041,   0.10759,  -0.05816,   0.07149,   0.01241,  -0.02862,  -0.00728,  -0.03846,  -0.01221,   0.03867,   0.00913,   0.01405,  -0.08441,  -0.01221,   0.02554,  -0.00564,   0.00256,  -0.01056,   0.02226,   0.08954,   0.04195,   0.03046,   0.05016,  -0.07785,   0.02062,  -0.03026,  -0.05487,   0.04523,   0.04195,   0.01569,  -0.00400,  -0.02205,  -0.01221,   0.06821,   0.05344,  -0.00236,  -0.00728,   0.04687,  -0.04667,   0.04195,  -0.02205,  -0.04010,   0.05836,  -0.06308,   0.03867,   0.00420,  -0.02041,  -0.05323,   0.00256,  -0.02862,  -0.04831,  -0.01713,   0.02390,  -0.01385,  -0.00892,   0.00913,   0.03703,  -0.14513,  -0.02862,  -0.07293,   0.04031,  -0.02369,  -0.00072,  -0.00236,   0.00256,   0.03046,  -0.01877,  -0.01877,   0.03703,  -0.09918,   0.00092,  -0.03026,  -0.00564,  -0.05816,   0.01897,   0.01897,   0.07805,   0.00913,   0.00256,  -0.02041,   0.02390,   0.01733,  -0.00728,  -0.05980,  -0.03190,   0.05836,   0.01897,   0.06000,  -0.00892,   0.03210,  -0.00072,  -0.04339,   0.06328,  -0.01385,   0.00913,  -0.02369,  -0.00892,   0.00420,   0.09611,   0.03046,  -0.05980,   0.00420,  -0.05487,   0.00092,   0.03539,  -0.03026,   0.05016,  -0.00236,   0.05508,  -0.06964,   0.01569,  -0.04503,   0.06328,   0.01733,   0.01733,  -0.03682,  -0.05816,   0.00256,  -0.04339,   0.00913,   0.01733,   0.03210,   0.07969,   0.06000,  -0.04503,  -0.00236,  -0.03190,   0.09118,  -0.01056,  -0.00892,   0.02226,   0.04195,  -0.03354,  -0.02205,   0.03374,   0.03867,  -0.04831,  -0.02862,  -0.04995,   0.03703,   0.02226,   0.02062,  -0.01713,   0.04523,  -0.00564,  -0.00236,  -0.05323,  -0.01549,  -0.03518,   0.05836,   0.00420,  -0.00072,  -0.00892,  -0.01877,  -0.10411,   0.03703,   0.00913,   0.02554,   0.06985,  -0.03026,   0.07805,  -0.08277,  -0.04339,   0.00913,   0.03046,  -0.02533,   0.06164,  -0.02533,   0.09939,   0.02062,   0.07641,   0.06328,   0.00749,   0.01077,   0.01405,  -0.04175,  -0.03682,   0.06164,  -0.02533,   0.08790,  -0.06144,   0.03867,   0.00420,  -0.01056,   0.00749,   0.02226,  -0.01056,   0.02718,   0.06328,   0.02554,  -0.00236,  -0.04503,  -0.05980,  -0.01056,  -0.06144,   0.03374,   0.00420,   0.01077,  -0.03682,   0.01897,   0.09118,   0.04031,   0.07641,  -0.00072,  -0.04339,  -0.00728,   0.09118,  -0.00236,  -0.07457,  -0.02369,  -0.02862,  -0.04503,   0.01241,  -0.01549,  -0.04995,   0.06492,  -0.02533,   0.00913,   0.03867,   0.01569,  -0.06636,  -0.04831,  -0.05159,   0.05180,   0.01241,   0.03703,  -0.01385,   0.00585,  -0.00564,   0.04195,   0.00420,  -0.00072,   0.04523,  -0.02862,   0.00420,   0.00092,   0.03703,   0.02062,  -0.02698,   0.01733,   0.02554,   0.03046,   0.02390,   0.00585,   0.00092,  -0.00892,  -0.04503,   0.01077,  -0.01056,   0.01241,   0.06657,  -0.02369,   0.05672,   0.03210,  -0.09754,  -0.01385,  -0.02041,   0.05180,  -0.01056,   0.01897,  -0.01713,   0.01405,  -0.00564,   0.04195,  -0.04339,  -0.02862,   0.02718,  -0.04010,   0.00256,  -0.03518,   0.03867,   0.04195,   0.05672,   0.01077,  -0.02862,  -0.05159,   0.02390,   0.04523,   0.04687,  -0.05816,  -0.02698,   0.02226,  -0.00236,  -0.03026,  -0.07129,  -0.07129,   0.06492,  -0.01549,  -0.00892,  -0.05323,  -0.14185,  -0.04503,  -0.06636,  -0.00564,  -0.03682,  -0.06800,  -0.04010,   0.03374,  -0.07949,   0.00256,   0.01733,   0.04195,  -0.03026,   0.02062,  -0.04831,   0.01569,  -0.02205,   0.05180,  -0.01385,   0.01569,   0.03046,   0.03867,  -0.02205,  -0.02698,  -0.00072,   0.02062,   0.02226,  -0.05159,   0.00420,  -0.00564,   0.05508,  -0.00072,  -0.05652,  -0.05159,   0.10595,   0.07313,  -0.00892,   0.00749,   0.02882,   0.04851,   0.05836,  -0.05487,   0.00913,   0.00585,   0.03539,  -0.02205,  -0.04503,  -0.05323,  -0.05652,   0.01733,   0.01241,  -0.01549,   0.04195,  -0.05323,  -0.04995,  -0.07457,  -0.02862,  -0.04503,   0.06985,  -0.03026,   0.00092,  -0.02041,   0.02062,   0.02718,  -0.03190,   0.06000,   0.00585,   0.05344,   0.00749,   0.02062,   0.02718,   0.06492,   0.02390,   0.08298,  -0.01549,  -0.01549,   0.00749,   0.02554,  -0.05323,   0.04031,  -0.01549,   0.03703,   0.02554,  -0.02369,   0.07477,   0.00585,   0.07477,  -0.01713,  -0.01056,   0.01405,  -0.01713,  -0.07129,  -0.00072,   0.01733,   0.05180,  -0.04831,  -0.03026,   0.04523,  -0.08113,  -0.00072,   0.04359,  -0.00072,  -0.02533,  -0.05980,   0.04687,   0.03703,  -0.04667,  -0.05323,  -0.00072,   0.06657,   0.05508,  -0.01877,   0.01569,   0.02882,  -0.01713,  -0.02369,  -0.02205,  -0.05980,  -0.03518,   0.01733,   0.03539,   0.02390,   0.00749,   0.02390,  -0.06472,   0.03539,  -0.01385,   0.06821,   0.03046,  -0.04995,   0.00420,  -0.02369,  -0.06964,   0.00092,  -0.00564,  -0.00400,   0.05508,   0.00585,  -0.00892,   0.05180,   0.03867,  -0.04831,   0.00420,   0.06821,  -0.00400,   0.02226,  -0.03682,  -0.03354,  -0.03846,   0.04851,   0.01077,   0.02062,  -0.06308,   0.06328,   0.01733,   0.02062,  -0.00072,  -0.10575,   0.06328,  -0.02533,   0.01405,   0.01733,  -0.01221,  -0.05816,  -0.03846,   0.11416,   0.00092,  -0.03190,  -0.02698,  -0.00236,  -0.04339,   0.01241,   0.06328,   0.06328,  -0.02041,  -0.06308,  -0.09754,   0.01241,  -0.03518,  -0.02369,   0.06821,  -0.04503,  -0.11559,  -0.03518,  -0.03190,  -0.04339,  -0.03682,  -0.04831,   0.02226,   0.00749,   0.03210,   0.05344,   0.00092,  -0.01549,  -0.01713,  -0.06472,   0.04031,  -0.03682,  -0.02369,   0.08134,   0.01241,   0.02718,  -0.00072,   0.01733,   0.09446,   0.03210,  -0.02698,  -0.07293,  -0.06144,  -0.06636,  -0.05323,  -0.04503,   0.00420,   0.04523,   0.01897,  -0.02862,   0.01405,   0.00420,  -0.01549,   0.05672,  -0.05816,   0.00585,   0.06328,   0.06164,   0.03703,   0.00913,  -0.02369,   0.03703,   0.00913,  -0.00564,  -0.00728,   0.01077,  -0.04995,   0.03703,  -0.01713,   0.05344,  -0.06144,   0.01077,   0.00585,   0.01241,  -0.04339,  -0.04831,  -0.06636,   0.03539,  -0.06144,  -0.00400,  -0.01385,  -0.04175,  -0.04503,   0.03046,  -0.05487,   0.05180,  -0.01221,   0.01733,  -0.05652,  -0.01385,  -0.06636,   0.06000,  -0.05816,  -0.01385,   0.01733,  -0.00072,   0.00092,   0.01241,  -0.00400,  -0.11231,  -0.03354,   0.00092,  -0.00072,   0.00585,  -0.05159,   0.01241,  -0.05980,   0.03210,   0.07313,  -0.01385,   0.04523,   0.10759,   0.04031,   0.06328,   0.01405,   0.03374,  -0.00400,   0.00749,  -0.04831,   0.00585,   0.00749,   0.00092,  -0.03682,   0.10923,   0.00092,   0.02062,  -0.00728,  -0.07457,  -0.01713,  -0.01221,  -0.01877,  -0.01385,   0.04359,   0.00749,   0.07313,   0.03374,  -0.00400,  -0.00236,   0.04851,   0.00749,  -0.01549,  -0.08934,  -0.02862,  -0.04831,   0.03539,   0.03374,   0.05672,   0.00420,  -0.02862,   0.06164,  -0.03682,   0.04359,  -0.01713,   0.01241,  -0.01713,   0.00256,  -0.03354,  -0.03682,  -0.05159,  -0.05159,  -0.00728,   0.05836,   0.04687,  -0.05980,  -0.03190,   0.03046,  -0.07457,   0.03703,  -0.00400,   0.03046,  -0.00892,  -0.03846,  -0.06964,   0.07805,   0.03210,  -0.05652,   0.03703,  -0.04667,   0.00585,   0.01077,   0.06164,   0.04851,  -0.00236,  -0.02369,   0.10431,   0.02882,   0.08790,   0.01733,   0.01897,  -0.04831,  -0.02533,  -0.02369,  -0.03190,   0.01897,   0.02226,   0.04523,   0.00092,   0.01733,   0.00585,  -0.00892,   0.02882,   0.05344,  -0.11067,  -0.07457,  -0.04175,   0.03867,   0.05016,   0.08626,   0.02718,  -0.07785,   0.02718,   0.02226,   0.03703,  -0.01713,  -0.00400,   0.00256,  -0.00400,  -0.12216,  -0.02862,  -0.06636,  -0.02205,  -0.02369,   0.02718,   0.00256,   0.00585,   0.07149
   0.07313,   0.01405,   0.03867,  -0.00072,  -0.07129,   0.02390,  -0.04010,  -0.05159,  -0.02862,  -0.01549,  -0.06308,  -0.00072,   0.00585,  -0.02862,   0.01733,   0.06000,  -0.00564,   0.01569,  -0.04175,  -0.04995,  -0.02533,   0.03046,  -0.04995,  -0.05323,  -0.00400,  -0.02533,   0.09118,   0.04195,  -0.04339,  -0.02698,  -0.01221,   0.05016,  -0.03846,   0.02718,  -0.00564,  -0.04667,   0.02226,  -0.10247,   0.06328,  -0.01221,   0.00092,   0.02226,   0.00256,  -0.08605,  -0.01549,  -0.05159,  -0.00236,  -0.08441,   0.00913,   0.03867,  -0.04175,  -0.02205,   0.04687,   0.07149,  -0.00236,  -0.09262,  -0.00564,   0.04851,  -0.02205,   0.00092,  -0.03026,  -0.06308,  -0.03190,  -0.01877,  -0.04503,   0.06164,   0.03210,  -0.03026,   0.01077,   0.05180,   0.06492,   0.05344,  -0.03026,  -0.01221,   0.04359,   0.08462,  -0.02041,  -0.01877,   0.04359,  -0.07785,   0.00256,   0.02882,  -0.00892,  -0.00072,   0.01733,   0.04851,   0.01733,   0.02226,   0.00585,   0.01569,   0.02226,  -0.02369,   0.02226,   0.00585,  -0.04831,  -0.00400,   0.10759,   0.02554,  -0.02369,  -0.02205,  -0.01713,  -0.05816,  -0.00072,   0.05836,  -0.01385,   0.07641,   0.02718,   0.13221,   0.02718,   0.02882,  -0.00892,   0.03703,  -0.03190,   0.00092,  -0.01056,  -0.03682,  -0.03026,   0.00913,   0.03210,   0.03046,  -0.02533,  -0.05323,  -0.04010,  -0.03026,   0.00913,  -0.08113,  -0.08113,   0.01569,   0.00749,  -0.00892,  -0.01549,  -0.00564,   0.05672,   0.01241,  -0.01056,   0.02882,   0.01405,   0.05672,   0.03703,  -0.03354,  -0.03026,   0.03867,   0.00092,  -0.00400,  -0.00400,  -0.02698,   0.02062,  -0.01385,  -0.02533,  -0.08770,  -0.02862,  -0.01877,  -0.04995,   0.07477,  -0.03190,  -0.07129,   0.03210,   0.03374,   0.00749,  -0.02862,  -0.01549,  -0.04831,  -0.02533,   0.01241,   0.00092,  -0.03846,  -0.04010,   0.04523,   0.00420,  -0.01056,  -0.07621,   0.04523,  -0.01713,   0.10431,   0.02062,   0.02226,   0.00092,   0.03374,   0.00420,  -0.01713,  -0.07293,  -0.02698,   0.08626,  -0.03682,  -0.01056,   0.04687,   0.04687,  -0.01549,  -0.03190,   0.10431,   0.01405,   0.06657,   0.03867,   0.00420,   0.04031,  -0.05652,   0.02718,   0.00749,  -0.03026,   0.03539,  -0.03682,  -0.03354,   0.01897,  -0.03026,  -0.02041,   0.02718,   0.05508,  -0.01713,   0.00092,  -0.03190,  -0.01056,   0.04195,  -0.11231,  -0.01713,   0.00749,   0.02226,   0.04687,   0.06328,  -0.01221,   0.02554,  -0.02698,   0.00585,  -0.04503,  -0.02205,   0.00256,   0.01897,   0.02718,   0.02554,   0.01241,  -0.00236,   0.01405,  -0.01221,  -0.01713,  -0.01385,   0.01897,  -0.04995,  -0.00564,  -0.04010,   0.01077,   0.02062,   0.02062,   0.00749,   0.01405,   0.01241,   0.00585,   0.00256,  -0.01221,   0.02390,   0.01405,  -0.00400,   0.04359,  -0.01877,  -0.03026,  -0.00892,   0.01733,   0.01241,   0.00913,   0.00749,   0.06492,   0.00585,  -0.02698,   0.02882,   0.02882,  -0.00400,   0.02062,  -0.00072,  -0.02862,  -0.01221,  -0.03846,  -0.00400,   0.00256,  -0.03190,   0.07641,  -0.05652,  -0.01877,   0.05508,  -0.02041,  -0.01221,  -0.01056,  -0.04503,  -0.03026,  -0.07293,  -0.05980,   0.01733,  -0.04667,   0.07805,   0.03046,   0.00256,  -0.03190,  -0.02041,   0.00749,  -0.00728,  -0.06964,   0.00749,   0.02226,   0.01405,   0.02062,   0.06000,  -0.06964,  -0.07785,  -0.07621,   0.00749,  -0.02041,   0.01241,   0.02226,  -0.04339,  -0.03026,  -0.00728,  -0.03026,  -0.01221,   0.02390,   0.06492,  -0.00564,  -0.02533,  -0.00728,  -0.03190,  -0.00564,  -0.01385,   0.06164,   0.08134,   0.05016,   0.10267,   0.04031,   0.08790,  -0.00400,  -0.04010,   0.00092,  -0.03354,  -0.03190,  -0.05816,   0.04195,  -0.06636,   0.01077,  -0.03518,   0.02882,   0.04195,  -0.01713,   0.06985,   0.06821,  -0.03518,   0.03867,   0.02718,   0.00420,   0.07969,  -0.00892,   0.07149,  -0.09426,   0.00585,   0.02062,  -0.02041,   0.04195,   0.01077,  -0.05816,   0.01241,  -0.01385,  -0.07293,  -0.04010,   0.00256,   0.03703,   0.06000,   0.04523,   0.00585,  -0.03354,   0.01405,  -0.03846,   0.03210,   0.01405,   0.02226,  -0.07949,  -0.04175,  -0.00564,   0.00913,   0.03703,   0.04851,  -0.00892,  -0.05323,  -0.00236,   0.01405,   0.05180,   0.00256,   0.05508,   0.01241,  -0.00564,  -0.01056,   0.00749,  -0.00728,   0.08626,   0.03046,  -0.03354,  -0.03026,  -0.00564,   0.03374,  -0.04503,  -0.07949,   0.02062,  -0.02041,  -0.00236,   0.01405,   0.03374,   0.01077,   0.06328,   0.03046,  -0.00892,  -0.02041,   0.00585,  -0.03518,   0.00585,   0.00749,  -0.00728,   0.10103,  -0.05980,   0.08954,   0.07477,  -0.03846,  -0.01713,   0.00420,  -0.00400,  -0.01385,  -0.01056,  -0.02205,   0.05344,   0.04359,   0.02718,   0.02718,  -0.01549,  -0.00400,  -0.04339,  -0.01385,  -0.00728,  -0.00892,   0.00585,   0.06985,   0.04359,   0.01897,   0.03046,  -0.00072,  -0.03354,  -0.01221,  -0.09098,   0.00420,  -0.08277,  -0.05323,   0.02718,   0.05180,   0.02062,  -0.01056,  -0.04995,   0.01405,   0.08298,  -0.00236,   0.08790,   0.03210,  -0.02369,  -0.05323,  -0.05487,   0.06657,   0.06328,  -0.00564,   0.02718,   0.01241,  -0.06308,  -0.04503,   0.00585,   0.01077,  -0.03190,  -0.00236,  -0.05159,  -0.02205,   0.02554,   0.03539,  -0.03026,   0.03867,  -0.00892,  -0.03354,   0.04687,  -0.02205,   0.02062,   0.03539,  -0.02862,  -0.00728,  -0.06472,  -0.03190,   0.00749,  -0.03682,  -0.04339,   0.06164,   0.04359,  -0.00892,  -0.03682,  -0.01221,  -0.02205,  -0.01385,  -0.00236,  -0.06472,  -0.07621,  -0.00072,  -0.06964,   0.04687,  -0.03026,  -0.00728,   0.04031,   0.00585,   0.02226,  -0.00564,  -0.07293,   0.04359,   0.11908,   0.00256,   0.02062,  -0.03026,   0.05180,  -0.00400,  -0.03682,   0.00585,   0.03374,   0.12236,  -0.00728,  -0.00728,   0.01569,   0.02226,   0.01405,  -0.02041,  -0.00236,   0.00913,   0.00256,   0.02554,   0.00420,  -0.03682,   0.00913,   0.02554,   0.06985,  -0.02533,  -0.00072,   0.04195,  -0.00892,  -0.02205,  -0.02369,   0.07641,   0.02554,   0.02882,   0.04523,   0.01733,  -0.01713,  -0.00892,   0.03374,  -0.00072,  -0.00892,  -0.03518,   0.02718,   0.02882,   0.00092,  -0.03518,  -0.00400,   0.00092,   0.04687,   0.01405,   0.02062,  -0.03518,  -0.00400,  -0.00564,  -0.03026,  -0.00728,  -0.09918,  -0.00892,   0.01405,  -0.03026,  -0.00236,  -0.03682,  -0.00400,  -0.04831,  -0.07621,  -0.02205,  -0.04339,   0.05180,   0.09118,  -0.01713,   0.04359,  -0.00728,   0.00420,  -0.02205,   0.02390,  -0.00564,   0.02554,  -0.03518,   0.01241,  -0.02041,  -0.01385,   0.01405,   0.02226,   0.02882,   0.00749,   0.00420,   0.07149,  -0.01056,   0.03210,   0.04687,   0.04031,   0.01241,  -0.01221,   0.01241,  -0.02698,  -0.03682,  -0.04010,  -0.01221,   0.00585,  -0.02698,  -0.00072,  -0.03190,   0.10267,  -0.00564,  -0.05487,   0.00749,  -0.04339,   0.01569,  -0.05159,   0.03703,  -0.01877,   0.06492,  -0.01056,   0.05344,   0.11908,  -0.00400,   0.07149,   0.01241,  -0.05159,   0.05180,   0.00585,  -0.09098,  -0.11067,   0.03867,   0.01569,  -0.01549,  -0.11231,  -0.03846,  -0.02041,  -0.01221,   0.01077,   0.00749,   0.05016,   0.07313,  -0.12380,   0.02226,  -0.04175,  -0.01877,   0.01733,  -0.02862,  -0.00072,   0.04359,  -0.00400,   0.04851,  -0.00072,   0.00420,  -0.04995,   0.00256,   0.06000,   0.03539,  -0.04339,   0.03867,   0.01405,   0.04359,  -0.04339,  -0.03518,   0.01733,  -0.02205,  -0.00400,   0.03374,  -0.04339,  -0.02205,  -0.00400,   0.01077,   0.05836,  -0.00236,  -0.03846,   0.02226,   0.01405,   0.03867,  -0.01056,   0.03374,   0.06657,  -0.00236,  -0.01385,   0.00749,  -0.01056,   0.05836,  -0.06472,   0.08134,   0.03703,   0.03374,   0.02718,   0.00913,  -0.05652,  -0.00072,   0.01241,  -0.03682,  -0.03026,   0.07641,   0.03210,   0.01077,   0.07313,   0.00092,  -0.00892,  -0.06472,   0.02390,  -0.02205,  -0.02698,  -0.07621,  -0.05323,   0.02226,   0.00585,  -0.04010,   0.06492,  -0.00728,  -0.05159,   0.04523,   0.01569,   0.02718,  -0.00892,  -0.09262,  -0.06472,  -0.09918,   0.03046,  -0.02698,   0.00420,   0.05016,  -0.04667,   0.10103,  -0.00072,  -0.05816,  -0.01549,   0.01077,   0.04359,   0.02062,  -0.01221,   0.01897,   0.00092,   0.02062,   0.01569,  -0.05652,  -0.10903,   0.01241,   0.01405,   0.03867,  -0.05980,  -0.09098,  -0.00400,  -0.04667,   0.07969,   0.01405,   0.04687,   0.05672,   0.02062,   0.02882,  -0.01056,  -0.05980,   0.06492,  -0.04339,  -0.03354,   0.01733,  -0.02369,  -0.03026,   0.00913,   0.05344,  -0.03190,  -0.00564,  -0.00892,  -0.02862,   0.03046,  -0.04995,  -0.05159,  -0.04503,  -0.06472,   0.01733,  -0.03026,  -0.02698,  -0.03026,   0.06657,  -0.09426,   0.03046,  -0.01385,   0.02882,  -0.03026,   0.02226,  -0.02205,  -0.04010,  -0.03354,  -0.03354,  -0.08441,   0.01077,  -0.01877,   0.05672,   0.02718,  -0.02041,   0.06164,   0.00913,   0.05016,  -0.01877,   0.07641,   0.02062,   0.05672,  -0.04339,   0.00749,   0.00749,   0.02226,   0.01569,  -0.00564,  -0.11231,  -0.04175,   0.06985,   0.07641,   0.08298,  -0.06800,  -0.01549,   0.03539,   0.05344,  -0.02041,  -0.00892,   0.05836,   0.02226,   0.02718,   0.06985,  -0.02041,  -0.01877,  -0.00236,   0.02226,   0.05344,  -0.07785,  -0.01713,  -0.00236,   0.03867,   0.08134,   0.00420,   0.00749,   0.00749,   0.04851,  -0.02041,  -0.04831,   0.01897,  -0.10082,  -0.03190,   0.00092,  -0.02205,  -0.05159,   0.04851,   0.06328,   0.02882,   0.02554,   0.01241,   0.02062,   0.04359,   0.00256,   0.00913,   0.01077,   0.02554,  -0.01549,  -0.00072,   0.01569,   0.01733,   0.03210,  -0.05816,  -0.01549,   0.04195,  -0.01877,  -0.02369,   0.05180,   0.03867,  -0.04175,  -0.04831,  -0.02862,   0.03046,  -0.02369,   0.03867,   0.00585,   0.04359,   0.00420,  -0.05487,   0.02062,  -0.03518,  -0.07129,   0.03867,   0.03539,   0.08298,   0.01569,   0.02554,  -0.07621,   0.00585,  -0.14349,   0.04523,   0.02062,   0.01897,   0.01241,   0.01241,  -0.03682,  -0.00236,   0.01569,  -0.04339,   0.04359,   0.08134,   0.07805,  -0.06636,  -0.02041,   0.02882,   0.01569,  -0.05159,  -0.05980,  -0.00400,   0.08134,   0.00749,   0.03539,   0.00913,   0.00913,  -0.01877,  -0.04175,   0.01569,  -0.00236,   0.04523,   0.01405,   0.03210,   0.04359,  -0.01877,   0.09282,  -0.04831,  -0.02369,   0.01569,  -0.04995,  -0.02862,  -0.04339,   0.05508,   0.01241,  -0.00072,  -0.02862,  -0.05816,   0.02718,   0.05508,  -0.00564,  -0.02369,  -0.00728,  -0.00728,  -0.06636,   0.07313,   0.02226,  -0.05487,   0.00585,  -0.08770,  -0.03846,   0.00585,  -0.03026,  -0.01385,  -0.00236,   0.00749,   0.02554,   0.01077,   0.01405,   0.01897,   0.05836,  -0.02698,  -0.01549,  -0.03518,   0.07641,  -0.06308,   0.02062,  -0.04667,  -0.01385,  -0.02862,  -0.02369,   0.07149,   0.02390,  -0.02862,   0.02390,   0.01733,   0.04031,   0.01241,   0.00256,   0.01077,  -0.04175,  -0.03026,  -0.04503,   0.01241,   0.02554,   0.00092,   0.07477,   0.00256,   0.01405,   0.01569,   0.01241,  -0.02205,   0.02226,  -0.04339,  -0.00728,   0.04687,   0.03374,   0.02226,   0.03703,  -0.03026,  -0.00564,   0.02718,   0.01077,  -0.07621,   0.10267,  -0.01056,   0.03867,  -0.04010,   0.03046,   0.01733,   0.00256,   0.05508,   0.04359,   0.02718,  -0.00236,   0.07805,  -0.01385,   0.00420,   0.01241,   0.00092,   0.00585,   0.11416,   0.02554,  -0.02205,   0.00092,  -0.02205,  -0.06472,   0.03210,  -0.01549,   0.02226,  -0.01713
  -0.02369,  -0.03518,  -0.04995,  -0.02369,  -0.02205,  -0.03846,   0.05672,   0.05508,  -0.01549,  -0.00892,  -0.03846,  -0.05816,  -0.01056,   0.02390,  -0.00892,  -0.00892,  -0.01221,  -0.05652,   0.07313,  -0.03190,  -0.00564,  -0.00400,  -0.06964,   0.03374,   0.02226,  -0.04831,  -0.01713,   0.03867,  -0.00072,  -0.01385,   0.03703,  -0.00072,  -0.01221,   0.04031,   0.13713,  -0.00400,  -0.01549,   0.06328,  -0.01221,   0.02062,   0.01733,   0.04851,  -0.02533,   0.02062,  -0.04667,   0.02062,  -0.05980,  -0.00728,   0.04851,   0.02718,  -0.02862,   0.00749,  -0.00072,   0.01077,  -0.00728,   0.04195,   0.01077,   0.00913,  -0.03026,  -0.03354,   0.01405,   0.05016,   0.02554,   0.01077,  -0.05652,   0.01569,  -0.00072,   0.02226,  -0.03354,  -0.02698,   0.04031,   0.01077,  -0.02862,  -0.00236,  -0.03026,  -0.04010,   0.08298,  -0.04010,   0.02718,  -0.00564,  -0.11724,  -0.00072,   0.00749,  -0.01221,   0.00749,  -0.05980,   0.01241,  -0.04339,   0.01241,  -0.03026,   0.02390,  -0.02041,  -0.02698,   0.09446,   0.04031,  -0.00236,   0.06328,  -0.01877,  -0.00400,   0.05016,  -0.00400,  -0.02041,   0.06821,  -0.02533,  -0.03190,  -0.01221,  -0.02533,  -0.04667,   0.05016,   0.00420,  -0.01549,  -0.01549,   0.05344,   0.01897,  -0.06144,   0.05344,   0.02882,  -0.02041,   0.02554,  -0.01549,  -0.02205,  -0.01713,   0.00092,  -0.01385,   0.06164,  -0.04503,   0.01569,  -0.00564,  -0.08934,   0.00585,  -0.05487,  -0.09754,   0.08134,   0.05836,   0.00256,  -0.03026,   0.00913,  -0.08441,  -0.01385,  -0.03354,  -0.00400,   0.04359,   0.10759,  -0.02533,  -0.05652,  -0.00400,   0.03703,  -0.00728,   0.00256,   0.01897,  -0.04175,  -0.06308,  -0.00236,   0.03867,   0.10759,  -0.02698,   0.01897,   0.03703,   0.00420,   0.01897,   0.07313,   0.03539,  -0.04995,  -0.03026,  -0.02041,  -0.00400,   0.08298,  -0.01713,  -0.04831,   0.01897,  -0.03846,  -0.01549,  -0.00728,  -0.03026,  -0.07785,   0.04195,   0.04359,  -0.01056,  -0.02862,   0.08626,  -0.08113,  -0.02533,  -0.02698,   0.04523,  -0.03518,  -0.01056,  -0.00236,   0.02226,  -0.06472,  -0.02041,   0.00420,   0.02226,   0.09939,  -0.02205,  -0.00236,   0.02390,   0.02062,  -0.03190,   0.00256,  -0.02533,   0.00092,  -0.02862,  -0.04339,   0.07805,   0.06657,  -0.06472,   0.00913,  -0.01877,   0.06657,  -0.09754,   0.00092,   0.01569,  -0.06144,   0.01733,  -0.02205,   0.05836,   0.02554,   0.02882,  -0.05652,  -0.00400,  -0.00236,   0.08954,  -0.02041,  -0.05652,   0.03374,   0.10103,   0.04687,   0.05672,   0.03703,  -0.02862,  -0.00728,  -0.03518,  -0.00564,   0.02882,   0.03210,   0.06164,  -0.05487,   0.03539,  -0.02862,   0.00092,  -0.01221,  -0.04339,   0.04031,  -0.02205,   0.02718,   0.00420,   0.02882,   0.07969,   0.03703,  -0.04831,   0.03539,   0.02062,   0.00749,   0.00585,  -0.04503,   0.04195,  -0.00728,   0.01241,  -0.00236,  -0.04010,  -0.02862,   0.04359,  -0.00072,  -0.00728,  -0.04503,  -0.07129,   0.06164,   0.03539,   0.03539,  -0.02698,  -0.07949,   0.01569,  -0.00728,   0.03210,  -0.06308,  -0.03354,  -0.00564,  -0.00400,   0.01405,   0.04523,  -0.01221,   0.02882,  -0.06472,  -0.04010,  -0.00564,   0.02062,   0.10431,  -0.00728,   0.06821,   0.05016,   0.00420,  -0.01877,  -0.00400,  -0.04503,   0.02390,  -0.01713,  -0.01877,  -0.03026,   0.02390,   0.03374,  -0.06636,  -0.05159,  -0.07621,  -0.06308,   0.02062,  -0.01549,   0.05344,   0.01241,   0.02062,  -0.01713,   0.07969,  -0.02041,   0.01733,   0.01241,   0.04687,  -0.02205,  -0.01549,  -0.05980,   0.05508,   0.04523,   0.03867,   0.05672,   0.01077,   0.00913,   0.02554,   0.00585,   0.03210,   0.02226,   0.01569,  -0.05487,  -0.06144,   0.00749,  -0.04339,  -0.00236,  -0.03190,  -0.03026,  -0.04339,  -0.04831,  -0.05159,  -0.01221,   0.00256,  -0.04667,  -0.08605,   0.01241,   0.01241,  -0.03682,  -0.00072,   0.06492,  -0.02041,  -0.01713,  -0.04503,   0.04851,   0.00585,  -0.02369,  -0.03518,  -0.02369,   0.05836,  -0.00400,  -0.04503,  -0.02369,  -0.01056,   0.02718,   0.00256,  -0.02862,   0.02882,  -0.01221,  -0.03026,   0.07149,  -0.03026,  -0.03354,  -0.04175,  -0.02862,   0.06328,  -0.00072,   0.05344,   0.04687,   0.02390,   0.07641,  -0.05816,  -0.07785,   0.01569,  -0.03026,  -0.04339,   0.05016,   0.00913,  -0.07293,  -0.04995,  -0.03354,   0.04359,  -0.06800,   0.02226,  -0.01549,   0.01733,  -0.03190,  -0.04503,  -0.01877,  -0.04831,  -0.03518,   0.02882,   0.04523,   0.02226,  -0.02533,  -0.03190,   0.03210,   0.05672,   0.00420,   0.04851,  -0.02862,  -0.02698,   0.05672,  -0.01877,  -0.04010,   0.01241,   0.03539,  -0.00400,  -0.01713,  -0.01221,   0.05672,   0.07969,   0.06657,   0.01077,   0.03867,  -0.13365,  -0.00236,   0.08790,   0.00256,  -0.00400,   0.00913,  -0.04667,   0.07805,   0.00420,   0.00749,  -0.04175,  -0.01221,  -0.04503,  -0.00236,  -0.04339,  -0.03026,   0.03210,   0.04195,   0.08462,   0.09611,   0.00585,  -0.01385,   0.02390,  -0.03354,   0.01405,  -0.04339,  -0.00400,  -0.00728,   0.00420,   0.01569,   0.04687,   0.05016,   0.04195,  -0.03846,  -0.05980,  -0.09754,   0.04687,   0.04851,  -0.01056,  -0.07129,  -0.01713,  -0.03190,  -0.00728,  -0.00400,  -0.01713,  -0.02698,  -0.06964,   0.03046,   0.00585,  -0.00072,  -0.05323,  -0.03026,  -0.05323,   0.12072,  -0.02369,  -0.02041,  -0.00236,   0.04031,  -0.04831,  -0.05816,  -0.01713,  -0.04010,  -0.02205,  -0.00728,   0.06821,   0.00256,  -0.03682,  -0.01549,   0.04195,   0.05836,   0.00092,   0.05672,  -0.04010,  -0.08441,  -0.03846,   0.00749,   0.03374,   0.01405,   0.02226,   0.04031,  -0.03190,  -0.06308,   0.02390,  -0.06144,  -0.04503,   0.02718,   0.01897,  -0.01221,  -0.02369,  -0.03682,   0.06000,   0.03539,   0.06492,  -0.00728,   0.01405,  -0.08605,   0.03703,   0.02882,  -0.07129,   0.01733,   0.00420,  -0.04831,   0.00092,  -0.08605,   0.12072,   0.00585,   0.00420,   0.02554,   0.00420,  -0.04010,  -0.03354,  -0.03518,   0.04031,  -0.00564,   0.00585,   0.01897,  -0.03518,  -0.00400,   0.00913,  -0.02205,   0.01733,   0.01405,   0.03703,  -0.04175,  -0.01221,  -0.00564,  -0.06964,   0.03539,   0.02062,   0.05836,   0.10595,  -0.00072,  -0.05323,  -0.03190,  -0.09918,   0.01241,   0.02226,  -0.01385,   0.04851,   0.00913,  -0.00236,   0.06164,  -0.00892,   0.02062,   0.04687,   0.01569,  -0.06636,   0.02882,  -0.00400,   0.00092,  -0.03190,  -0.03682,  -0.10247,   0.09118,   0.06328,  -0.00400,   0.06657,  -0.01877,   0.04031,  -0.06308,  -0.05159,  -0.01385,   0.00092,  -0.06308,   0.03867,   0.01569,   0.04359,   0.02062,   0.04031,  -0.02698,   0.01241,   0.02554,  -0.00072,  -0.02862,  -0.02041,  -0.03354,   0.01241,   0.01241,  -0.03354,  -0.00236,  -0.00728,  -0.00892,  -0.07129,  -0.07785,   0.03374,   0.02882,  -0.01385,  -0.02041,   0.03374,   0.00092,   0.01077,  -0.07457,  -0.06636,  -0.05323,   0.03539,   0.02062,  -0.07293,   0.01733,  -0.03682,  -0.00072,  -0.01056,   0.05016,   0.01897,   0.00092,  -0.04995,  -0.02698,   0.02882,   0.00420,   0.00749,   0.05344,   0.04687,   0.02390,  -0.01549,  -0.00072,  -0.01221,   0.00749,   0.02226,   0.03210,   0.03046,  -0.02041,  -0.01221,  -0.03354,   0.02226,  -0.05487,  -0.03190,  -0.02205,  -0.04339,  -0.01713,  -0.01221,  -0.01221,   0.10103,  -0.11231,  -0.01549,  -0.00892,   0.02554,   0.02226,   0.02062,   0.06821,   0.00585,  -0.07457,   0.03210,  -0.01877,  -0.00072,   0.04359,   0.02226,  -0.01385,  -0.04667,   0.03867,  -0.00564,  -0.02698,   0.02554,  -0.00400,  -0.02369,   0.02390,   0.00420,   0.03210,   0.04359,   0.00092,  -0.04503,  -0.06308,   0.04031,  -0.04010,   0.08954,  -0.03354,   0.01733,  -0.03518,   0.05344,   0.01733,   0.06492,   0.03374,  -0.02369,   0.02062,   0.04687,   0.01569,   0.03703,  -0.08113,   0.04031,   0.00749,  -0.08934,   0.07969,  -0.00236,   0.05508,   0.01569,  -0.01877,  -0.03026,   0.00420,  -0.02533,  -0.04831,   0.01897,  -0.00400,  -0.03354,   0.00913,   0.01077,   0.02226,  -0.00072,   0.02882,   0.01405,  -0.00564,   0.07805,  -0.04503,   0.00913,   0.00256,  -0.00400,  -0.04995,   0.04523,   0.07969,  -0.03026,   0.00092,   0.06821,   0.07477,  -0.03518,  -0.05816,  -0.04503,  -0.07457,   0.06000,   0.07477,   0.01077,  -0.00564,   0.02718,   0.04031,  -0.02862,   0.01897,  -0.06144,   0.02554,  -0.02041,  -0.09262,   0.03867,  -0.04339,  -0.04339,   0.01733,   0.00092,   0.03539,   0.01405,   0.01569,  -0.04831,  -0.03026,   0.06657,  -0.04995,   0.01241,  -0.05159,   0.01241,   0.00585,   0.00256,  -0.01713,   0.03210,  -0.06144,   0.00256,   0.02226,  -0.08113,  -0.04667,   0.02062,   0.02062,   0.00585,  -0.01385,   0.00913,  -0.03190,  -0.07129,  -0.00892,   0.05180,  -0.02698,  -0.05652,  -0.08934,   0.03539,   0.06000,   0.02554,  -0.05816,   0.03374,   0.00913,  -0.06636,   0.06657,  -0.08441,  -0.00564,   0.01405,  -0.06308,  -0.06144,  -0.01056,  -0.02698,  -0.00400,  -0.03682,  -0.00892,  -0.03354,  -0.00892,   0.03210,   0.03539,  -0.02369,   0.02882,  -0.02862,   0.06328,  -0.03846,   0.00749,  -0.01877,  -0.03190,  -0.04010,   0.00585,  -0.04175,   0.02882,  -0.03190,  -0.01877,  -0.08441,  -0.02533,  -0.01877,  -0.00728,  -0.06144,   0.03046,  -0.04175,  -0.05652,   0.02226,   0.03539,  -0.04995,   0.01241,  -0.01713,   0.05672,   0.01405,   0.02062,   0.09611,  -0.01713,  -0.05980,  -0.01056,  -0.01713,   0.04359,  -0.02041,   0.01077,  -0.02862,  -0.01713,   0.03210,  -0.03846,   0.01733,   0.02554,  -0.08934,  -0.03354,  -0.05323,  -0.03026,  -0.00236,  -0.07949,  -0.00728,  -0.00564,  -0.04503,  -0.01221,   0.09775,   0.01569,   0.01077,   0.02226,  -0.01221,   0.02226,  -0.05323,   0.03867,   0.06985,  -0.06636,   0.02226,  -0.07785,  -0.01713,   0.02554,  -0.03518,  -0.01385,   0.01077,   0.08298,   0.00420,  -0.02533,  -0.02862,   0.06000,  -0.09262,  -0.02698,  -0.08934,   0.04195,  -0.01549,  -0.01221,   0.01077,   0.02226,  -0.03354,  -0.08605,  -0.04995,  -0.00728,  -0.00892,   0.00420,  -0.00564,   0.00420,  -0.04503,  -0.01549,  -0.05323,   0.01077,   0.00256,  -0.02862,   0.02718,  -0.02698,   0.02718,   0.01405,   0.00585,  -0.02205,  -0.09754,   0.03374,   0.01077,  -0.07457,   0.04195,  -0.02533,  -0.00892,  -0.03354,  -0.08277,   0.02882,  -0.02369,  -0.04339,  -0.00564,   0.01405,   0.04031,  -0.00728,   0.04031,   0.04195,   0.00913,   0.06492,  -0.04503,  -0.01385,  -0.02041,   0.02062,   0.00092,  -0.00892,  -0.05159,   0.02882,  -0.03190,  -0.00564,  -0.00400,  -0.00564,   0.02062,   0.00092,  -0.02369,   0.01405,   0.05344,   0.04851,  -0.00072,   0.06328,   0.00749,  -0.05980,   0.01569,   0.00092,   0.03374,   0.04195,  -0.04995,  -0.05816,  -0.02041,  -0.09918,   0.00585,  -0.01549,   0.01569,   0.02390,   0.00256,  -0.00236,  -0.01221,  -0.01056,  -0.03682,  -0.03354,  -0.03846,   0.06492,  -0.00564,   0.04195,  -0.00072,  -0.03354,  -0.02041,  -0.02205,  -0.00564,   0.05344,  -0.00236,  -0.02369,  -0.04831,  -0.08277,   0.09611,  -0.11231,  -0.03846,   0.02554,  -0.00072,   0.02390,  -0.00400,  -0.07293,   0.05672,  -0.03518,   0.00092,  -0.07949,  -0.03518,   0.05672,   0.00256,  -0.02369,  -0.03846,  -0.01713,   0.07149,  -0.05652,   0.01897,   0.00420,  -0.02205,  -0.00236,  -0.05323,  -0.05652,   0.04687,  -0.02533,   0.01733,   0.00256,   0.01077,   0.03046,  -0.03846,  -0.01385,  -0.02862,   0.00913,  -0.04831,  -0.02862,  -0.02862,   0.01241
   0.08462,   0.01569,  -0.03846,   0.01897,  -0.00564,  -0.03518,  -0.03354,  -0.06964,  -0.03026,   0.01241,  -0.00892,   0.08954,  -0.01056,   0.03210,   0.06328,  -0.06144,   0.01569,  -0.04995,  -0.00728,  -0.02205,   0.06821,  -0.07293,  -0.01713,  -0.03190,  -0.00236,   0.00585,   0.11252,   0.01569,  -0.00728,   0.00913,   0.02882,  -0.04339,   0.08626,   0.00256,  -0.08277,  -0.01877,  -0.00400,  -0.04175,  -0.04175,  -0.00072,  -0.03518,  -0.01221,   0.07313,  -0.03354,  -0.00728,  -0.00400,  -0.01877,  -0.02205,  -0.02205,  -0.03846,   0.01241,   0.09611,  -0.06472,  -0.01056,  -0.02041,   0.01733,  -0.03190,  -0.10247,   0.00256,  -0.01877,  -0.03682,  -0.00400,   0.02882,   0.08790,  -0.05323,   0.10431,   0.03539,   0.05508,   0.02882,  -0.05652,   0.02718,   0.02062,  -0.05487,  -0.03190,   0.09282,   0.04031,   0.06492,  -0.07129,  -0.06308,  -0.00892,   0.01405,  -0.03190,  -0.08441,   0.02554,   0.02718,   0.04031,   0.09282,  -0.01385,   0.01733,  -0.00728,   0.04195,   0.00913,   0.06492,  -0.03190,   0.06985,  -0.01713,  -0.03518,   0.00420,   0.01569,  -0.01221,   0.06492,   0.00749,  -0.01713,  -0.00564,  -0.06472,   0.02062,   0.02062,  -0.04010,   0.00092,  -0.02369,   0.10923,  -0.05323,  -0.04667,   0.02390,   0.05344,   0.00913,  -0.00400,  -0.03846,  -0.00072,   0.05180,  -0.00072,   0.08790,   0.01405,  -0.04503,  -0.01877,  -0.00728,   0.00913,  -0.00236,  -0.02698,   0.06492,   0.04359,   0.04851,  -0.03682,   0.03374,   0.05016,  -0.04175,  -0.00400,   0.09611,   0.03867,   0.01241,   0.03539,   0.05180,  -0.08934,  -0.09426,   0.03046,   0.00256,  -0.02698,   0.03703,  -0.00892,   0.00092,   0.03046,   0.07477,   0.02062,   0.07805,   0.00092,   0.03539,  -0.03518,  -0.03518,   0.02226,  -0.02041,  -0.00400,   0.03046,  -0.03846,  -0.01549,   0.05508,   0.02882,  -0.01056,   0.01077,  -0.03518,   0.01569,  -0.01549,   0.00420,   0.03867,   0.00749,   0.07969,   0.05344,  -0.05323,  -0.06308,  -0.00236,  -0.00400,   0.00749,  -0.06308,   0.01241,   0.03867,  -0.00400,  -0.04339,  -0.01056,  -0.01713,  -0.01385,   0.05672,  -0.03846,   0.00256,  -0.07457,   0.02882,  -0.02205,  -0.04831,   0.05016,   0.05508,   0.05016,   0.00420,   0.01241,  -0.04503,   0.00420,  -0.00072,   0.04523,  -0.00400,   0.02554,  -0.01877,   0.00420,  -0.06308,  -0.03682,  -0.06308,   0.00256,  -0.01056,  -0.04995,   0.00585,  -0.02205,   0.01733,   0.08462,  -0.06308,  -0.02369,  -0.06144,  -0.02862,   0.08954,   0.02226,   0.04359,   0.00092,  -0.01877,  -0.03026,  -0.02862,   0.02390,  -0.02369,   0.01405,  -0.01221,  -0.04175,  -0.05487,   0.07641,   0.00092,   0.00585,  -0.10739,  -0.02533,   0.02390,   0.00585,  -0.01877,   0.00256,  -0.01385,   0.01405,   0.03210,   0.02718,  -0.00892,  -0.06308,  -0.00564,  -0.02205,  -0.01877,  -0.03026,  -0.04175,   0.00420,   0.07641,   0.04851,  -0.00072,   0.04851,  -0.01877,  -0.00400,   0.02062,  -0.02698,  -0.06472,  -0.06308,   0.03210,   0.08298,   0.00913,   0.04195,   0.02390,   0.01077,  -0.00072,   0.01569,  -0.01549,  -0.01385,   0.05508,  -0.02862,  -0.00564,  -0.06472,  -0.01385,  -0.04831,  -0.06472,   0.04523,  -0.03518,   0.00420,   0.06164,  -0.06144,  -0.01056,   0.02390,  -0.02862,   0.07149,   0.05672,  -0.07785,  -0.05652,  -0.00892,   0.00256,  -0.06800,   0.02554,  -0.06636,   0.04851,  -0.03846,   0.04687,  -0.06800,  -0.00728,  -0.02698,  -0.02041,  -0.00892,   0.02390,   0.01241,  -0.01385,  -0.02041,   0.03210,  -0.01221,  -0.04339,   0.01405,  -0.05980,  -0.03354,  -0.02698,   0.01569,  -0.00892,  -0.00072,  -0.00564,  -0.02369,   0.04851,  -0.10739,   0.01569,  -0.03682,   0.02226,  -0.04831,   0.00256,  -0.07457,   0.06164,   0.02718,   0.06164,   0.07313,  -0.08113,  -0.00892,  -0.03190,   0.08462,  -0.01221,  -0.00892,   0.00585,   0.00585,   0.03867,  -0.08441,  -0.01385,  -0.10082,  -0.04995,  -0.00400,   0.00256,   0.00585,  -0.04995,  -0.02862,   0.02226,  -0.00400,   0.01077,   0.02226,  -0.05159,  -0.01221,   0.01241,   0.02390,  -0.06800,   0.07641,  -0.05980,  -0.03846,   0.03210,  -0.00728,  -0.01385,  -0.05816,  -0.04667,  -0.03682,   0.00913,   0.02062,  -0.06800,  -0.03846,  -0.06800,   0.01077,   0.00092,   0.04851,   0.00092,  -0.04175,   0.02882,  -0.01385,  -0.03026,  -0.00728,  -0.00400,   0.02062,   0.01077,   0.00092,  -0.00400,  -0.00236,   0.00749,  -0.04010,  -0.02698,   0.03046,   0.05016,   0.00256,   0.02554,   0.09446,   0.03210,  -0.08770,  -0.02369,   0.03703,  -0.01713,  -0.05980,   0.03539,   0.06000,  -0.01056,   0.10103,   0.01405,   0.02062,  -0.08113,  -0.00892,  -0.06636,   0.05508,  -0.03190,  -0.00400,  -0.05159,  -0.04010,   0.07969,   0.01405,   0.09446,  -0.04175,   0.00256,  -0.01549,   0.05836,  -0.00564,  -0.00236,  -0.03026,   0.04523,  -0.06472,   0.06000,  -0.01713,   0.04359,  -0.05487,  -0.04831,   0.04359,   0.07313,   0.08134,   0.03046,  -0.01713,  -0.00728,  -0.06964,   0.09446,  -0.04010,  -0.01056,   0.02390,  -0.00400,  -0.03682,   0.07805,  -0.00892,  -0.05159,  -0.04339,  -0.06144,   0.18637,  -0.01221,   0.01733,   0.04031,  -0.09754,  -0.05980,  -0.04831,   0.04359,  -0.07457,  -0.04667,  -0.01221,   0.02390,   0.04523,  -0.02533,   0.02390,   0.05016,  -0.00072,  -0.01549,  -0.03518,   0.02226,   0.00585,   0.04523,  -0.06964,  -0.03846,  -0.00728,   0.04359,  -0.00728,   0.07969,   0.00092,   0.00913,  -0.05652,  -0.00892,   0.00256,   0.02882,   0.01569,   0.00092,  -0.05652,   0.01077,  -0.00564,  -0.05323,  -0.04175,  -0.02698,  -0.00728,  -0.02862,  -0.07129,  -0.06636,   0.00749,   0.10103,   0.03703,   0.00585,  -0.00892,  -0.04339,  -0.01056,   0.07477,  -0.00236,   0.00913,  -0.04175,  -0.03190,  -0.03354,   0.03374,  -0.01877,  -0.02205,  -0.01056,  -0.03846,  -0.02205,   0.01733,   0.02390,  -0.01385,   0.03867,   0.05180,  -0.03846,   0.02882,   0.08462,   0.00092,   0.03046,   0.00749,   0.06328,  -0.00892,  -0.01056,  -0.01713,  -0.00564,  -0.02698,   0.02554,  -0.01385,  -0.05487,  -0.01877,   0.03046,   0.04523,  -0.04010,  -0.06964,  -0.06144,   0.01569,   0.03867,  -0.04175,   0.01241,  -0.00564,  -0.03190,  -0.02369,   0.02062,  -0.02698,  -0.01713,  -0.02369,   0.00420,  -0.07129,   0.00420,   0.02226,  -0.00072,   0.05344,   0.04523,   0.04359,  -0.01549,  -0.00400,   0.05508,  -0.05159,   0.07969,   0.00749,  -0.01056,   0.05672,   0.00585,  -0.01713,  -0.01549,  -0.00236,   0.02718,   0.04687,  -0.05323,  -0.00728,  -0.00400,  -0.06800,  -0.04010,  -0.07293,  -0.08277,  -0.02205,   0.00256,   0.00256,  -0.00072,  -0.00236,   0.03867,  -0.09098,  -0.02205,   0.07969,  -0.03026,  -0.03190,  -0.00400,  -0.01056,   0.00913,  -0.07293,  -0.02862,  -0.03354,  -0.01221,   0.01733,   0.04523,  -0.01056,  -0.10082,   0.00092,  -0.04010,  -0.11888,   0.03539,   0.01405,  -0.06144,   0.04687,  -0.01056,  -0.02369,  -0.09918,  -0.00400,  -0.01549,   0.19949,  -0.05652,  -0.01385,   0.03210,   0.01405,  -0.03682,  -0.05652,   0.01077,  -0.04010,   0.02390,   0.08298,   0.02718,   0.02718,  -0.00400,  -0.04503,   0.04851,  -0.01056,  -0.02041,  -0.05652,  -0.04010,  -0.01549,  -0.00236,  -0.06144,   0.02882,   0.01405,  -0.04995,  -0.04831,  -0.02041,  -0.03026,  -0.02533,   0.06492,   0.04195,  -0.05159,   0.06164,   0.05508,  -0.06144,   0.01405,  -0.01056,  -0.03682,  -0.01549,   0.03374,  -0.00564,  -0.02862,  -0.04503,  -0.06308,  -0.07129,   0.05344,   0.02882,  -0.05816,  -0.03518,   0.08134,   0.00256,  -0.03682,   0.05836,  -0.00072,   0.01733,   0.06000,  -0.03354,   0.03539,   0.00256,   0.04195,  -0.02041,  -0.05652,   0.03210,   0.04031,  -0.01056,  -0.08277,  -0.00892,   0.00749,   0.02390,  -0.03682,   0.01241,   0.00256,  -0.01549,  -0.04503,   0.06164,   0.01733,   0.02062,  -0.03354,  -0.02205,  -0.00564,  -0.00072,   0.00913,  -0.01549,  -0.05487,   0.00749,  -0.08605,  -0.03682,   0.07641,  -0.04995,  -0.05159,  -0.00892,  -0.10739,  -0.01713,  -0.00892,  -0.05816,  -0.00400,  -0.07129,  -0.01877,  -0.09590,   0.03374,  -0.10082,  -0.07293,   0.00092,  -0.00564,  -0.03026,  -0.01385,  -0.12052,   0.02390,  -0.00728,  -0.05487,  -0.03846,   0.05836,  -0.01549,   0.05836,  -0.00072,  -0.03190,  -0.08770,   0.03046,  -0.04339,  -0.04503,  -0.00564,   0.00092,  -0.04995,   0.00585,   0.01733,   0.03539,   0.00749,  -0.01385,   0.05672,   0.03539,  -0.01713,   0.04523,   0.02062,   0.06492,   0.11744,   0.02718,   0.02882,   0.01569,  -0.03846,  -0.00892,  -0.02533,   0.03210,   0.06821,  -0.00400,  -0.00892,   0.06821,   0.01897,   0.06657,   0.03374,  -0.00072,  -0.06964,  -0.05159,   0.00749,   0.05344,  -0.00892,  -0.00728,   0.02062,   0.05180,  -0.04995,   0.05836,  -0.00236,  -0.09098,   0.02062,   0.02882,   0.00749,  -0.04995,  -0.06144,   0.00913,   0.07641,  -0.06636,  -0.04831,  -0.04831,  -0.00564,   0.05836,   0.03210,  -0.01056,   0.01241,  -0.00236,  -0.02533,   0.05836,   0.04523,   0.01405,  -0.00072,  -0.05980,   0.03867,   0.03046,  -0.04010,   0.03210,  -0.01877,   0.00420,   0.01241,  -0.10247,   0.01077,   0.09611,  -0.08441,   0.02226,  -0.04339,  -0.00072,   0.06164,   0.02718,   0.03867,   0.02062,   0.05016,   0.04359,   0.01077,  -0.04010,   0.00913,  -0.05159,   0.05508,   0.01569,  -0.01877,  -0.02369,   0.01569,   0.00585,  -0.02533,   0.03046,  -0.00072,  -0.04667,  -0.05487,   0.05016,   0.04031,  -0.02862,   0.06821,   0.06492,   0.01569,   0.00092,  -0.00892,  -0.04503,  -0.04503,   0.04359,  -0.07457,  -0.05323,   0.04851,   0.02554,  -0.05487,  -0.04995,   0.00913,  -0.01385,  -0.03026,  -0.03518,   0.01733,   0.06000,  -0.02041,   0.02226,   0.03539,  -0.05816,  -0.00892,  -0.00564,   0.01569,  -0.01221,  -0.04995,   0.00256,  -0.05980,  -0.02533,  -0.04339,  -0.00728,   0.05836,   0.00092,   0.00749,  -0.05487,  -0.02698,   0.04523,  -0.01549,  -0.00892,  -0.04995,   0.07805,  -0.08934,  -0.02533,  -0.03846,  -0.05980,  -0.00236,  -0.01877,  -0.04995,  -0.05159,   0.02554,  -0.03026,   0.02390,   0.00092,  -0.07785,   0.03703,  -0.04175,   0.01241,  -0.00892,   0.02718,  -0.04503,  -0.01549,  -0.00236,   0.10267,  -0.00564,   0.03539,  -0.00072,  -0.00728,  -0.02862,   0.03046,  -0.07785,  -0.05159,   0.08134,   0.03374,   0.04359,  -0.03354,   0.02226,  -0.00728,  -0.04175,   0.02718,  -0.04339,  -0.00236,   0.06821,   0.04687,   0.07149,  -0.07293,   0.03374,   0.00420,  -0.00892,   0.04359,  -0.03026,   0.03046,  -0.05487,   0.02390,   0.07641,   0.01077,  -0.10411,  -0.08441,   0.02390,  -0.03354,  -0.02369,  -0.00564,   0.03374,  -0.01549,   0.03703,   0.02390,  -0.00728,  -0.04503,  -0.05816,   0.03374,   0.04851,  -0.10411,  -0.00236,  -0.00564,  -0.01877,  -0.09262,  -0.01221,   0.09118,  -0.03682,   0.04523,   0.03374,   0.03539,   0.05836,  -0.06964,  -0.01385,  -0.04995,   0.01569,   0.13057,   0.06657,   0.03703,   0.05836,   0.01241,   0.00420,  -0.03682,   0.00420,   0.01733,   0.05180,  -0.01549,  -0.02205,   0.01077,  -0.04010,   0.04851,   0.02390,   0.02062,  -0.04503,  -0.00892,  -0.05816,   0.00420,   0.01405,  -0.02369,  -0.01549,   0.01897,  -0.00072,  -0.00564,   0.10267,  -0.01877,  -0.03846,   0.05016,  -0.01713,   0.00256,   0.02390,   0.03374,   0.01897,   0.00585,   0.10267,   0.05344,  -0.04667,  -0.04503,   0.00749,  -0.01056,   0.05344,   0.02554,  -0.00892,   0.02554,   0.00092,   0.04195,  -0.00892,  -0.02041
  -0.02862,   0.03703,  -0.00892,  -0.01221,  -0.01877,  -0.06636,   0.01897,   0.11252,   0.05836,  -0.03846,  -0.00564,   0.02062,   0.05180,  -0.06144,   0.01897,   0.09282,  -0.03518,   0.02062,  -0.01221,   0.00749,  -0.03354,  -0.06636,  -0.05980,  -0.13529,   0.06164,  -0.02205,  -0.02205,  -0.10082,  -0.04339,   0.00749,  -0.04010,   0.06328,   0.00092,  -0.01221,  -0.00400,   0.05016,  -0.02862,   0.01405,   0.01077,   0.01405,   0.04195,   0.02062,  -0.00400,   0.01897,   0.07641,  -0.04503,   0.04851,   0.08134,   0.02062,  -0.00564,   0.07805,   0.07313,  -0.05323,  -0.07293,  -0.02698,  -0.03518,   0.06164,  -0.02698,   0.03703,  -0.04667,  -0.01549,  -0.03190,   0.01569,   0.05344,   0.01897,  -0.04831,  -0.02698,  -0.10082,  -0.06636,   0.04031,   0.10923,  -0.02698,   0.01405,   0.02062,  -0.01385,  -0.04339,   0.04851,   0.04195,   0.06328,   0.02718,  -0.01385,  -0.02698,   0.05344,  -0.00236,   0.02226,   0.05836,  -0.04175,  -0.05323,  -0.03846,  -0.02369,  -0.00564,  -0.03026,   0.03374,   0.02390,  -0.03026,  -0.03354,  -0.06636,  -0.06144,  -0.02698,   0.07969,  -0.08770,  -0.02041,   0.02226,   0.08790,  -0.06964,  -0.03846,   0.02226,  -0.01549,  -0.02205,  -0.01549,   0.00913,   0.00585,   0.00749,  -0.01713,  -0.08605,   0.01077,   0.00256,   0.03046,   0.01405,  -0.05487,  -0.00564,   0.03210,  -0.03354,  -0.00564,  -0.05487,   0.02882,  -0.00728,   0.01077,   0.04851,   0.02062,   0.01241,   0.04687,   0.01405,  -0.00564,  -0.00892,  -0.00728,   0.01077,  -0.00728,   0.00913,  -0.06144,   0.05016,  -0.04831,   0.01897,  -0.00728,   0.02226,  -0.02698,  -0.03026,   0.00420,   0.00092,   0.04687,   0.04523,  -0.03026,   0.02882,   0.05508,   0.05344,  -0.05816,  -0.08605,  -0.00236,   0.00256,  -0.02369,  -0.05159,  -0.04339,  -0.03190,  -0.06636,   0.02062,  -0.00236,  -0.05159,   0.04195,   0.05508,  -0.02205,   0.04031,  -0.04339,   0.03210,   0.12236,  -0.01056,  -0.01221,  -0.01877,   0.00913,  -0.02041,   0.12072,  -0.01877,   0.08954,  -0.00400,   0.01405,   0.05836,  -0.03190,  -0.02862,  -0.04831,  -0.04175,  -0.02698,  -0.02533,   0.02390,  -0.03846,  -0.00564,   0.06164,   0.05016,  -0.04503,  -0.04995,  -0.00400,   0.08462,   0.02718,  -0.01056,   0.02062,   0.00749,   0.04195,  -0.01713,   0.01241,   0.01897,  -0.03190,  -0.00564,   0.04851,   0.02062,  -0.02205,   0.04687,   0.02882,   0.06492,  -0.09262,   0.04851,  -0.03354,   0.01897,  -0.05159,   0.01077,  -0.06144,  -0.06472,   0.05508,   0.03539,  -0.02698,   0.02718,   0.08790,   0.08134,  -0.03354,   0.02882,  -0.05980,   0.00913,  -0.02369,  -0.03190,   0.04031,  -0.00400,  -0.00400,   0.00749,  -0.07293,  -0.07293,  -0.05159,   0.03046,   0.05180,   0.02882,  -0.05487,   0.09611,  -0.04339,  -0.00400,   0.04851,  -0.02533,   0.09611,  -0.00400,   0.02226,  -0.00728,   0.01405,   0.06657,   0.05344,   0.02390,  -0.05487,  -0.04667,  -0.01713,   0.07805,   0.04523,   0.01241,   0.03867,  -0.06472,   0.03210,   0.02226,   0.06000,   0.00092,  -0.03518,  -0.07293,   0.06985,   0.00256,   0.02718,  -0.01549,  -0.03190,   0.02554,  -0.01877,   0.03374,   0.04359,  -0.03846,  -0.07293,  -0.01877,  -0.01056,  -0.04667,   0.01897,  -0.00892,  -0.01549,   0.04523,  -0.04503,  -0.04995,   0.05344,   0.03046,   0.01077,  -0.01056,   0.04031,   0.04031,  -0.01713,   0.01897,  -0.00892,   0.00092,  -0.05652,  -0.02369,   0.05344,  -0.04995,  -0.04339,   0.03046,   0.07969,  -0.04175,  -0.00072,  -0.06636,   0.04687,   0.01405,   0.00749,  -0.00728,  -0.01877,   0.04687,   0.07641,   0.04851,  -0.01713,  -0.06964,  -0.01877,   0.03867,   0.03046,   0.02554,   0.05344,  -0.00072,   0.07477,   0.01733,  -0.01385,  -0.01385,   0.02882,   0.02882,   0.05836,   0.03867,  -0.01877,  -0.00072,   0.01241,   0.01733,  -0.04503,   0.00420,   0.01569,  -0.11559,  -0.00728,  -0.04503,  -0.02698,   0.01897,  -0.01877,   0.01569,   0.01897,  -0.05323,  -0.00236,  -0.04503,   0.07149,  -0.02533,   0.01241,   0.01405,  -0.05323,  -0.00892,   0.00585,   0.02882,   0.02390,   0.02882,  -0.06800,   0.00585,  -0.04339,  -0.02533,  -0.00564,   0.01733,  -0.01549,   0.01733,  -0.05159,  -0.05652,   0.00749,  -0.02533,   0.02554,  -0.02533,   0.03539,  -0.04503,  -0.08113,  -0.03518,  -0.02369,   0.00420,  -0.00564,  -0.01877,   0.00749,  -0.01877,  -0.06144,   0.00420,   0.01569,   0.04195,   0.01733,  -0.05159,  -0.05323,   0.00420,  -0.02698,  -0.01549,   0.05672,  -0.03354,   0.03210,   0.05508,   0.04031,  -0.01877,  -0.00072,  -0.04995,  -0.00892,  -0.03682,   0.01077,   0.02882,   0.08626,   0.01077,   0.02554,   0.04359,  -0.00072,   0.08134,  -0.02698,   0.04031,  -0.05652,   0.01077,  -0.02862,   0.02718,   0.04195,   0.02226,   0.06000,  -0.02533,   0.01569,  -0.06636,  -0.01385,  -0.04503,   0.06000,  -0.01385,  -0.03518,   0.04195,  -0.03354,   0.01241,   0.00092,   0.04687,   0.00256,   0.02718,   0.00913,  -0.04339,  -0.02862,  -0.01877,  -0.04831,  -0.04010,  -0.01877,   0.02554,  -0.04667,   0.07805,   0.00420,  -0.00072,  -0.01713,  -0.03026,   0.02718,  -0.00072,   0.08954,   0.11580,  -0.02041,  -0.05487,  -0.00564,   0.00913,   0.02062,  -0.04503,  -0.02862,  -0.01713,  -0.04667,  -0.02205,   0.04195,  -0.04831,   0.03703,  -0.03682,   0.01405,   0.00913,  -0.03846,  -0.01221,  -0.00072,   0.00913,  -0.03026,  -0.04995,   0.01077,  -0.01385,   0.05344,  -0.07293,  -0.01056,  -0.06144,   0.01897,   0.01405,  -0.03354,   0.01241,   0.02226,   0.06985,  -0.05816,  -0.01221,  -0.01549,  -0.08277,   0.01897,  -0.02698,  -0.04010,   0.03210,  -0.00892,  -0.01385,   0.01241,  -0.04010,  -0.04503,  -0.02533,  -0.02698,   0.01241,  -0.03518,  -0.02862,   0.04851,  -0.00072,  -0.02205,  -0.02533,  -0.01549,   0.01569,   0.02554,  -0.00564,  -0.06964,  -0.01713,   0.00420,   0.00092,  -0.02205,  -0.06472,  -0.02533,  -0.05816,   0.03703,  -0.06800,   0.00749,   0.02390,  -0.02533,   0.01077,  -0.00072,  -0.07129,   0.00913,  -0.01385,  -0.02533,  -0.07621,  -0.04010,  -0.00564,   0.02718,  -0.02862,  -0.04010,  -0.04339,   0.00420,  -0.01877,  -0.02862,  -0.04175,   0.04851,  -0.00564,   0.02718,  -0.01056,   0.03046,  -0.04995,  -0.02533,  -0.01549,   0.02882,  -0.01221,  -0.07785,   0.05508,   0.01569,  -0.01713,   0.04359,   0.00585,  -0.02205,  -0.07129,   0.09611,   0.01733,   0.03210,   0.01733,  -0.02205,  -0.05487,  -0.07785,   0.02390,  -0.03354,  -0.00236,   0.02390,  -0.00892,  -0.08113,  -0.05652,   0.02226,  -0.03026,   0.04359,   0.03703,  -0.06472,   0.02390,  -0.05487,   0.05344,  -0.02041,   0.00092,   0.06000,  -0.01549,   0.03867,  -0.04667,   0.05180,   0.06164,  -0.02698,  -0.05323,  -0.05980,   0.01241,   0.02718,  -0.01877,   0.04851,   0.01241,   0.05016,  -0.07785,  -0.00728,  -0.02041,   0.00092,   0.00585,  -0.00892,  -0.03518,   0.00913,   0.00420,   0.00585,  -0.04831,  -0.11395,  -0.01549,   0.03210,   0.03046,  -0.01549,  -0.05652,  -0.02698,  -0.02862,  -0.03682,   0.01241,  -0.05980,  -0.00728,  -0.00072,  -0.01056,  -0.04339,   0.01897,   0.04031,   0.04031,  -0.03518,  -0.03026,  -0.01056,  -0.03190,  -0.05159,   0.03867,  -0.00728,  -0.04831,   0.00749,  -0.02533,  -0.05980,   0.07477,   0.03374,   0.04687,   0.00420,   0.08134,   0.01569,  -0.04175,   0.00092,   0.03046,   0.06821,   0.02226,   0.09611,  -0.06472,   0.02554,  -0.02698,  -0.00564,  -0.00400,  -0.02533,   0.06164,   0.06328,  -0.03846,  -0.00564,   0.00420,  -0.00564,  -0.04503,  -0.02533,   0.06164,  -0.08605,   0.04359,   0.01733,   0.03703,  -0.03846,   0.02718,   0.05836,   0.02554,  -0.00564,  -0.06800,  -0.00236,  -0.02698,  -0.01056,   0.02554,   0.01077,  -0.07621,   0.00913,  -0.08605,  -0.00400,  -0.00236,  -0.01713,   0.06164,   0.01405,   0.04687,  -0.01713,  -0.04667,  -0.01221,   0.12236,  -0.00728,   0.00420,  -0.04503,  -0.01221,  -0.03682,   0.02390,   0.00420,   0.05508,  -0.05816,   0.02882,   0.04031,  -0.02205,  -0.01056,   0.00092,  -0.03190,   0.04031,   0.02718,  -0.00072,  -0.00728,   0.01733,   0.05836,  -0.03190,   0.05180,  -0.06964,   0.02390,  -0.04339,  -0.01221,  -0.01056,   0.05836,   0.07313,  -0.01877,  -0.04010,  -0.04339,  -0.01221,   0.00585,  -0.02369,   0.07969,   0.05672,  -0.07621,  -0.00400,  -0.03846,   0.01241,  -0.03518,   0.03374,  -0.02698,   0.02390,  -0.08770,  -0.03518,  -0.05652,   0.04851,   0.11416,   0.05508,  -0.00564,   0.02718,   0.01077,   0.01077,   0.00420,   0.02554,  -0.03846,   0.00092,  -0.04995,   0.05016,   0.07641,  -0.04503,   0.01241,  -0.05652,   0.04031,   0.05672,  -0.00072,   0.00256,  -0.02041,   0.04851,  -0.04503,   0.03703,   0.02554,   0.05180,   0.01405,   0.01569,   0.02226,   0.04359,   0.02718,  -0.02533,   0.02882,   0.02718,  -0.00072,   0.06000,   0.01405,   0.02226,   0.02882,   0.03539,   0.00092,   0.04031,   0.01569,  -0.04010,  -0.05323,  -0.03190,   0.00913,  -0.02205,  -0.04667,  -0.01385,   0.03046,   0.06492,  -0.10575,   0.02554,  -0.00400,  -0.00236,  -0.02698,   0.02062,  -0.03846,  -0.00400,   0.03867,   0.07477,  -0.02369,   0.00749,  -0.06308,  -0.06308,   0.02226,  -0.02369,  -0.02698,   0.00420,   0.05180,   0.00420,   0.00420,  -0.00072,   0.07477,  -0.08113,   0.01405,  -0.04503,   0.04523,   0.01077,  -0.03354,  -0.05652,   0.01405,   0.07313,   0.02554,  -0.00564,  -0.03682,   0.04031,   0.05180,   0.09611,   0.01241,   0.00585,   0.00585,  -0.04010,  -0.01713,   0.07149,  -0.05980,  -0.02205,  -0.06472,   0.03867,  -0.00892,  -0.00728,  -0.03682,  -0.07785,  -0.00236,  -0.03682,   0.04195,  -0.00236,   0.03374,   0.02062,   0.09118,   0.01241,   0.01077,   0.00256,  -0.07457,  -0.03518,  -0.05487,   0.01569,   0.08134,  -0.02205,   0.00585,  -0.02369,  -0.03354,   0.00585,  -0.00564,   0.00256,   0.00913,  -0.05323,  -0.04831,   0.00420,  -0.03190,   0.00420,  -0.01056,   0.00256,   0.02554,   0.06821,   0.00256,  -0.04175,  -0.07129,   0.03703,   0.02554,   0.03867,   0.07969,   0.05180,  -0.03518,   0.01241,  -0.07621,  -0.03354,   0.01241,  -0.04503,  -0.07621,  -0.03846,   0.06000,  -0.04831,  -0.06964,   0.00420,   0.01569,  -0.02369,   0.04359,   0.00420,   0.03210,  -0.08934,   0.00420,  -0.00564,  -0.01877,  -0.00400,  -0.02205,  -0.04831,   0.01733,   0.01897,  -0.04503,   0.03703,  -0.07785,  -0.06964,   0.02554,   0.03210,  -0.12052,   0.01733,   0.10103,   0.00913,  -0.01877,  -0.00564,   0.02554,  -0.04010,   0.09611,  -0.02862,   0.04523,   0.04031,   0.05344,   0.05836,   0.03539,  -0.07457,   0.04359,  -0.03026,   0.04359,  -0.01056,   0.03867,  -0.00236,  -0.00728,  -0.00892,  -0.12872,  -0.01056,  -0.06472,  -0.02041,  -0.01549,   0.01733,   0.02062,   0.06492,  -0.00728,   0.02390,   0.02718,  -0.03846,   0.06492,  -0.06308,  -0.00400,  -0.06800,  -0.04339,   0.02554,   0.03374,  -0.02862,   0.00585,  -0.07457,  -0.01549,   0.03046,  -0.06144,  -0.03518,   0.01897,  -0.08441,   0.00749,   0.02554,  -0.00236,  -0.02369,   0.03210,   0.00256,   0.01569,   0.04523,   0.09446,   0.04523,  -0.02533,   0.09611,   0.00256,   0.00092,   0.02718,  -0.02041,   0.04031,  -0.00236,  -0.00892,  -0.00072,  -0.01549,   0.00092,  -0.02698,   0.02718,   0.02882,   0.03539,  -0.00236,   0.03703,  -0.04010,   0.05180,   0.00585,   0.05836,   0.00256,  -0.04503,   0.06985,  -0.00400,   0.03867,  -0.01549,  -0.01385,   0.04523,   0.05344,   0.02226,  -0.00236,  -0.06144
   0.00256,   0.04523,  -0.00400,  -0.00400,   0.03867,   0.00256,  -0.03518,   0.05180,   0.02718,   0.02062,   0.00913,   0.03703,   0.00256,   0.02718,  -0.01385,   0.03374,   0.03703,   0.03210,  -0.02698,   0.01405,   0.01077,   0.02226,   0.01241,   0.08626,   0.05016,  -0.03682,   0.07313,   0.00913,   0.07969,   0.02226,   0.10595,  -0.05487,   0.02226,   0.04359,  -0.01056,  -0.06800,   0.05180,  -0.01385,   0.01241,  -0.04503,   0.12400,   0.06492,  -0.02533,   0.00585,  -0.01877,  -0.05159,  -0.01385,  -0.02533,  -0.03190,   0.05016,  -0.01877,   0.00256,   0.00585,   0.04195,   0.00256,   0.03867,  -0.05323,   0.00585,   0.01405,   0.05508,  -0.08113,   0.05016,   0.02882,   0.03210,  -0.01221,   0.05016,   0.01241,   0.00420,   0.00092,  -0.01713,   0.06000,   0.07149,   0.00585,  -0.10903,   0.05016,   0.03374,   0.02390,   0.08626,   0.00913,   0.04195,  -0.02533,   0.02062,   0.07969,  -0.03518,   0.00913,   0.04195,   0.03539,  -0.00400,  -0.01713,   0.03374,   0.08790,  -0.01221,  -0.06800,   0.02718,  -0.00564,  -0.05323,   0.00585,   0.04359,  -0.03190,   0.00749,  -0.10411,   0.00913,  -0.01056,  -0.01056,  -0.07129,   0.08134,   0.04687,   0.02226,   0.09775,   0.01077,  -0.08441,  -0.03190,   0.04031,  -0.04339,   0.01569,   0.02226,  -0.14513,   0.00585,   0.01241,   0.01241,  -0.04831,   0.00420,  -0.02533,   0.00256,  -0.06800,  -0.07129,  -0.04010,   0.00420,  -0.04503,  -0.01549,   0.04031,  -0.00072,   0.02718,   0.00585,  -0.02698,  -0.01385,   0.04031,   0.03210,  -0.02698,   0.05672,  -0.01221,  -0.01221,   0.02390,   0.02554,   0.04687,   0.01405,   0.01405,  -0.03190,   0.03539,   0.05016,   0.00913,  -0.01549,   0.01077,  -0.00072,  -0.04995,  -0.04667,   0.04523,   0.03210,  -0.06308,  -0.01385,  -0.04339,  -0.04831,  -0.03190,  -0.05487,  -0.02041,  -0.00400,  -0.01056,   0.05016,  -0.06144,   0.00092,  -0.02862,   0.10759,  -0.00564,   0.00092,   0.02718,  -0.04175,  -0.05159,   0.02882,   0.00256,  -0.00400,  -0.08770,   0.01733,   0.01241,   0.02718,   0.00256,  -0.04503,  -0.04831,  -0.02205,   0.00256,   0.00749,  -0.02862,   0.06000,   0.03867,   0.11088,   0.04031,  -0.00892,  -0.01385,  -0.05816,   0.01405,   0.06492,  -0.04831,  -0.02369,   0.00420,   0.01897,   0.02882,  -0.03026,  -0.00564,  -0.00564,   0.00913,   0.01405,   0.06657,  -0.07621,  -0.06144,  -0.06144,  -0.00400,   0.01241,  -0.00400,   0.01733,  -0.04667,  -0.04995,  -0.03354,  -0.04503,   0.05344,   0.00913,  -0.04503,  -0.00728,  -0.01056,  -0.06144,  -0.04995,   0.00256,   0.03539,  -0.00400,  -0.10411,   0.01077,  -0.01877,  -0.06964,   0.06164,   0.03539,  -0.02041,   0.00256,  -0.02533,   0.01241,  -0.01056,  -0.03354,   0.00092,  -0.02205,  -0.04667,  -0.04667,   0.06000,  -0.04667,   0.01897,   0.02062,  -0.08934,   0.07149,   0.06000,  -0.01713,   0.05180,   0.00913,   0.06000,  -0.01385,  -0.02533,  -0.02698,  -0.08277,  -0.00072,   0.04031,   0.03703,  -0.05652,   0.04687,   0.02718,   0.09775,   0.09282,  -0.01056,  -0.01056,  -0.04831,  -0.06472,  -0.00400,  -0.04010,  -0.02862,   0.02226,   0.02390,   0.01077,   0.03867,  -0.04010,   0.04851,  -0.03518,   0.03374,  -0.02533,  -0.00072,  -0.03354,  -0.08113,   0.04687,  -0.07293,  -0.03190,  -0.06636,   0.01897,  -0.00728,   0.02062,  -0.05323,  -0.04175,   0.02554,   0.01241,  -0.04667,   0.05016,  -0.01385,  -0.02533,   0.01077,   0.01241,   0.08134,   0.04687,   0.00585,  -0.03026,  -0.06308,  -0.01713,   0.04359,  -0.05487,  -0.05980,   0.04359,  -0.06964,  -0.10903,   0.03210,  -0.02205,  -0.08605,   0.00420,   0.11416,  -0.03682,   0.02390,  -0.01877,  -0.06636,  -0.07949,   0.00585,   0.04031,  -0.01549,   0.00585,  -0.01549,   0.06492,  -0.00892,   0.07805,  -0.00236,   0.04031,   0.03210,   0.03046,   0.00420,  -0.01056,   0.01569,  -0.06636,   0.04195,   0.00749,  -0.01056,  -0.00400,  -0.06144,  -0.04667,   0.01569,   0.00420,  -0.03518,  -0.01549,  -0.02533,  -0.01549,   0.07641,   0.01733,  -0.07621,  -0.07621,  -0.06636,  -0.02533,  -0.05323,   0.05016,   0.00585,   0.06657,   0.05344,  -0.01221,   0.03703,  -0.04503,   0.02718,   0.03046,  -0.01385,   0.03703,   0.04687,   0.03703,  -0.02041,  -0.00728,  -0.01549,  -0.05980,  -0.01713,   0.05508,   0.08462,  -0.05816,   0.00420,  -0.01713,   0.02882,  -0.08441,   0.04851,  -0.06800,  -0.00400,  -0.07621,  -0.00400,  -0.04503,  -0.02041,  -0.05487,  -0.02533,   0.04523,   0.00913,   0.04031,   0.07641,  -0.00728,   0.04359,   0.00585,   0.05836,  -0.07457,  -0.01713,   0.09282,  -0.01221,   0.03210,   0.04523,  -0.01221,  -0.03190,  -0.03026,  -0.00400,  -0.06308,  -0.00728,  -0.01385,  -0.02205,  -0.02533,  -0.01713,  -0.04831,   0.02718,   0.02718,   0.02226,   0.03867,  -0.00072,   0.01405,  -0.02369,  -0.03190,   0.04195,   0.01897,   0.09118,  -0.03846,  -0.01056,   0.06328,  -0.02533,   0.03374,  -0.03518,  -0.05487,  -0.00564,  -0.06308,  -0.00892,  -0.07293,  -0.05980,  -0.00072,  -0.01549,  -0.00564,   0.03374,   0.02718,  -0.07785,  -0.04339,   0.01897,  -0.05159,  -0.01549,  -0.03682,  -0.00728,   0.00256,  -0.02369,   0.07805,  -0.03682,  -0.01877,  -0.01221,   0.03374,   0.06657,  -0.02369,   0.03867,   0.04195,  -0.00564,  -0.02369,  -0.04339,   0.05180,   0.01733,   0.03539,  -0.00072,   0.07477,   0.07641,   0.08462,   0.03046,  -0.04339,   0.02226,  -0.05980,  -0.11231,   0.05836,  -0.01877,  -0.02698,  -0.05487,   0.02226,   0.03539,  -0.02533,   0.04195,   0.03867,   0.00420,   0.04687,   0.04195,  -0.01713,   0.05508,   0.03210,   0.00420,  -0.01713,  -0.09262,   0.07477,  -0.01221,   0.02718,   0.06164,   0.02718,   0.01241,   0.07313,  -0.04995,   0.02718,  -0.02041,   0.05016,  -0.06144,  -0.07457,   0.00092,   0.01569,  -0.08113,  -0.02698,  -0.00400,   0.01569,  -0.00728,  -0.06144,   0.07149,   0.07477,   0.04851,   0.03703,  -0.02369,  -0.10411,  -0.01385,   0.02882,  -0.00400,  -0.03190,   0.06328,   0.01569,  -0.04339,  -0.05159,  -0.09426,  -0.04667,  -0.00400,  -0.00236,  -0.02369,   0.00420,  -0.03190,  -0.03846,   0.04851,  -0.01877,   0.03867,  -0.03518,  -0.00236,   0.03046,   0.08790,  -0.00072,  -0.08441,  -0.06800,  -0.03190,  -0.04339,   0.03703,   0.03374,  -0.06144,   0.00092,   0.04031,  -0.03190,   0.00092,   0.01405,  -0.03518,  -0.07785,  -0.07457,   0.04031,   0.01733,   0.00913,  -0.09098,   0.00420,   0.08954,   0.02226,   0.01733,  -0.04503,   0.10431,   0.00420,  -0.06308,   0.07805,   0.02390,   0.01733,   0.04359,   0.01733,  -0.00564,  -0.00728,  -0.00072,  -0.00400,  -0.07621,   0.03867,  -0.00072,  -0.05652,  -0.03846,   0.03539,   0.01897,   0.02882,  -0.04667,  -0.09098,   0.04523,  -0.03518,  -0.00892,  -0.00892,   0.03374,   0.03046,   0.05836,   0.04031,   0.05508,   0.00420,  -0.04175,  -0.02533,  -0.04667,  -0.02533,  -0.02533,   0.00749,   0.05180,   0.01077,  -0.01056,   0.01405,   0.00256,  -0.02205,  -0.02041,  -0.04831,  -0.02369,   0.07641,  -0.01221,  -0.04010,   0.02882,   0.06000,   0.07149,  -0.05980,  -0.03518,   0.05344,  -0.03190,  -0.07129,   0.02062,   0.03539,   0.01405,   0.02718,   0.08954,   0.00256,  -0.03682,  -0.01713,  -0.00892,  -0.01056,   0.00092,  -0.02369,   0.02226,  -0.06472,   0.03867,   0.06328,   0.01077,   0.08954,  -0.00892,  -0.04175,  -0.01385,   0.03374,  -0.00728,   0.00585,  -0.01056,   0.05180,  -0.03026,  -0.08934,  -0.00892,  -0.00072,  -0.03518,  -0.02862,  -0.04339,  -0.03190,  -0.03026,  -0.05980,   0.08134,  -0.01549,  -0.05980,  -0.09754,  -0.05323,   0.01077,  -0.07293,   0.04195,  -0.06964,   0.08626,  -0.05323,  -0.00564,   0.02718,   0.01897,  -0.05980,   0.03046,   0.02390,  -0.04831,   0.02882,  -0.02205,  -0.03846,  -0.02041,  -0.01713,   0.06492,  -0.04503,   0.02062,   0.04687,   0.03539,  -0.04995,   0.04195,   0.03867,   0.08790,   0.00256,   0.01241,   0.00913,  -0.01713,   0.00585,   0.02554,   0.01733,   0.04687,  -0.03190,  -0.06472,  -0.04339,  -0.02533,   0.00420,   0.00256,  -0.03026,  -0.00728,   0.08462,  -0.05652,  -0.00236,  -0.04831,   0.02390,  -0.03846,   0.10267,   0.04359,  -0.04503,   0.01405,   0.04031,   0.03539,  -0.00564,  -0.05487,  -0.03354,   0.00749,   0.09118,  -0.01056,   0.02390,  -0.00564,   0.03867,   0.01733,   0.00420,   0.04687,   0.06821,   0.01569,  -0.03846,  -0.06472,   0.04687,   0.12072,   0.02390,  -0.08441,  -0.06800,   0.00092,   0.00585,   0.01569,  -0.01056,   0.01569,  -0.02369,   0.01077,  -0.02041,   0.08954,  -0.05652,   0.01897,   0.01897,   0.06821,   0.04523,  -0.01549,   0.01405,   0.02062,   0.05508,  -0.03518,  -0.00728,   0.04031,   0.01897,   0.06985,   0.02882,  -0.02533,  -0.04667,   0.00420,   0.00913,   0.00420,  -0.05652,   0.01733,   0.02226,   0.03867,  -0.03026,   0.02062,   0.01569,  -0.01877,   0.06164,   0.06657,  -0.05159,  -0.05652,   0.02882,   0.01241,   0.03210,  -0.01056,   0.02718,  -0.04175,   0.00420,   0.02062,  -0.03354,   0.01405,  -0.04995,  -0.00400,   0.01077,  -0.03682,   0.06000,  -0.02862,   0.01569,   0.03703,   0.09118,   0.00420,   0.04687,   0.00585,   0.04031,  -0.05323,  -0.02698,   0.02062,  -0.05159,  -0.01385,   0.05016,   0.00256,   0.07969,  -0.00728,   0.09939,   0.03046,  -0.03354,   0.03374,  -0.05980,  -0.01713,   0.01405,  -0.04339,   0.01897,  -0.05159,  -0.03518,   0.03374,  -0.01549,   0.04851,   0.01241,  -0.08605,   0.00585,  -0.02041,   0.03703,  -0.04995,  -0.02698,   0.06657,  -0.06964,   0.05508,  -0.04503,   0.05508,  -0.02533,   0.04687,  -0.00564,   0.02390,   0.10431,   0.00749,   0.01405,  -0.05652,   0.03374,   0.00749,  -0.06964,  -0.06144,   0.04851,   0.01569,  -0.01056,  -0.00892,  -0.08605,  -0.02533,  -0.02698,   0.03867,  -0.04831,   0.04523,   0.01569,   0.02226,  -0.12216,   0.04031,   0.01569,  -0.01221,   0.03046,  -0.04503,  -0.03846,  -0.08770,   0.07805,   0.01569,  -0.10411,  -0.00236,   0.09775,  -0.03354,   0.09939,   0.03539,  -0.06964,   0.01569,  -0.04010,   0.02718,   0.01733,  -0.00564,  -0.02862,  -0.04503,   0.03539,   0.03374,   0.00749,  -0.04175,   0.05508,   0.04523,  -0.06636,   0.08626,   0.01077,  -0.03846,   0.06492,   0.09939,   0.02226,   0.00420,  -0.03026,  -0.01713,  -0.01877,  -0.01385,  -0.00072,  -0.02862,  -0.04010,   0.01405,  -0.02862,  -0.00072,   0.04031,  -0.04831,  -0.04831,   0.05836,   0.02062,  -0.00236,  -0.00072,   0.00420,   0.05508,  -0.01549,  -0.05980,  -0.00728,  -0.01549,  -0.03026,   0.03374,  -0.05487,  -0.00072,   0.08298,  -0.00072,   0.02882,  -0.07457,   0.01897,   0.08462,  -0.11724,   0.05344,   0.02390,   0.03374,  -0.10411,  -0.05980,   0.01241,  -0.00728,   0.04031,  -0.00728,  -0.02041,   0.01897,   0.01241,  -0.08441,   0.07969,   0.07477,   0.01241,   0.11744,   0.02554,  -0.03190,  -0.08770,   0.04195,  -0.01713,   0.07969,   0.10595,   0.04687,  -0.04010,   0.02062,  -0.04667,   0.05344,   0.04687,   0.05344,  -0.04503,   0.02226,  -0.00236,  -0.03190,  -0.00072,   0.08954,   0.04359,   0.08626,  -0.02533,  -0.10082,   0.02226,   0.02062,   0.03046,   0.02554,  -0.01056,   0.03046,   0.01897,   0.02554,  -0.02369,  -0.10411,   0.06492,   0.06164,   0.01733,   0.04031,  -0.07129,  -0.01385,  -0.01877,   0.05180,   0.02718,  -0.01877,   0.02062,   0.04523,  -0.03518,   0.06328,   0.05016,  -0.01549,  -0.05816,   0.00092,  -0.05652,   0.02226,   0.03867,   0.05344,  -0.02369,   0.01733,  -0.00564,   0.00749
  -0.00072,   0.01569,   0.04523,   0.02554,  -0.05323,   0.01077,   0.01733,   0.01733,   0.00585,   0.02882,   0.00749,   0.04195,  -0.00728,  -0.01877,   0.05180,  -0.01877,  -0.01221,  -0.05980,  -0.04339,  -0.05816,   0.01077,   0.01897,   0.05016,  -0.08441,   0.00913,  -0.04010,   0.06985,  -0.03190,  -0.00564,   0.05344,   0.03210,  -0.03682,   0.00420,   0.02554,   0.02554,   0.04031,  -0.02698,   0.05672,   0.03046,   0.00420,   0.06985,   0.02062,   0.04195,   0.01733,   0.03703,   0.10103,   0.01405,   0.01569,   0.04851,  -0.04339,   0.06492,  -0.04339,  -0.06308,  -0.03518,  -0.04995,   0.03374,  -0.09098,  -0.02862,   0.08298,  -0.06144,   0.00913,   0.06492,   0.00092,  -0.03026,   0.03210,  -0.03190,  -0.07621,  -0.00400,  -0.04667,  -0.00400,  -0.00072,  -0.02862,   0.06164,   0.02390,   0.02390,  -0.01549,  -0.02041,  -0.05652,  -0.01385,   0.01733,  -0.06964,   0.00092,  -0.02369,  -0.04503,  -0.00400,  -0.00564,   0.03703,  -0.02862,   0.06000,  -0.01877,  -0.07621,  -0.00728,   0.05836,   0.02718,  -0.00236,  -0.04175,  -0.01385,  -0.09262,  -0.02533,  -0.05980,  -0.00236,  -0.05159,   0.04195,   0.03210,  -0.06964,   0.02062,  -0.07457,  -0.01713,  -0.04503,  -0.00400,   0.00420,   0.02718,  -0.10247,   0.00749,  -0.00564,  -0.01713,   0.01733,   0.07805,  -0.05323,  -0.02862,  -0.00236,  -0.05159,   0.00420,   0.00749,  -0.04503,  -0.04175,   0.05016,   0.03867,  -0.02533,  -0.01056,  -0.05652,   0.00749,   0.00749,  -0.01713,  -0.04175,   0.08298,   0.01077,   0.04359,  -0.02041,  -0.03026,   0.00420,   0.07641,  -0.02533,   0.00585,  -0.06144,   0.05508,   0.06657,  -0.03026,   0.02718,   0.09775,  -0.03846,  -0.00892,   0.00913,   0.01897,  -0.00728,  -0.09426,   0.00092,   0.07313,  -0.01713,  -0.02369,  -0.03846,   0.02062,  -0.00072,  -0.06144,  -0.03354,  -0.01713,  -0.03518,  -0.05159,  -0.01549,  -0.02205,  -0.00072,   0.04851,   0.02390,  -0.07949,  -0.00236,   0.00585,   0.04523,   0.02226,  -0.08605,  -0.02533,   0.06985,   0.02718,   0.07313,  -0.04503,   0.03867,  -0.03026,   0.05180,  -0.05980,  -0.07621,   0.01241,   0.02718,   0.00420,   0.07969,   0.07477,   0.08626,   0.11416,  -0.04175,  -0.04667,  -0.06144,   0.11252,  -0.04010,  -0.00892,  -0.07129,  -0.04175,   0.05016,  -0.01549,   0.00092,  -0.01713,  -0.02533,  -0.01877,   0.02226,   0.01569,  -0.04175,  -0.01221,  -0.08113,  -0.02862,   0.05180,   0.06000,  -0.08277,   0.06000,   0.01569,  -0.05487,  -0.03026,   0.04359,  -0.00400,  -0.01549,  -0.03682,  -0.00564,   0.06821,  -0.00236,  -0.00564,  -0.04503,  -0.01877,   0.00256,  -0.06636,  -0.05652,   0.05344,  -0.00072,   0.02882,   0.06000,   0.01241,   0.00913,   0.05016,   0.01569,   0.01569,   0.04687,  -0.04995,  -0.05816,  -0.01877,  -0.03518,   0.04359,  -0.03846,  -0.00564,  -0.02041,   0.00585,  -0.02205,  -0.02533,  -0.02862,   0.05344,   0.06821,  -0.00400,  -0.04995,  -0.06144,   0.05016,  -0.01385,   0.05672,   0.03374,   0.05836,   0.02554,   0.03539,  -0.03518,   0.00420,  -0.03682,  -0.00400,   0.05836,   0.06657,  -0.05159,   0.01405,   0.00256,   0.02062,   0.00913,  -0.01385,   0.02554,   0.03703,  -0.01877,   0.04195,   0.03374,   0.00585,  -0.07785,  -0.01385,   0.02882,  -0.05487,  -0.05652,   0.03210,  -0.00892,  -0.07129,   0.00585,  -0.00072,   0.07805,   0.03374,   0.01241,  -0.00236,   0.01733,   0.04031,   0.01241,  -0.06144,  -0.06144,  -0.01713,   0.05508,  -0.00400,  -0.00236,  -0.04339,   0.03867,   0.00585,  -0.01221,  -0.00072,   0.10267,   0.03539,  -0.00892,   0.08134,  -0.00072,   0.02554,  -0.07293,   0.08298,   0.02390,   0.04523,  -0.00400,  -0.04339,   0.01405,   0.01077,  -0.04339,   0.07969,  -0.02369,  -0.02698,   0.02882,  -0.00892,  -0.02369,  -0.03190,  -0.02205,   0.01569,  -0.04339,   0.05508,   0.02718,  -0.09426,  -0.00072,  -0.01221,   0.02226,   0.07805,  -0.02533,   0.01241,   0.03046,   0.04195,   0.06328,   0.09775,  -0.00564,   0.00749,  -0.07949,  -0.06636,  -0.01221,  -0.04503,   0.02390,   0.03703,  -0.09098,  -0.02862,   0.01241,  -0.01385,  -0.05487,   0.02226,   0.01405,  -0.06636,  -0.04831,  -0.01549,  -0.03190,  -0.01713,   0.01405,  -0.05816,   0.03210,  -0.06636,   0.00913,   0.06328,  -0.00892,   0.00420,  -0.00072,   0.06164,  -0.01877,  -0.04503,   0.09118,  -0.01056,  -0.09098,   0.02882,  -0.00072,  -0.02698,   0.01405,   0.04195,   0.01569,  -0.01221,  -0.09262,  -0.04831,   0.01897,  -0.02533,  -0.06472,   0.06492,   0.09446,  -0.03682,   0.07149,  -0.01385,   0.01897,  -0.03354,  -0.00400,   0.03539,   0.03374,  -0.02533,  -0.00892,   0.04523,  -0.01385,   0.01241,  -0.00728,   0.07149,  -0.02041,   0.02718,  -0.03190,  -0.03518,   0.04523,   0.00913,  -0.04503,   0.06985,   0.05836,  -0.05487,  -0.10903,  -0.00236,   0.02718,   0.03539,  -0.03354,  -0.02862,   0.02062,   0.06821,   0.03374,  -0.01056,  -0.00400,   0.01733,   0.06657,   0.04195,  -0.01056,  -0.02369,   0.03703,  -0.01713,   0.04523,   0.10103,   0.00585,   0.00585,   0.04359,   0.03374,   0.00913,  -0.03026,   0.00420,   0.01241,   0.01405,  -0.00236,   0.03374,   0.01077,   0.00749,  -0.14842,   0.03046,   0.08790,  -0.01221,  -0.08113,  -0.04175,  -0.03354,   0.01241,  -0.03518,  -0.05652,  -0.02533,  -0.02533,  -0.00564,   0.03703,   0.00420,   0.01241,  -0.02369,   0.01241,   0.02226,   0.07641,   0.03210,  -0.03026,   0.00420,   0.00585,   0.05016,   0.04031,  -0.05159,  -0.04339,  -0.01385,   0.01241,   0.03046,  -0.02205,   0.04523,  -0.05487,   0.05180,  -0.05323,  -0.03846,  -0.00236,   0.01569,   0.00092,  -0.04995,   0.01405,  -0.04503,   0.03867,  -0.01056,   0.01733,  -0.01713,  -0.01877,  -0.02369,  -0.03354,   0.01569,   0.04031,  -0.01385,   0.04195,   0.00913,  -0.04175,  -0.05816,  -0.04667,   0.00913,  -0.04667,  -0.00236,  -0.04995,   0.05180,   0.02718,   0.00913,  -0.00400,   0.00092,   0.00913,   0.02882,   0.03046,  -0.03026,   0.03374,   0.01405,  -0.04010,  -0.03354,   0.03374,   0.03867,  -0.00072,  -0.09426,  -0.02862,   0.06328,   0.08790,  -0.01877,   0.06000,   0.03374,   0.03703,  -0.03190,   0.04523,   0.05180,  -0.04831,  -0.03354,  -0.02369,  -0.00564,  -0.02862,   0.03703,  -0.02205,   0.02718,   0.01405,  -0.01713,  -0.02369,  -0.04503,   0.01897,   0.02718,  -0.05816,  -0.00236,   0.07805,  -0.09918,   0.03210,  -0.06800,   0.02390,  -0.00400,  -0.06472,  -0.01713,  -0.06472,   0.02390,   0.04031,  -0.02369,  -0.05159,   0.01733,   0.05344,  -0.02205,  -0.01385,   0.06328,  -0.01221,  -0.06308,   0.07313,  -0.00728,  -0.01549,   0.04031,   0.03374,  -0.05980,   0.00256,   0.00092,  -0.00400,   0.02718,  -0.02533,   0.07313,  -0.01221,   0.03046,   0.05344,   0.02554,  -0.05323,  -0.03190,   0.00749,  -0.02862,  -0.03518,   0.09611,   0.00256,   0.02718,  -0.06144,   0.02390,   0.02718,   0.01405,  -0.07785,  -0.04995,   0.00256,  -0.06144,  -0.08441,  -0.01221,  -0.00728,   0.07149,  -0.04339,  -0.08770,   0.00420,   0.02882,  -0.02041,  -0.01056,  -0.04831,   0.02226,  -0.05487,  -0.01385,   0.01077,  -0.05980,  -0.01056,   0.01569,  -0.01056,   0.02554,   0.00913,  -0.01549,   0.04523,   0.00585,  -0.12872,  -0.07785,  -0.00072,  -0.04995,  -0.06144,  -0.04831,   0.02226,  -0.04503,  -0.02698,   0.02390,  -0.00072,   0.05508,   0.01241,   0.05344,   0.03046,   0.02882,   0.00749,   0.06985,  -0.01713,   0.00092,   0.04031,   0.04195,  -0.02041,   0.00092,  -0.01713,   0.00585,   0.05836,  -0.06800,  -0.04995,   0.02226,  -0.00072,   0.04523,  -0.02369,   0.04195,  -0.00892,   0.04687,  -0.02041,   0.03210,  -0.04339,   0.00585,   0.04031,   0.03210,  -0.00236,  -0.05652,   0.06657,   0.09282,   0.03210,  -0.02041,   0.00749,  -0.01221,  -0.03846,   0.06657,   0.04687,   0.02718,   0.01405,  -0.02205,   0.02718,   0.03374,   0.00913,   0.03374,  -0.07129,   0.02062,  -0.01385,   0.02718,   0.04031,  -0.05980,  -0.05816,  -0.03846,   0.03210,   0.00749,   0.02226,  -0.04175,   0.08298,   0.00256,  -0.09098,  -0.11231,  -0.00236,  -0.04503,   0.00585,   0.02718,   0.06000,  -0.06636,  -0.11067,  -0.02369,   0.02062,  -0.03682,  -0.04010,   0.03867,   0.00749,   0.04523,   0.01241,  -0.00892,  -0.00564,  -0.01713,   0.03539,   0.03046,   0.02554,  -0.04010,  -0.08113,   0.04195,   0.04687,  -0.00564,  -0.05487,  -0.05652,  -0.01385,  -0.00072,  -0.02698,  -0.05159,  -0.07457,  -0.01385,   0.01733,   0.03703,  -0.02041,  -0.00564,  -0.07293,   0.06821,   0.01733,   0.03703,   0.00092,   0.01897,   0.03867,  -0.00400,  -0.00400,  -0.00236,   0.01733,   0.03867,  -0.02533,  -0.01221,   0.06492,  -0.00728,   0.01241,  -0.03354,   0.04687,  -0.06308,   0.00913,  -0.01385,   0.07313,  -0.03682,  -0.01877,  -0.03518,   0.04359,  -0.02205,  -0.00072,   0.01569,  -0.03190,   0.04687,   0.00092,  -0.01549,  -0.01056,   0.03539,   0.01077,  -0.06308,  -0.05487,  -0.01385,   0.04687,  -0.03682,   0.03046,  -0.02533,  -0.02698,  -0.03026,  -0.03518,  -0.02205,  -0.03846,   0.04195,   0.00749,  -0.00072,   0.00913,   0.01241,  -0.00072,   0.08298,  -0.07457,   0.03703,  -0.01877,   0.04687,   0.03539,   0.00092,  -0.06964,  -0.03682,  -0.01056,   0.00913,   0.00585,   0.00585,   0.01733,   0.05344,   0.03046,   0.05836,   0.02062,   0.00913,   0.02718,   0.03867,   0.00749,  -0.01221,  -0.04010,   0.05180,  -0.04010,   0.03539,   0.02226,  -0.01549,  -0.02698,   0.01897,   0.00585,   0.03210,  -0.08770,   0.00092,  -0.04831,  -0.03518,  -0.05652,  -0.01056,  -0.03354,  -0.02369,  -0.00564,   0.01897,   0.08462,   0.02226,  -0.01056,   0.02718,  -0.02698,  -0.03026,   0.03210,  -0.00236,  -0.04667,  -0.01056,  -0.03682,   0.01733,  -0.09262,   0.07477,   0.03374,  -0.05159,  -0.02533,  -0.02369,   0.05836,   0.00420,   0.07805,   0.01405,   0.01733,  -0.02205,   0.01077,  -0.03190,  -0.09426,  -0.04503,   0.01569,   0.06328,   0.06492,  -0.00728,   0.01077,   0.04031,  -0.00564,  -0.01221,   0.00420,  -0.01056,  -0.00400,   0.03539,   0.13221,   0.01241,   0.01733,  -0.02041,  -0.01549,  -0.00564,   0.03210,  -0.03846,  -0.00564,  -0.02205,   0.06328,  -0.00400,  -0.06636,  -0.06964,  -0.08113,  -0.00564,   0.10923,  -0.02041,  -0.01877,  -0.03026,  -0.01385,   0.04687,  -0.06472,  -0.00892,  -0.03518,  -0.10411,   0.04523,  -0.05652,   0.01733,   0.00256,  -0.00072,  -0.11231,   0.01077,   0.02718,  -0.05487,  -0.07129,   0.02718,  -0.08770,   0.04523,   0.03703,   0.01897,   0.00420,   0.04851,  -0.03682,   0.04031,  -0.04667,  -0.03682,   0.01077,   0.03703,   0.02882,   0.01569,   0.03703,  -0.02698,  -0.05816,   0.05344,  -0.04831,   0.02226,  -0.00728,   0.03374,  -0.03026,  -0.00072,  -0.06144,   0.00420,  -0.04995,   0.04359,  -0.05159,  -0.08605,   0.01569,   0.00749,  -0.13365,  -0.02041,   0.03539,   0.05344,   0.05508,   0.02226,   0.02882,   0.03703,   0.06164,  -0.02369,   0.00749,  -0.01877,   0.01241,  -0.04995,   0.04851,  -0.07785,  -0.00892,   0.07805,   0.02554,   0.06000,  -0.00236,  -0.00400,  -0.02041,   0.08790,  -0.03846,   0.03374,  -0.07457,  -0.03682,   0.04851,   0.06164,   0.04031,   0.07477,  -0.03354,   0.02062,   0.01241,  -0.03190,  -0.12380,   0.02226,   0.01733,   0.04687,   0.00913,   0.09282,  -0.00400,  -0.00236,   0.06164,   0.00420,   0.03867,  -0.02205,  -0.01221,   0.00092,   0.03703,   0.03867,  -0.11395,  -0.11724,   0.04195,  -0.02533,   0.04195,  -0.06472,   0.02882,  -0.03846,  -0.01056
  -0.02041,  -0.00236,   0.06492,  -0.02205,   0.09446,  -0.04831,   0.03867,  -0.04831,   0.00256,   0.04523,  -0.05980,  -0.04831,  -0.02533,   0.06657,  -0.04010,  -0.02369,   0.04523,  -0.01549,  -0.02698,   0.01733,   0.00913,   0.00585,   0.03374,   0.00749,   0.04523,   0.00420,   0.03703,  -0.00236,   0.07477,   0.10759,   0.03539,   0.00585,   0.00913,  -0.00072,  -0.01221,  -0.02862,  -0.00892,  -0.05159,   0.02062,  -0.06636,  -0.00564,   0.02718,   0.02882,  -0.03026,   0.04359,   0.00420,  -0.00728,   0.10103,   0.04851,   0.01733,  -0.06472,   0.06657,  -0.05323,  -0.02698,   0.00256,  -0.08934,  -0.02533,  -0.04010,   0.01077,   0.04359,  -0.03518,   0.04359,  -0.02205,  -0.01713,   0.00256,  -0.01385,  -0.07129,   0.01241,  -0.02369,   0.03046,  -0.04667,   0.04195,  -0.05159,  -0.03354,  -0.06636,   0.02718,  -0.03846,   0.05344,   0.04359,  -0.09918,   0.02554,  -0.03846,  -0.03846,   0.04851,  -0.01385,  -0.04667,   0.01897,  -0.02041,   0.04359,   0.00092,  -0.01713,  -0.03354,   0.03703,   0.01733,   0.02718,  -0.06472,  -0.02369,   0.07313,  -0.01221,   0.04359,  -0.02533,  -0.05980,  -0.01549,  -0.02862,   0.10267,  -0.03518,  -0.05159,   0.01405,   0.06985,  -0.00072,  -0.05487,   0.09611,  -0.01713,   0.02554,  -0.03682,  -0.05323,   0.04031,   0.00585,   0.00585,   0.06492,   0.00092,  -0.02862,  -0.02041,  -0.06144,  -0.03682,  -0.05816,   0.04031,  -0.00728,   0.12236,   0.01077,   0.03210,  -0.01385,  -0.02205,  -0.04010,   0.03046,   0.01569,  -0.05816,  -0.00892,  -0.03518,  -0.02369,  -0.02369,  -0.00400,   0.03374,  -0.01549,   0.03210,   0.02554,  -0.01056,  -0.04831,  -0.00072,   0.05508,   0.01077,   0.05836,   0.05508,   0.00913,  -0.03682,   0.03867,  -0.03190,  -0.02205,  -0.02041,   0.04359,  -0.04339,   0.03867,   0.05180,   0.01241,  -0.01877,   0.03703,   0.07149,   0.09775,   0.06164,   0.02718,   0.01733,   0.02390,  -0.00072,  -0.07129,  -0.00892,  -0.06964,  -0.00236,   0.05016,  -0.04339,   0.03703,  -0.00728,  -0.04995,  -0.02369,  -0.03190,   0.04523,   0.05344,  -0.02369,  -0.06144,   0.03374,   0.01897,   0.04031,  -0.04503,   0.03867,  -0.03190,   0.06000,  -0.00236,   0.05508,   0.05016,   0.07805,  -0.01713,   0.03539,   0.01897,  -0.04175,   0.03210,  -0.00728,  -0.00072,   0.04851,   0.00913,   0.05836,   0.05016,   0.09118,  -0.01713,   0.00749,   0.03374,  -0.01385,   0.05672,  -0.02369,   0.02226,   0.01897,  -0.00072,  -0.01385,   0.01405,   0.04687,   0.03046,  -0.04339,  -0.01056,  -0.07621,   0.01733,  -0.05159,   0.04195,   0.07313,  -0.05159,  -0.05159,  -0.04503,   0.00092,   0.00092,   0.00749,  -0.02369,  -0.00892,  -0.06800,  -0.03190,  -0.01713,   0.10759,  -0.03682,   0.01569,  -0.07621,   0.03374,  -0.02533,  -0.02698,  -0.02533,   0.01077,  -0.03026,   0.04851,   0.00585,   0.03867,  -0.04175,   0.03046,  -0.08934,  -0.08770,  -0.02698,  -0.03190,  -0.03518,   0.00585,  -0.02698,  -0.02533,  -0.04503,  -0.09754,  -0.00400,   0.00749,   0.00256,   0.01569,  -0.05816,   0.04359,   0.05016,  -0.01221,  -0.06800,  -0.01221,  -0.00236,   0.02390,  -0.00072,   0.06821,  -0.08605,   0.05180,  -0.06144,  -0.00728,   0.00420,  -0.06472,   0.08134,   0.05508,  -0.05487,   0.00749,  -0.02862,  -0.08277,   0.01405,  -0.00072,  -0.00072,  -0.00072,  -0.03354,  -0.10082,  -0.04175,   0.08298,   0.01241,  -0.03354,  -0.00400,   0.02882,   0.01733,   0.05016,   0.01897,  -0.01877,   0.06328,  -0.07293,  -0.05159,   0.00420,  -0.01385,   0.03703,   0.00913,   0.00749,   0.10103,  -0.02862,   0.05836,   0.03539,  -0.05487,  -0.06636,  -0.03682,  -0.03846,  -0.02533,  -0.00728,   0.04687,  -0.02369,   0.02062,  -0.05980,  -0.01877,  -0.05652,   0.01241,   0.00256,  -0.03682,  -0.02533,  -0.00564,  -0.02698,  -0.05652,   0.02390,  -0.03682,  -0.03846,  -0.05652,   0.03046,  -0.01221,  -0.02205,  -0.03846,  -0.02698,  -0.00564,  -0.05652,   0.02226,   0.07477,   0.01569,  -0.02698,   0.08790,   0.03703,   0.07805,   0.03867,   0.01897,   0.03374,   0.05344,  -0.05816,   0.01733,  -0.02369,  -0.04175,   0.07969,  -0.04010,  -0.01713,   0.02882,   0.05836,   0.03374,  -0.02369,   0.04851,   0.00092,  -0.00564,  -0.07949,  -0.00728,   0.03210,   0.02718,   0.04031,  -0.06964,  -0.02369,  -0.01385,  -0.02533,  -0.02369,  -0.03682,   0.02554,  -0.03682,  -0.08277,  -0.02205,   0.05672,  -0.05487,  -0.01713,   0.00749,  -0.02369,  -0.03026,   0.09282,   0.06657,   0.04851,  -0.02369,  -0.00400,   0.03539,  -0.02698,   0.03703,  -0.01549,  -0.05980,   0.13057,  -0.01713,   0.07805,   0.02882,   0.01405,   0.01405,  -0.01877,  -0.00236,   0.04851,  -0.07457,   0.04359,   0.00092,  -0.04010,   0.05180,   0.03046,  -0.12544,   0.04031,  -0.02041,   0.01897,   0.00256,   0.02882,   0.01077,   0.02882,  -0.02533,  -0.01221,  -0.04175,   0.01569,  -0.02862,  -0.01877,   0.01405,  -0.04831,   0.04359,  -0.04667,   0.02718,   0.05672,  -0.02205,  -0.00728,   0.02718,   0.04195,  -0.00236,  -0.06144,   0.01569,   0.13057,   0.04031,  -0.04010,  -0.02533,   0.03046,   0.01405,   0.00749,   0.01405,  -0.02205,   0.00585,  -0.06308,  -0.05323,  -0.04503,  -0.00400,  -0.01549,   0.00585,  -0.04831,   0.01897,  -0.04339,   0.05508,  -0.04010,   0.08790,   0.01569,   0.05344,   0.02062,   0.09446,   0.05180,   0.07149,   0.01077,  -0.00564,  -0.10411,   0.04031,   0.04031,  -0.01385,  -0.07293,  -0.03190,   0.00913,  -0.04995,  -0.06800,   0.13385,   0.03374,   0.02226,   0.10267,  -0.03846,   0.03046,   0.03046,  -0.05159,  -0.05323,   0.02882,   0.00585,   0.06985,   0.00092,  -0.04667,   0.06328,   0.07805,   0.09282,  -0.05323,  -0.05816,   0.01733,   0.06164,   0.04851,  -0.05159,   0.01241,  -0.00728,   0.00585,  -0.05816,  -0.04995,  -0.01877,   0.00420,  -0.02698,   0.01569,  -0.00892,  -0.02369,   0.00256,   0.01733,   0.05180,   0.02718,   0.03374,   0.03539,   0.03374,   0.00585,   0.08790,   0.00749,   0.00256,  -0.00892,  -0.00892,  -0.00564,  -0.00728,   0.01733,   0.05672,  -0.02533,  -0.02533,  -0.04175,  -0.02533,   0.03374,  -0.01549,  -0.04339,  -0.00072,   0.05180,  -0.01713,   0.04687,   0.04359,  -0.02205,   0.01733,  -0.04503,  -0.02698,   0.00092,  -0.05652,  -0.00564,  -0.04995,  -0.04667,  -0.05980,   0.01241,   0.00913,  -0.09754,  -0.03846,  -0.01549,  -0.04010,  -0.07949,   0.04359,  -0.01877,  -0.07785,   0.07641,   0.07149,  -0.03846,  -0.00728,   0.00749,  -0.02205,   0.00749,   0.02390,  -0.01221,   0.03046,   0.07149,   0.06164,   0.00092,   0.01569,  -0.04175,   0.00256,  -0.00236,  -0.06800,   0.00420,  -0.01549,   0.02226,  -0.03354,  -0.02698,   0.01241,   0.08134,  -0.02862,  -0.03518,   0.04851,   0.01241,  -0.04667,  -0.04175,   0.00913,  -0.04010,  -0.05652,   0.02062,  -0.00400,  -0.02862,  -0.03682,  -0.00072,   0.06328,   0.00256,   0.03046,  -0.08934,  -0.04995,  -0.04010,  -0.07293,   0.11908,   0.00749,  -0.00564,   0.02226,   0.01077,  -0.01713,   0.10103,   0.04523,  -0.03846,   0.01405,   0.07805,  -0.01877,   0.00256,  -0.01385,   0.03867,  -0.01713,  -0.01056,  -0.03190,   0.00256,  -0.02533,   0.00585,  -0.04503,   0.02226,   0.03210,   0.05672,   0.04851,   0.03867,   0.02062,  -0.05980,   0.00256,  -0.03846,  -0.03518,  -0.00892,   0.01241,   0.03046,  -0.01877,  -0.04339,   0.02226,   0.02554,  -0.04667,   0.00585,   0.03046,  -0.00072,   0.02882,   0.00256,  -0.03026,  -0.00072,  -0.03518,   0.05016,   0.00913,  -0.09262,  -0.04339,   0.03703,  -0.05159,   0.03703,   0.02882,   0.03046,  -0.08441,   0.00256,  -0.05652,   0.01077,  -0.00564,  -0.02369,   0.02226,   0.01077,  -0.04995,  -0.02041,   0.04359,  -0.00400,   0.02882,  -0.07293,   0.06164,   0.03867,   0.04359,   0.00913,   0.03539,   0.02554,  -0.03846,   0.02390,  -0.08605,   0.00913,  -0.06144,   0.06492,  -0.01221,  -0.06472,   0.01241,   0.02882,  -0.01549,  -0.07293,   0.00585,   0.00420,  -0.01877,  -0.01549,   0.04523,  -0.00728,   0.01569,  -0.01877,   0.01241,  -0.02862,  -0.02698,  -0.02533,  -0.03190,   0.02554,  -0.04667,   0.01569,   0.00913,  -0.04831,   0.00420,  -0.02698,   0.10923,   0.03046,   0.00256,  -0.00564,  -0.05816,   0.02554,   0.00585,   0.01405,   0.02062,  -0.04667,  -0.01056,  -0.00892,  -0.03354,  -0.01877,  -0.03682,   0.04851,  -0.01549,  -0.02698,  -0.02369,  -0.02205,  -0.05980,   0.07313,  -0.12052,  -0.03190,   0.06657,  -0.02205,   0.06328,   0.01241,  -0.04339,   0.05344,   0.05344,   0.03703,  -0.03026,  -0.00072,   0.02718,   0.00585,   0.05344,   0.04031,   0.06985,   0.02226,  -0.00892,   0.03374,   0.04195,   0.08462,  -0.07621,  -0.01056,  -0.05487,   0.01569,   0.03539,   0.01077,  -0.04339,  -0.08770,  -0.01056,   0.06657,   0.00420,   0.03210,  -0.02533,  -0.01221,  -0.00728,  -0.00728,  -0.00728,  -0.01549,  -0.00728,  -0.05487,   0.02390,   0.05672,   0.09118,   0.04031,  -0.02369,   0.08134,   0.00749,  -0.03518,  -0.01713,   0.06821,   0.00585,  -0.01549,  -0.00072,   0.02554,   0.04687,   0.00913,  -0.01549,   0.03046,  -0.04995,   0.03046,  -0.02041,   0.01897,   0.00913,  -0.01385,  -0.05159,   0.05508,   0.01897,   0.02226,   0.02390,   0.07969,   0.04031,   0.08954,  -0.01549,   0.07641,   0.05672,  -0.08934,  -0.01221,   0.00913,  -0.00236,   0.09282,   0.02882,  -0.03026,   0.03046,   0.00913,  -0.04503,  -0.00728,  -0.04010,  -0.08277,   0.04359,   0.00585,   0.03046,  -0.02369,  -0.01877,   0.02882,   0.01241,  -0.00072,   0.01405,  -0.02698,  -0.01713,  -0.04831,  -0.02698,  -0.04503,  -0.02205,   0.00092,  -0.07621,  -0.02533,  -0.04010,  -0.00564,   0.03046,  -0.02862,  -0.05159,   0.05016,   0.00256,  -0.03026,   0.05508,  -0.01549,   0.05344,  -0.08605,   0.01897,  -0.02041,   0.02062,   0.00256,  -0.13365,  -0.07785,  -0.01385,   0.07149,  -0.10739,  -0.02205,  -0.01221,   0.02718,  -0.06144,  -0.02369,   0.01405,  -0.07785,   0.08462,   0.04031,  -0.07457,  -0.00892,  -0.06800,  -0.02369,  -0.00236,  -0.07457,   0.00585,  -0.02369,   0.05672,   0.00420,  -0.01877,  -0.00400,   0.00749,   0.03539,  -0.00728,   0.04031,  -0.06964,   0.06164,   0.01733,  -0.01221,  -0.05159,  -0.05652,  -0.03518,   0.03374,   0.11416,  -0.07949,  -0.04175,  -0.04503,  -0.02862,   0.01241,  -0.01056,   0.01569,  -0.02205,  -0.02205,  -0.02205,  -0.03846,   0.02390,   0.03046,   0.00092,   0.01405,  -0.03026,  -0.04010,  -0.03354,   0.01405,  -0.07949,   0.01077,   0.04031,  -0.06144,  -0.06636,  -0.01056,  -0.00236,   0.02390,   0.03703,  -0.01221,   0.03867,  -0.02698,   0.01241,  -0.02698,  -0.02041,   0.02062,  -0.00236,  -0.01549,  -0.01549,   0.01241,   0.10923,  -0.04339,   0.03703,  -0.02533,   0.01897,   0.00092,  -0.06472,   0.04851,   0.07477,   0.01077,   0.00092,   0.05508,  -0.00892,   0.07641,   0.03539,  -0.11724,  -0.00728,  -0.04175,   0.03046,   0.06164,  -0.02862,   0.04851,   0.04195,  -0.01221,  -0.02369,  -0.08770,   0.00092,   0.13057,  -0.01877,  -0.01549,   0.06164,   0.01241,  -0.06964,   0.08134,   0.04523,  -0.03846,   0.04031,   0.05508,   0.01897,  -0.09098,  -0.01877,  -0.03846,   0.03374,  -0.01877,  -0.00564,  -0.02369,  -0.00564,  -0.00072,   0.00256,  -0.02205,   0.03210,  -0.02205,  -0.02862,   0.01733,  -0.02041,   0.06821,  -0.02862,   0.00749,   0.04687,   0.01569,   0.01733,   0.01077,   0.09282,  -0.03354,   0.00256,  -0.02698,   0.05344,   0.04851,   0.00256,   0.09446,  -0.00728,  -0.03846,  -0.01877,   0.00256
  -0.03846,  -0.01549,   0.03703,  -0.06636,  -0.00564,   0.04523,  -0.02698,   0.01733,  -0.00236,  -0.03026,   0.05016,   0.02554,   0.02226,  -0.02369,  -0.05816,  -0.01221,  -0.02369,   0.04523,   0.04031,   0.07969,  -0.01221,  -0.04339,  -0.00400,   0.02062,  -0.00072,   0.01897,  -0.05323,   0.00420,   0.03539,   0.04687,   0.02226,  -0.00728,   0.08134,   0.03703,   0.03539,   0.03539,  -0.04995,  -0.00072,  -0.02698,  -0.01877,  -0.02533,   0.02390,   0.04031,   0.02390,  -0.04339,   0.02554,  -0.00072,   0.06328,   0.00092,   0.02062,   0.05016,  -0.00728,   0.02062,  -0.02041,  -0.05487,   0.01241,   0.01077,  -0.03354,  -0.03518,   0.02718,  -0.04667,   0.03374,   0.00749,   0.04687,  -0.02533,  -0.02862,  -0.05652,  -0.02205,  -0.02369,   0.03703,  -0.05487,   0.00256,  -0.02041,   0.12400,  -0.02698,   0.03539,   0.01241,  -0.00236,   0.07149,   0.01077,   0.01897,  -0.02533,  -0.00236,  -0.01056,  -0.00400,  -0.04667,  -0.06964,  -0.05980,   0.03374,   0.00256,   0.03046,   0.06328,   0.00092,   0.01733,   0.06492,   0.13221,  -0.03026,   0.00749,  -0.05652,   0.03046,   0.07477,  -0.03846,  -0.00564,  -0.01877,   0.02062,  -0.01713,   0.00256,  -0.02205,   0.01077,   0.05508,   0.10103,  -0.01056,   0.03374,  -0.07293,  -0.00400,  -0.03190,   0.08134,   0.03703,  -0.04831,   0.04031,  -0.04831,  -0.06964,  -0.00892,   0.03703,  -0.00236,   0.04359,  -0.00400,   0.03210,  -0.00564,   0.04687,  -0.01056,   0.02226,   0.03374,  -0.01221,   0.05344,  -0.06308,  -0.05652,  -0.00564,   0.02554,   0.04359,   0.07313,  -0.04667,  -0.05159,  -0.00564,   0.06657,  -0.05323,   0.00420,  -0.02369,   0.02882,  -0.01385,  -0.03190,  -0.00892,   0.01733,  -0.01385,   0.06164,  -0.01056,  -0.00892,   0.03210,  -0.03354,  -0.03518,  -0.02533,   0.01569,  -0.02698,  -0.01385,  -0.00400,  -0.00236,   0.05508,  -0.01056,   0.01077,  -0.03682,   0.00092,  -0.01385,   0.01733,  -0.00400,   0.03210,   0.01897,   0.00256,  -0.03026,  -0.01549,   0.02882,  -0.00400,  -0.02041,   0.01077,   0.05016,  -0.05159,  -0.06636,  -0.07785,   0.05016,   0.03046,   0.03374,   0.04851,   0.04687,   0.06164,  -0.02533,  -0.02533,   0.00256,   0.06000,  -0.02698,   0.11416,  -0.02862,  -0.01877,   0.00585,  -0.00564,  -0.02041,  -0.02698,   0.00913,   0.05508,   0.01897,  -0.05323,   0.05016,   0.04851,  -0.00236,   0.02062,   0.01897,  -0.01877,  -0.05323,  -0.05159,   0.03867,  -0.03190,   0.05180,  -0.01877,   0.00092,  -0.12216,   0.01405,  -0.02041,  -0.00236,  -0.06800,   0.00585,   0.00420,   0.05508,  -0.02862,  -0.02698,   0.02062,  -0.04010,   0.02226,  -0.02369,   0.01077,   0.03703,  -0.05323,  -0.03682,  -0.01877,  -0.03518,  -0.02369,   0.05836,   0.01077,   0.00420,   0.01569,  -0.02369,   0.07313,  -0.09918,   0.04195,   0.02062,  -0.01221,   0.08626,   0.05016,  -0.00728,   0.01077,   0.04851,   0.00092,   0.02390,   0.03539,   0.01077,   0.05836,   0.00256,   0.04031,   0.05344,  -0.05652,   0.06000,   0.01405,   0.03046,  -0.03518,   0.07313,   0.04359,   0.06000,  -0.03846,  -0.07621,  -0.04503,  -0.03518,  -0.02041,   0.01569,   0.05016,  -0.07457,  -0.00072,   0.01733,   0.03539,   0.06000,  -0.02369,  -0.00236,   0.03374,  -0.04503,  -0.00236,   0.01733,  -0.01385,  -0.05159,  -0.01877,  -0.01221,  -0.01385,  -0.00400,   0.07313,   0.01733,   0.00913,  -0.01056,  -0.04175,   0.01405,   0.05180,  -0.07293,   0.04359,   0.06328,  -0.03518,   0.02554,   0.04359,  -0.03682,   0.00913,   0.01405,  -0.01549,   0.03210,  -0.05980,   0.04523,  -0.01713,  -0.03190,  -0.01713,   0.03210,  -0.06144,   0.05672,  -0.03518,   0.08790,  -0.03190,  -0.00236,   0.00749,   0.03867,  -0.03518,   0.05344,   0.02062,   0.00256,  -0.01385,   0.07641,   0.01897,  -0.02698,  -0.04831,   0.01405,  -0.04995,  -0.04010,  -0.03518,   0.05508,  -0.01549,   0.02390,   0.08462,   0.02226,   0.05180,   0.05508,   0.03374,   0.03046,   0.03046,  -0.03354,   0.08298,  -0.00892,  -0.03518,   0.01897,  -0.05323,  -0.02533,   0.07477,  -0.04339,   0.05344,   0.00585,  -0.00564,  -0.03190,  -0.01221,  -0.01056,   0.03046,  -0.02041,   0.03539,  -0.02698,  -0.03518,   0.00585,  -0.00564,   0.07969,   0.02718,   0.02062,  -0.03026,  -0.03846,  -0.03026,  -0.08277,  -0.09262,  -0.04503,   0.00420,   0.03210,   0.09118,  -0.02533,   0.00420,   0.06000,   0.08134,   0.02390,   0.00913,   0.04851,   0.02882,  -0.02698,  -0.06636,  -0.03354,  -0.00564,  -0.00236,   0.01569,  -0.04010,  -0.10247,  -0.00892,  -0.05487,   0.00420,  -0.02041,  -0.02862,  -0.02205,   0.01569,  -0.02862,  -0.03026,   0.01405,   0.01897,   0.07641,   0.04031,  -0.01056,   0.01569,   0.01897,   0.02554,  -0.03190,   0.05344,  -0.09098,   0.02062,  -0.03190,   0.00913,   0.08626,   0.05016,  -0.03354,   0.02554,   0.01897,   0.03867,  -0.06144,  -0.00728,  -0.01221,   0.00585,   0.00256,  -0.03846,   0.03210,   0.05672,  -0.01385,   0.07641,  -0.00892,   0.01897,   0.02226,  -0.05816,  -0.04175,   0.01569,   0.04359,  -0.01713,   0.05344,   0.02554,   0.02554,  -0.07457,  -0.00072,   0.03374,   0.06985,   0.00913,  -0.04010,   0.02390,  -0.03846,  -0.00400,  -0.01221,   0.03539,  -0.06636,  -0.02369,   0.00092,   0.00913,   0.00749,  -0.00400,  -0.00236,   0.00585,   0.00256,  -0.03190,  -0.04831,  -0.04831,   0.00256,  -0.10411,   0.03867,   0.06164,   0.04031,   0.05672,   0.05016,   0.04687,  -0.02862,  -0.01056,   0.02554,   0.04359,  -0.01221,   0.03867,  -0.05816,   0.02554,   0.03046,  -0.04995,  -0.01713,  -0.03846,   0.03703,   0.06164,   0.00420,  -0.06472,  -0.05487,  -0.03354,  -0.00564,   0.00420,  -0.03190,   0.00913,   0.01405,  -0.00564,   0.03374,  -0.00564,  -0.03518,  -0.03026,  -0.00400,   0.07641,   0.06657,   0.08298,   0.08134,  -0.07457,  -0.00400,   0.03046,   0.01241,   0.07477,   0.00749,  -0.00072,  -0.01221,  -0.03026,   0.02226,  -0.04175,   0.00585,   0.06492,   0.03210,  -0.03518,  -0.00728,  -0.04503,   0.07149,  -0.03354,   0.05672,  -0.02041,   0.05016,  -0.04667,  -0.01877,   0.03046,  -0.00400,   0.04851,   0.05016,   0.01897,  -0.01056,   0.00913,  -0.01221,  -0.05159,   0.02882,   0.04031,   0.01241,  -0.08934,  -0.01221,  -0.01549,   0.06985,  -0.05487,  -0.00236,   0.03210,   0.06492,   0.06000,   0.04359,   0.17652,  -0.05487,   0.01733,   0.01733,  -0.03354,   0.07477,   0.00256,   0.01405,  -0.01549,   0.01077,  -0.02533,  -0.04831,  -0.03846,   0.07477,  -0.00236,   0.06657,   0.02226,   0.00420,   0.01241,   0.01405,   0.07313,  -0.01221,  -0.13529,  -0.01056,  -0.00728,   0.02554,  -0.01877,  -0.01877,  -0.00892,  -0.03026,   0.07641,  -0.08441,  -0.00400,   0.02226,  -0.03190,   0.08626,  -0.02862,   0.04687,  -0.03682,  -0.02533,  -0.05652,   0.07805,   0.03046,   0.02226,  -0.01549,  -0.01549,   0.02062,   0.11252,   0.00256,  -0.04831,  -0.00892,  -0.03846,   0.00585,   0.05016,   0.05180,  -0.01713,  -0.01549,   0.00420,  -0.01056,  -0.01056,  -0.02533,  -0.01056,  -0.03026,   0.01241,  -0.04010,   0.09118,  -0.05816,  -0.00072,  -0.06308,   0.03539,  -0.05980,   0.03046,   0.02554,  -0.01713,   0.03210,   0.03046,  -0.00236,   0.03539,  -0.02041,  -0.00892,   0.00913,   0.02062,  -0.07621,   0.03210,  -0.03190,   0.02390,   0.00256,   0.02718,  -0.02698,   0.06000,  -0.04995,   0.01405,   0.01733,   0.00092,  -0.03354,  -0.02369,   0.00420,  -0.01056,  -0.00236,   0.02226,  -0.01713,   0.14370,  -0.04831,   0.00749,  -0.02205,  -0.06308,  -0.04010,   0.00749,  -0.02041,  -0.02205,   0.01733,   0.04359,  -0.00236,  -0.02205,   0.08134,  -0.00400,   0.02554,   0.02226,  -0.04339,  -0.04010,   0.02718,  -0.01713,  -0.01056,   0.00913,   0.00913,  -0.03846,   0.00092,   0.00420,   0.00749,   0.00256,   0.00092,  -0.04175,  -0.02369,   0.08298,   0.02226,  -0.02369,   0.00913,  -0.10575,   0.11088,   0.02390,  -0.00892,  -0.03682,   0.01569,  -0.02698,  -0.00072,  -0.03190,  -0.02041,  -0.06472,  -0.05159,   0.05836,  -0.00892,  -0.00400,   0.00092,   0.06657,   0.00913,  -0.00400,  -0.00236,  -0.02205,  -0.05816,  -0.06636,  -0.01713,  -0.02698,  -0.01056,   0.04523,   0.04523,  -0.02205,  -0.03026,  -0.04339,   0.01241,   0.02882,   0.01569,  -0.03846,  -0.09426,  -0.00892,   0.03210,   0.03210,   0.02882,  -0.03846,   0.00420,  -0.01877,  -0.00564,  -0.03518,  -0.00400,   0.03867,   0.04031,   0.08134,  -0.00564,   0.04359,  -0.05980,   0.00585,   0.06657,   0.04031,  -0.00892,  -0.04995,   0.01077,  -0.05159,  -0.03682,  -0.01713,   0.01241,   0.09118,   0.03046,  -0.04995,   0.06492,  -0.00236,   0.03046,  -0.01221,   0.03539,  -0.06800,  -0.03518,   0.02718,   0.00092,   0.00256,  -0.03682,  -0.07293,   0.03703,  -0.02041,  -0.03846,  -0.07129,   0.01077,   0.00420,   0.02062,   0.01241,  -0.11231,   0.01241,   0.04195,  -0.00564,   0.02062,   0.00256,   0.02062,   0.02554,   0.01405,  -0.00400,  -0.05816,  -0.02205,   0.02226,  -0.00892,  -0.00236,  -0.00400,   0.13057,  -0.03846,   0.02718,  -0.02041,   0.01405,   0.01897,   0.02554,   0.01077,  -0.04667,  -0.10411,  -0.03190,   0.00420,  -0.03846,   0.00585,   0.02226,   0.09118,   0.03703,   0.00256,  -0.02041,  -0.03190,   0.07149,  -0.04503,  -0.01385,  -0.05980,   0.04195,  -0.04010,  -0.03354,  -0.08605,   0.04851,  -0.03190,   0.04359,   0.01241,  -0.00564,   0.01077,   0.05016,  -0.01877,  -0.04175,   0.03046,  -0.01221,  -0.02862,   0.06328,  -0.01713,  -0.06144,  -0.01056,  -0.06472,  -0.08770,   0.03210,   0.01569,  -0.01056,  -0.03682,   0.03539,   0.00585,  -0.04667,  -0.05980,   0.01077,   0.01241,  -0.03518,   0.00585,  -0.03846,  -0.02862,   0.05016,   0.02226,  -0.00728,   0.00092,   0.00749,   0.02226,   0.00749,   0.05672,   0.03210,   0.00420,  -0.04339,  -0.04995,   0.01241,  -0.00072,   0.08134,   0.01405,  -0.01056,   0.04031,  -0.06800,   0.01569,   0.00092,   0.02062,   0.01569,   0.02882,   0.07969,  -0.01056,  -0.03026,  -0.02041,   0.06985,  -0.05816,  -0.03190,  -0.03190,   0.01569,  -0.02862,   0.05508,  -0.05323,   0.01077,  -0.04831,   0.04523,   0.00585,   0.01569,   0.00256,   0.05672,  -0.01385,   0.04851,   0.01077,  -0.03354,  -0.02369,   0.06000,  -0.03518,   0.07641,   0.07969,   0.00256,   0.03539,   0.04195,  -0.03354,  -0.05323,  -0.05816,   0.04687,  -0.01713,  -0.04339,   0.05672,  -0.04010,  -0.03846,  -0.02862,  -0.03846,   0.01241,  -0.02041,   0.01569,   0.04687,   0.06000,   0.03046,   0.04031,   0.00420,   0.08790,   0.00256,   0.02062,  -0.04995,  -0.01713,   0.03374,  -0.01056,   0.00256,   0.00092,   0.02062,   0.10759,   0.01897,   0.01897,  -0.00400,   0.02882,  -0.01877,  -0.04503,   0.06000,  -0.05159,   0.05016,  -0.04667,   0.03210,  -0.00892,  -0.04667,   0.01405,   0.05344,  -0.02369,  -0.01877,   0.02554,  -0.06308,   0.02226,   0.01897,  -0.07949,  -0.01385,   0.03867,   0.01569,  -0.01877,  -0.02205,  -0.05980,   0.00420,  -0.02369,   0.06821,  -0.01221,  -0.02369,   0.01077,   0.00256,  -0.01549,  -0.02369,  -0.00892,  -0.01877,   0.01241,  -0.03354,  -0.02862,  -0.01877,   0.01077,   0.03867,   0.01897,  -0.09098,   0.01569,  -0.01713,   0.05672,  -0.03354,   0.05016,  -0.02041,   0.02226,  -0.00072,  -0.00728,  -0.02369,   0.02718,  -0.02369,  -0.11231,  -0.01221,  -0.05652,  -0.01877,  -0.00892,  -0.04667,  -0.02041,  -0.03846,   0.00749,  -0.03682,  -0.03026,   0.03046,  -0.08113,  -0.02369,  -0.02369,  -0.00072,   0.06164,  -0.03354,  -0.01877
   0.11744,  -0.00400,   0.04359,   0.01241,  -0.00072,   0.06821,   0.06000,   0.10103,   0.02554,  -0.01877,  -0.04339,  -0.00728,   0.01241,  -0.00400,   0.04195,  -0.00400,  -0.02862,   0.01569,  -0.07949,   0.04195,  -0.01877,  -0.03682,   0.12400,   0.06328,  -0.01221,   0.06985,   0.00256,  -0.05159,   0.03046,  -0.00236,   0.05836,  -0.00400,  -0.04339,  -0.00400,   0.02226,   0.04851,  -0.04995,  -0.06308,   0.02390,  -0.02369,   0.00092,   0.16339,  -0.00564,   0.08462,   0.06492,  -0.01221,   0.05508,   0.00913,  -0.04503,   0.01241,  -0.03682,   0.02062,  -0.01713,   0.05016,   0.00092,  -0.05487,  -0.06636,   0.03210,   0.07477,   0.06821,  -0.03026,  -0.05323,   0.02554,   0.09282,   0.01241,  -0.08770,  -0.03682,   0.02390,  -0.02041,   0.01077,   0.02718,  -0.02698,  -0.00892,  -0.01877,  -0.06472,   0.01733,   0.02062,   0.04851,   0.03867,  -0.05487,   0.01241,   0.00913,  -0.07293,  -0.03026,   0.00420,  -0.02862,  -0.09918,  -0.07621,   0.04851,  -0.00564,   0.04523,   0.03867,  -0.03190,  -0.00400,   0.06657,  -0.00236,  -0.00892,   0.06492,   0.00749,  -0.03190,   0.01569,   0.03210,   0.00092,   0.03703,  -0.02862,  -0.03846,  -0.01221,  -0.00892,   0.00585,  -0.03518,   0.00913,   0.02390,   0.03046,  -0.03354,   0.02718,   0.03703,  -0.03026,  -0.06472,  -0.00892,   0.03867,  -0.06144,  -0.00400,   0.01077,   0.04523,   0.00256,   0.00749,  -0.01549,   0.04687,  -0.00072,  -0.03682,  -0.00728,  -0.04010,  -0.02862,   0.08790,  -0.04010,  -0.01385,   0.01405,   0.03703,  -0.01713,  -0.00728,  -0.02533,  -0.06144,  -0.02205,  -0.05323,   0.02718,   0.02390,   0.03539,   0.04851,  -0.01385,  -0.05487,  -0.04339,   0.04851,  -0.04175,  -0.00072,   0.12729,   0.04031,  -0.01056,  -0.01221,  -0.01056,  -0.03354,   0.01077,  -0.03026,  -0.11724,   0.02062,  -0.01056,  -0.00728,  -0.01056,  -0.00072,   0.01897,  -0.01549,   0.00420,  -0.01385,   0.01897,  -0.08441,  -0.01877,  -0.01549,   0.00092,  -0.01385,   0.03374,  -0.04010,  -0.05816,  -0.05980,   0.02718,   0.06985,  -0.01877,  -0.03682,   0.00256,  -0.06144,   0.02226,  -0.03354,  -0.05159,  -0.03354,  -0.03354,   0.02554,   0.02390,  -0.04831,   0.09939,   0.00256,  -0.04503,   0.03703,  -0.01713,  -0.01221,   0.01569,   0.05672,  -0.01549,  -0.03026,  -0.01713,  -0.05816,   0.04523,  -0.03354,  -0.04503,  -0.02862,  -0.01221,  -0.04831,  -0.06636,   0.02226,   0.00420,  -0.04175,  -0.01056,  -0.03026,   0.06164,   0.01241,  -0.03026,   0.03210,  -0.02205,   0.00256,   0.02390,  -0.03846,   0.03867,  -0.03354,  -0.00892,  -0.06308,   0.01241,   0.09446,  -0.02369,   0.00749,   0.02062,  -0.04010,   0.03210,  -0.02041,  -0.04010,  -0.01385,   0.04687,   0.01569,  -0.01056,   0.00092,   0.10923,  -0.01221,  -0.05816,   0.00256,   0.03539,  -0.03190,  -0.05323,  -0.06636,  -0.00892,   0.00256,   0.00585,  -0.06964,   0.01569,  -0.02862,   0.04851,   0.01405,  -0.02698,   0.03374,  -0.01221,  -0.03682,   0.00420,   0.02226,   0.02226,  -0.04667,  -0.02862,  -0.00564,   0.04195,  -0.03518,  -0.06964,  -0.05652,   0.02390,  -0.01056,  -0.02369,   0.10267,   0.04851,   0.02718,   0.02882,  -0.04667,   0.00092,   0.01733,   0.04523,  -0.03190,  -0.08770,   0.06821,  -0.06308,  -0.03190,  -0.04010,  -0.03518,   0.01077,  -0.05980,  -0.06144,   0.03046,   0.01569,   0.07313,  -0.01056,   0.07149,  -0.03190,  -0.09754,   0.03867,   0.00585,   0.03210,  -0.01549,  -0.00072,   0.04687,   0.00913,   0.05344,  -0.00728,   0.01569,  -0.01549,   0.02718,  -0.03354,   0.01897,  -0.00892,  -0.05652,   0.02554,   0.01569,  -0.05323,  -0.07293,  -0.08934,   0.04851,  -0.00236,  -0.00892,  -0.03846,   0.03703,  -0.08605,   0.02882,   0.01241,  -0.02862,  -0.00892,   0.03703,   0.00585,   0.03703,   0.02554,   0.05508,  -0.01056,   0.04359,   0.02226,  -0.02698,   0.04359,  -0.01221,  -0.00892,   0.03703,   0.05672,   0.02390,  -0.04667,   0.03046,   0.01405,   0.00913,  -0.00072,   0.02718,   0.03046,  -0.00892,  -0.02041,  -0.06636,  -0.01549,   0.01733,  -0.02369,   0.04851,  -0.02533,  -0.00236,   0.05344,  -0.00564,   0.03539,   0.02390,   0.01241,   0.00420,  -0.00400,  -0.04175,  -0.01385,   0.01405,   0.00585,   0.03210,  -0.01713,   0.00585,  -0.00564,   0.03539,  -0.03518,   0.02062,  -0.05980,   0.06985,  -0.04175,  -0.00892,   0.05672,  -0.02533,   0.06821,   0.00749,   0.04851,   0.00420,  -0.02369,   0.02718,  -0.07293,  -0.03190,   0.03539,  -0.05487,   0.02062,  -0.01549,   0.00092,  -0.03354,  -0.04175,  -0.07293,   0.00749,  -0.04831,   0.06821,  -0.04667,  -0.07129,  -0.02041,  -0.05652,  -0.02205,   0.01405,   0.02226,   0.01405,   0.00585,   0.00913,   0.01569,  -0.02533,  -0.01385,   0.04195,  -0.00400,  -0.03026,   0.00420,   0.04523,  -0.04831,  -0.01221,  -0.03354,   0.01405,  -0.00728,  -0.00236,  -0.01713,  -0.02369,   0.01569,  -0.02533,   0.02390,  -0.05487,  -0.08277,   0.11908,   0.04687,   0.02390,   0.00256,  -0.02041,   0.01733,   0.00913,  -0.00892,  -0.04010,  -0.01221,  -0.04667,  -0.03682,  -0.02205,  -0.07293,   0.07969,  -0.02862,  -0.00892,   0.04359,  -0.00564,  -0.03354,   0.00092,   0.06821,   0.02226,  -0.00728,  -0.00728,  -0.01385,  -0.01713,  -0.01385,  -0.08770,  -0.02041,  -0.03026,  -0.03682,  -0.02041,  -0.06964,  -0.04995,  -0.00072,  -0.01549,  -0.06308,   0.07641,   0.07477,  -0.01877,   0.05180,  -0.06308,  -0.04339,  -0.01713,  -0.05652,  -0.09098,  -0.01385,  -0.06800,  -0.03354,  -0.01385,   0.03539,   0.01569,   0.02062,  -0.01549,  -0.03026,   0.01569,   0.05016,  -0.07457,  -0.06308,   0.00420,  -0.00728,   0.03703,  -0.02369,  -0.02533,  -0.04831,   0.01405,   0.05508,  -0.00072,   0.00913,   0.05016,   0.07641,  -0.00892,  -0.00236,  -0.07293,   0.05344,   0.04687,   0.05344,  -0.05652,   0.01241,   0.04523,  -0.04010,  -0.02041,  -0.00728,  -0.03682,   0.01733,  -0.02041,  -0.01549,  -0.06964,   0.01241,  -0.00072,  -0.03518,   0.00420,  -0.01877,   0.01897,  -0.02041,  -0.02041,   0.06821,  -0.02369,  -0.01713,   0.04359,  -0.01713,  -0.03682,  -0.01713,   0.01241,  -0.05980,  -0.06472,  -0.01713,  -0.01221,   0.01897,   0.05836,   0.05016,   0.03210,  -0.00400,   0.00913,   0.00585,   0.03046,  -0.07949,   0.01405,  -0.00236,  -0.00400,  -0.03190,   0.02882,   0.03703,  -0.04175,   0.02718,   0.07313,  -0.02533,  -0.00892,   0.04687,   0.02882,   0.01241,   0.03867,  -0.06144,   0.03046,  -0.03026,  -0.02698,   0.05836,  -0.06800,   0.03539,   0.02718,  -0.00072,   0.03867,  -0.01385,  -0.03846,   0.05836,  -0.03026,   0.11908,   0.03539,  -0.00728,   0.04031,   0.02554,   0.00749,  -0.07457,  -0.02533,  -0.01385,  -0.12544,   0.02390,   0.06492,  -0.03846,   0.07313,   0.02062,   0.02718,   0.08462,  -0.00072,   0.02226,  -0.00400,  -0.06308,  -0.01549,   0.00256,  -0.03354,   0.00585,  -0.01385,  -0.10739,   0.01733,  -0.05652,   0.01241,  -0.11067,  -0.07129,   0.05016,   0.08626,   0.04359,   0.01241,  -0.10082,   0.04523,  -0.01713,   0.03210,   0.01897,   0.03867,   0.02226,   0.02390,   0.06328,   0.07805,   0.01897,  -0.03026,  -0.01056,  -0.06472,   0.00420,   0.05508,  -0.01056,  -0.00400,   0.07313,  -0.04339,  -0.05980,  -0.06800,   0.02882,  -0.01877,   0.01897,  -0.06472,   0.04523,   0.02554,   0.04031,  -0.03354,   0.01897,   0.02554,  -0.04995,   0.03539,   0.04359,  -0.02698,  -0.04667,   0.03046,   0.05344,   0.04195,  -0.05816,   0.02718,  -0.02369,   0.00420,   0.03539,  -0.00400,   0.04523,   0.04031,  -0.00564,   0.05180,   0.00585,   0.02226,  -0.06472,   0.05836,   0.02554,   0.01897,  -0.00564,   0.00749,  -0.04667,   0.11580,  -0.08441,  -0.04339,   0.00092,  -0.01385,   0.02062,   0.08134,   0.08298,   0.00092,   0.08954,  -0.03026,  -0.01221,  -0.00236,  -0.05159,  -0.02862,   0.00913,   0.06821,  -0.06800,  -0.04175,  -0.01385,   0.05836,  -0.00072,   0.05016,  -0.05323,   0.05508,   0.04851,   0.01897,  -0.05816,   0.01405,  -0.07129,  -0.04010,  -0.00236,  -0.00400,  -0.01877,  -0.02205,   0.06657,  -0.03190,   0.06657,   0.03046,   0.08462,  -0.03518,   0.10103,   0.01733,   0.08298,   0.02882,  -0.02862,   0.01077,  -0.03846,  -0.04995,   0.00913,  -0.04010,  -0.00236,  -0.01713,   0.03210,   0.09611,   0.03210,  -0.03354,  -0.06308,   0.00585,  -0.04995,   0.03046,   0.06985,  -0.00728,  -0.00728,   0.04359,  -0.03846,  -0.01221,  -0.01221,  -0.07785,   0.04523,  -0.08770,   0.01733,  -0.02041,   0.04523,  -0.03354,  -0.00236,  -0.06308,  -0.01877,   0.03374,  -0.00892,  -0.02698,   0.01733,  -0.09098,   0.00256,  -0.02205,  -0.01385,  -0.05816,   0.01897,  -0.07293,  -0.02369,   0.01569,  -0.02862,  -0.00564,   0.05508,   0.00913,  -0.07621,  -0.01549,   0.04359,  -0.02698,   0.07149,  -0.04995,  -0.02041,  -0.08277,   0.05180,   0.00256,  -0.07129,  -0.04503,  -0.04503,  -0.04831,   0.05016,   0.01897,  -0.06308,  -0.07457,  -0.00892,  -0.05652,  -0.01713,   0.00420,  -0.01713,  -0.02041,  -0.00400,  -0.00072,  -0.01221,  -0.03682,   0.01405,   0.00420,   0.06328,  -0.02041,   0.02062,   0.02226,   0.00420,  -0.05323,  -0.00072,   0.03703,   0.02226,   0.01897,  -0.03190,  -0.00072,  -0.04831,   0.02554,   0.05508,  -0.02205,   0.06821,   0.03703,   0.03046,   0.05180,   0.06985,   0.02062,  -0.01549,  -0.00072,   0.02882,  -0.03026,  -0.01713,   0.06000,  -0.01221,   0.07313,  -0.03190,   0.02062,   0.03046,  -0.08770,   0.00092,  -0.02698,   0.01569,   0.00092,  -0.04175,  -0.01056,  -0.00236,   0.00913,  -0.08934,  -0.00728,   0.03210,  -0.01056,  -0.01221,   0.10431,   0.04195,   0.02062,  -0.00892,  -0.01713,  -0.03518,  -0.01221,   0.00256,  -0.05323,  -0.01549,   0.04359,   0.03046,  -0.02041,   0.07149,   0.00585,  -0.03518,   0.01405,  -0.00072,  -0.04995,   0.03539,   0.00420,   0.04195,  -0.01713,  -0.02041,   0.06492,  -0.01221,   0.06821,   0.03703,  -0.05159,   0.07313,   0.01077,  -0.02369,  -0.04995,   0.04031,  -0.00728,   0.09775,  -0.05487,   0.01733,  -0.01549,  -0.00236,  -0.03026,  -0.00728,   0.06821,  -0.05159,   0.02882,   0.03374,   0.05016,   0.05344,  -0.01385,   0.04359,  -0.09590,  -0.03846,   0.01569,  -0.05652,  -0.00728,   0.05836,  -0.02041,   0.11416,   0.03374,   0.00092,   0.06821,  -0.00236,  -0.06964,  -0.03190,   0.00585,  -0.02041,   0.01897,  -0.02533,   0.04359,   0.02390,   0.04195,  -0.02698,   0.04523,  -0.06800,   0.03867,   0.00585,  -0.00564,  -0.05487,  -0.01877,  -0.02205,  -0.05816,  -0.04995,  -0.01221,   0.01241,   0.01569,  -0.04503,  -0.06636,  -0.10575,   0.05344,  -0.03682,   0.11744,  -0.01549,   0.04851,   0.00585,   0.05836,   0.06164,  -0.02041,  -0.04339,   0.04851,  -0.00892,  -0.02533,  -0.00072,  -0.00236,   0.06328,  -0.00400,  -0.01877,  -0.01877,   0.03703,  -0.01877,   0.03867,  -0.05323,  -0.02205,  -0.01056,   0.01077,   0.01569,   0.04359,  -0.06308,   0.04195,   0.01569,  -0.02041,   0.00092,  -0.03354,   0.02390,  -0.04995,  -0.03682,   0.03867,  -0.01056,   0.01077,  -0.02205,  -0.01549,  -0.04010,   0.05016,  -0.02041,   0.02390,   0.01241,   0.00092,  -0.08605,   0.03374,   0.03539,   0.01733,   0.06328,  -0.00236,  -0.05980,  -0.03682,   0.04195,  -0.09098,   0.03539,   0.05672,   0.00585,   0.05180,  -0.02698,   0.03374,   0.00092,  -0.07293,   0.07805,   0.06328,   0.08298,   0.04195,  -0.01713,   0.01733,   0.03374,   0.02718,   0.00585,  -0.05487,   0.00092,  -0.01877,   0.07313,  -0.00072,   0.00256,   0.01241
  -0.09918,   0.07477,   0.03539,   0.05344,  -0.03682,  -0.03190,  -0.03846,  -0.00400,  -0.04995,  -0.02369,  -0.00072,  -0.05816,  -0.04339,  -0.06308,   0.01405,  -0.02698,   0.01733,  -0.00728,  -0.05487,  -0.03682,  -0.04831,  -0.06308,  -0.00400,  -0.01713,   0.06328,  -0.03518,  -0.02698,  -0.01221,  -0.03682,   0.03703,   0.00749,  -0.04667,  -0.00400,  -0.00072,  -0.00236,   0.09118,  -0.05159,  -0.00400,   0.00256,  -0.06308,   0.01569,  -0.10082,   0.00092,   0.00749,  -0.02041,   0.03374,  -0.03682,   0.00585,   0.04523,  -0.00564,  -0.02205,   0.01897,  -0.06144,  -0.02369,   0.01405,   0.02554,   0.02062,   0.06657,   0.04359,   0.00092,  -0.06800,  -0.01877,   0.00256,  -0.00728,   0.01897,   0.01241,  -0.00072,  -0.01385,   0.01077,   0.16503,   0.02554,  -0.01221,   0.00092,   0.00585,  -0.07785,   0.00092,  -0.03518,  -0.02698,  -0.03190,   0.03046,   0.07149,   0.02882,   0.07477,  -0.02205,  -0.07621,   0.00256,  -0.12544,  -0.01385,  -0.03354,  -0.11888,   0.02390,   0.07477,  -0.01549,  -0.03354,  -0.02041,  -0.02205,   0.09118,  -0.08441,  -0.03846,  -0.06308,  -0.04339,  -0.00072,   0.05180,   0.01569,  -0.00400,   0.01077,  -0.03846,  -0.02533,   0.04359,   0.02554,   0.05508,  -0.02533,  -0.00400,   0.01569,   0.05672,   0.00749,   0.03210,   0.04031,   0.00420,   0.05344,  -0.04339,   0.04031,  -0.01221,   0.01405,   0.09775,  -0.04339,  -0.06800,  -0.06964,  -0.03846,   0.04195,  -0.05980,   0.04687,  -0.03354,   0.06657,  -0.02205,   0.02718,  -0.01056,  -0.03682,  -0.06144,  -0.01221,   0.03210,   0.12072,   0.00749,  -0.00728,  -0.01221,  -0.03354,  -0.02205,   0.07313,  -0.02698,  -0.00728,  -0.04831,  -0.05159,  -0.00072,  -0.04667,   0.04851,   0.04195,   0.02226,  -0.04503,   0.03867,   0.03703,  -0.00564,   0.04195,   0.07477,  -0.04339,   0.00913,  -0.01713,  -0.04503,  -0.05816,   0.01077,  -0.04995,  -0.05980,  -0.03518,  -0.05487,  -0.01713,  -0.05816,  -0.01056,  -0.07457,   0.07477,   0.00256,  -0.09262,  -0.02041,   0.02718,   0.03046,  -0.00400,   0.00749,  -0.00072,  -0.02041,   0.04195,   0.03046,  -0.01549,   0.02062,   0.05672,  -0.03354,  -0.07129,  -0.08113,  -0.00236,  -0.03354,  -0.00072,  -0.04010,  -0.07949,   0.01405,   0.01241,  -0.03190,   0.00092,  -0.00728,  -0.00892,  -0.03026,  -0.05487,  -0.03846,   0.05016,  -0.01385,   0.01077,   0.02390,  -0.02205,  -0.02369,  -0.01385,   0.02062,   0.03046,  -0.05652,  -0.01221,   0.01897,  -0.02205,  -0.00400,  -0.03682,  -0.02698,   0.02390,   0.03046,   0.05508,   0.00420,   0.04195,   0.02718,   0.06000,  -0.04503,   0.02390,  -0.02041,  -0.05980,  -0.06964,   0.02554,   0.04851,  -0.01877,   0.01569,  -0.01056,  -0.02698,   0.07641,  -0.00236,  -0.00236,   0.04359,   0.02718,  -0.05159,   0.00256,  -0.05652,   0.02718,   0.04195,  -0.05652,   0.00420,   0.02718,  -0.04339,  -0.04175,   0.01569,   0.00092,  -0.03518,  -0.03190,  -0.03846,   0.01569,   0.03046,   0.05672,  -0.03354,   0.06657,   0.00749,  -0.04503,   0.05016,  -0.04995,   0.05672,  -0.00400,   0.03374,  -0.01713,  -0.03026,  -0.00400,  -0.00892,   0.01897,  -0.02205,   0.01897,   0.02882,   0.06000,  -0.01385,   0.00092,  -0.01877,   0.03374,   0.05344,  -0.03682,  -0.01549,  -0.02205,   0.01733,  -0.03682,  -0.07129,   0.04687,   0.03374,  -0.02698,  -0.00892,   0.00420,   0.08626,   0.04851,   0.00749,   0.04031,  -0.00072,   0.04523,  -0.07949,  -0.02205,   0.00585,  -0.04503,   0.00256,  -0.02533,  -0.02041,  -0.03354,   0.03210,  -0.06636,  -0.03026,   0.01569,  -0.02698,   0.01569,   0.03703,  -0.01877,   0.04031,   0.00420,   0.05508,   0.03046,  -0.01877,  -0.04503,  -0.02533,  -0.00892,  -0.00728,  -0.02205,  -0.02205,  -0.01877,  -0.07949,   0.04031,  -0.00728,  -0.07949,   0.03867,  -0.04667,   0.05180,   0.02062,   0.04195,   0.06164,  -0.04667,  -0.07949,   0.03539,   0.04031,   0.06000,   0.07969,  -0.00892,   0.02554,  -0.08113,   0.03374,  -0.04503,  -0.05323,  -0.02533,  -0.01221,  -0.02533,  -0.01221,   0.00420,  -0.06472,   0.03046,   0.03539,  -0.05323,  -0.06636,  -0.03846,  -0.03682,   0.03374,   0.06985,  -0.06636,   0.06164,  -0.04339,  -0.02862,  -0.00728,   0.04195,  -0.04995,  -0.02698,  -0.00564,  -0.03354,   0.00256,   0.00749,  -0.00728,   0.05836,   0.01733,   0.05508,   0.03867,   0.05836,   0.08626,  -0.03190,  -0.00892,  -0.00564,   0.05836,  -0.09098,   0.03703,  -0.02698,  -0.00072,  -0.01221,  -0.00236,   0.03539,   0.03703,  -0.04995,  -0.00728,   0.04687,  -0.04175,  -0.05159,  -0.00072,  -0.00564,   0.03374,  -0.01385,  -0.03190,   0.05016,  -0.08605,   0.05180,  -0.05487,  -0.04175,  -0.05487,   0.02390,  -0.00892,  -0.04831,  -0.01056,  -0.02205,  -0.04339,   0.00585,   0.02226,  -0.06964,  -0.05323,  -0.00564,  -0.07293,  -0.09426,  -0.02369,  -0.00072,   0.06492,   0.03210,   0.04195,  -0.06144,   0.05016,   0.02718,   0.00420,  -0.00564,   0.03210,  -0.02698,  -0.00072,   0.03703,   0.03703,   0.03539,   0.03046,  -0.02862,   0.00420,  -0.06964,   0.03539,   0.05016,   0.05016,   0.02226,  -0.06964,  -0.03682,   0.02226,  -0.05816,  -0.02862,   0.02226,   0.04523,  -0.01713,   0.04031,   0.04031,   0.06164,  -0.02369,  -0.09262,  -0.02533,   0.00092,   0.02554,   0.00092,  -0.03682,  -0.02205,   0.01241,  -0.00892,   0.02226,   0.02554,   0.01569,   0.02226,  -0.00236,   0.05016,   0.02554,   0.03703,   0.00585,  -0.01056,  -0.05652,  -0.03518,   0.03374,   0.06821,   0.03539,  -0.00236,   0.01569,   0.00749,  -0.04503,  -0.01877,   0.00585,   0.04195,   0.03374,   0.03703,   0.01569,  -0.04175,   0.05836,   0.02390,  -0.05816,  -0.09262,  -0.10411,   0.02062,  -0.01056,  -0.01877,   0.03210,  -0.01221,  -0.00892,  -0.00564,  -0.00072,   0.06164,  -0.02369,  -0.02041,  -0.05980,   0.00420,   0.02226,   0.01241,  -0.02205,   0.04195,  -0.03682,  -0.01713,   0.01569,   0.08134,  -0.00236,   0.01569,   0.07149,   0.00749,   0.00256,   0.02718,   0.01241,  -0.01713,   0.01569,   0.02390,   0.01241,  -0.01221,  -0.01549,  -0.05159,   0.01241,  -0.05487,   0.07805,  -0.02205,  -0.04339,  -0.10247,  -0.07293,  -0.02369,   0.02390,   0.04359,   0.00585,  -0.00072,   0.02882,   0.01897,  -0.01713,  -0.07949,   0.02226,  -0.04831,  -0.02698,  -0.01713,  -0.04339,  -0.04995,  -0.02533,  -0.04339,   0.04687,   0.04195,  -0.08441,  -0.02205,   0.01405,  -0.06144,   0.00749,  -0.01877,  -0.00072,  -0.00236,   0.06657,  -0.01549,   0.02226,   0.03703,   0.01241,  -0.01877,  -0.01713,  -0.01221,   0.05016,  -0.00400,   0.09611,   0.02554,   0.02554,  -0.05159,   0.00092,  -0.05980,  -0.01385,  -0.02205,   0.08134,  -0.00564,   0.02226,  -0.02205,  -0.01549,  -0.08113,  -0.02862,  -0.07293,  -0.07785,  -0.02041,  -0.00564,   0.02226,   0.05016,  -0.05323,   0.09611,  -0.04175,  -0.01221,   0.01733,   0.02390,   0.01897,   0.02062,   0.00585,  -0.02205,   0.03703,  -0.00564,  -0.02041,  -0.04503,   0.05180,  -0.00072,  -0.02041,   0.01241,  -0.04010,  -0.02698,  -0.01877,   0.04359,  -0.00892,   0.02390,   0.02062,  -0.00892,   0.01405,  -0.02369,  -0.05159,  -0.05159,   0.04359,  -0.01549,   0.12400,  -0.04010,   0.02718,  -0.05652,   0.01241,   0.04523,   0.00749,  -0.01056,   0.01897,  -0.03026,   0.04687,   0.13713,   0.01077,   0.02882,   0.03374,  -0.01056,  -0.04995,   0.02882,  -0.01713,  -0.04831,  -0.08770,   0.05836,  -0.05323,   0.03539,   0.04031,   0.03703,   0.06328,   0.04031,  -0.10082,  -0.01056,  -0.02862,  -0.00400,   0.02062,  -0.00564,   0.01241,  -0.06144,  -0.00236,   0.01077,   0.04851,   0.02226,  -0.01385,  -0.00400,  -0.02205,  -0.07129,  -0.02698,   0.03210,  -0.01221,  -0.02533,   0.05016,  -0.04667,   0.01733,  -0.06472,   0.03867,  -0.00236,  -0.04667,   0.00420,   0.00749,  -0.00236,   0.03539,  -0.00072,   0.00256,  -0.00728,   0.03867,  -0.02041,   0.02390,  -0.01877,   0.00585,  -0.04010,   0.01077,  -0.03190,   0.01569,  -0.02041,   0.01569,   0.01569,  -0.00072,   0.01077,  -0.01385,   0.03867,   0.04195,  -0.00728,   0.00256,  -0.06636,   0.00420,  -0.08113,  -0.04503,   0.00092,   0.06492,  -0.05816,  -0.00728,  -0.04503,   0.01077,   0.01733,  -0.00400,  -0.03190,   0.03703,  -0.02205,  -0.05652,  -0.03026,  -0.01221,  -0.06964,  -0.00400,   0.02226,  -0.01056,   0.03539,  -0.05159,  -0.05980,   0.03703,  -0.00236,   0.02062,   0.07313,  -0.04503,   0.00913,  -0.05816,  -0.01549,  -0.03026,   0.00092,   0.04031,  -0.08113,  -0.05652,   0.01733,  -0.00072,   0.00585,  -0.00400,   0.06328,   0.02554,   0.04523,   0.05016,   0.00585,  -0.00400,   0.02718,  -0.03846,   0.01241,   0.04687,  -0.00072,  -0.04667,  -0.01385,   0.00585,   0.00913,  -0.04831,   0.01569,  -0.05816,   0.07477,   0.00913,  -0.04831,  -0.05980,   0.01897,  -0.01221,   0.01569,  -0.00728,  -0.03846,  -0.02041,   0.01241,  -0.01877,   0.02554,  -0.00564,  -0.03026,  -0.02205,  -0.00236,  -0.03190,   0.02062,  -0.08605,   0.00420,   0.03867,   0.01241,   0.03046,   0.01569,   0.01241,   0.02062,   0.01405,   0.00256,  -0.00728,  -0.03190,  -0.02369,   0.01733,  -0.00400,  -0.08770,   0.05016,  -0.04503,  -0.01549,  -0.09426,   0.02226,  -0.03354,  -0.00892,  -0.07457,  -0.03518,   0.06328,  -0.02862,   0.05508,   0.02554,  -0.02533,   0.02062,  -0.03518,  -0.01056,  -0.03518,   0.06328,  -0.02205,  -0.00728,  -0.02205,   0.01897,   0.01241,  -0.01056,   0.05016,   0.01241,   0.07149,   0.04031,   0.01897,   0.03867,   0.00420,  -0.02533,   0.07969,   0.07969,  -0.04503,   0.01733,  -0.01877,   0.03046,   0.12400,  -0.00564,   0.03046,   0.04195,   0.08134,   0.04851,   0.03539,  -0.07949,  -0.01056,   0.00256,  -0.01549,  -0.04667,  -0.08441,   0.02718,  -0.02698,   0.01241,   0.02882,   0.04687,   0.02554,  -0.06308,   0.02390,  -0.05816,  -0.02862,   0.02718,  -0.03682,  -0.04831,   0.00585,  -0.11888,  -0.08441,   0.01897,   0.01569,  -0.03190,   0.04195,   0.05180,  -0.00728,   0.09611,  -0.00728,  -0.04175,   0.03210,  -0.01056,  -0.04175,   0.00585,  -0.08277,  -0.03518,   0.09118,   0.03046,   0.02226,  -0.00072,   0.03046,   0.00092,  -0.11395,  -0.02041,   0.01897,   0.04031,  -0.08770,   0.04359,  -0.02205,   0.04031,  -0.00892,   0.02882,   0.00585,  -0.00892,  -0.03846,  -0.02698,   0.04687,  -0.03682,   0.01077,   0.01569,  -0.02533,  -0.00400,  -0.00728,   0.02226,  -0.01713,   0.04851,   0.05016,   0.08298,  -0.01713,  -0.00236,  -0.08605,  -0.03846,  -0.02369,  -0.03518,   0.02062,  -0.06308,  -0.04667,   0.03703,  -0.05652,  -0.02533,  -0.04503,  -0.01056,   0.00913,   0.00749,  -0.04010,  -0.01877,   0.01241,   0.02226,  -0.06308,   0.05672,  -0.00236,  -0.06308,   0.01733,  -0.01056,  -0.07785,   0.03374,  -0.00072,   0.04195,   0.03374,   0.03210,  -0.06472,  -0.01385,   0.04851,   0.08298,   0.04031,  -0.02698,   0.09939,   0.09446,   0.00420,  -0.05159,  -0.01385,   0.02062,  -0.02862,   0.00256,  -0.01221,   0.00749,   0.00585,  -0.00728,  -0.07949,  -0.02698,  -0.04831,  -0.01385,  -0.00728,  -0.05323,   0.01405,  -0.04010,   0.01405,   0.02390,   0.01733,   0.03210,   0.08954,   0.06985,  -0.03190,   0.01405,  -0.02533,   0.06000,   0.02882,   0.03210,  -0.03354,  -0.00072,   0.05836,   0.09282,   0.01569,  -0.05323,  -0.02862,  -0.03190,  -0.03518,   0.02226,   0.01241,  -0.02698,  -0.04175,  -0.04995,  -0.01221,   0.07805,   0.05344,  -0.00564,   0.02718,   0.01241,  -0.03354,  -0.10247,   0.00913,   0.05344,   0.04687
  -0.01549,  -0.00400,   0.00256,   0.00420,  -0.07457,   0.02226,  -0.01877,   0.12072,  -0.00236,   0.02390,  -0.03518,   0.02554,  -0.03846,   0.03703,  -0.00564,   0.06164,  -0.02205,   0.06492,   0.04031,  -0.07293,  -0.05159,   0.01897,   0.00420,  -0.01056,  -0.00400,   0.05344,  -0.00236,  -0.04667,  -0.03846,  -0.01549,   0.01241,   0.04359,  -0.03190,   0.02390,  -0.04010,  -0.10903,   0.00420,  -0.01549,   0.07969,  -0.04995,   0.11252,   0.01897,   0.03374,   0.01405,  -0.00892,   0.02718,  -0.05323,   0.08298,   0.03210,   0.02390,  -0.00236,  -0.05980,   0.00420,  -0.04175,  -0.03682,   0.01569,   0.05180,   0.00256,   0.00420,   0.05180,  -0.00072,   0.01733,   0.02226,   0.01733,  -0.07949,   0.01241,   0.03046,  -0.01549,  -0.02698,  -0.00728,  -0.03518,   0.01241,  -0.01877,   0.02390,  -0.00236,  -0.00400,  -0.05816,   0.02554,   0.00256,  -0.03190,  -0.00728,   0.04195,  -0.02698,  -0.04010,  -0.04339,   0.05180,  -0.02369,  -0.00400,   0.00913,   0.07805,  -0.03682,   0.06000,  -0.04175,   0.01569,   0.01569,  -0.01549,  -0.00564,   0.05180,  -0.01056,  -0.01385,   0.05016,  -0.02041,   0.00585,   0.00092,   0.01405,   0.05180,   0.03539,   0.01077,  -0.00072,   0.06492,  -0.06964,  -0.00564,  -0.04831,  -0.01877,  -0.01056,  -0.12708,   0.01405,  -0.04175,  -0.01385,  -0.05980,  -0.02862,  -0.03682,  -0.03846,   0.01405,   0.00749,  -0.00236,  -0.06308,   0.02718,  -0.01056,   0.01569,   0.00092,  -0.03518,   0.00092,   0.01077,  -0.01056,   0.03703,   0.02062,   0.03703,  -0.03354,   0.00585,  -0.06308,   0.04851,  -0.00892,   0.03703,   0.02390,   0.00749,   0.00256,   0.05344,   0.08134,  -0.03190,   0.01405,  -0.02041,   0.00913,   0.03374,  -0.04995,   0.00585,   0.01733,  -0.06308,  -0.04995,  -0.01056,   0.04031,   0.04031,  -0.05159,  -0.07129,  -0.00892,  -0.05487,  -0.00728,   0.01569,   0.03867,   0.02718,  -0.00400,  -0.05652,  -0.03190,   0.00092,  -0.00072,  -0.07129,  -0.01221,   0.02882,  -0.07457,  -0.02041,   0.02718,   0.07477,   0.04523,  -0.04831,   0.00420,  -0.04339,   0.00256,   0.06000,  -0.14021,  -0.07129,   0.02718,  -0.09098,  -0.01877,  -0.11395,   0.05180,   0.03374,   0.07969,  -0.01221,  -0.03518,  -0.02533,   0.02882,  -0.08770,  -0.09098,   0.03703,   0.02062,  -0.00400,   0.00256,   0.01077,   0.00420,  -0.02369,  -0.02369,   0.02390,   0.05672,  -0.01713,  -0.02369,   0.05836,  -0.02862,  -0.02533,   0.00913,  -0.07129,   0.00585,   0.03867,  -0.01877,  -0.04667,   0.08954,   0.04195,   0.02554,   0.05344,   0.01241,  -0.03846,  -0.07949,  -0.05159,  -0.05652,   0.02718,  -0.03026,   0.01077,   0.00092,  -0.05487,   0.01405,  -0.01713,  -0.01713,  -0.00072,   0.06164,  -0.01385,   0.02062,  -0.05652,   0.01569,   0.00092,  -0.00728,   0.05016,  -0.02205,   0.04523,  -0.03518,  -0.03026,  -0.04995,  -0.02698,  -0.06636,  -0.03518,  -0.05652,  -0.04175,   0.02882,  -0.04339,  -0.05487,  -0.00728,   0.06328,   0.03867,   0.03210,  -0.02862,  -0.02533,   0.12893,  -0.04831,   0.00585,  -0.02862,  -0.11231,   0.03374,   0.05836,   0.04359,  -0.01385,   0.02554,   0.04687,  -0.03026,  -0.01549,  -0.04175,   0.06985,   0.01241,  -0.03190,   0.00913,   0.00913,  -0.05652,   0.00585,  -0.06636,   0.04195,  -0.04010,   0.04523,  -0.03518,  -0.03518,  -0.04667,   0.04031,   0.03210,   0.03539,  -0.05980,  -0.01385,   0.03210,   0.00092,  -0.07293,  -0.04831,   0.02062,   0.01897,   0.01569,   0.02390,   0.01733,  -0.00892,  -0.01877,  -0.02041,   0.00913,   0.08298,   0.03210,   0.00749,  -0.06308,  -0.04339,  -0.02862,   0.01569,   0.01897,   0.02062,   0.02226,  -0.03846,  -0.02041,   0.00256,   0.03210,  -0.03846,  -0.03682,  -0.04831,   0.07313,   0.00585,   0.00420,  -0.04503,   0.00585,  -0.00400,  -0.03518,   0.02554,   0.07149,   0.00256,  -0.01713,  -0.00400,  -0.00400,   0.00913,  -0.02205,  -0.02862,   0.07313,  -0.04667,   0.02390,   0.03046,  -0.05487,  -0.02698,   0.04359,   0.02062,   0.00913,  -0.01549,   0.08298,  -0.02533,   0.00256,  -0.02369,  -0.00564,  -0.00892,   0.05508,  -0.02369,   0.01897,  -0.00072,  -0.10903,  -0.00400,   0.02062,  -0.02041,   0.07477,   0.04031,  -0.10575,   0.01897,   0.00420,  -0.00072,   0.00256,  -0.03846,  -0.06636,  -0.02041,   0.05836,   0.01733,  -0.04339,  -0.03026,  -0.01877,  -0.01056,  -0.00728,  -0.00728,   0.01897,  -0.04339,   0.03867,  -0.04667,  -0.02205,   0.04195,  -0.01056,  -0.02698,  -0.02041,   0.02390,  -0.04995,  -0.00892,   0.06164,   0.02882,  -0.00072,   0.01733,  -0.03846,  -0.02533,   0.01405,  -0.03026,  -0.03682,   0.05016,   0.01405,  -0.00400,  -0.00892,   0.00913,   0.03703,  -0.00728,   0.02226,   0.03703,   0.01405,  -0.01385,   0.11744,   0.01733,   0.02226,   0.00420,   0.01241,  -0.02369,  -0.00236,  -0.05652,  -0.01713,   0.00420,   0.04851,   0.00585,   0.03046,  -0.01877,   0.06492,   0.00256,  -0.02698,  -0.03026,  -0.07785,   0.00420,  -0.07785,  -0.03026,   0.05180,  -0.09098,   0.02226,   0.01405,   0.01077,  -0.04339,  -0.01056,  -0.01385,   0.03703,  -0.04175,   0.01733,  -0.07621,  -0.01549,   0.02226,   0.11580,   0.03703,   0.01077,   0.01241,   0.00749,   0.03703,   0.04031,  -0.04667,   0.02226,   0.02390,  -0.06144,   0.04359,  -0.08277,   0.00913,  -0.04010,   0.03539,   0.04687,  -0.00072,   0.04687,  -0.01713,   0.01569,  -0.02862,  -0.04667,   0.06000,  -0.02205,  -0.02205,  -0.00892,   0.09446,   0.04851,  -0.03190,  -0.02041,   0.01405,   0.03046,  -0.04667,   0.01733,   0.00749,   0.00749,  -0.02862,   0.02226,   0.00913,  -0.06636,   0.05344,  -0.00892,   0.04687,   0.08298,  -0.03518,  -0.01877,   0.03539,  -0.03354,   0.04523,  -0.03354,  -0.04995,  -0.04010,  -0.04010,   0.02390,  -0.00564,  -0.05159,  -0.00728,  -0.01221,  -0.02862,  -0.05323,   0.03539,   0.00092,  -0.05980,   0.05344,   0.02390,  -0.01385,  -0.00564,  -0.01549,   0.00092,  -0.04995,   0.01077,  -0.10247,  -0.05980,  -0.03518,   0.00913,  -0.03190,   0.07805,   0.03374,   0.01569,  -0.09098,   0.02226,   0.02390,  -0.05323,  -0.08605,  -0.06800,   0.03703,   0.00749,  -0.00564,  -0.01385,  -0.05816,   0.04687,   0.07313,  -0.00892,   0.12236,  -0.08441,   0.10103,  -0.00728,   0.01569,   0.03539,   0.09446,  -0.02698,  -0.05652,  -0.05816,   0.03374,   0.03539,   0.02554,   0.02062,   0.04851,   0.00585,   0.04523,   0.05672,   0.01733,  -0.01877,   0.02390,   0.00749,   0.01405,   0.01897,  -0.06308,  -0.04503,  -0.05487,   0.05672,   0.01569,  -0.02041,  -0.10411,   0.01077,  -0.00564,   0.00420,  -0.01056,  -0.05323,  -0.01056,  -0.01877,  -0.01713,  -0.04010,  -0.01221,  -0.05159,  -0.04503,  -0.00892,   0.04687,  -0.11231,  -0.08441,   0.03867,  -0.00236,  -0.03026,  -0.06472,  -0.00564,  -0.06472,   0.03374,   0.08790,  -0.00236,   0.06985,   0.00585,   0.02062,  -0.01221,   0.01897,   0.02062,   0.00749,  -0.07949,  -0.00236,   0.00420,   0.04687,   0.06164,  -0.10247,   0.03703,  -0.00072,  -0.04010,  -0.06472,  -0.00072,   0.01077,  -0.00400,  -0.00728,  -0.00892,  -0.05816,   0.00420,   0.01241,   0.05508,   0.06000,   0.01077,  -0.00072,   0.03374,   0.02226,  -0.04831,  -0.04010,  -0.03518,  -0.04175,   0.00749,  -0.06144,  -0.02205,   0.01405,  -0.04175,  -0.04010,  -0.02698,  -0.03026,   0.00256,   0.01569,  -0.03190,  -0.04995,  -0.02041,  -0.02862,  -0.02369,   0.01897,   0.03703,   0.00092,   0.03046,  -0.03354,   0.03703,   0.02390,  -0.02369,  -0.01221,   0.04851,   0.02390,   0.01733,  -0.00892,   0.03539,   0.01733,  -0.01221,  -0.01385,   0.06000,   0.02882,  -0.05652,   0.04195,  -0.02041,   0.00256,  -0.02205,   0.05180,   0.10431,   0.00092,  -0.00564,  -0.10903,  -0.01713,  -0.00400,  -0.03354,  -0.02205,  -0.04667,  -0.03682,   0.00092,   0.03867,   0.02226,   0.01405,  -0.04503,   0.02882,   0.04195,   0.03046,  -0.01877,  -0.03190,   0.00913,  -0.00072,  -0.01221,  -0.01549,  -0.03026,   0.02882,   0.00585,   0.00092,  -0.02205,  -0.04831,  -0.01713,   0.00092,  -0.03518,  -0.00728,   0.02882,   0.01405,   0.05508,   0.02062,   0.00913,  -0.03354,  -0.02205,  -0.03026,   0.06164,   0.01077,  -0.03190,   0.00420,   0.02554,   0.02882,  -0.00236,  -0.03190,  -0.05980,   0.01733,  -0.00400,  -0.01385,   0.06821,  -0.00236,   0.02718,  -0.02862,   0.01405,   0.04687,  -0.11067,  -0.05159,  -0.06964,   0.01077,  -0.05816,   0.03867,  -0.01549,  -0.02205,   0.03703,  -0.00564,   0.02226,   0.10431,  -0.02862,  -0.03026,  -0.03682,  -0.00892,  -0.02041,  -0.01385,  -0.01056,  -0.02698,  -0.00564,  -0.02041,   0.02226,   0.00749,  -0.09754,   0.05016,   0.00420,   0.02226,   0.03539,  -0.08277,   0.01897,   0.02062,   0.05836,  -0.03190,  -0.03354,   0.02226,   0.01569,  -0.01713,  -0.03846,  -0.02041,  -0.05159,  -0.03354,  -0.04175,  -0.03518,   0.09118,   0.07477,   0.00420,  -0.00892,   0.01733,   0.06000,   0.03374,   0.03703,   0.00585,   0.01897,   0.02554,  -0.03682,   0.01077,  -0.07949,  -0.03682,  -0.01221,  -0.02533,   0.05180,  -0.00564,  -0.03846,   0.05016,  -0.01385,   0.04195,  -0.01713,   0.01733,   0.05180,   0.00092,   0.01569,  -0.01385,  -0.01385,  -0.07293,  -0.03846,  -0.03518,  -0.04503,   0.00420,  -0.01385,   0.00092,   0.06000,  -0.00892,  -0.01713,  -0.07457,   0.00256,   0.00420,   0.02062,   0.04523,   0.06164,   0.00420,  -0.01713,   0.00913,  -0.00400,  -0.02533,   0.01733,   0.03210,   0.08626,   0.06164,  -0.01056,   0.06164,  -0.03026,   0.00749,  -0.00892,  -0.03518,   0.00749,  -0.01221,  -0.00728,  -0.02041,   0.02882,  -0.01221,  -0.02369,   0.05836,  -0.00892,   0.00256,  -0.06144,   0.00749,  -0.01056,   0.01569,  -0.05487,  -0.06144,   0.01569,  -0.00564,  -0.00564,  -0.02862,  -0.01877,   0.02718,   0.01569,  -0.02041,  -0.02533,  -0.04995,  -0.05323,   0.02062,  -0.01385,  -0.05323,   0.02882,  -0.06636,  -0.03026,   0.01077,  -0.01056,  -0.00728,  -0.00564,  -0.01385,  -0.03354,   0.01077,  -0.00564,   0.07313,  -0.01549,  -0.00400,   0.01733,   0.03210,   0.03374,  -0.02533,   0.00256,   0.10103,   0.02882,   0.02390,   0.02882,  -0.08605,   0.01241,   0.07313,   0.01569,   0.01405,  -0.01877,   0.08134,  -0.05980,   0.03046,  -0.05487,  -0.01549,   0.02226,   0.01077,   0.05344,  -0.06144,  -0.00236,   0.02554,  -0.04339,   0.00913,  -0.00728,  -0.04010,  -0.02205,  -0.04175,   0.09611,  -0.04339,   0.00913,   0.05180,  -0.04831,  -0.00564,   0.03867,   0.06657,   0.02718,  -0.00236,  -0.01549,  -0.03354,   0.02226,  -0.00072,  -0.03518,  -0.03518,   0.03046,  -0.03354,  -0.04503,  -0.01385,  -0.09754,   0.02554,  -0.04667,  -0.00072,  -0.01877,  -0.00400,   0.00420,   0.05836,   0.01077,   0.02718,   0.01405,   0.01733,   0.02226,  -0.03354,   0.00913,   0.01569,  -0.07457,   0.06328,  -0.04503,   0.01241,  -0.01056,   0.05508,   0.05508,   0.02718,   0.03046,  -0.03190,   0.02062,  -0.00892,   0.05508,   0.01569,  -0.03354,  -0.03846,   0.05016,  -0.01385,   0.01733,   0.01077,  -0.02862,  -0.01056,   0.05180,  -0.08605,  -0.04339,   0.01733,   0.01733,  -0.05816,   0.00913,   0.04031,  -0.00564,  -0.02369,  -0.02369,   0.06985,   0.03046,   0.07969,  -0.03026,  -0.01549,   0.04687,   0.01405,   0.07149,   0.02062,  -0.00072,  -0.01877,  -0.02041,   0.04523,  -0.03682,  -0.08934,  -0.04831,  -0.00892,  -0.02369,  -0.03846,  -0.00892,   0.06821,  -0.00400,   0.00092,  -0.00564,  -0.02041,  -0.02369,  -0.00072,  -0.02533,  -0.01549,  -0.03518,   0.00420
   0.00749,  -0.04010,  -0.04175,   0.06492,   0.02718,  -0.00400,  -0.02205,   0.07969,  -0.02698,  -0.04667,   0.06000,  -0.01713,  -0.00236,  -0.09426,  -0.07621,  -0.02862,   0.06000,   0.00585,  -0.02041,  -0.03354,  -0.01056,   0.10103,   0.05344,  -0.03682,   0.04523,   0.05344,   0.06164,   0.06821,  -0.05487,  -0.03190,   0.04523,  -0.00892,   0.02226,   0.02882,  -0.04175,   0.01733,   0.00256,  -0.03354,   0.03210,  -0.10247,   0.02554,   0.04359,  -0.02205,  -0.04503,   0.02390,   0.04851,  -0.04010,  -0.03846,  -0.07457,   0.01569,   0.07149,  -0.02369,  -0.08277,   0.02718,  -0.02369,  -0.02533,  -0.00728,   0.01733,  -0.01056,  -0.00072,  -0.00728,   0.00749,   0.02554,   0.06164,  -0.02862,  -0.01385,   0.03374,  -0.06308,   0.01897,  -0.01713,   0.00913,  -0.02862,   0.01405,   0.03703,   0.04031,   0.04687,   0.03210,   0.02390,  -0.00728,  -0.02533,   0.03046,  -0.03190,  -0.04503,   0.06164,  -0.05159,   0.05180,   0.07477,   0.00420,  -0.00728,   0.04359,   0.04687,   0.03703,   0.00585,   0.06164,   0.08954,   0.05508,   0.00420,  -0.08770,  -0.05980,   0.02882,   0.00256,  -0.05980,  -0.02698,   0.03374,  -0.01877,   0.09775,   0.02226,  -0.03682,  -0.01056,  -0.01056,  -0.02205,  -0.04667,  -0.01877,  -0.05323,  -0.02205,   0.00420,   0.04031,  -0.02369,  -0.00728,   0.02062,  -0.00564,   0.04031,  -0.04010,   0.05508,  -0.02862,  -0.00236,  -0.05980,   0.00913,   0.05344,   0.02062,   0.10431,   0.04523,   0.06657,   0.00420,  -0.02041,  -0.03518,  -0.02862,  -0.05652,   0.02390,  -0.00728,   0.05344,  -0.04831,  -0.04995,   0.00092,   0.01569,  -0.00728,  -0.08441,  -0.05652,  -0.03026,  -0.03026,   0.01569,  -0.00400,   0.04359,  -0.05159,   0.03374,  -0.04667,   0.04031,   0.06985,  -0.03354,   0.00256,   0.05344,  -0.05980,  -0.05816,  -0.14021,   0.06164,  -0.01385,  -0.01713,  -0.01549,   0.04031,   0.03703,  -0.00072,   0.01733,   0.02882,  -0.01877,   0.07641,  -0.01221,   0.00092,   0.01405,   0.04687,   0.01569,  -0.05159,   0.02882,   0.02718,  -0.00892,   0.06000,  -0.06308,  -0.05816,  -0.04175,  -0.05159,   0.01897,  -0.00400,   0.01897,  -0.05816,  -0.06636,   0.03539,  -0.07785,   0.02226,  -0.02369,  -0.00728,   0.01241,   0.01733,   0.01733,   0.05180,   0.08626,  -0.06308,   0.03046,   0.00420,   0.02718,   0.00256,   0.01241,   0.00420,   0.03046,   0.01241,  -0.03026,  -0.05816,   0.02718,  -0.04010,  -0.05980,  -0.00236,  -0.01221,   0.01733,  -0.00400,  -0.01713,  -0.01221,   0.02554,  -0.01549,  -0.02862,   0.00913,  -0.00728,  -0.00728,   0.02390,  -0.01385,  -0.01056,  -0.01385,  -0.01713,  -0.04995,  -0.04995,   0.02226,  -0.01056,  -0.02698,   0.03046,  -0.03190,   0.00585,  -0.07293,   0.04195,  -0.05323,   0.02062,   0.02554,   0.03867,   0.06492,   0.02062,  -0.02041,  -0.00072,   0.04195,   0.04851,  -0.03518,   0.07477,   0.01241,   0.02718,  -0.02369,   0.00585,  -0.03190,  -0.07457,   0.01241,   0.02554,  -0.00072,  -0.02533,   0.03539,  -0.02698,   0.02882,   0.01733,   0.01241,  -0.02369,   0.05016,  -0.00072,   0.06000,   0.02882,  -0.05980,  -0.01221,   0.00256,   0.08134,   0.01405,  -0.00892,  -0.02205,  -0.03026,  -0.00728,  -0.02862,   0.00256,  -0.02205,  -0.05159,  -0.05980,  -0.03682,  -0.02041,   0.08134,  -0.04831,   0.00256,  -0.04667,  -0.03682,  -0.01713,   0.06985,  -0.04667,   0.00420,   0.08954,   0.05508,   0.01077,  -0.00236,   0.00749,   0.04687,   0.06821,  -0.06308,  -0.04995,   0.00749,  -0.00400,  -0.05980,  -0.02205,  -0.01385,   0.05344,   0.01405,   0.00420,  -0.08277,   0.00092,  -0.06144,  -0.00564,  -0.05487,  -0.02369,   0.00585,  -0.02369,   0.01405,  -0.04831,   0.03210,  -0.03682,   0.08790,   0.02226,   0.01077,   0.00749,  -0.03846,   0.05344,   0.04359,  -0.02698,   0.01897,  -0.00072,   0.00092,   0.07969,  -0.00728,   0.05672,   0.08790,   0.01405,  -0.04667,  -0.04010,   0.02554,  -0.06472,   0.04195,   0.02390,   0.05016,   0.01897,  -0.05816,  -0.02041,  -0.01549,  -0.01385,  -0.04175,   0.01733,  -0.04175,   0.00092,   0.01569,  -0.03354,   0.00585,   0.03046,   0.00585,  -0.01056,   0.05180,   0.00092,  -0.01549,  -0.05487,   0.01569,  -0.08441,  -0.01056,  -0.05652,  -0.08277,   0.03374,   0.01405,  -0.02862,  -0.00892,   0.09939,  -0.03518,   0.06000,  -0.00400,   0.03703,   0.00749,   0.01077,   0.01897,  -0.06308,  -0.06144,   0.07641,   0.01241,   0.01569,  -0.06964,  -0.04667,  -0.00400,  -0.00236,   0.01077,   0.04359,  -0.02041,   0.03374,   0.02882,  -0.05980,  -0.01877,   0.02226,   0.08626,   0.07149,   0.06985,  -0.03682,  -0.03682,   0.07149,  -0.05323,  -0.00236,   0.01569,   0.03210,  -0.03518,  -0.05323,  -0.00892,   0.11416,  -0.05323,   0.02226,   0.06821,  -0.07293,  -0.01056,   0.01733,   0.11088,  -0.03682,   0.00913,   0.01733,   0.03046,  -0.00400,   0.01405,   0.01405,  -0.06308,  -0.07621,  -0.04503,   0.05508,   0.05508,   0.03046,  -0.01385,  -0.07129,   0.04523,  -0.05159,  -0.04995,   0.00913,  -0.00400,   0.03867,  -0.00400,   0.00420,  -0.01221,  -0.02369,   0.00256,  -0.01877,   0.05180,   0.03210,  -0.03846,   0.00256,   0.12236,  -0.02862,   0.01405,  -0.01056,  -0.00400,   0.03539,  -0.05652,  -0.01713,   0.07477,  -0.03026,   0.01733,   0.02062,  -0.05980,  -0.01221,   0.02390,   0.06985,   0.03867,   0.05016,  -0.07785,   0.01569,  -0.01056,   0.01405,   0.01077,  -0.01056,   0.00585,   0.01405,  -0.07293,  -0.00400,   0.01241,  -0.00236,   0.04851,   0.03210,  -0.02205,   0.00420,  -0.12544,  -0.02533,  -0.08770,   0.06657,   0.05016,   0.02882,   0.00256,  -0.08441,   0.01569,   0.03210,   0.05180,  -0.03682,  -0.03846,  -0.00072,   0.06164,  -0.03026,   0.08134,   0.04195,   0.00913,   0.06492,  -0.03846,   0.08298,  -0.02369,   0.06821,   0.03374,   0.00585,   0.02062,  -0.03846,   0.00913,  -0.04175,   0.06985,   0.00749,  -0.04175,  -0.06144,  -0.01549,   0.02062,   0.05016,   0.01733,  -0.01056,  -0.03354,   0.00913,  -0.04339,   0.04031,  -0.00400,   0.01405,  -0.13201,  -0.08277,  -0.03190,   0.07641,   0.01897,  -0.03682,   0.07313,   0.07313,  -0.03846,   0.11252,   0.00092,  -0.00892,   0.02226,  -0.00564,  -0.04010,  -0.03026,   0.01569,  -0.02698,  -0.02041,  -0.04175,  -0.07293,   0.00913,   0.00420,   0.01569,   0.12729,   0.01077,   0.01733,   0.04359,   0.05508,  -0.02533,   0.00256,   0.01241,   0.00913,  -0.02533,  -0.05323,   0.03374,   0.02882,  -0.04010,  -0.04995,  -0.02533,  -0.03354,   0.04195,   0.02390,  -0.01385,   0.01733,   0.01241,   0.03374,  -0.02533,  -0.01549,   0.00092,   0.00749,   0.01241,   0.04523,   0.07805,   0.02882,  -0.04667,  -0.06308,  -0.04175,  -0.05816,   0.03046,   0.01569,   0.00749,   0.03046,  -0.04175,   0.00585,  -0.00564,   0.03046,   0.00913,  -0.02205,  -0.01221,   0.05016,  -0.02041,  -0.03682,   0.00420,  -0.01877,   0.01569,  -0.02533,   0.00749,   0.02718,   0.03210,   0.05508,   0.04359,   0.06657,   0.08462,   0.00092,  -0.04010,  -0.04503,   0.00913,  -0.01877,  -0.03518,  -0.03190,   0.00585,  -0.05652,   0.00256,   0.08954,   0.06164,  -0.05323,  -0.00892,  -0.02862,   0.04687,   0.00585,  -0.06308,  -0.01877,   0.06492,  -0.00400,  -0.01221,  -0.06800,   0.06492,   0.05016,  -0.03518,  -0.02205,  -0.04175,   0.01897,  -0.01877,   0.01733,   0.00420,  -0.03190,   0.01569,  -0.05980,   0.06657,   0.01569,   0.00749,   0.05836,  -0.02862,  -0.03846,   0.05508,   0.13877,  -0.00072,  -0.00892,   0.04687,   0.06985,  -0.00072,   0.01405,   0.00585,   0.04851,   0.01733,  -0.02698,   0.00913,  -0.02369,  -0.00236,   0.01733,   0.06657,   0.07149,  -0.00892,  -0.03354,   0.08626,  -0.01713,   0.06492,   0.06657,  -0.05487,  -0.00892,  -0.01221,  -0.02698,  -0.01056,   0.07313,  -0.01877,  -0.00892,  -0.07457,  -0.00236,  -0.06472,  -0.03846,   0.01897,  -0.04831,  -0.02205,   0.05180,  -0.03026,   0.05508,  -0.02862,  -0.03190,   0.00420,   0.01405,   0.07313,  -0.01549,  -0.01221,  -0.03682,  -0.02205,   0.00749,  -0.06472,  -0.01713,  -0.00236,  -0.02533,   0.03703,  -0.02533,   0.00256,  -0.05487,   0.04851,   0.01077,  -0.07293,  -0.08441,  -0.05159,   0.00749,  -0.02533,  -0.02041,   0.08790,  -0.00072,   0.00420,  -0.07293,   0.02062,   0.02390,  -0.07621,  -0.09098,   0.02062,  -0.09098,   0.08462,   0.03046,   0.05672,  -0.03846,   0.04523,   0.04523,   0.10431,  -0.02533,  -0.02369,  -0.10411,   0.00420,  -0.03846,  -0.05159,  -0.01877,  -0.04010,   0.05344,  -0.00728,   0.00749,   0.01077,  -0.01056,  -0.03518,  -0.04667,   0.01733,  -0.01221,  -0.02698,  -0.03026,  -0.03682,   0.01405,  -0.03682,   0.01241,   0.03374,   0.06328,  -0.01385,   0.09446,  -0.05487,  -0.06144,   0.02226,  -0.02041,  -0.02533,  -0.06308,  -0.03846,  -0.00400,  -0.00400,  -0.01877,   0.01897,   0.02226,   0.02390,   0.02554,   0.03539,  -0.00400,  -0.02862,   0.05508,  -0.09754,   0.02226,   0.01077,   0.01733,  -0.06144,  -0.00072,   0.04031,   0.05508,   0.12236,  -0.02205,   0.05508,  -0.01877,   0.00585,   0.08790,  -0.00728,   0.03046,  -0.06964,   0.00092,  -0.04831,  -0.03682,   0.03046,  -0.01385,  -0.04339,  -0.00564,   0.02226,  -0.04339,   0.08626,   0.01077,   0.05836,  -0.01877,   0.04851,   0.01077,   0.00420,  -0.04831,  -0.03846,  -0.03190,  -0.00236,  -0.00400,   0.02062,  -0.04995,   0.02226,   0.01241,  -0.04831,   0.02718,  -0.04503,   0.03374,  -0.00564,  -0.02205,  -0.00892,  -0.03518,   0.01569,   0.03374,  -0.06144,  -0.00072,  -0.07949,  -0.05487,   0.02226,  -0.03518,  -0.00892,   0.03374,   0.00256,   0.06328,  -0.01056,   0.00749,  -0.03846,  -0.04831,   0.00256,   0.04195,   0.02226,  -0.06800,  -0.03190,  -0.04667,   0.02554,  -0.00400,   0.00420,   0.09282,   0.03210,  -0.07949,  -0.06964,  -0.09918,   0.01077,  -0.03682,   0.00420,  -0.00236,   0.06164,  -0.01877,  -0.01713,   0.02062,   0.00749,   0.05344,  -0.01221,   0.00585,  -0.02533,   0.00585,   0.00092,   0.02554,  -0.02533,   0.00585,  -0.04010,  -0.00236,  -0.00564,   0.01241,   0.01569,  -0.03846,  -0.00072,  -0.05816,   0.08954,  -0.01221,  -0.00236,  -0.11395,  -0.02369,   0.04523,   0.01077,  -0.05652,   0.05672,   0.02882,  -0.00236,   0.08134,   0.03703,   0.01077,   0.03539,   0.02882,   0.02226,  -0.01221,   0.05836,   0.01405,  -0.03846,  -0.01877,   0.00749,   0.09939,  -0.04175,  -0.00728,   0.00420,  -0.00564,  -0.04175,  -0.00236,   0.02226,   0.02554,   0.04031,  -0.02041,   0.06985,   0.00749,   0.07477,  -0.02205,  -0.04339,  -0.02533,  -0.02369,  -0.04175,   0.01405,  -0.03682,  -0.01221,  -0.04995,  -0.05652,  -0.02862,  -0.01549,   0.07313,   0.00913,  -0.00728,  -0.04831,  -0.02369,  -0.06144,  -0.03190,   0.05508,  -0.07129,   0.02062,  -0.03682,  -0.05323,  -0.09918,   0.00585,   0.01897,   0.04195,  -0.04667,   0.07641,  -0.03354,  -0.13857,  -0.07457,   0.05508,  -0.00892,   0.01569,  -0.00892,  -0.03026,   0.04031,  -0.03190,  -0.04995,   0.14862,  -0.00400,   0.02882,   0.02226,   0.01569,   0.07149,   0.03046,   0.07805,  -0.07293,  -0.14021,  -0.02369,   0.03210,   0.03867,   0.06164,   0.02062,   0.00092,   0.08626,  -0.04995,   0.06657,   0.00585,  -0.11067,   0.05344,  -0.01385,   0.09939,   0.06000,  -0.01549,   0.03539,   0.05344,  -0.01221,   0.04195,   0.04687,  -0.01713,  -0.05487,   0.00585,   0.08462,   0.06821,   0.03867,  -0.05980,   0.01897,  -0.00400,   0.05344,  -0.03354,  -0.01549,   0.00749,  -0.02205,  -0.05980,   0.09939
   0.06164,   0.00749,   0.00913,   0.07969,   0.01405,  -0.04175,  -0.00236,  -0.00728,   0.02226,   0.00420,  -0.01385,  -0.00400,   0.03539,   0.00585,  -0.05159,  -0.01549,   0.00420,   0.04523,  -0.06800,   0.03374,   0.01405,   0.02882,  -0.02698,  -0.04503,  -0.03190,   0.00749,  -0.02369,   0.01241,   0.00585,   0.06821,  -0.00892,  -0.07293,  -0.02205,  -0.01385,  -0.00236,   0.08626,  -0.03846,  -0.03354,   0.01077,  -0.01713,  -0.06144,  -0.02369,  -0.01549,   0.00420,   0.07313,   0.00256,  -0.09918,   0.04359,  -0.00072,  -0.02369,  -0.03846,   0.02882,   0.03703,  -0.00236,  -0.01549,   0.00420,   0.05180,  -0.03026,  -0.01056,  -0.01877,  -0.08441,  -0.02533,  -0.05980,   0.03210,  -0.01385,   0.05836,   0.03867,  -0.03846,   0.04031,   0.01569,  -0.11888,   0.01241,   0.02062,  -0.02533,   0.01241,  -0.04503,  -0.03354,   0.04851,   0.01733,  -0.06800,   0.03867,   0.00585,   0.00092,  -0.00236,  -0.08277,  -0.03026,  -0.02533,   0.02062,  -0.02533,  -0.01056,   0.05508,  -0.00892,  -0.04831,   0.01897,   0.10267,  -0.05323,  -0.00728,   0.04523,  -0.06472,  -0.02205,   0.05344,   0.00420,  -0.00072,  -0.08770,   0.01077,   0.00585,   0.07313,  -0.06800,  -0.00892,   0.02882,   0.01897,   0.04687,   0.02882,   0.03374,   0.02390,  -0.04339,  -0.01549,  -0.02698,  -0.09918,   0.02554,   0.06164,  -0.03026,   0.00256,   0.01405,  -0.01549,   0.01569,  -0.02041,   0.09118,  -0.02041,   0.01733,   0.02226,   0.04359,   0.05344,  -0.06308,   0.01077,  -0.01056,   0.04687,  -0.00400,  -0.13036,   0.04523,  -0.01713,  -0.03190,   0.01897,  -0.01713,  -0.00892,  -0.01877,  -0.00564,  -0.01056,  -0.03190,  -0.06144,   0.00585,  -0.02041,   0.02226,   0.01405,  -0.01713,  -0.04010,   0.00913,   0.03703,  -0.01549,   0.09775,   0.06328,  -0.01549,   0.00585,   0.01897,   0.05016,   0.02390,   0.05016,   0.01897,  -0.03518,  -0.01385,   0.06985,  -0.00072,   0.04851,   0.00749,  -0.03682,  -0.00072,   0.04523,  -0.01056,  -0.03354,  -0.00564,   0.04195,  -0.03518,   0.05836,  -0.04503,   0.04851,  -0.05159,   0.03867,  -0.01713,  -0.03846,  -0.06800,  -0.08277,  -0.03846,   0.02390,   0.01569,   0.03046,  -0.01385,   0.01733,   0.03703,   0.00749,   0.02882,   0.09118,  -0.11395,  -0.01877,  -0.00400,  -0.01549,   0.00913,   0.05016,  -0.00564,   0.00420,   0.03539,   0.00913,  -0.00728,  -0.02205,  -0.00892,  -0.00728,   0.02062,   0.00092,   0.10431,   0.04851,  -0.00236,  -0.07293,   0.00585,   0.03046,  -0.03354,   0.00256,   0.03867,   0.06821,   0.01241,  -0.03846,   0.02390,   0.05180,  -0.00400,  -0.00564,   0.00913,  -0.02533,   0.01897,   0.00256,  -0.01385,   0.01077,   0.01405,  -0.06308,   0.05016,   0.06492,  -0.02862,  -0.05487,  -0.02533,   0.04687,  -0.03190,  -0.03518,  -0.05816,   0.01569,   0.04851,  -0.03682,   0.01569,   0.00256,  -0.03026,   0.05836,  -0.03846,  -0.07457,  -0.02369,   0.00092,  -0.03354,  -0.05816,   0.05180,   0.01241,   0.03539,   0.05672,  -0.08605,   0.00420,   0.00420,  -0.03190,   0.01405,   0.03867,  -0.01877,   0.03539,  -0.03190,   0.01897,  -0.03846,  -0.03354,   0.08134,  -0.00564,   0.00420,  -0.06308,  -0.00236,   0.03703,  -0.00400,   0.02062,  -0.00728,   0.01897,  -0.01056,  -0.00892,  -0.03026,   0.06821,  -0.07293,  -0.00728,   0.01897,  -0.00072,   0.03867,   0.01405,   0.01733,  -0.03026,  -0.03354,   0.02718,  -0.10082,  -0.05652,  -0.00564,   0.03046,  -0.06308,   0.02554,  -0.06964,   0.06821,   0.01733,  -0.00892,  -0.01056,   0.06985,  -0.03518,   0.00585,  -0.14021,  -0.00400,  -0.00400,  -0.10082,   0.03374,   0.02062,  -0.05159,  -0.06144,  -0.02205,  -0.06144,  -0.02041,  -0.02205,   0.00256,   0.08298,  -0.01877,  -0.02369,   0.04687,  -0.07621,  -0.03190,  -0.03190,  -0.01221,   0.00749,   0.05180,   0.02062,  -0.03026,   0.00420,   0.00420,  -0.05159,   0.03867,   0.06657,  -0.03190,   0.03210,  -0.07129,   0.04359,  -0.04995,   0.00420,   0.06657,   0.03374,  -0.05816,   0.01405,  -0.03354,  -0.03846,  -0.07785,   0.04687,  -0.07457,  -0.02533,  -0.06472,   0.00913,  -0.02205,   0.02718,  -0.09590,  -0.07457,  -0.02862,   0.06000,   0.02554,  -0.06636,   0.05344,   0.03703,   0.02390,  -0.03354,   0.00913,   0.01569,   0.04031,  -0.00400,  -0.06144,  -0.07785,  -0.03354,   0.00092,   0.01897,  -0.00564,   0.02390,   0.07969,   0.02390,   0.02390,  -0.02369,   0.04359,   0.05344,  -0.03682,  -0.05980,   0.05016,  -0.04831,   0.04195,  -0.01713,  -0.01877,  -0.01713,  -0.01549,   0.03374,  -0.06636,  -0.01221,  -0.04995,   0.08134,   0.01241,  -0.02533,   0.03210,  -0.04339,  -0.05323,  -0.07457,  -0.06144,  -0.01877,  -0.02369,  -0.05487,   0.10759,  -0.03846,  -0.01877,   0.01077,   0.00749,   0.03867,  -0.01385,   0.03046,  -0.05816,   0.03539,  -0.02698,  -0.01056,  -0.03026,   0.07641,  -0.03026,   0.01733,   0.03210,  -0.09262,   0.10431,   0.05344,   0.00420,  -0.04503,  -0.06800,   0.05016,   0.05836,  -0.03846,   0.01405,  -0.00892,  -0.04175,  -0.03026,  -0.09426,   0.00092,  -0.00400,  -0.03026,  -0.01877,  -0.05487,  -0.02862,  -0.03518,  -0.03518,  -0.01056,   0.00913,  -0.04339,  -0.03518,  -0.07949,  -0.04010,   0.03046,   0.04359,   0.01077,   0.02718,  -0.03846,   0.00585,   0.01405,  -0.01056,   0.00913,  -0.08934,  -0.01877,   0.01077,  -0.00564,   0.01405,  -0.00236,  -0.03846,   0.12236,   0.01569,  -0.04175,   0.07969,  -0.03682,   0.00420,   0.05344,   0.00585,  -0.02205,   0.08790,   0.01897,  -0.00564,  -0.00728,   0.04031,   0.08626,  -0.04175,  -0.04175,  -0.00728,  -0.02862,  -0.01385,  -0.06964,  -0.04995,   0.07969,   0.05508,   0.06985,  -0.03846,   0.01077,   0.04851,   0.07313,   0.06000,  -0.02205,   0.00256,   0.03046,  -0.08277,  -0.06964,   0.04031,   0.05836,   0.06000,  -0.08277,  -0.03518,   0.02062,   0.01897,   0.01405,  -0.00892,   0.00913,   0.01077,   0.00092,   0.01077,   0.02554,   0.04851,   0.03210,   0.04195,   0.00092,   0.03539,  -0.03026,   0.03539,  -0.02041,  -0.01713,   0.00256,  -0.01713,  -0.10411,  -0.03190,   0.12072,   0.01405,   0.02226,   0.01569,   0.00256,  -0.02369,  -0.07129,  -0.01713,  -0.00728,   0.03539,  -0.01056,  -0.02862,   0.00585,   0.04851,   0.05180,  -0.01549,  -0.00892,  -0.00236,   0.04195,   0.05836,   0.03374,  -0.02369,   0.03374,  -0.02369,   0.05508,   0.02718,   0.05180,   0.00585,   0.08790,  -0.02533,   0.01569,   0.03703,   0.01733,   0.06164,   0.04687,   0.02390,   0.01733,   0.06657,   0.09939,   0.09118,   0.00420,   0.06164,   0.06000,   0.07805,   0.06657,  -0.00072,   0.04523,   0.03046,   0.00913,   0.02390,  -0.04831,  -0.06472,  -0.02041,   0.03046,  -0.03682,   0.00749,  -0.05323,   0.01077,  -0.07621,  -0.03682,  -0.04995,  -0.03354,   0.00420,   0.00585,  -0.02369,   0.01077,  -0.00564,  -0.02862,   0.04359,   0.03539,   0.07477,  -0.03518,  -0.12708,   0.02390,   0.00256,  -0.03682,  -0.01549,   0.02882,   0.02554,   0.01077,  -0.09426,  -0.01877,   0.03703,   0.00585,   0.00092,   0.01733,  -0.00564,  -0.07293,   0.01077,  -0.05816,   0.07477,   0.01077,  -0.02369,   0.08790,   0.01897,  -0.04831,  -0.08441,  -0.03518,  -0.09262,   0.00749,  -0.08934,   0.01569,  -0.02041,  -0.01385,   0.03539,   0.02718,  -0.00728,  -0.11395,  -0.03354,   0.04195,  -0.00072,   0.01569,  -0.07129,   0.04195,   0.01897,   0.00420,  -0.00072,  -0.00728,   0.01569,  -0.07621,  -0.01221,   0.04687,  -0.03026,  -0.02698,   0.04031,   0.02882,  -0.01221,   0.05180,   0.01897,   0.02226,  -0.02533,   0.04687,  -0.01221,  -0.06964,  -0.07129,   0.05180,   0.06492,  -0.01056,   0.00585,   0.03539,   0.05344,  -0.01549,  -0.03354,  -0.01221,   0.03046,   0.03539,  -0.00892,  -0.02041,   0.01897,   0.02390,   0.04851,   0.05180,  -0.02862,  -0.00072,  -0.04831,   0.00420,   0.01569,   0.00913,  -0.06472,  -0.03026,   0.04031,  -0.04503,   0.01569,   0.00749,  -0.01713,  -0.06472,   0.05836,  -0.04175,  -0.02041,  -0.01713,   0.02062,   0.01897,   0.01897,   0.01569,  -0.01877,   0.02554,   0.02390,  -0.01385,   0.03703,  -0.01221,   0.00749,  -0.06472,  -0.03682,  -0.04831,  -0.00728,   0.01733,  -0.02041,   0.00420,   0.01733,   0.02882,   0.02554,  -0.06472,   0.02718,   0.00749,  -0.03518,   0.02226,   0.01077,  -0.03190,   0.05180,  -0.00072,  -0.00072,  -0.01221,   0.02390,  -0.02533,   0.01077,  -0.02041,   0.00913,  -0.03354,   0.02390,  -0.02041,   0.02062,  -0.02369,  -0.00236,   0.00913,   0.10759,   0.02554,  -0.01385,  -0.05816,   0.05180,   0.05836,   0.00256,   0.01897,   0.06164,   0.10431,   0.05672,   0.04359,  -0.00564,   0.05672,   0.00420,  -0.03354,   0.04031,  -0.01549,  -0.02205,   0.02390,   0.01897,  -0.00728,  -0.04995,   0.01241,   0.04851,  -0.02862,  -0.00892,   0.00092,  -0.03354,  -0.02369,  -0.00728,  -0.02041,   0.00913,  -0.00564,  -0.00728,  -0.05323,  -0.03846,  -0.06800,   0.03046,   0.01569,   0.00749,   0.00913,  -0.02533,  -0.06964,  -0.00564,   0.00585,  -0.01056,   0.04359,  -0.01221,  -0.02862,  -0.04667,  -0.03354,   0.00256,  -0.02369,  -0.00236,  -0.03026,  -0.02698,   0.04523,  -0.02041,   0.03374,   0.00420,   0.03210,  -0.07621,  -0.02533,  -0.04995,  -0.02862,  -0.02698,  -0.01056,  -0.04010,   0.00420,  -0.02698,  -0.04503,  -0.00400,   0.05508,  -0.04667,  -0.05487,   0.06000,   0.06164,   0.00913,   0.06164,   0.00749,  -0.02041,  -0.03026,  -0.02369,   0.11908,   0.03703,  -0.01713,  -0.03846,   0.06657,   0.03046,   0.00420,   0.00913,   0.07969,   0.02390,   0.00749,   0.05180,  -0.02041,   0.01897,   0.03539,  -0.02369,   0.04031,  -0.06964,   0.00420,   0.03539,  -0.01221,  -0.01056,   0.04359,   0.04687,   0.04523,  -0.02862,  -0.04175,   0.00749,   0.05508,  -0.01549,  -0.02369,   0.02554,   0.01405,  -0.03190,  -0.00892,   0.00585,   0.06328,   0.01405,   0.00913,  -0.01221,   0.02062,   0.00749,   0.03210,   0.02554,   0.00092,  -0.02533,   0.07641,   0.05836,  -0.01549,   0.03046,   0.02062,   0.10431,  -0.03682,   0.02554,   0.05344,  -0.03682,   0.01405,   0.06164,  -0.01549,   0.02390,   0.06657,  -0.03354,   0.00420,  -0.04339,  -0.03682,  -0.11231,   0.02718,   0.06328,   0.05180,  -0.00072,  -0.02369,   0.06657,   0.00092,  -0.04831,   0.00092,   0.02226,   0.01241,   0.02882,  -0.01056,  -0.00892,   0.00749,   0.03703,  -0.03846,   0.04195,   0.04523,  -0.00400,  -0.00236,  -0.03190,  -0.03354,  -0.02369,   0.01077,   0.01897,   0.05180,  -0.02369,  -0.01549,   0.05836,   0.02718,   0.04523,   0.01241,   0.01897,   0.01405,  -0.03026,  -0.00236,   0.05016,  -0.01877,  -0.01056,   0.01897,   0.00749,   0.00749,   0.06657,   0.02390,   0.06985,   0.02390,   0.02554,   0.02390,  -0.02369,   0.03539,   0.04851,  -0.02533,  -0.05487,   0.02226,  -0.00400,   0.04523,  -0.01056,   0.01897,  -0.04010,  -0.00400,   0.04851,   0.04195,   0.04523,  -0.04831,  -0.04010,   0.03703,   0.04359,  -0.01877,  -0.02533,   0.03046,  -0.08934,  -0.00400,  -0.04175,   0.04851,  -0.04339,   0.01569,   0.08790,  -0.00236,  -0.00892,  -0.04175,  -0.00400,  -0.02369,  -0.03682,   0.00256,   0.00913,  -0.09918,   0.03867,  -0.05323,   0.01569,  -0.07785,  -0.09918,   0.05672,  -0.05980,  -0.04175,   0.01569,   0.08462,  -0.03026,   0.00092,  -0.02205,  -0.00400,   0.03374,   0.01733,  -0.05323,   0.01897,  -0.02041,  -0.03190,  -0.00728,  -0.00892,   0.02554,  -0.00892,   0.03374,   0.00585,  -0.06636,   0.08298,   0.05344,   0.02554,  -0.03518,  -0.04831
   0.00585,   0.04523,  -0.00564,   0.05016,  -0.04503,   0.04851,  -0.06144,   0.00913,   0.07313,   0.04031,   0.04523,   0.03539,   0.02390,   0.01897,  -0.05159,  -0.00072,   0.06000,  -0.04503,   0.02062,  -0.11888,   0.02882,  -0.00236,   0.00256,   0.01077,   0.03539,  -0.07949,   0.01077,   0.02226,   0.00749,  -0.05323,  -0.03682,   0.03210,  -0.01385,  -0.00072,   0.01241,   0.00092,   0.06328,  -0.02041,   0.03210,   0.01241,  -0.00564,   0.04195,   0.00913,  -0.04831,   0.02390,  -0.05652,   0.08626,  -0.01877,   0.02718,  -0.05159,  -0.03354,   0.01405,   0.00420,  -0.01877,   0.00913,   0.02718,   0.00420,   0.00420,   0.06000,  -0.00400,  -0.03846,   0.06657,   0.02882,  -0.02698,   0.00420,  -0.03190,  -0.02041,   0.07969,  -0.03682,   0.01405,   0.05180,   0.03867,   0.01077,  -0.03354,   0.06492,   0.01405,  -0.04503,  -0.00236,  -0.02369,   0.02390,   0.02062,  -0.07129,  -0.08277,   0.00420,   0.04031,   0.00913,   0.05344,  -0.02041,   0.04359,   0.00913,   0.04851,  -0.01385,   0.00749,   0.00092,   0.06985,   0.03867,  -0.07129,   0.01897,  -0.09098,   0.01241,   0.04523,  -0.03190,  -0.01221,  -0.01221,  -0.01056,   0.06985,  -0.01877,   0.06492,  -0.01877,   0.06328,   0.02718,  -0.04010,   0.03046,  -0.02533,   0.02882,   0.05672,  -0.03354,   0.00092,  -0.03190,   0.04195,   0.05508,  -0.02862,   0.06657,   0.06000,  -0.05980,   0.00585,  -0.05159,   0.04523,   0.03046,  -0.01877,   0.02062,   0.04195,  -0.01549,  -0.02041,   0.07149,   0.03867,  -0.02533,  -0.00892,   0.06985,   0.04031,   0.01897,  -0.05159,  -0.05652,   0.00913,   0.04523,  -0.00892,   0.00749,  -0.00728,   0.02226,  -0.01713,  -0.01221,   0.02062,  -0.04667,  -0.03190,   0.04195,   0.00092,   0.00913,  -0.02698,   0.03867,  -0.00892,  -0.00892,  -0.02698,  -0.06636,   0.02226,   0.03374,  -0.03518,   0.00420,   0.06821,  -0.01385,   0.08134,   0.01569,  -0.01385,  -0.08934,   0.03046,  -0.06964,   0.02718,   0.02882,   0.03046,  -0.01877,   0.02718,   0.07641,  -0.00728,  -0.01221,   0.00256,   0.04523,   0.06985,   0.03867,  -0.03190,   0.03539,  -0.04503,   0.00749,  -0.03190,   0.04523,   0.06985,   0.02718,   0.02882,  -0.00728,  -0.00892,   0.04687,   0.06985,  -0.04339,  -0.01385,   0.03539,  -0.02533,  -0.05323,   0.10431,  -0.04175,  -0.02862,   0.00256,  -0.04995,   0.04359,   0.03210,  -0.03682,  -0.00728,  -0.03354,   0.01733,  -0.01549,  -0.05323,   0.00092,   0.02062,  -0.00400,   0.01405,   0.01569,  -0.06144,   0.07149,   0.02554,   0.05836,   0.02882,  -0.03846,  -0.07949,  -0.03354,   0.01405,  -0.00892,  -0.07457,   0.05672,  -0.03846,   0.07641,  -0.01713,   0.00420,  -0.00236,   0.01241,   0.01077,  -0.00072,  -0.00400,   0.02062,  -0.07621,  -0.10082,  -0.00564,  -0.02041,   0.03539,   0.05180,   0.02226,  -0.03518,   0.04031,   0.04031,   0.07805,  -0.01877,  -0.00728,   0.00256,  -0.09262,   0.08954,  -0.00236,  -0.01549,  -0.01056,   0.05344,   0.02718,   0.08134,   0.03046,  -0.02698,  -0.08113,   0.10267,  -0.01877,  -0.03518,   0.03374,   0.01241,  -0.00072,  -0.02862,  -0.00564,  -0.02369,   0.11088,   0.01077,   0.03046,  -0.02533,   0.02718,   0.02390,  -0.05487,   0.02062,   0.08626,   0.02718,   0.05016,  -0.03190,  -0.01549,   0.02882,   0.13385,  -0.01877,   0.02062,   0.07969,   0.00092,  -0.05159,   0.01569,   0.01897,   0.00256,  -0.03354,   0.00420,  -0.00564,  -0.05323,   0.00420,   0.07477,   0.07149,   0.01897,  -0.01877,  -0.02698,   0.02718,  -0.02369,   0.11088,  -0.00728,  -0.00728,  -0.02698,  -0.02698,   0.00092,  -0.03518,  -0.03354,  -0.03354,  -0.02041,  -0.05159,  -0.03354,  -0.03682,  -0.01713,   0.03703,   0.03374,  -0.09590,   0.02062,  -0.06800,  -0.01385,   0.03539,  -0.01221,   0.03703,   0.01897,  -0.00072,  -0.03682,  -0.02698,   0.01405,   0.02882,  -0.04175,   0.06164,   0.00749,   0.02062,  -0.01877,  -0.03354,   0.00092,   0.02226,   0.05672,   0.00913,  -0.05980,  -0.03846,   0.02718,  -0.00400,   0.03046,  -0.00564,   0.01569,  -0.03026,   0.12236,   0.02226,  -0.02205,  -0.06144,  -0.04831,   0.00913,   0.06328,   0.02718,  -0.07293,  -0.00072,  -0.02205,  -0.10739,   0.00749,   0.02062,  -0.09754,  -0.01056,   0.02718,  -0.08605,   0.06492,  -0.00892,  -0.02862,  -0.03354,  -0.03518,  -0.03518,  -0.04831,  -0.02041,  -0.00892,   0.03210,   0.02718,  -0.07949,  -0.00564,  -0.02698,   0.08790,   0.02882,  -0.04175,  -0.03518,  -0.00236,  -0.02369,  -0.03682,   0.03703,   0.04359,   0.02226,  -0.04831,   0.00092,   0.00749,  -0.00072,   0.10431,   0.08298,  -0.03682,   0.02390,  -0.00072,  -0.01056,  -0.03190,  -0.00728,  -0.00400,   0.00256,   0.03539,   0.00913,  -0.07293,   0.00256,   0.04851,   0.06985,  -0.01713,  -0.03682,   0.00749,   0.04851,   0.02554,  -0.02533,   0.09611,   0.07313,   0.03046,   0.07477,  -0.01221,  -0.01385,   0.06492,  -0.00072,  -0.03682,   0.04523,  -0.04995,  -0.03354,   0.02062,   0.04031,  -0.01056,   0.02718,  -0.00892,  -0.00236,   0.04359,   0.00092,  -0.03026,  -0.03190,   0.03374,  -0.04010,  -0.07457,  -0.01056,  -0.04175,   0.05672,  -0.01385,   0.08134,   0.00420,  -0.05487,   0.01733,   0.03703,  -0.05980,  -0.06472,   0.05672,   0.02882,  -0.00564,   0.00749,  -0.01877,   0.06985,  -0.01877,   0.04031,   0.01241,  -0.00236,  -0.06636,  -0.04503,  -0.04010,   0.03703,  -0.03518,   0.07477,   0.07805,   0.00749,  -0.00728,  -0.00728,  -0.01221,  -0.05980,  -0.01549,  -0.03682,  -0.03026,  -0.06964,  -0.02041,  -0.04831,  -0.03518,  -0.06472,  -0.00564,   0.03046,   0.04523,   0.00585,   0.01241,  -0.06800,   0.01897,  -0.02041,   0.05016,   0.05672,   0.14370,   0.00749,  -0.02698,  -0.02205,   0.03539,  -0.02369,  -0.08770,   0.06164,   0.01077,   0.00256,  -0.00564,   0.00585,   0.04195,  -0.02533,  -0.03026,   0.04195,  -0.00564,  -0.00564,  -0.00236,  -0.05816,   0.01405,  -0.04995,  -0.05816,   0.02062,   0.07641,  -0.02041,  -0.03518,  -0.13036,   0.02226,  -0.03026,   0.02882,   0.02226,  -0.00072,  -0.06800,   0.01077,  -0.01385,  -0.00892,   0.03046,  -0.01713,   0.02390,  -0.00072,   0.05016,  -0.04503,   0.01405,  -0.04503,   0.03703,   0.05344,  -0.03190,   0.03867,  -0.05980,  -0.03354,   0.00913,  -0.00400,   0.06985,   0.01405,   0.11580,   0.00749,  -0.00728,   0.07149,  -0.00728,   0.00585,  -0.00892,   0.14041,   0.01733,  -0.02041,   0.02062,   0.00585,  -0.02041,  -0.04667,   0.00585,   0.00749,  -0.02533,  -0.08770,  -0.00728,  -0.01221,  -0.00892,   0.05508,   0.02062,  -0.03190,   0.02062,  -0.01877,   0.03046,   0.08298,  -0.00728,  -0.02205,   0.01897,  -0.06636,   0.00585,  -0.01385,  -0.11231,  -0.03190,   0.01405,  -0.01713,  -0.05816,   0.01897,   0.03703,   0.01733,   0.09282,   0.03210,  -0.03190,  -0.01549,  -0.04175,  -0.04339,   0.02554,  -0.01221,  -0.05487,  -0.01385,   0.03867,  -0.00072,   0.00256,   0.01241,  -0.01221,  -0.02369,  -0.05980,   0.02062,   0.04359,  -0.04339,  -0.01713,  -0.05652,   0.04851,   0.07149,  -0.00400,   0.05508,  -0.01549,  -0.05816,   0.00585,   0.07149,   0.01241,  -0.04175,   0.06821,  -0.00072,  -0.02041,  -0.01549,   0.01897,   0.06657,   0.00420,  -0.00892,  -0.01713,  -0.03190,   0.01897,   0.04359,   0.06000,  -0.04339,   0.07477,  -0.00400,  -0.01221,   0.06492,  -0.07621,   0.02062,  -0.01385,  -0.00728,   0.05344,  -0.11231,  -0.03026,   0.02882,  -0.01549,  -0.05487,  -0.00564,  -0.03190,  -0.03518,   0.00749,   0.01733,   0.00092,   0.02718,  -0.00728,  -0.00400,  -0.07293,  -0.04995,  -0.04175,  -0.06800,   0.02062,   0.05672,  -0.04339,   0.05508,  -0.01056,   0.06328,  -0.03026,   0.02062,   0.06000,  -0.03354,   0.03867,   0.07149,  -0.04831,  -0.06144,   0.01897,   0.05508,  -0.03354,  -0.08605,  -0.06636,   0.00420,  -0.00564,   0.05508,  -0.07621,   0.01241,   0.04031,  -0.08277,   0.14698,   0.07477,  -0.06472,   0.01569,  -0.01713,   0.04687,  -0.02205,  -0.01549,  -0.04831,  -0.01713,  -0.01713,   0.04031,  -0.00564,   0.02062,  -0.01385,  -0.01056,  -0.04175,  -0.00892,   0.02718,  -0.01713,  -0.06800,  -0.07949,   0.03046,   0.03703,  -0.10739,  -0.01713,  -0.02533,   0.05344,   0.06821,  -0.08113,   0.00913,  -0.02041,  -0.04175,   0.06328,   0.08462,   0.00092,  -0.05487,   0.00913,  -0.02369,   0.05836,   0.02062,  -0.04010,  -0.02698,   0.04195,  -0.04010,   0.03374,  -0.01713,   0.06821,  -0.04667,   0.08790,  -0.05487,  -0.00728,  -0.06964,  -0.00072,   0.06492,  -0.04831,   0.03210,  -0.02698,  -0.04010,  -0.01056,   0.01077,   0.03374,  -0.03026,  -0.02369,   0.04523,  -0.01221,  -0.12872,  -0.01056,  -0.00400,  -0.03846,   0.04195,  -0.02698,  -0.02369,  -0.09754,  -0.02041,  -0.01221,   0.00749,  -0.00400,   0.01405,   0.02718,  -0.04010,  -0.01877,  -0.04339,  -0.01221,  -0.03354,   0.05672,   0.02718,   0.00256,  -0.08277,   0.00420,   0.07969,  -0.04995,  -0.00072,  -0.01713,   0.08462,   0.00092,  -0.02533,   0.02062,  -0.01713,  -0.05487,  -0.05323,  -0.04995,   0.02062,   0.06164,  -0.02533,  -0.07129,   0.05180,  -0.07293,   0.01077,   0.00092,  -0.05816,   0.00256,  -0.03518,  -0.05980,   0.03046,   0.09118,  -0.02369,   0.06657,   0.03210,  -0.00564,   0.05180,  -0.04175,  -0.07949,  -0.03682,   0.04195,   0.01241,   0.02882,   0.01077,  -0.02041,   0.01897,  -0.04175,  -0.03190,   0.03867,   0.02554,   0.02226,  -0.00564,   0.06985,   0.09446,   0.01733,   0.01569,   0.00749,   0.02554,   0.03046,   0.10923,  -0.07621,  -0.05159,   0.01077,  -0.06308,  -0.02533,   0.05344,  -0.04175,  -0.03518,  -0.00236,  -0.00728,  -0.01221,  -0.02369,   0.00256,   0.05508,   0.02226,   0.03374,   0.04031,  -0.04667,  -0.00400,  -0.04667,   0.03867,  -0.05323,  -0.03354,   0.05180,  -0.04831,   0.05836,  -0.01385,  -0.02698,   0.09282,   0.01733,   0.08298,  -0.02041,   0.03539,  -0.01385,   0.06328,  -0.10247,   0.02390,   0.03374,   0.00913,   0.02226,   0.04031,  -0.04831,   0.01077,   0.04031,   0.01897,  -0.01385,   0.05508,  -0.00728,  -0.03190,  -0.04010,  -0.04175,  -0.06472,   0.02390,   0.04195,  -0.01877,   0.00913,  -0.02041,  -0.02862,   0.00092,  -0.05980,  -0.02698,  -0.01385,  -0.00236,  -0.03518,  -0.01877,  -0.08770,   0.00092,  -0.02041,   0.01897,  -0.00072,   0.02062,  -0.00072,   0.07641,   0.02390,  -0.03518,  -0.06800,   0.00585,   0.05180,   0.02718,   0.01241,   0.03374,   0.03539,  -0.04339,  -0.05980,   0.03046,   0.00913,   0.06821,   0.01077,   0.04195,  -0.03026,   0.04031,   0.05016,   0.00092,   0.00585,   0.06164,   0.03867,  -0.00892,  -0.01713,  -0.07621,  -0.02698,  -0.02698,  -0.00892,   0.01733,   0.04359,  -0.03682,   0.01569,  -0.02862,  -0.02041,  -0.05487,  -0.01877,   0.04031,   0.04195,   0.08790,   0.09775,  -0.02369,  -0.05816,  -0.01877,  -0.01549,  -0.02205,   0.00913,  -0.03026,   0.05836,  -0.00400,   0.03374,   0.00092,   0.02390,  -0.00072,   0.00256,   0.02554,  -0.04831,  -0.03518,  -0.02862,   0.06164,  -0.08441,   0.03046,   0.06821,   0.01733,   0.00420,  -0.04010,  -0.01221,   0.02718,  -0.05816,  -0.03846,  -0.03354,   0.02718,   0.01077,   0.00256,   0.01897,   0.05672,  -0.00564,  -0.02041,  -0.02205,   0.01241,  -0.03846,  -0.00400,  -0.01549,  -0.01221,  -0.05816,   0.03046,   0.05016,  -0.03026,  -0.05980,   0.02226,   0.04195,   0.03703,   0.06985,   0.00913,  -0.01877,  -0.03026,  -0.03518,  -0.01056,   0.03210,   0.03210,  -0.03354,   0.00420,   0.06328,   0.00256,   0.02390,   0.03539
  -0.01549,  -0.00236,  -0.00564,  -0.04831,  -0.01713,  -0.05159,   0.02062,   0.01241,  -0.02041,   0.10267,   0.05180,  -0.00236,  -0.01713,   0.05180,   0.02390,   0.01569,  -0.06636,  -0.03518,   0.01241,  -0.06800,  -0.04175,   0.02718,   0.01241,   0.01241,   0.01897,  -0.03026,  -0.06308,  -0.02698,   0.05508,  -0.03846,  -0.01221,   0.07641,   0.01405,  -0.09754,   0.08626,  -0.04995,   0.02226,  -0.00400,   0.04359,   0.04687,   0.03539,   0.00420,   0.09611,  -0.01056,  -0.02041,  -0.08277,  -0.02369,   0.02718,  -0.06636,   0.05672,  -0.01221,  -0.04667,   0.03374,   0.07477,  -0.00564,  -0.03682,  -0.00400,  -0.03190,   0.01241,   0.02390,  -0.04503,   0.02718,  -0.00564,  -0.00892,   0.01241,  -0.04339,  -0.02041,  -0.02369,   0.04359,   0.02718,  -0.05487,   0.03046,  -0.03682,  -0.02205,  -0.06964,  -0.03518,  -0.00564,   0.01569,  -0.04831,  -0.01713,  -0.04667,  -0.03354,   0.00092,  -0.03354,   0.00749,  -0.00564,  -0.00236,  -0.10903,   0.01569,   0.02226,   0.02226,   0.00749,   0.00585,  -0.03518,   0.04851,   0.05016,   0.03046,  -0.04010,  -0.03846,   0.01077,  -0.08770,   0.05016,  -0.02041,   0.01569,   0.03867,   0.04031,  -0.00236,  -0.00728,   0.01897,  -0.00400,   0.01405,   0.06657,   0.06328,  -0.04175,   0.03703,   0.10267,   0.01077,  -0.05159,   0.03703,  -0.00564,   0.03867,  -0.03026,  -0.03518,   0.01405,  -0.00400,   0.01569,   0.03374,  -0.01549,  -0.02698,  -0.01713,   0.00585,  -0.02205,   0.05508,   0.06657,   0.00585,  -0.02862,  -0.06964,   0.03867,   0.00585,  -0.02205,   0.03046,   0.04687,   0.07149,  -0.09918,  -0.04010,   0.01897,   0.00749,   0.05344,   0.00749,  -0.03026,  -0.03190,  -0.07621,   0.00092,   0.00092,  -0.01385,   0.05180,   0.02390,   0.08790,   0.11088,  -0.08113,   0.05016,  -0.00564,   0.07313,   0.02226,   0.00256,   0.00420,  -0.00564,  -0.00236,   0.01077,  -0.00892,   0.03703,   0.00092,  -0.01385,  -0.01385,   0.05180,   0.06328,  -0.01221,  -0.00400,  -0.00564,  -0.03190,   0.03210,   0.03374,   0.00256,  -0.02205,   0.00256,   0.04687,  -0.01549,   0.02226,  -0.08441,  -0.02041,  -0.01385,   0.07313,   0.10267,  -0.00236,   0.02390,  -0.02533,   0.02554,  -0.01549,   0.04687,   0.01077,  -0.06472,   0.00420,  -0.00236,  -0.00236,   0.00256,  -0.02205,   0.00913,  -0.01056,   0.02882,   0.04195,   0.02718,   0.00585,  -0.06472,  -0.02041,  -0.04010,   0.00092,   0.00913,   0.01733,   0.06164,   0.00585,   0.07149,   0.03046,  -0.04503,   0.06328,   0.05344,   0.04851,  -0.01056,   0.02882,  -0.06472,  -0.04667,   0.03210,   0.01241,  -0.01877,   0.07313,   0.04359,  -0.02369,  -0.07457,  -0.00892,  -0.06144,   0.00585,  -0.02041,  -0.07129,  -0.08934,   0.07477,   0.05344,  -0.03682,   0.05672,   0.00913,   0.01405,   0.02390,  -0.03190,  -0.03354,   0.05016,   0.02226,  -0.01385,   0.03210,   0.01733,   0.03539,  -0.01549,  -0.00564,  -0.06472,  -0.02205,  -0.00072,  -0.03026,   0.01077,  -0.13201,  -0.04175,   0.03374,   0.05344,   0.05836,  -0.02862,  -0.03026,  -0.08277,   0.00420,   0.06164,  -0.02698,   0.00092,   0.00585,  -0.05652,   0.06164,   0.01077,   0.04687,   0.00585,  -0.08277,   0.00256,  -0.03026,   0.01897,  -0.02533,  -0.04175,   0.00585,   0.03210,  -0.01056,   0.00913,   0.01733,   0.02718,  -0.00892,   0.00585,   0.03374,  -0.05652,   0.00256,   0.00585,   0.01569,   0.00585,  -0.05159,   0.03703,  -0.06144,   0.00092,  -0.07457,   0.03867,  -0.00072,   0.03046,   0.03703,   0.05344,  -0.03354,  -0.00892,  -0.03354,   0.06328,  -0.01056,   0.07313,  -0.02862,  -0.00892,   0.01897,   0.09775,  -0.01385,  -0.03846,   0.00749,  -0.02862,   0.01733,  -0.05487,  -0.04175,   0.05836,   0.01405,   0.03374,  -0.00236,   0.05016,  -0.06636,  -0.07129,   0.03374,  -0.03682,  -0.04175,   0.00420,   0.03703,   0.05508,  -0.01549,  -0.01713,  -0.01549,   0.07477,  -0.03026,   0.05672,   0.05016,  -0.05652,   0.00749,  -0.09590,  -0.00236,  -0.00564,   0.12893,  -0.00400,   0.02226,  -0.01549,  -0.02205,  -0.02698,  -0.07457,  -0.00892,   0.03703,  -0.03026,  -0.02205,  -0.02041,  -0.04831,  -0.10411,   0.01241,  -0.01713,   0.03867,  -0.02698,  -0.00892,  -0.01056,  -0.02041,   0.00913,  -0.14513,  -0.03682,   0.01569,   0.04359,   0.02554,   0.04523,   0.03046,   0.03867,  -0.00072,  -0.05816,  -0.04995,  -0.01877,  -0.00728,   0.00420,   0.01733,  -0.03682,  -0.01713,  -0.00236,  -0.05980,  -0.05323,  -0.01549,   0.07477,   0.03046,  -0.08113,   0.05180,   0.00749,   0.05344,   0.02882,   0.05016,  -0.01056,  -0.01713,  -0.00728,   0.03867,  -0.03682,   0.00913,   0.09611,  -0.04831,   0.00913,   0.02226,  -0.00400,   0.02226,  -0.00400,  -0.02862,  -0.05980,   0.04359,   0.01241,  -0.02533,  -0.00400,   0.02554,  -0.11559,   0.03703,  -0.01385,   0.01077,   0.01241,  -0.02205,  -0.03846,  -0.06800,  -0.06472,  -0.03518,  -0.02369,  -0.00072,   0.00256,   0.00913,  -0.07457,  -0.09754,   0.06821,   0.04523,   0.06985,  -0.04503,   0.04195,   0.02718,   0.00092,  -0.00072,  -0.02698,  -0.01385,  -0.10247,   0.05016,   0.10759,  -0.03026,   0.00256,   0.07805,  -0.06472,   0.02062,   0.01405,   0.02062,  -0.03026,  -0.06964,   0.01733,   0.01405,  -0.05159,  -0.06636,   0.02554,   0.01405,  -0.01221,  -0.06472,  -0.04010,  -0.00400,  -0.00564,  -0.01549,  -0.07785,  -0.00564,  -0.05159,  -0.05487,  -0.01385,   0.06164,   0.02882,   0.01897,   0.04195,   0.02226,   0.00256,   0.00256,   0.02882,   0.04851,  -0.04175,  -0.00400,   0.01569,   0.04687,  -0.03682,  -0.01056,  -0.00236,  -0.00564,  -0.02533,  -0.07457,   0.02554,   0.09939,  -0.01221,   0.00092,  -0.03518,   0.01733,  -0.00564,   0.05016,   0.04195,   0.01077,  -0.05159,  -0.03026,  -0.02698,   0.03210,   0.03210,  -0.02698,   0.00092,  -0.03190,  -0.05159,   0.01733,  -0.05159,   0.00256,   0.06821,   0.01241,  -0.01385,   0.00256,  -0.00728,  -0.05652,   0.04195,   0.05508,  -0.00236,  -0.01385,  -0.03354,  -0.03354,  -0.00728,  -0.00236,  -0.05652,   0.00256,   0.01733,   0.05508,   0.04359,  -0.00400,  -0.00892,   0.04687,  -0.02205,  -0.01549,  -0.00072,  -0.08934,  -0.01877,   0.05180,   0.00749,   0.01733,   0.03867,   0.04851,   0.09118,  -0.05652,   0.01405,   0.05508,  -0.02698,  -0.01385,  -0.02862,   0.03374,  -0.01713,  -0.04503,  -0.03846,  -0.00072,  -0.02205,  -0.04010,  -0.01056,  -0.08934,   0.08790,  -0.00400,  -0.09262,  -0.03026,  -0.02698,  -0.03354,  -0.00728,  -0.03190,  -0.00072,  -0.03846,   0.04031,   0.00420,  -0.02369,   0.00749,  -0.03026,  -0.08770,   0.00585,  -0.06800,   0.08790,   0.05508,  -0.04995,  -0.02862,  -0.03190,   0.07477,   0.02718,  -0.00236,   0.03374,  -0.01713,  -0.04175,   0.06000,   0.05016,  -0.08277,  -0.00400,   0.00256,   0.02226,   0.04851,   0.02390,   0.05672,   0.00585,   0.06657,   0.01405,  -0.00072,  -0.01549,  -0.05159,   0.01241,  -0.00728,  -0.02862,  -0.00400,   0.02882,  -0.06636,  -0.01877,   0.09446,  -0.04503,  -0.08934,   0.05180,  -0.00236,  -0.02862,   0.00913,   0.06657,  -0.00072,  -0.05323,  -0.08441,  -0.01056,   0.02226,   0.00913,  -0.01056,   0.00749,   0.02882,   0.04687,  -0.11724,   0.05836,  -0.03026,  -0.02862,  -0.02533,   0.10431,  -0.02533,  -0.07129,  -0.00236,  -0.02862,  -0.02369,  -0.01221,   0.02390,   0.03703,  -0.05159,   0.00749,   0.01405,   0.01241,  -0.07785,  -0.00564,  -0.02533,  -0.08113,  -0.06472,   0.02882,   0.00585,  -0.07129,   0.00913,  -0.01056,  -0.05652,  -0.04831,   0.01569,  -0.02862,  -0.06472,  -0.04667,   0.05344,  -0.00892,   0.01405,   0.01569,  -0.02041,  -0.00892,  -0.01221,  -0.00564,  -0.03518,   0.05508,  -0.08277,   0.00749,   0.04523,   0.00913,   0.00092,  -0.03518,   0.01569,   0.03046,  -0.03354,  -0.03190,   0.04359,   0.08134,  -0.00072,   0.00092,   0.00256,  -0.03518,   0.04195,  -0.00400,   0.00913,   0.03867,  -0.01056,   0.05344,   0.02718,  -0.05816,  -0.04995,  -0.01877,  -0.02041,   0.00092,  -0.02205,   0.01405,   0.04359,   0.00092,   0.04031,   0.00420,  -0.00236,   0.02062,   0.00092,   0.03703,   0.00420,   0.02554,  -0.02698,   0.04031,  -0.04831,   0.02390,  -0.01385,   0.00256,  -0.06144,   0.04687,   0.03374,   0.01077,   0.03046,   0.00585,   0.03046,  -0.01713,   0.03867,   0.02226,   0.00913,  -0.03354,  -0.04503,   0.03703,   0.01241,  -0.03026,   0.02554,   0.03046,  -0.01221,  -0.03518,  -0.00072,  -0.03518,   0.00256,   0.06000,  -0.04995,  -0.04339,  -0.02205,   0.01077,   0.00585,  -0.00400,   0.00913,  -0.07949,   0.05016,  -0.07621,  -0.05652,   0.04359,   0.03374,   0.06328,   0.03703,   0.06657,   0.04523,  -0.09426,  -0.00728,   0.05508,   0.00092,  -0.01877,   0.05672,   0.10431,  -0.05652,  -0.00564,  -0.01549,  -0.05487,  -0.01385,   0.07477,   0.10759,  -0.04503,  -0.04010,   0.09446,  -0.01385,  -0.03682,   0.06000,   0.03046,  -0.10903,  -0.00400,   0.00256,   0.01405,   0.05672,   0.05508,  -0.05816,   0.05180,  -0.04667,  -0.03682,  -0.05980,   0.05508,   0.00749,   0.00913,  -0.00072,   0.01405,   0.02390,  -0.01877,  -0.03190,   0.00749,   0.00256,  -0.02698,   0.07313,   0.02718,   0.01241,   0.02718,   0.11088,   0.06000,   0.00420,  -0.10739,   0.04687,   0.00420,   0.05180,  -0.01056,   0.01897,  -0.00400,  -0.03518,   0.02226,   0.00420,  -0.00892,   0.05344,  -0.03846,  -0.01221,   0.00092,  -0.03026,   0.00913,   0.00256,  -0.02862,   0.03046,   0.02062,  -0.02533,   0.00913,  -0.01385,   0.02226,  -0.06964,   0.08790,   0.02882,  -0.01385,   0.02718,  -0.05652,  -0.01713,  -0.06308,   0.00092,   0.02226,  -0.10247,   0.03703,   0.04031,  -0.04339,   0.06000,   0.08298,  -0.01056,  -0.05487,   0.04851,   0.03046,   0.03046,  -0.00400,   0.05344,  -0.03190,   0.01897,  -0.01221,   0.00913,  -0.03354,   0.03703,   0.03703,  -0.04339,  -0.08441,  -0.03190,  -0.00892,   0.03374,   0.01405,   0.00749,  -0.02369,  -0.05487,  -0.02041,  -0.05159,   0.03374,   0.06164,   0.01241,  -0.10903,   0.04359,   0.03046,   0.04687,   0.00256,  -0.00072,   0.01733,   0.00585,  -0.03354,  -0.05159,  -0.03682,  -0.00236,   0.02882,  -0.04175,   0.04687,   0.06328,   0.06328,   0.04359,  -0.05159,   0.01569,   0.01733,  -0.06800,  -0.07129,   0.07313,   0.03703,   0.02062,  -0.02533,  -0.00728,  -0.06308,  -0.05159,   0.00749,   0.04359,  -0.00564,  -0.02698,  -0.02369,   0.01897,  -0.01056,   0.01077,   0.06328,  -0.01549,  -0.02862,   0.02554,   0.03210,   0.01733,   0.05836,   0.00256,  -0.03846,  -0.03354,  -0.01385,  -0.01713,   0.09118,   0.00749,  -0.01385,   0.06821,  -0.00728,  -0.03026,  -0.13529,  -0.04010,   0.01405,  -0.03846,  -0.02698,   0.04687,  -0.04010,   0.05016,  -0.00892,   0.01077,  -0.03846,   0.05836,   0.04687,  -0.05816,  -0.00236,  -0.00728,   0.00749,   0.04359,  -0.01549,  -0.04667,  -0.01713,   0.02062,  -0.00728,   0.03539,   0.03703,  -0.07785,   0.00420,  -0.01221,  -0.05980,   0.02226,  -0.08113,   0.00913,  -0.06308,   0.06164,   0.05180,  -0.07129,  -0.02205,  -0.02533,  -0.02698,   0.02062,  -0.01056,  -0.05323,  -0.02862,   0.01405,  -0.06144,   0.02718,  -0.02041,   0.01241,  -0.00564,  -0.00728,   0.03867,   0.06164,  -0.00728,   0.00092,   0.04523,   0.01733,  -0.09098,  -0.00400,  -0.01877,   0.00749,   0.00913,   0.00420,   0.05836,   0.00585,   0.01405,   0.05344,   0.02882,   0.00092,   0.04851,   0.05016,   0.06492,   0.09611,   0.03539,  -0.02862,   0.03046,   0.01405,   0.08954,  -0.00892,   0.05836
   0.00092,   0.01733,  -0.02698,   0.03046,  -0.01385,   0.09446,  -0.07785,  -0.09590,  -0.00564,   0.02390,  -0.00892,  -0.01713,  -0.03518,   0.02554,   0.02554,   0.00913,   0.01077,  -0.02533,   0.03539,  -0.00400,  -0.00892,   0.01077,   0.11744,   0.04195,  -0.01221,   0.00585,  -0.00236,   0.08954,  -0.06636,   0.05836,   0.08298,   0.06164,   0.07477,  -0.00564,  -0.08605,  -0.04339,   0.02226,  -0.04503,  -0.02041,  -0.03026,  -0.06636,   0.01733,   0.06000,  -0.03682,  -0.08277,   0.06164,  -0.07621,   0.07477,  -0.04503,  -0.01385,   0.01405,  -0.02698,  -0.02041,   0.00092,   0.02882,  -0.03190,   0.00585,  -0.01221,   0.04195,  -0.02369,  -0.03026,   0.05672,   0.01733,  -0.00236,  -0.04339,   0.07641,   0.00256,   0.04687,   0.09611,  -0.04339,  -0.00892,  -0.04503,   0.02882,   0.10759,  -0.00564,  -0.02862,  -0.10247,  -0.07785,   0.10759,  -0.04995,  -0.01877,   0.03046,  -0.08770,   0.00420,  -0.08277,  -0.01713,   0.02226,  -0.06472,   0.00256,  -0.00564,   0.00585,  -0.03026,   0.03374,   0.06000,   0.03539,   0.04523,  -0.07785,  -0.06800,  -0.02862,  -0.03354,   0.08134,  -0.01385,  -0.04667,  -0.05323,   0.03046,  -0.01221,   0.14534,  -0.01385,   0.01897,   0.06164,  -0.07785,   0.00256,   0.05508,  -0.05816,  -0.00072,  -0.02533,   0.07969,   0.07805,  -0.00400,  -0.04339,   0.04031,  -0.07129,  -0.06144,   0.00585,   0.07149,   0.02062,  -0.03846,   0.05508,  -0.03518,  -0.03518,   0.11252,   0.06328,  -0.05652,   0.07969,   0.05344,   0.10267,   0.03539,  -0.05980,   0.05180,  -0.05487,  -0.02205,   0.03374,   0.10759,   0.06328,   0.04851,  -0.00400,   0.03210,  -0.01549,   0.01733,  -0.03518,   0.06657,   0.06000,  -0.00400,   0.02226,   0.00092,  -0.03354,   0.04031,  -0.00236,  -0.02698,  -0.03190,  -0.04995,   0.10267,   0.03210,  -0.02698,   0.06657,   0.05672,   0.03210,  -0.00072,   0.02554,   0.02226,   0.01241,  -0.02041,   0.01569,  -0.04339,   0.06000,   0.06328,   0.00256,  -0.07785,   0.00749,   0.05344,  -0.05159,  -0.00728,   0.02718,  -0.05323,   0.09282,  -0.02862,  -0.06308,   0.04851,  -0.06636,  -0.00892,  -0.02205,  -0.00564,  -0.03518,  -0.00236,   0.01897,   0.02882,   0.11088,  -0.04010,  -0.00072,   0.00256,   0.04687,   0.02554,  -0.08605,  -0.02205,  -0.01549,   0.09282,   0.00256,   0.01897,  -0.04831,  -0.05159,  -0.01549,  -0.09262,  -0.04339,  -0.00564,   0.02390,  -0.02205,  -0.04503,   0.04359,   0.08298,  -0.00892,   0.03210,  -0.01221,   0.01897,   0.16011,  -0.00892,   0.01569,   0.03539,  -0.04503,   0.02226,  -0.06308,   0.00913,   0.19949,   0.09775,  -0.02205,  -0.04995,  -0.08934,  -0.03026,  -0.05323,   0.00256,   0.01077,   0.00749,   0.02554,   0.00256,  -0.09590,  -0.02862,  -0.06472,   0.08298,  -0.04175,  -0.02862,   0.00092,   0.05180,   0.01897,  -0.00400,   0.01241,   0.02062,  -0.03026,   0.07969,  -0.00400,  -0.06308,  -0.02533,  -0.01385,  -0.01385,  -0.01713,   0.02554,   0.03046,  -0.07621,   0.11416,   0.05016,   0.05836,  -0.04667,   0.00420,   0.12400,  -0.04175,   0.00913,  -0.00236,   0.04687,  -0.00072,   0.00092,   0.06328,   0.05180,   0.01569,  -0.04503,  -0.06964,   0.03046,   0.02226,   0.08626,  -0.00728,  -0.08770,   0.01897,  -0.03846,  -0.01221,  -0.01877,  -0.01877,   0.01241,  -0.03846,  -0.04010,  -0.05980,   0.01897,  -0.06800,  -0.03190,  -0.06964,  -0.01549,   0.08462,  -0.00236,  -0.01877,  -0.00728,   0.00749,  -0.00892,   0.01077,  -0.06636,   0.02718,  -0.02041,   0.02226,   0.03539,   0.01569,  -0.00236,   0.01733,   0.04523,  -0.02533,   0.06328,   0.04851,   0.02062,   0.07313,   0.00256,   0.05836,  -0.05816,  -0.06308,  -0.07129,   0.01897,   0.03374,   0.11088,  -0.07949,   0.07641,  -0.01056,   0.04031,   0.07805,   0.03046,   0.08298,   0.05016,  -0.08770,   0.00092,  -0.01877,  -0.00892,   0.05180,   0.07641,   0.06164,   0.11744,   0.09118,   0.05344,  -0.06472,   0.03046,  -0.01385,  -0.09426,  -0.00072,  -0.00236,   0.00256,   0.03210,   0.01569,   0.02554,   0.04523,  -0.03354,   0.03703,   0.04687,  -0.02205,   0.04687,  -0.04995,  -0.03682,  -0.09426,  -0.05159,  -0.03190,  -0.02862,  -0.00728,  -0.04503,  -0.03354,   0.02718,   0.04195,   0.02390,   0.00749,  -0.04503,  -0.04339,   0.05672,  -0.04667,   0.03046,  -0.04010,   0.06985,   0.04031,  -0.03518,   0.02226,  -0.01877,   0.01077,  -0.00892,   0.01241,   0.07969,  -0.05159,  -0.05980,   0.01897,  -0.04010,   0.08626,  -0.03846,   0.06000,   0.02390,   0.08298,   0.04031,   0.06657,   0.01241,  -0.02369,   0.13057,  -0.00400,   0.00749,   0.07313,  -0.00892,   0.02226,   0.01733,  -0.02533,  -0.00236,   0.01077,   0.06821,  -0.02205,  -0.10411,  -0.02698,  -0.07949,   0.00749,  -0.04010,  -0.02698,   0.02882,   0.05016,  -0.03682,   0.05344,  -0.00072,   0.04195,   0.09939,   0.06000,   0.01241,   0.06000,   0.05508,  -0.00728,   0.07641,  -0.00072,  -0.01056,  -0.02533,  -0.04175,  -0.06964,  -0.00728,  -0.01549,  -0.02041,   0.01241,   0.03210,  -0.06964,  -0.04339,  -0.02862,   0.06000,  -0.02369,   0.00585,  -0.01385,   0.01241,   0.02882,  -0.01877,  -0.03354,  -0.04339,   0.08954,   0.03539,  -0.04995,  -0.05487,   0.01405,   0.10923,  -0.03682,   0.00585,  -0.02041,   0.00749,   0.09118,   0.06657,   0.04031,   0.03210,  -0.02533,  -0.00400,  -0.04175,  -0.04010,   0.05672,  -0.07129,  -0.00072,   0.05016,   0.05180,  -0.01221,  -0.02205,   0.13057,   0.02226,  -0.09262,  -0.02533,   0.02062,   0.03703,  -0.05980,   0.05672,  -0.00072,   0.01733,   0.01897,  -0.01221,   0.02062,   0.00749,   0.04195,  -0.03190,   0.04359,  -0.01221,  -0.01713,   0.00913,   0.01569,  -0.05816,   0.06164,  -0.09918,  -0.02698,   0.01077,   0.00092,  -0.04995,   0.01897,  -0.00072,   0.05180,   0.02390,  -0.04010,  -0.05652,   0.07313,   0.03867,   0.05836,   0.00749,  -0.05652,  -0.00072,  -0.04339,   0.02390,   0.06985,  -0.03518,  -0.07621,  -0.00892,   0.08298,   0.06657,   0.01733,   0.01569,  -0.01713,   0.00420,  -0.02205,  -0.05323,  -0.03846,   0.02390,   0.00256,   0.00420,   0.02062,  -0.04010,  -0.02369,  -0.00564,  -0.07457,  -0.00892,   0.02554,   0.00256,   0.02390,   0.01241,  -0.05980,  -0.06964,  -0.02205,   0.01405,  -0.05980,  -0.01056,   0.02554,  -0.01549,   0.04031,  -0.05323,  -0.03354,  -0.00564,   0.10103,   0.06164,   0.00420,   0.00913,  -0.02698,   0.00092,   0.03539,  -0.04010,   0.02226,   0.03867,   0.03703,   0.05672,  -0.00236,   0.04851,   0.03374,  -0.00400,   0.01405,   0.01897,   0.11416,  -0.13201,   0.03374,  -0.07621,   0.03539,   0.04195,  -0.02533,   0.02062,   0.00092,  -0.05487,   0.05344,   0.00749,  -0.08934,   0.05672,   0.05508,   0.00092,  -0.03190,  -0.00400,  -0.05159,  -0.01221,  -0.07293,   0.06328,   0.05672,   0.03539,  -0.01549,   0.06000,   0.01733,   0.07805,   0.07969,  -0.09098,   0.10923,  -0.01221,   0.00092,  -0.02205,  -0.01385,   0.07805,   0.00092,   0.04523,   0.00420,   0.00749,  -0.05487,  -0.04010,   0.02554,  -0.01877,  -0.01549,  -0.02369,   0.17324,   0.03046,  -0.05159,   0.06328,   0.02882,  -0.12216,   0.02390,  -0.03518,   0.03703,   0.04851,   0.05836,   0.06492,   0.09446,   0.04523,   0.06328,  -0.01056,  -0.01385,   0.07477,   0.05180,   0.03046,   0.02062,  -0.01877,  -0.01877,  -0.05652,  -0.03846,   0.00585,  -0.00072,  -0.04339,   0.00913,  -0.06964,   0.00092,   0.02390,   0.00749,   0.06821,  -0.03682,   0.06328,   0.06000,   0.07149,  -0.03026,  -0.05323,  -0.00072,   0.00913,  -0.00072,  -0.05980,   0.01241,  -0.00236,  -0.04667,  -0.02533,  -0.01385,  -0.04503,   0.03539,  -0.06964,   0.01077,  -0.00564,   0.05672,   0.00585,  -0.02369,   0.01241,  -0.03518,   0.04359,  -0.03846,  -0.02862,  -0.04667,  -0.01221,   0.02718,   0.06000,  -0.02041,  -0.01877,   0.02226,   0.01241,  -0.00236,  -0.01056,   0.00585,  -0.07949,   0.04195,  -0.05323,   0.01569,   0.00749,   0.02882,  -0.08770,  -0.03354,  -0.00236,   0.00749,   0.05180,  -0.03846,   0.00585,   0.01733,  -0.03354,   0.00420,   0.02390,  -0.04667,  -0.02205,   0.07805,   0.07805,  -0.10411,   0.07641,   0.04031,   0.07313,   0.03046,   0.07969,   0.00585,  -0.01056,  -0.00728,  -0.01385,   0.03539,  -0.09098,  -0.07129,  -0.03026,   0.11416,   0.00585,  -0.04339,  -0.02205,   0.05180,   0.03867,  -0.03846,   0.00420,   0.06492,  -0.07949,   0.05836,   0.01897,  -0.15170,  -0.00072,   0.03210,   0.03210,  -0.02862,   0.01897,   0.00913,  -0.07129,  -0.03846,   0.01241,   0.01733,  -0.01877,   0.03539,  -0.00236,  -0.04831,  -0.03354,  -0.00728,   0.01077,   0.01077,   0.08790,  -0.00400,   0.02882,  -0.04831,   0.14698,  -0.02369,  -0.00400,  -0.03026,  -0.01549,  -0.01385,  -0.00892,  -0.04831,   0.03374,   0.02226,   0.02718,   0.02718,   0.07149,  -0.07129,  -0.08770,  -0.04831,   0.00585,   0.02062,   0.02062,   0.06985,  -0.01713,   0.04359,  -0.04995,  -0.00892,  -0.04339,  -0.03518,  -0.00072,  -0.03190,   0.06492,  -0.04339,   0.05508,   0.00749,  -0.03026,  -0.01056,   0.00420,   0.01569,   0.05180,   0.03703,   0.05344,  -0.06964,   0.05508,  -0.00728,  -0.03026,   0.02718,  -0.04010,  -0.08113,  -0.00400,   0.01569,   0.03703,   0.02554,  -0.03026,  -0.03190,  -0.05652,  -0.11888,  -0.00564,  -0.02205,   0.01405,  -0.06308,  -0.07457,   0.09282,   0.01241,   0.00749,  -0.00236,  -0.01385,   0.10103,  -0.00728,   0.02390,   0.00256,   0.00256,   0.05344,   0.02882,  -0.00236,   0.01241,   0.01733,   0.00092,  -0.08441,   0.03374,  -0.00892,   0.01897,   0.04195,   0.05836,  -0.02698,   0.01733,   0.02390,   0.04523,   0.01569,  -0.00728,   0.00256,   0.17488,   0.09282,   0.04523,   0.02390,   0.03046,   0.00585,  -0.02698,   0.04031,   0.02062,  -0.09426,  -0.03026,   0.06657,   0.01077,   0.07805,  -0.04995,   0.03867,   0.02062,   0.01569,   0.06000,  -0.00400,  -0.04010,   0.03046,   0.07313,   0.05672,  -0.02205,  -0.00072,   0.05508,  -0.06964,   0.01077,   0.05672,   0.04851,   0.00420,  -0.08113,   0.07641,   0.01241,  -0.05980,   0.01733,   0.01569,  -0.07785,   0.03867,   0.01405,  -0.04667,  -0.07293,  -0.03190,  -0.00236,   0.04523,  -0.01877,   0.00585,  -0.06472,   0.00256,  -0.04995,  -0.05487,   0.04851,  -0.01056,   0.00256,   0.04851,  -0.08441,   0.02226,  -0.10411,   0.11580,  -0.03518,  -0.01549,  -0.04175,  -0.08441,  -0.00236,   0.01569,  -0.04010,  -0.06800,  -0.02533,  -0.02369,  -0.01713,   0.02226,   0.02554,  -0.00236,  -0.02205,   0.01405,  -0.06144,   0.02718,   0.00585,   0.07641,   0.06000,  -0.05487,   0.02062,  -0.15170,  -0.01549,  -0.05323,  -0.09262,   0.01077,   0.03703,   0.02554,   0.06000,  -0.04010,   0.05344,  -0.03846,  -0.06308,   0.05836,   0.10267,   0.04359,   0.03867,  -0.00728,   0.00420,  -0.04010,   0.10595,  -0.04175,   0.11416,  -0.01877,  -0.07949,   0.08298,  -0.01056,  -0.05487,   0.03210,   0.00256,  -0.00236,   0.02062,  -0.01385,  -0.02698,   0.03703,   0.05508,   0.02062,  -0.01385,  -0.08770,   0.00749,  -0.03846,   0.15026,   0.08626,  -0.04010,   0.03374,   0.01897,  -0.03846,   0.04523,  -0.00564,  -0.06308,   0.00913,   0.00092,   0.05016,   0.03374,   0.00420,   0.02226,   0.01241,   0.01241,  -0.03026,  -0.04667,   0.01897,  -0.04339,   0.06000,  -0.03682,  -0.02862,  -0.01056,   0.01733,   0.01897,   0.00256,   0.03703,   0.00092,  -0.04175,  -0.00400,   0.04195,  -0.06636,   0.00092,  -0.05159,  -0.02369,   0.03703,   0.00913,   0.03539,   0.08790,   0.01733
  -0.02862,   0.06328,  -0.03190,  -0.04503,   0.02882,   0.05016,   0.01241,   0.07969,  -0.00236,  -0.01713,   0.05016,  -0.02698,   0.03867,   0.00913,  -0.02041,   0.01077,   0.06492,   0.04031,  -0.05323,   0.02554,   0.00749,   0.07313,   0.06657,  -0.01221,  -0.01549,   0.13057,  -0.03354,   0.03210,  -0.05816,   0.00585,   0.01733,   0.02718,  -0.04339,  -0.06308,   0.04031,   0.04195,  -0.01877,  -0.04995,   0.05180,  -0.02369,  -0.03846,  -0.01877,  -0.02862,   0.03046,   0.03210,   0.03867,  -0.04831,   0.01405,  -0.02533,  -0.03026,   0.02882,   0.02882,  -0.01385,  -0.04831,   0.05180,  -0.01549,  -0.03354,   0.02226,  -0.07621,   0.02554,  -0.03846,  -0.02205,   0.00749,  -0.01056,   0.00256,   0.00092,   0.07313,   0.03210,   0.00420,   0.02062,  -0.01877,   0.03703,   0.00092,  -0.00728,   0.02718,  -0.03518,  -0.04667,   0.02390,   0.02718,  -0.03354,   0.02718,  -0.01221,  -0.06636,  -0.00564,  -0.05323,  -0.02205,  -0.04995,  -0.00072,  -0.04831,   0.00092,   0.01569,  -0.04339,  -0.03026,   0.01733,   0.00585,  -0.02041,  -0.03846,  -0.02698,   0.03539,   0.01405,  -0.01713,  -0.02369,   0.04523,   0.00256,  -0.01221,  -0.01056,  -0.03354,   0.00420,  -0.01056,   0.08954,   0.00749,  -0.01877,  -0.01056,  -0.08605,  -0.07621,   0.05836,   0.03539,  -0.03354,   0.02554,   0.01241,  -0.00892,   0.08298,  -0.02698,   0.01897,  -0.00400,  -0.01713,  -0.00236,  -0.02205,  -0.07621,   0.05672,  -0.05159,  -0.01385,  -0.00564,  -0.01713,  -0.01385,   0.04523,  -0.00564,  -0.06800,   0.02062,   0.04687,   0.06821,  -0.02369,   0.05672,   0.01241,   0.04687,  -0.07293,  -0.02533,  -0.00072,   0.05016,  -0.02698,   0.03046,   0.06821,  -0.01385,   0.05672,   0.06164,  -0.05159,  -0.02205,   0.00420,  -0.03682,  -0.02862,  -0.02041,  -0.03846,   0.02226,  -0.08605,  -0.02041,  -0.05159,   0.01241,   0.03703,   0.00749,   0.07149,   0.00092,   0.05508,   0.05672,  -0.03190,   0.02554,   0.00420,   0.04523,  -0.01385,   0.02718,  -0.05323,   0.02226,  -0.02862,   0.02390,  -0.00236,   0.03046,  -0.03518,  -0.05487,   0.04523,  -0.06472,   0.00913,  -0.04667,  -0.02369,  -0.00728,   0.02390,  -0.08277,   0.06328,   0.10923,   0.02062,   0.02882,  -0.02533,  -0.01549,   0.00256,   0.05016,   0.04523,  -0.03190,   0.06000,  -0.02862,   0.03867,   0.00420,   0.07313,   0.02554,  -0.06964,   0.08134,  -0.01549,   0.02718,  -0.01877,   0.02718,  -0.07949,  -0.05652,  -0.05159,   0.01405,  -0.01385,  -0.00072,  -0.01877,   0.04031,  -0.02041,  -0.06472,  -0.00072,  -0.02862,  -0.01385,  -0.02533,   0.04359,  -0.08113,  -0.00728,  -0.02369,   0.02062,  -0.00728,   0.03703,   0.03374,   0.03046,   0.04359,  -0.07457,   0.04031,   0.01897,   0.00092,  -0.02862,   0.03046,   0.04359,  -0.06472,  -0.03354,   0.04851,   0.01077,   0.01077,   0.07313,  -0.00564,  -0.05487,   0.03539,  -0.02698,  -0.04667,   0.03703,   0.04031,   0.00256,   0.02226,  -0.02698,  -0.02698,  -0.01056,   0.06657,  -0.03846,   0.06000,  -0.02862,  -0.01713,   0.00585,  -0.03190,  -0.06636,   0.03539,   0.02062,  -0.00236,  -0.00072,  -0.02698,  -0.04010,   0.01897,  -0.00072,  -0.02205,  -0.02041,   0.06821,  -0.04010,   0.03539,   0.02718,  -0.07457,  -0.04667,  -0.06964,  -0.10082,  -0.11231,  -0.06308,   0.00749,  -0.02533,  -0.05816,   0.03210,  -0.05980,  -0.01385,   0.00749,  -0.00400,  -0.02041,  -0.00236,   0.00256,  -0.04831,   0.01405,   0.05016,   0.03046,  -0.04503,  -0.05652,   0.02554,   0.07477,  -0.08277,  -0.02862,   0.01077,  -0.06964,   0.00749,   0.03046,  -0.02205,   0.00420,  -0.03190,  -0.05323,  -0.03518,   0.01405,   0.00256,  -0.03518,   0.01077,  -0.00892,  -0.03354,  -0.07785,   0.04523,   0.01733,  -0.00236,  -0.00236,   0.03210,  -0.04010,  -0.00072,  -0.07129,  -0.01056,   0.01077,  -0.01385,  -0.02369,  -0.03682,  -0.04339,   0.04851,  -0.06144,   0.06821,   0.09775,  -0.08934,  -0.04831,   0.00585,  -0.04831,  -0.02205,  -0.04175,   0.02718,  -0.01221,   0.02226,  -0.04995,   0.02390,   0.05344,  -0.07129,   0.04195,   0.04195,  -0.06472,  -0.01056,   0.01405,  -0.00236,   0.00913,   0.03867,   0.02390,   0.03374,  -0.03190,   0.02882,   0.05180,   0.00092,   0.01405,  -0.03682,   0.05344,   0.00256,   0.04687,  -0.05487,  -0.04831,   0.00256,   0.01405,  -0.06964,   0.06328,   0.05016,   0.02062,   0.06164,   0.01405,   0.07641,  -0.04175,  -0.02369,   0.00585,   0.00585,  -0.04667,   0.02062,  -0.04667,  -0.00892,   0.09939,  -0.04175,   0.01077,  -0.05487,  -0.00892,   0.01241,   0.02718,   0.04031,   0.05344,   0.05508,  -0.02862,   0.01405,  -0.00564,  -0.01713,  -0.01221,  -0.09590,   0.04031,   0.04195,   0.03539,   0.01405,  -0.04175,   0.01733,   0.10595,  -0.03190,  -0.01221,   0.00420,   0.04195,   0.03539,  -0.03190,  -0.04339,   0.06821,   0.05508,  -0.00892,   0.00749,   0.02226,   0.06985,   0.00420,   0.03539,  -0.05816,  -0.02041,   0.06492,   0.00092,  -0.02205,  -0.02862,   0.02226,  -0.01056,   0.00420,   0.00092,  -0.01385,  -0.00400,   0.06000,   0.00585,  -0.00400,   0.03046,   0.00913,  -0.00236,   0.00749,  -0.00728,   0.08462,   0.03374,   0.00585,  -0.08605,  -0.01221,   0.02718,   0.07313,  -0.03026,  -0.02205,   0.04195,   0.01241,  -0.02533,  -0.00892,  -0.04503,   0.07805,  -0.03190,   0.03703,  -0.02205,   0.02226,  -0.00564,  -0.00892,  -0.01713,  -0.00236,  -0.02862,   0.02882,   0.01077,   0.00092,   0.06821,   0.00585,   0.01569,  -0.12052,   0.02718,   0.03210,   0.07313,   0.08462,   0.01733,  -0.03846,  -0.04831,   0.04523,   0.00585,  -0.06472,  -0.02369,  -0.03190,  -0.00236,   0.00092,  -0.02698,  -0.01713,   0.01241,   0.03703,   0.04687,   0.02554,  -0.02041,   0.00092,  -0.03682,  -0.00072,   0.03703,   0.00585,   0.03374,   0.10267,  -0.10739,  -0.02862,   0.05180,   0.03539,  -0.00236,   0.02718,  -0.07785,   0.03703,   0.11252,  -0.00400,  -0.05323,  -0.04503,   0.03374,   0.02554,  -0.01385,  -0.05980,   0.03046,   0.08462,  -0.02533,   0.03703,   0.02062,  -0.01221,  -0.06636,  -0.07293,   0.02718,  -0.05980,  -0.02369,   0.02226,  -0.00236,   0.01241,  -0.00072,   0.04687,   0.08462,   0.00256,   0.02554,  -0.00564,   0.03703,   0.09611,  -0.04175,  -0.00728,  -0.00400,  -0.00892,  -0.02205,  -0.04010,  -0.07621,   0.02554,  -0.01056,   0.02390,   0.04195,  -0.01385,   0.00585,   0.10267,   0.05180,   0.00749,  -0.03518,  -0.00400,   0.03210,   0.04523,   0.00092,   0.07969,   0.01897,   0.04195,   0.00420,  -0.01549,   0.03539,  -0.03846,  -0.00236,  -0.01056,  -0.01221,   0.01405,  -0.00892,  -0.05980,   0.08134,   0.08298,   0.04195,   0.02718,   0.04359,   0.01077,   0.10267,  -0.03518,  -0.01056,  -0.04339,  -0.01221,   0.03539,   0.01897,   0.05836,   0.02882,  -0.07621,   0.05508,   0.03539,  -0.04175,  -0.02698,   0.07805,   0.00913,  -0.05323,  -0.04995,   0.05016,  -0.00072,   0.01241,   0.01733,   0.01733,   0.02554,   0.01569,   0.08134,  -0.03846,   0.00420,   0.02718,  -0.02205,   0.04523,  -0.00236,   0.03210,   0.04687,  -0.06144,  -0.04339,  -0.03190,  -0.00072,  -0.04995,   0.03046,   0.00913,  -0.00728,  -0.00400,   0.05016,  -0.00728,   0.06985,  -0.02041,  -0.02698,  -0.02041,  -0.07129,   0.02062,  -0.02369,   0.06164,  -0.05487,  -0.02041,  -0.08770,  -0.05980,  -0.04667,  -0.03354,  -0.04339,   0.05508,   0.02226,  -0.00400,  -0.00400,   0.07149,   0.01897,   0.06164,   0.00913,  -0.03026,  -0.05323,   0.01569,  -0.03518,  -0.01221,   0.02882,  -0.03354,  -0.03354,   0.07477,   0.02554,  -0.02533,  -0.06472,   0.04031,   0.02226,  -0.05487,   0.03867,  -0.01549,   0.05180,   0.02718,   0.05180,  -0.05159,   0.01077,  -0.07293,  -0.02041,   0.06000,   0.06000,  -0.03846,   0.03374,   0.02718,  -0.00400,   0.01733,  -0.06636,   0.00420,  -0.00892,   0.06328,  -0.00236,  -0.02698,   0.06657,  -0.03518,  -0.02041,  -0.04503,   0.07805,  -0.00728,  -0.01713,  -0.05323,  -0.03354,   0.01897,  -0.00728,  -0.02369,  -0.00564,  -0.04831,   0.04523,  -0.06964,  -0.00892,  -0.00400,  -0.03518,  -0.00236,   0.00913,  -0.02205,  -0.03518,  -0.06472,   0.04031,   0.00585,   0.03374,   0.00913,   0.02062,   0.04359,   0.05180,   0.01897,  -0.07129,  -0.01877,  -0.03026,  -0.04995,  -0.05816,   0.06985,  -0.00892,  -0.00072,   0.02062,  -0.01877,  -0.03846,  -0.02533,  -0.04667,  -0.04010,  -0.01713,   0.01733,  -0.04667,   0.00256,  -0.05652,  -0.01221,   0.01405,  -0.00564,  -0.00072,   0.00749,   0.02554,   0.04523,   0.07313,   0.05508,  -0.00236,   0.05672,  -0.04995,   0.03210,  -0.02369,   0.08790,   0.04195,   0.09775,   0.03210,  -0.05652,  -0.02533,  -0.02698,   0.02390,   0.00913,   0.04359,  -0.04175,   0.02882,  -0.01713,   0.00256,   0.02062,  -0.00892,  -0.02369,   0.03374,  -0.10411,   0.02062,   0.05344,   0.01897,   0.01897,   0.04523,   0.01077,   0.01405,   0.00913,   0.02226,  -0.01221,  -0.05980,   0.01733,  -0.01549,  -0.03682,  -0.00400,   0.10431,   0.02062,  -0.04995,  -0.02862,  -0.06144,   0.06164,  -0.04995,  -0.00892,  -0.00400,   0.04031,   0.02226,   0.01733,   0.04687,   0.02554,   0.01733,  -0.03026,   0.04359,   0.00092,   0.01569,   0.00749,  -0.00400,  -0.06800,   0.03374,   0.02882,   0.04687,   0.11580,   0.01569,  -0.04175,  -0.07293,   0.04523,  -0.01385,  -0.03518,  -0.04831,  -0.05980,  -0.01221,  -0.01385,  -0.01221,  -0.05159,  -0.02698,   0.00256,   0.00585,   0.03210,  -0.02369,  -0.09590,  -0.00072,   0.07149,  -0.03026,  -0.01877,   0.01405,  -0.01385,   0.00420,   0.00256,   0.03539,   0.03703,  -0.00072,  -0.02862,   0.03210,   0.07477,   0.02062,  -0.00564,   0.02554,  -0.01385,   0.01569,   0.05508,  -0.07293,  -0.02698,   0.01241,  -0.00236,   0.05672,   0.00913,  -0.05323,  -0.01385,  -0.06144,  -0.08113,  -0.05159,  -0.01221,   0.00256,  -0.02533,   0.01241,  -0.07621,  -0.07129,  -0.01549,  -0.02369,   0.02390,  -0.03682,  -0.09262,  -0.06472,  -0.06800,   0.02882,   0.04523,   0.01241,   0.04523,  -0.05652,  -0.00072,   0.05836,  -0.01877,   0.01569,   0.05836,   0.07149,  -0.02369,  -0.05323,  -0.00728,   0.03703,   0.00256,   0.01569,  -0.02533,  -0.01713,  -0.03518,   0.02226,  -0.11395,  -0.05487,  -0.02041,   0.00420,  -0.04175,  -0.03518,   0.06985,   0.06164,  -0.03190,  -0.04010,  -0.05816,   0.01897,   0.03374,  -0.01549,  -0.04175,   0.00749,  -0.03682,   0.02554,  -0.01549,  -0.02698,  -0.00892,  -0.00728,   0.04195,  -0.00400,   0.06164,   0.01405,  -0.05323,  -0.06800,   0.02390,  -0.05323,   0.01569,  -0.03682,   0.04687,  -0.02041,  -0.04831,   0.01897,   0.02226,  -0.02862,   0.05508,   0.01733,   0.05344,  -0.02041,   0.02062,  -0.01877,   0.14698,  -0.03026,  -0.01056,   0.03867,   0.02226,  -0.03026,  -0.04503,  -0.05323,   0.04851,  -0.02862,  -0.01221,  -0.00892,   0.04687,   0.07149,  -0.00564,   0.01241,  -0.02862,  -0.02862,  -0.00728,   0.05344,  -0.02369,  -0.00728,   0.00585,  -0.01877,   0.00749,   0.01077,   0.07477,   0.02554,   0.01405,   0.02390,  -0.04010,  -0.00728,   0.03374,   0.02390,   0.00585,  -0.04503,  -0.00072,  -0.04175,   0.00749,   0.01077,  -0.04175,   0.06657,   0.02882,  -0.06964,  -0.00728,  -0.00892,   0.00585,  -0.01877,  -0.02205,  -0.03518,  -0.01221,   0.03210,  -0.00728,  -0.01713,   0.00420,   0.00749,  -0.03354,   0.02062,  -0.00728,   0.05180,   0.03703,   0.00256,  -0.04831,  -0.03846,  -0.03026,   0.03046,   0.06492,  -0.00072,   0.04195,   0.03046,   0.02718,  -0.06472
  -0.01385,   0.02718,  -0.00072,  -0.01877,  -0.01713,   0.06000,  -0.02041,  -0.00564,  -0.00072,  -0.00892,   0.06657,  -0.09262,   0.00585,   0.07477,   0.01733,  -0.04831,  -0.03846,   0.00913,   0.05836,   0.01077,   0.00092,   0.02062,   0.08954,   0.09118,   0.05344,   0.04687,  -0.09918,  -0.02533,  -0.03354,   0.00913,   0.05836,   0.05836,   0.01569,   0.03046,   0.01077,   0.02882,   0.02718,  -0.04339,  -0.03682,   0.06000,   0.00749,  -0.02533,  -0.00072,  -0.02698,   0.01569,   0.01405,  -0.00072,   0.06985,  -0.00400,  -0.00236,   0.02882,  -0.02862,   0.04359,  -0.03682,  -0.01549,  -0.06472,  -0.04831,   0.07477,   0.00256,   0.03046,  -0.00564,   0.02718,  -0.04339,   0.05672,  -0.02369,   0.07313,   0.04687,  -0.01877,   0.02718,   0.04195,  -0.00236,   0.01405,   0.03374,  -0.07785,  -0.00236,  -0.10247,  -0.04175,  -0.06308,   0.02882,  -0.01221,  -0.00236,   0.07641,  -0.01385,  -0.05323,  -0.04175,  -0.01056,   0.09282,   0.04195,   0.07477,  -0.03518,   0.02062,  -0.03354,   0.01733,  -0.02041,  -0.01221,  -0.00892,  -0.02862,   0.01569,   0.02554,  -0.04010,  -0.00072,  -0.01549,   0.05836,  -0.03682,  -0.03518,   0.07149,   0.01241,  -0.00236,  -0.04010,   0.04031,  -0.08605,  -0.09426,  -0.05159,   0.00913,   0.05180,   0.03210,   0.03046,   0.02390,   0.05180,  -0.04503,   0.00749,  -0.01877,  -0.01713,  -0.01385,  -0.02369,  -0.06308,   0.05180,   0.08134,  -0.00892,  -0.07129,   0.01897,   0.05344,  -0.07621,   0.04523,  -0.07293,  -0.00236,  -0.07621,  -0.02369,   0.04195,   0.05016,   0.02718,  -0.03518,   0.04359,   0.01077,  -0.13529,   0.06492,   0.00256,  -0.02533,   0.05836,   0.00256,  -0.04831,   0.05016,  -0.01385,  -0.00892,   0.04031,  -0.06964,  -0.03354,  -0.02533,  -0.05652,   0.02226,   0.01077,  -0.04010,   0.07805,  -0.07457,   0.04195,  -0.02862,   0.00256,  -0.06964,   0.04523,   0.06821,  -0.05816,  -0.01221,   0.08298,  -0.05487,  -0.05652,   0.03374,   0.04687,  -0.07785,   0.01241,  -0.00236,   0.04851,  -0.01221,   0.05672,  -0.01549,   0.03867,   0.07805,  -0.06472,  -0.10739,  -0.01549,   0.00256,  -0.06308,  -0.03026,   0.00420,   0.09611,  -0.04010,   0.07149,   0.07805,  -0.06144,   0.00420,  -0.00400,   0.06985,  -0.04339,  -0.02698,   0.04195,  -0.00728,   0.03046,   0.03046,  -0.04010,   0.05672,   0.02718,  -0.04503,  -0.14185,  -0.01221,  -0.06144,   0.02554,   0.08298,  -0.01877,   0.00092,   0.01241,   0.00749,  -0.00400,  -0.00400,   0.06492,   0.06164,   0.01897,  -0.00072,   0.09611,  -0.00728,  -0.00728,  -0.07293,   0.02554,  -0.07293,   0.00092,  -0.03354,   0.05836,  -0.04503,  -0.02862,  -0.05487,   0.11252,   0.02718,  -0.01877,   0.02882,  -0.03682,  -0.10411,  -0.10082,   0.00092,   0.01077,   0.01569,   0.04359,   0.02882,   0.05180,  -0.02862,   0.07149,  -0.11724,  -0.00564,  -0.06800,   0.00749,  -0.05980,  -0.05323,   0.00420,  -0.05652,  -0.00892,   0.03046,   0.05016,  -0.02205,   0.06657,   0.10103,   0.00092,   0.00913,  -0.05652,   0.00420,   0.04195,  -0.06964,   0.02226,  -0.03354,   0.00092,  -0.02205,   0.00256,   0.09611,   0.02882,  -0.04831,  -0.01713,  -0.01385,  -0.05323,   0.02226,  -0.02862,   0.06985,  -0.02698,   0.01405,   0.02718,  -0.05323,  -0.01713,  -0.01056,   0.06000,   0.03046,   0.00585,  -0.04667,  -0.05652,   0.01569,  -0.01549,  -0.08113,  -0.01221,  -0.02369,  -0.01713,   0.01077,  -0.03682,   0.08626,  -0.01385,   0.06985,   0.01077,  -0.01385,  -0.04831,   0.01405,  -0.04175,  -0.00728,  -0.02205,   0.06492,  -0.00728,   0.02390,   0.05672,   0.01733,   0.00585,  -0.04831,  -0.04339,   0.02226,   0.06657,   0.02390,  -0.03846,  -0.01385,   0.01569,   0.02554,  -0.07785,  -0.01549,   0.05344,  -0.06964,  -0.03026,   0.04687,  -0.05323,   0.01405,  -0.01221,  -0.04010,  -0.06636,   0.05836,   0.00585,   0.06821,   0.05180,  -0.04831,  -0.01056,   0.03046,  -0.05980,  -0.00892,   0.00913,  -0.11724,  -0.01221,  -0.07129,   0.12072,   0.02554,  -0.04503,   0.08462,   0.04851,  -0.04667,   0.00749,  -0.01549,   0.05508,   0.03046,   0.02554,  -0.01385,  -0.03518,   0.00420,  -0.06964,   0.02390,  -0.01713,   0.04031,  -0.03846,   0.00256,  -0.05980,  -0.00892,   0.04359,   0.01733,   0.01241,   0.06164,   0.03867,   0.06492,   0.01897,   0.05016,  -0.05487,  -0.05487,   0.01569,   0.03374,   0.01897,  -0.06800,   0.01077,   0.06985,   0.04523,   0.07805,   0.05344,   0.02554,  -0.04667,   0.03046,  -0.00236,   0.05836,  -0.03026,   0.01077,  -0.01221,  -0.04339,   0.01733,   0.02062,  -0.00400,  -0.01877,   0.05344,  -0.01385,   0.02062,  -0.01877,   0.01077,  -0.04175,   0.03867,   0.06492,  -0.04175,  -0.02698,  -0.03518,  -0.05159,  -0.08113,   0.01241,  -0.00072,  -0.04175,   0.05508,   0.14041,  -0.00728,  -0.01549,  -0.02862,   0.06985,   0.07477,   0.10923,   0.03539,   0.03210,  -0.05323,  -0.00564,  -0.01549,   0.05344,   0.03210,   0.02390,   0.06000,   0.02390,  -0.00072,  -0.02533,  -0.06308,   0.02554,  -0.01877,   0.00256,   0.00913,   0.04523,   0.02390,   0.00092,  -0.06636,  -0.05652,  -0.02533,   0.01405,  -0.06964,  -0.01221,   0.01897,   0.01405,   0.02226,   0.04851,  -0.00072,   0.01405,   0.04851,   0.04195,  -0.05323,   0.00256,  -0.02698,   0.03703,   0.04195,  -0.06800,   0.06164,  -0.04503,  -0.09262,  -0.05816,   0.06328,  -0.04339,   0.04195,   0.01897,   0.06492,  -0.02698,  -0.01385,  -0.01385,   0.02554,   0.07149,   0.01077,   0.01897,   0.08462,   0.01733,  -0.01221,  -0.01385,   0.11744,  -0.08441,  -0.06308,  -0.00236,   0.00092,  -0.07129,  -0.02698,   0.00749,   0.00420,  -0.00072,  -0.02698,  -0.01549,   0.01405,   0.09611,   0.00420,   0.05836,   0.04359,  -0.01549,   0.05180,   0.00913,  -0.01221,  -0.02533,   0.01405,  -0.01713,   0.05344,   0.01897,  -0.00564,  -0.08934,  -0.01713,   0.02062,  -0.04831,   0.02882,  -0.03190,  -0.10247,   0.06492,   0.02226,   0.07149,   0.04359,   0.03210,  -0.04667,  -0.02698,  -0.01549,   0.09446,  -0.00072,   0.02554,   0.05836,  -0.02862,  -0.01221,  -0.03846,  -0.02041,   0.00420,   0.03210,  -0.05159,  -0.06964,  -0.07621,   0.02062,  -0.06636,  -0.02041,  -0.09590,   0.07313,  -0.02533,  -0.00728,   0.04031,  -0.17796,   0.00749,  -0.02041,  -0.01221,  -0.02369,   0.01733,   0.01897,  -0.01549,   0.04851,  -0.00400,  -0.01385,   0.00256,   0.00913,  -0.02205,   0.03867,   0.01241,  -0.03518,  -0.01221,  -0.13693,  -0.00728,   0.01241,  -0.04667,   0.02226,  -0.00564,   0.06492,   0.04031,   0.05016,   0.01897,   0.02718,  -0.00072,   0.00092,   0.03374,  -0.04831,   0.03539,  -0.00236,  -0.00072,  -0.08113,  -0.04010,  -0.09590,  -0.00400,  -0.09098,  -0.03682,   0.04687,   0.00256,  -0.02533,   0.05508,  -0.06636,   0.07313,   0.01897,   0.00749,  -0.05487,  -0.02698,   0.01241,   0.06985,   0.05016,  -0.02369,   0.06657,  -0.04831,   0.02390,  -0.11724,   0.00913,   0.06328,  -0.05980,  -0.05652,   0.01569,   0.03374,   0.03210,  -0.05487,  -0.02041,   0.05016,  -0.11559,   0.01733,   0.02554,   0.02554,  -0.00728,   0.03210,  -0.01056,   0.03703,   0.01077,  -0.00236,  -0.07621,   0.05672,   0.04195,   0.09282,  -0.01877,  -0.08441,   0.01897,  -0.07949,   0.05016,   0.06328,   0.08790,  -0.06964,  -0.02369,   0.03703,  -0.05323,   0.00585,  -0.10739,  -0.08605,  -0.02369,   0.06164,  -0.06308,  -0.03518,   0.00913,  -0.00728,  -0.05323,  -0.01385,  -0.06964,  -0.01877,   0.04687,   0.05508,  -0.01549,  -0.04175,  -0.00564,   0.01733,   0.04523,   0.03867,  -0.01221,  -0.03682,   0.00749,   0.06328,  -0.01221,  -0.00236,   0.05836,  -0.03846,   0.04523,  -0.07621,   0.02554,   0.04851,   0.04851,  -0.04010,   0.02226,   0.00256,   0.04687,   0.12893,   0.08462,   0.00092,   0.08134,  -0.07785,   0.00585,  -0.03026,  -0.05159,   0.03374,  -0.03354,   0.03539,  -0.04667,  -0.03846,  -0.00892,  -0.04010,  -0.04503,   0.01077,  -0.10575,   0.04523,   0.05016,   0.04523,  -0.01056,   0.09775,  -0.04339,   0.08298,   0.00420,  -0.04339,  -0.02862,  -0.04995,   0.03374,  -0.03518,   0.06657,  -0.05159,   0.00420,  -0.11395,   0.03046,  -0.02698,  -0.08605,  -0.01221,   0.06000,   0.00256,  -0.05652,   0.01405,   0.04195,  -0.04831,   0.02718,  -0.00400,  -0.03026,  -0.00564,  -0.02533,  -0.03026,  -0.00728,   0.01569,  -0.05159,  -0.00400,   0.00092,  -0.00728,  -0.02041,   0.03703,   0.03867,   0.07149,   0.02390,   0.08134,   0.06164,  -0.06308,   0.03374,  -0.05487,  -0.02205,   0.02554,   0.07477,  -0.00072,   0.01241,  -0.10411,   0.03703,   0.05180,  -0.02369,  -0.00236,   0.06328,   0.05836,  -0.09918,   0.09446,   0.01405,  -0.02533,   0.06164,  -0.07621,   0.00092,  -0.06144,  -0.03354,   0.10103,   0.03539,   0.03867,   0.01405,   0.00749,  -0.04831,  -0.02698,   0.02062,   0.00256,   0.07149,  -0.00236,   0.00585,  -0.02041,   0.04851,   0.03046,   0.00092,  -0.02698,  -0.00728,  -0.00564,   0.09939,  -0.03354,  -0.00892,  -0.05980,  -0.01385,  -0.01713,  -0.07457,   0.01897,   0.03703,   0.07641,  -0.05652,   0.06000,   0.00092,  -0.04339,   0.05344,  -0.00400,  -0.02698,   0.03703,   0.00256,   0.02718,   0.14041,   0.00256,   0.00420,  -0.05980,   0.04195,  -0.02369,   0.00913,  -0.02369,  -0.00892,  -0.06800,  -0.04831,  -0.03846,  -0.06800,  -0.06472,   0.06328,  -0.02862,   0.01077,   0.00092,   0.03703,  -0.05487,   0.07313,  -0.01713,  -0.01549,  -0.04339,   0.03539,  -0.01385,  -0.02369,   0.09611,   0.11908,  -0.08113,   0.00256,  -0.00728,   0.01405,  -0.02041,  -0.09590,   0.05016,   0.00749,  -0.05323,  -0.04831,  -0.10739,   0.06657,  -0.01056,   0.03374,   0.02882,  -0.00236,   0.01241,   0.01897,  -0.00564,  -0.05980,  -0.12052,   0.00092,  -0.05652,   0.02718,   0.05672,   0.02718,  -0.04339,   0.07313,   0.02062,  -0.07129,  -0.01549,  -0.04667,  -0.04667,   0.06985,  -0.01385,  -0.02041,   0.04031,   0.06821,  -0.06636,   0.00913,  -0.05159,  -0.05816,   0.02554,  -0.00072,   0.00256,  -0.02369,   0.02718,  -0.04339,  -0.02698,  -0.02369,   0.05508,  -0.00400,  -0.04667,   0.00092,  -0.03026,  -0.05159,  -0.05652,  -0.03026,   0.01733,   0.00749,  -0.00564,  -0.05487,   0.06164,   0.02718,  -0.03518,  -0.05487,   0.04195,   0.03046,  -0.06308,   0.02226,   0.02554,  -0.06144,   0.00749,  -0.00564,   0.07313,   0.06657,  -0.03190,   0.05016,  -0.00400,   0.03867,  -0.02533,   0.07477,  -0.03518,  -0.00072,   0.06985,  -0.05816,  -0.08605,  -0.03026,  -0.07129,  -0.04503,  -0.14349,   0.03374,  -0.02205,   0.03867,   0.12565,   0.02554,  -0.03518,  -0.01549,  -0.04995,   0.00913,  -0.01549,   0.10923,  -0.03190,   0.07149,  -0.00564,  -0.00072,  -0.04667,   0.00420,   0.02390,   0.00420,  -0.02041,   0.00749,   0.04359,   0.06821,   0.03703,   0.00092,  -0.01713,  -0.01549,   0.02882,  -0.02698,   0.03703,  -0.00564,   0.01077,   0.07149,  -0.07457,   0.05180,   0.03703,   0.00913,  -0.01713,   0.03374,   0.02062,  -0.03026,  -0.02369,   0.03867,  -0.01713,   0.00585,  -0.04175,   0.01897,   0.06000,   0.03210,  -0.03846,  -0.04503,  -0.01877,   0.00585,   0.01405,   0.08134,   0.04195,  -0.01385,  -0.01877,   0.05672,  -0.11888,   0.03210,  -0.01385,   0.03703,  -0.00892,   0.03046,   0.02062,   0.03374,   0.07969,   0.08790,   0.02718,   0.02226,  -0.00400,  -0.04010,   0.01733,  -0.03190,  -0.02205,   0.04031,  -0.06308,  -0.03846,   0.03867,  -0.02205,   0.04687,   0.09939,  -0.04010,   0.01241,   0.00256,  -0.06636,  -0.03846
  -0.02698,  -0.05816,  -0.05323,   0.06985,   0.03046,  -0.01877,  -0.03682,  -0.02041,   0.02226,  -0.03846,  -0.04175,   0.00749,  -0.02041,   0.04523,   0.03867,   0.04687,   0.02226,   0.06328,   0.01897,  -0.02205,  -0.06472,   0.00092,  -0.04175,   0.02390,   0.00420,  -0.12380,  -0.00564,   0.00585,   0.06328,  -0.00892,  -0.03190,   0.00092,  -0.03846,  -0.02533,   0.01897,   0.04031,   0.01897,  -0.05816,  -0.03518,  -0.03846,   0.06164,  -0.01713,   0.04687,  -0.03026,  -0.01385,   0.00420,   0.01897,  -0.07621,  -0.07621,   0.03703,   0.08134,   0.02718,  -0.03846,  -0.00728,  -0.00564,  -0.06144,  -0.04503,   0.02062,   0.00749,  -0.02205,   0.08790,   0.03867,   0.01569,   0.02882,  -0.12544,  -0.04010,   0.03374,   0.08626,   0.01897,   0.00749,  -0.04010,  -0.00400,  -0.05816,  -0.04175,  -0.05652,  -0.03026,   0.02882,   0.06492,   0.02718,   0.11416,   0.01897,   0.04851,   0.06657,  -0.00564,  -0.03354,   0.04195,   0.01405,   0.01733,  -0.00728,   0.03046,  -0.07293,   0.02882,  -0.04995,  -0.06800,   0.07149,  -0.05487,   0.00420,   0.07969,  -0.04503,   0.04523,  -0.00892,  -0.07293,   0.04523,   0.01569,   0.01897,   0.02062,  -0.09262,  -0.02533,  -0.01056,  -0.00564,   0.02226,   0.05672,   0.01241,  -0.01713,  -0.01221,  -0.00400,   0.01897,   0.02226,   0.01569,   0.04195,  -0.03518,   0.04523,   0.01405,  -0.00564,  -0.00728,  -0.04503,   0.00420,  -0.02205,   0.00092,   0.03210,   0.03539,  -0.01877,   0.05180,   0.08790,   0.00092,  -0.02041,  -0.04831,  -0.03026,  -0.03026,   0.01569,   0.01733,  -0.03354,   0.02390,   0.00749,   0.03867,   0.04523,  -0.05816,   0.03046,  -0.08113,  -0.01221,   0.00420,   0.02226,  -0.02698,  -0.01385,   0.00420,  -0.03682,  -0.08770,   0.03210,  -0.00728,  -0.00072,   0.00749,   0.05180,   0.06492,   0.01733,  -0.00400,  -0.06308,   0.04195,  -0.01221,  -0.01877,  -0.01385,   0.03046,   0.01733,   0.03703,  -0.06308,  -0.04175,   0.00420,  -0.01549,   0.08462,  -0.01713,   0.08790,  -0.03518,  -0.00072,   0.02226,   0.00585,  -0.02205,   0.01733,  -0.01877,   0.06164,  -0.02533,  -0.02205,   0.08462,  -0.03682,   0.02390,  -0.02533,   0.02390,   0.07641,  -0.01221,   0.06821,   0.03210,   0.03867,   0.00913,  -0.01056,   0.06657,   0.04687,   0.02062,   0.04031,   0.01405,  -0.00400,  -0.04339,  -0.02041,   0.03867,   0.00585,  -0.00236,   0.03210,  -0.01877,  -0.09262,   0.01733,  -0.01549,   0.00585,   0.07641,  -0.01221,   0.03046,   0.01569,   0.00420,   0.06492,  -0.03026,   0.01241,  -0.04339,  -0.00892,   0.03374,   0.06000,  -0.05487,   0.00913,  -0.02698,  -0.06308,  -0.03354,  -0.05487,  -0.02205,   0.03210,  -0.04503,   0.01405,   0.00420,  -0.01056,   0.02390,   0.07805,   0.01077,   0.02554,  -0.00400,   0.01897,  -0.01549,   0.04195,   0.01733,   0.08134,  -0.04831,   0.06821,   0.01077,   0.05180,   0.01733,   0.04195,  -0.03354,   0.02554,  -0.01877,  -0.01056,  -0.01056,  -0.00072,  -0.02862,   0.01897,  -0.03518,   0.01077,  -0.00728,  -0.01549,  -0.06144,  -0.03354,  -0.01056,  -0.00728,   0.00420,  -0.02041,  -0.03682,   0.04523,  -0.01385,  -0.01056,   0.01241,  -0.04503,   0.01241,   0.02226,   0.00913,   0.01077,   0.00585,  -0.03518,  -0.05487,  -0.04175,  -0.04175,  -0.00072,   0.05344,   0.03374,   0.04359,  -0.01713,  -0.02041,  -0.02205,   0.03374,  -0.02205,  -0.01056,  -0.03354,   0.01569,   0.00749,   0.00256,  -0.00728,  -0.01877,  -0.05487,   0.00913,  -0.00236,   0.00092,   0.02226,   0.01405,  -0.03518,   0.00749,   0.08134,  -0.00728,   0.00256,   0.05344,   0.02226,   0.04195,  -0.08770,  -0.00728,   0.05344,   0.02226,  -0.04010,  -0.05323,   0.02226,  -0.04175,   0.01733,   0.01077,  -0.00892,  -0.03518,   0.02718,   0.02062,   0.00420,   0.00256,  -0.02533,  -0.01877,  -0.07949,  -0.06800,  -0.01549,   0.04031,  -0.04175,  -0.00400,   0.06985,  -0.01056,   0.00256,   0.01077,  -0.02698,  -0.01877,   0.01897,  -0.02533,   0.00913,   0.07805,  -0.00564,  -0.06472,   0.01241,  -0.03682,   0.01733,   0.03539,  -0.03026,   0.06657,   0.06657,   0.01077,  -0.03518,   0.06000,  -0.02205,   0.04851,   0.01569,  -0.01056,   0.05508,  -0.02369,  -0.04175,   0.05180,  -0.00236,  -0.03026,   0.00420,   0.04195,  -0.00892,   0.03210,  -0.05159,  -0.05652,  -0.02041,  -0.01713,   0.07149,   0.05672,   0.01733,  -0.00236,  -0.05159,  -0.01221,   0.07969,   0.01733,  -0.04995,   0.04523,  -0.08113,   0.01733,   0.03867,   0.02226,  -0.03682,  -0.04175,  -0.04175,   0.11744,   0.13221,  -0.06472,   0.04359,  -0.02205,   0.01897,  -0.02041,  -0.00728,   0.05180,  -0.01713,   0.01077,   0.03703,   0.01733,   0.05344,   0.04031,   0.00256,   0.10759,   0.01405,   0.06492,   0.00749,   0.02554,  -0.04503,   0.03539,  -0.01221,  -0.02862,   0.01077,   0.05180,   0.09446,  -0.04831,  -0.03190,   0.05672,   0.00420,  -0.00400,   0.04851,  -0.04667,   0.01569,  -0.00564,  -0.01385,   0.08790,  -0.02533,   0.02718,   0.03210,  -0.03354,  -0.03190,   0.01897,   0.00749,   0.04851,  -0.00892,   0.00420,  -0.01221,  -0.05652,  -0.05652,  -0.03682,   0.01897,  -0.00236,  -0.01221,  -0.01549,  -0.01713,  -0.02041,  -0.01549,  -0.04995,   0.01405,  -0.01056,  -0.00892,  -0.04667,  -0.02533,   0.08954,   0.00913,  -0.06308,   0.02226,  -0.03846,  -0.02205,   0.01897,   0.03867,   0.06985,  -0.01549,   0.06000,   0.00749,  -0.03682,  -0.00236,   0.00749,   0.04359,  -0.04339,  -0.05816,  -0.00400,  -0.04503,   0.00913,  -0.06144,  -0.02369,   0.00913,  -0.01549,  -0.00564,  -0.02041,  -0.04503,  -0.00892,   0.07641,   0.03210,   0.02718,  -0.01385,  -0.04831,  -0.04831,  -0.04995,   0.01569,   0.00749,   0.00092,  -0.04339,  -0.14185,   0.02882,   0.11416,   0.02390,  -0.08770,  -0.03846,   0.02390,   0.06821,  -0.01221,  -0.00072,   0.02718,  -0.05652,  -0.00236,  -0.00236,   0.05508,   0.00092,  -0.01713,  -0.04339,  -0.09590,   0.01897,  -0.03518,   0.03703,   0.01241,  -0.00564,   0.03703,   0.03046,  -0.02862,   0.03046,  -0.01549,  -0.00236,  -0.02205,  -0.04995,  -0.01549,  -0.03518,   0.00585,   0.03374,   0.04523,   0.05016,  -0.09754,  -0.07949,  -0.02533,   0.01569,  -0.03026,   0.01241,  -0.02533,  -0.09918,  -0.04667,  -0.03026,  -0.05652,   0.04687,  -0.09590,  -0.07785,   0.00749,   0.02226,   0.03539,   0.02554,  -0.00236,  -0.03518,   0.02390,   0.04687,  -0.00892,   0.00585,   0.03374,  -0.06472,   0.02390,  -0.06144,   0.07477,  -0.01385,  -0.03354,   0.09282,  -0.00564,  -0.04831,  -0.06472,   0.00749,  -0.01385,  -0.02041,  -0.06800,  -0.00236,   0.03867,  -0.03846,  -0.02041,  -0.01056,  -0.00564,  -0.00564,   0.02718,  -0.04175,  -0.03026,  -0.08934,  -0.00892,   0.00585,  -0.01385,  -0.06636,   0.03867,   0.01077,  -0.00892,   0.00092,  -0.05980,  -0.01877,   0.06492,   0.00092,   0.03210,   0.01405,  -0.03354,   0.00585,  -0.02862,  -0.04667,  -0.05816,  -0.09754,   0.02718,   0.06328,   0.06821,   0.00749,  -0.01221,  -0.05159,   0.00749,  -0.00564,  -0.03846,  -0.00728,  -0.02862,  -0.08113,   0.00420,  -0.00892,  -0.02041,   0.00256,  -0.02862,  -0.05323,  -0.04995,   0.02882,   0.01077,   0.03374,   0.01897,  -0.01713,   0.01077,  -0.07293,  -0.03846,  -0.08113,   0.01241,   0.08790,   0.01897,   0.07149,  -0.04995,   0.05180,  -0.04667,   0.01241,  -0.04667,  -0.06472,   0.02882,  -0.08441,  -0.03190,  -0.01713,   0.00585,   0.02226,  -0.00728,   0.00749,  -0.07621,   0.01077,  -0.06144,  -0.03518,  -0.03846,  -0.04010,   0.05016,   0.01077,  -0.01221,  -0.00728,   0.06328,  -0.01056,   0.02554,   0.02554,  -0.01877,   0.04031,  -0.07129,  -0.01221,  -0.08277,   0.01241,   0.06164,   0.00913,  -0.00564,   0.05016,   0.00420,   0.00749,   0.04031,   0.00585,  -0.03846,  -0.00728,  -0.03682,   0.06821,   0.02554,   0.04687,  -0.00236,  -0.03190,  -0.02369,   0.04851,   0.03374,  -0.04995,  -0.02369,   0.00585,   0.01733,  -0.07129,   0.02882,   0.08462,  -0.01056,  -0.00564,   0.00585,   0.00420,  -0.03682,   0.00749,  -0.01877,   0.03374,   0.00256,   0.00913,   0.05672,  -0.02533,   0.01733,   0.09282,  -0.02041,  -0.07457,  -0.05652,   0.02062,   0.02390,  -0.03682,   0.00585,   0.04195,   0.06985,  -0.01385,  -0.04503,  -0.06308,  -0.04831,  -0.01549,   0.01077,  -0.00564,   0.06000,   0.03539,   0.03867,   0.01241,  -0.00892,  -0.01221,   0.09118,  -0.00400,   0.00585,  -0.00072,   0.00585,  -0.00072,  -0.00400,   0.01241,   0.01241,  -0.08770,   0.00585,   0.00420,  -0.01221,  -0.03682,   0.06821,  -0.00236,   0.00256,   0.02390,  -0.00400,  -0.06144,  -0.03682,   0.03703,  -0.03846,  -0.02533,   0.01241,  -0.04503,   0.00092,   0.04687,  -0.01385,  -0.10247,   0.01077,   0.05836,   0.01241,   0.04687,   0.02882,  -0.03354,   0.04687,   0.04851,   0.01077,   0.05836,  -0.05323,  -0.00892,   0.02882,   0.01405,  -0.04010,  -0.05323,   0.01733,  -0.03026,   0.04359,  -0.03682,  -0.03518,   0.00913,  -0.04667,  -0.04995,  -0.00728,  -0.03846,   0.02554,   0.04687,   0.00913,   0.05016,   0.03046,  -0.06800,  -0.03682,   0.00092,   0.07313,  -0.00892,  -0.05652,  -0.01221,  -0.05323,   0.02062,   0.01241,   0.01733,   0.06000,  -0.02041,   0.03703,  -0.06144,  -0.04995,  -0.01221,   0.05180,   0.00913,   0.01569,   0.05016,   0.07149,  -0.06964,   0.06657,   0.00585,   0.03867,  -0.08441,  -0.00892,   0.01241,   0.05672,  -0.03682,   0.06000,  -0.02698,   0.09118,   0.08134,   0.03374,  -0.00072,  -0.00236,  -0.02698,   0.02390,   0.00256,   0.08298,  -0.01877,  -0.04175,  -0.05159,  -0.04995,  -0.02533,  -0.02205,   0.01405,   0.01241,  -0.07621,   0.09282,  -0.00072,  -0.03518,  -0.06964,  -0.00400,  -0.04503,   0.03867,  -0.02041,   0.03703,   0.02882,  -0.07949,  -0.10082,   0.07149,   0.05508,   0.03046,  -0.02698,  -0.09590,   0.03703,  -0.03518,  -0.05487,  -0.07621,   0.00913,  -0.08770,   0.04359,   0.03867,  -0.04339,   0.02226,  -0.01221,   0.01241,  -0.00072,  -0.04010,  -0.03190,  -0.04831,  -0.06964,  -0.05652,   0.05672,  -0.05487,   0.03539,  -0.01385,  -0.00400,   0.05836,  -0.02041,   0.00585,   0.05180,   0.03867,  -0.01877,   0.00256,   0.02554,   0.03210,  -0.11888,   0.00913,  -0.05816,  -0.04339,   0.04523,  -0.00728,   0.00256,  -0.00236,  -0.02698,   0.00092,   0.05836,   0.00420,   0.03703,   0.02390,   0.00585,   0.01241,   0.03046,  -0.04339,  -0.01385,  -0.00236,  -0.02862,  -0.07621,  -0.06144,   0.03867,   0.00420,   0.00420,  -0.05652,   0.02718,  -0.02205,  -0.01385,  -0.03354,  -0.01385,  -0.02862,  -0.06800,  -0.05323,  -0.04995,   0.00256,   0.01405,   0.00913,  -0.06964,   0.02062,   0.04031,   0.02554,  -0.00236,   0.10923,  -0.05652,   0.09446,   0.00092,   0.05016,  -0.05323,  -0.02369,  -0.01385,   0.03374,  -0.12708,  -0.01221,   0.00420,  -0.05487,  -0.02369,   0.02390,  -0.06308,  -0.01056,   0.01733,  -0.01713,  -0.08277,  -0.00892,   0.03374,  -0.02698,   0.03867,  -0.01056,  -0.00892,   0.01077,   0.04031,   0.00092,   0.02554,  -0.02533,   0.00749,   0.02718,  -0.02205,   0.04031,  -0.02041,   0.02554,   0.03210,  -0.05159,  -0.02369,   0.00092,   0.05344,  -0.04010,   0.00420,   0.07477,  -0.01385,   0.01405,   0.01405,  -0.05323,   0.06000,  -0.00236,   0.01405,  -0.01713,  -0.07785,   0.05016,  -0.02862,   0.05508,  -0.06144,   0.02226,  -0.00400,  -0.02862,  -0.00564,   0.14041,  -0.01713,   0.00420,   0.01077,  -0.00728,  -0.01221,  -0.06800,  -0.03026,  -0.00236,  -0.01385,  -0.00236,   0.08298
   0.01241,   0.03867,   0.01405,  -0.00400,   0.04031,   0.05836,   0.03867,  -0.06472,  -0.06308,   0.06985,  -0.07949,   0.01733,  -0.01549,   0.02390,   0.02718,  -0.04010,   0.00420,   0.01241,   0.08790,  -0.01877,   0.00420,   0.00420,   0.04195,  -0.06472,   0.04195,   0.00749,  -0.04667,   0.03210,   0.00913,   0.00749,   0.01405,  -0.01713,  -0.07457,   0.01405,   0.06328,   0.00256,  -0.00728,  -0.05816,  -0.03682,   0.02226,   0.08134,  -0.04503,   0.04359,   0.00256,  -0.03190,   0.03046,  -0.01385,   0.02226,  -0.05816,  -0.01056,  -0.03190,   0.02882,  -0.01877,  -0.02533,   0.05672,  -0.06472,   0.00092,  -0.02205,  -0.05487,   0.00585,  -0.06636,   0.00913,  -0.04339,  -0.02205,  -0.00564,  -0.01056,   0.06657,   0.06821,   0.08134,   0.00092,  -0.04010,   0.01569,  -0.06472,  -0.03026,   0.03867,  -0.00564,  -0.00072,   0.02226,   0.03374,   0.06328,  -0.00072,   0.02226,  -0.02041,   0.08626,  -0.03026,   0.00420,   0.02882,  -0.00236,  -0.02205,  -0.08441,   0.04195,  -0.01877,   0.01897,  -0.01877,  -0.14185,   0.03046,  -0.01549,  -0.04339,   0.06164,   0.02226,  -0.04503,   0.02882,   0.08298,   0.04523,  -0.00728,   0.06821,   0.01405,   0.06492,   0.01569,   0.06821,   0.02554,   0.02882,   0.00256,  -0.02369,  -0.06308,   0.01733,   0.02554,   0.08626,   0.02554,   0.03210,  -0.02369,   0.11908,  -0.02533,  -0.02369,   0.04687,  -0.03354,   0.05508,  -0.01221,  -0.06144,  -0.02369,  -0.01713,  -0.04010,   0.01405,   0.09282,  -0.02041,   0.00913,  -0.04010,  -0.03518,   0.02882,   0.05344,  -0.06308,   0.08626,   0.03210,  -0.07621,   0.00913,  -0.06472,   0.00749,   0.01241,  -0.03518,  -0.04339,  -0.00728,   0.05016,   0.11252,   0.03539,  -0.00236,  -0.06472,   0.00913,   0.05672,   0.01733,   0.02390,  -0.07293,  -0.05652,   0.01733,   0.02062,  -0.01713,  -0.04175,   0.01405,  -0.08934,   0.00749,  -0.01549,  -0.04667,  -0.03354,  -0.00564,  -0.01221,   0.02718,   0.01569,   0.00585,  -0.04503,   0.01733,  -0.09426,  -0.01549,  -0.02369,   0.04031,   0.00256,   0.04031,   0.02554,   0.01241,  -0.04503,  -0.02369,   0.00913,  -0.11559,   0.01897,   0.04523,   0.01569,   0.02226,  -0.04010,   0.01405,  -0.03518,   0.01897,   0.05836,  -0.06964,  -0.00400,   0.04359,   0.08298,   0.00749,  -0.00892,   0.01405,  -0.00236,   0.04031,   0.00420,   0.01405,  -0.03354,   0.00256,   0.01897,   0.05672,  -0.01549,   0.00256,   0.04851,   0.06985,   0.02882,   0.02882,   0.09282,  -0.06144,   0.05508,   0.05672,  -0.00892,  -0.05159,  -0.01549,  -0.07785,   0.02554,   0.09939,  -0.02369,  -0.01877,  -0.01221,   0.01733,   0.00420,   0.01733,  -0.06308,   0.07641,   0.01897,   0.10595,   0.05672,  -0.02205,  -0.05816,  -0.05323,   0.03046,   0.06492,  -0.04175,   0.05672,   0.03046,  -0.04339,  -0.03190,  -0.00728,  -0.00236,   0.00749,  -0.00728,   0.00913,  -0.01221,  -0.07785,   0.03539,  -0.01549,  -0.00728,  -0.03518,  -0.01549,   0.00913,   0.03210,  -0.00728,   0.03374,   0.03374,   0.06985,  -0.01056,  -0.05980,  -0.00892,   0.01241,  -0.01713,   0.02718,  -0.03190,  -0.09754,  -0.05323,   0.00749,  -0.04503,  -0.07457,  -0.02205,   0.01733,  -0.04175,   0.04359,  -0.02862,  -0.03518,  -0.01056,  -0.02205,  -0.10411,  -0.03846,  -0.08934,   0.07641,  -0.00564,  -0.09098,  -0.01056,  -0.05159,  -0.04010,   0.01897,  -0.00728,  -0.07457,  -0.00892,  -0.00728,  -0.03354,   0.02718,  -0.01549,   0.00092,   0.00256,  -0.03190,  -0.08441,  -0.05487,  -0.01549,  -0.00564,  -0.03190,   0.01569,   0.01077,   0.00749,   0.02882,   0.08462,  -0.01877,   0.08462,  -0.00072,   0.02554,   0.03539,  -0.02533,  -0.06964,  -0.00728,  -0.01713,  -0.06964,  -0.03190,  -0.05159,   0.00585,   0.05344,   0.01241,   0.01077,   0.00092,   0.00420,  -0.00564,  -0.00728,  -0.01056,  -0.02205,  -0.09918,  -0.00564,   0.00092,   0.05672,   0.06657,   0.01077,  -0.00236,   0.00749,  -0.01877,  -0.02041,  -0.06800,   0.06164,  -0.06636,   0.03210,  -0.04831,   0.02554,  -0.00564,   0.00749,   0.04687,  -0.01221,  -0.02205,   0.02554,   0.04031,  -0.06636,   0.04195,  -0.01877,  -0.04667,  -0.02533,   0.07969,  -0.04503,  -0.04339,  -0.03026,  -0.04010,   0.01241,   0.03867,  -0.06800,   0.08134,  -0.02533,  -0.05159,   0.04195,  -0.04995,  -0.04010,   0.02390,  -0.05652,   0.04195,   0.00913,  -0.03354,  -0.00564,  -0.08934,   0.00585,  -0.05652,   0.00585,  -0.02533,   0.05016,  -0.02041,  -0.01713,   0.03046,  -0.02862,   0.02554,  -0.01056,   0.01569,   0.02390,   0.07805,   0.05508,   0.01569,   0.08462,  -0.01549,   0.00913,  -0.03026,   0.04359,  -0.02369,   0.02882,  -0.06144,   0.05344,   0.01405,   0.00256,  -0.03190,  -0.00400,  -0.06144,   0.04851,   0.00585,   0.08134,  -0.03682,   0.06328,   0.00749,   0.01569,  -0.03518,   0.00420,  -0.02041,   0.03703,   0.12565,  -0.00400,   0.04687,  -0.05487,   0.01405,  -0.06308,   0.00256,  -0.02698,  -0.03190,   0.03046,  -0.00400,  -0.02205,  -0.01221,  -0.00072,   0.02882,  -0.00728,   0.06000,  -0.00236,  -0.03846,  -0.00400,   0.01733,  -0.06472,   0.03046,  -0.06472,   0.01405,  -0.04503,   0.12893,  -0.02041,   0.02390,  -0.03026,  -0.01221,  -0.00236,  -0.00400,   0.00913,   0.07805,   0.07805,  -0.11067,   0.00749,   0.03210,  -0.02862,   0.00585,   0.06657,  -0.00564,   0.01241,   0.02226,   0.01405,  -0.03026,   0.02554,  -0.05487,  -0.07949,  -0.04503,   0.08626,   0.06821,  -0.00400,   0.02062,   0.00585,  -0.08277,  -0.06964,  -0.03846,   0.03539,  -0.03846,   0.02718,   0.02062,   0.00420,  -0.00400,   0.03374,  -0.00564,   0.01569,  -0.04339,  -0.01549,   0.03046,   0.00585,  -0.01877,  -0.01877,   0.03703,   0.04195,   0.05016,   0.11088,   0.03867,  -0.01549,  -0.05323,   0.03374,   0.00092,  -0.00892,   0.02718,  -0.03354,   0.06985,   0.04195,  -0.06800,  -0.02698,   0.06000,   0.06492,   0.04523,   0.00420,   0.02718,  -0.02862,   0.02718,  -0.04831,  -0.01549,   0.08626,   0.08626,  -0.06964,   0.04851,  -0.05487,  -0.01877,   0.06328,   0.02062,  -0.04175,   0.07477,   0.02554,   0.02062,   0.08954,   0.10923,   0.02718,  -0.03846,   0.04031,   0.01241,  -0.00564,  -0.02698,   0.01897,   0.05016,  -0.05323,   0.07969,   0.03867,  -0.02533,  -0.03190,  -0.02862,  -0.02205,   0.01405,  -0.06800,   0.02882,  -0.11559,  -0.01713,  -0.00072,  -0.02205,   0.02882,   0.01569,   0.02226,  -0.04667,   0.02062,   0.01241,  -0.09262,  -0.04831,   0.04031,  -0.00728,   0.05672,  -0.00728,   0.00913,  -0.00564,  -0.09918,  -0.02369,  -0.00400,   0.11908,   0.03703,   0.00749,   0.01241,   0.01897,   0.04359,   0.06328,   0.00420,  -0.02369,  -0.03682,  -0.01056,   0.09446,   0.03046,  -0.00072,  -0.01056,   0.03210,  -0.04339,  -0.05159,   0.00585,  -0.06308,  -0.00400,   0.04359,  -0.05323,   0.02882,  -0.07949,  -0.02369,  -0.00236,  -0.05980,   0.13221,  -0.05487,  -0.04010,  -0.02698,   0.04031,  -0.01221,   0.07477,   0.06164,   0.07477,  -0.01221,  -0.01713,  -0.01221,   0.03210,  -0.02369,   0.01077,  -0.07293,  -0.01056,   0.01405,  -0.03682,  -0.03682,   0.00092,   0.00585,  -0.04175,  -0.01713,   0.06164,  -0.02041,   0.04687,  -0.01713,   0.01077,   0.03374,  -0.04175,  -0.00564,  -0.08934,  -0.01056,  -0.00728,   0.01077,   0.06328,  -0.02862,  -0.02533,  -0.01385,  -0.03190,  -0.00072,  -0.10739,   0.01733,  -0.06800,   0.01405,  -0.04339,  -0.01056,  -0.02369,  -0.06308,   0.00420,   0.01077,  -0.02205,  -0.04503,  -0.05652,  -0.02533,   0.00256,   0.01241,   0.05344,   0.05344,   0.00420,  -0.07457,   0.01897,   0.04195,   0.03703,  -0.09918,  -0.05652,  -0.06800,   0.00256,  -0.04339,   0.03046,   0.00585,   0.01077,   0.00420,  -0.01221,   0.05016,   0.10103,   0.11908,  -0.02205,  -0.05159,  -0.03518,  -0.00236,  -0.06964,  -0.03518,  -0.05487,   0.06000,  -0.01549,  -0.05323,  -0.06144,  -0.01385,  -0.00400,  -0.01549,   0.05672,  -0.10247,  -0.01549,  -0.00400,  -0.01877,   0.01569,  -0.07949,   0.04687,   0.01569,  -0.02205,   0.04195,  -0.05159,  -0.03190,  -0.00728,   0.06821,  -0.03518,  -0.03026,   0.03374,   0.00420,   0.09939,   0.05180,  -0.08441,  -0.05323,  -0.00892,  -0.01221,   0.00256,   0.05672,  -0.03026,  -0.01056,  -0.17303,  -0.02369,  -0.02862,  -0.01385,  -0.00892,  -0.01549,  -0.01056,  -0.00564,   0.06985,  -0.02533,   0.05016,   0.00913,  -0.04831,   0.04851,   0.01897,  -0.04503,   0.06000,  -0.00892,   0.06985,  -0.00728,   0.01077,   0.06657,  -0.00728,  -0.01877,  -0.00728,   0.04523,   0.03046,  -0.04339,  -0.03518,   0.06492,   0.02882,  -0.04995,   0.05508,   0.04851,   0.02718,   0.06492,   0.01569,  -0.05159,   0.02226,   0.02882,   0.03210,   0.04359,  -0.01221,  -0.04503,  -0.04503,  -0.04831,   0.01897,  -0.00892,   0.00256,   0.00749,  -0.07457,   0.05836,   0.04523,  -0.08441,   0.02882,   0.01569,   0.04851,  -0.00236,  -0.03026,   0.10267,  -0.03026,   0.11580,   0.07641,   0.02554,  -0.03846,   0.03374,  -0.01056,  -0.07621,   0.05672,   0.02062,  -0.02862,  -0.06308,  -0.03682,   0.12236,  -0.00072,  -0.00892,   0.05344,   0.05836,   0.03210,  -0.01549,  -0.04831,  -0.03518,   0.02554,  -0.06144,   0.02718,   0.00420,   0.00749,  -0.05980,  -0.04010,  -0.00892,   0.05672,   0.02554,   0.02062,  -0.01056,   0.05016,   0.03046,   0.02718,  -0.03026,  -0.04175,  -0.01221,   0.08790,  -0.02533,  -0.06308,  -0.00236,  -0.13201,  -0.09918,   0.00585,   0.01405,  -0.02698,   0.02390,   0.08298,   0.08462,  -0.00892,  -0.04010,   0.05836,  -0.04831,  -0.02698,  -0.04339,  -0.03846,   0.05836,   0.01405,  -0.04667,   0.06164,   0.02390,  -0.09918,  -0.10739,   0.08790,  -0.02041,   0.05016,   0.00420,  -0.03026,  -0.04831,   0.00749,   0.00092,   0.09611,   0.02226,   0.14041,   0.02390,   0.03046,  -0.05652,  -0.08770,  -0.06636,   0.01897,   0.06821,   0.05836,   0.00913,   0.02226,   0.00420,  -0.03354,   0.02062,   0.00420,  -0.00892,  -0.10739,   0.02554,  -0.05159,   0.02554,  -0.05816,  -0.01877,  -0.03518,   0.04031,   0.03210,  -0.00072,   0.04031,  -0.01713,   0.04359,  -0.00564,  -0.01713,  -0.04175,  -0.04339,   0.03046,   0.00420,  -0.04175,  -0.04010,   0.03539,   0.04687,  -0.02862,  -0.05980,  -0.04667,   0.04359,  -0.05323,   0.03210,   0.05180,  -0.04175,   0.00749,  -0.13036,   0.02226,   0.01569,  -0.00072,  -0.06472,   0.06164,  -0.07949,  -0.03354,   0.00749,  -0.06472,  -0.02862,   0.01405,  -0.05980,  -0.01549,  -0.02533,   0.00585,  -0.04010,   0.06000,  -0.06144,  -0.03846,   0.01733,   0.03210,  -0.04831,  -0.01056,  -0.05487,   0.05016,  -0.01385,   0.05344,   0.05180,   0.00420,   0.09118,   0.01897,   0.02390,  -0.02369,   0.08954,  -0.02205,  -0.00728,   0.07805,  -0.02369,  -0.03682,   0.00585,  -0.02533,   0.07149,  -0.06964,   0.03046,  -0.03354,   0.04851,   0.03867,   0.05672,  -0.05652,  -0.06144,  -0.05980,  -0.01713,  -0.08277,  -0.00236,  -0.00892,   0.13549,   0.06492,   0.00092,   0.00749,   0.03210,   0.00092,  -0.03190,   0.01733,  -0.03190,   0.02554,   0.03703,   0.06328,  -0.03518,  -0.03682,  -0.02205,   0.02554,  -0.11888,  -0.06636,   0.02390,   0.02226,   0.01405,  -0.11559,  -0.00728,  -0.05652,   0.03046,  -0.00728,  -0.06800,   0.06821,  -0.01221,  -0.01713,   0.04359,  -0.02862,  -0.05323,   0.01241,  -0.02698,  -0.04175,   0.01405,  -0.00072,  -0.01713,   0.12236,  -0.12544,  -0.04010,   0.02718,  -0.05652,   0.02554,  -0.01221,   0.03539,   0.01569,  -0.03026,   0.02718,  -0.01549
   0.02718,  -0.06308,   0.04031,  -0.02862,   0.06985,  -0.00400,  -0.04339,  -0.02041,   0.00585,  -0.04995,   0.09939,   0.00256,  -0.03846,  -0.05159,   0.00092,   0.03703,  -0.01221,   0.07477,  -0.00564,  -0.08441,   0.03046,   0.00585,   0.04195,   0.03867,   0.10103,   0.10267,   0.03374,   0.02554,   0.05180,   0.05344,  -0.04010,  -0.02533,   0.07313,   0.02718,  -0.02041,  -0.03682,  -0.05652,  -0.04503,   0.02226,   0.01241,   0.07149,   0.02062,   0.01569,  -0.02205,  -0.06144,   0.03374,  -0.02041,  -0.02205,  -0.03682,  -0.02698,   0.09775,  -0.07293,   0.05672,   0.03867,   0.00585,   0.00420,   0.02390,   0.09282,   0.00913,   0.07149,   0.00256,   0.12236,  -0.00892,   0.06164,   0.01077,   0.00749,  -0.00400,   0.00092,   0.02390,  -0.00564,  -0.04995,   0.00420,  -0.01713,   0.05016,  -0.01877,  -0.02369,   0.02390,   0.05836,   0.01897,   0.06164,  -0.08277,   0.06328,  -0.05323,   0.07477,   0.02882,   0.00913,  -0.08277,   0.01405,  -0.01056,  -0.00400,  -0.01056,   0.03539,  -0.01385,   0.02882,   0.01569,   0.00420,   0.08462,  -0.03846,   0.04851,  -0.04503,   0.02062,   0.01897,   0.02226,   0.01241,   0.00913,  -0.05816,   0.18144,   0.01077,   0.01077,   0.05344,   0.05836,  -0.12216,  -0.03026,   0.01241,  -0.00072,  -0.01549,  -0.03682,  -0.01549,   0.03703,   0.06985,  -0.00728,  -0.05980,   0.06000,  -0.00072,   0.00913,  -0.00072,  -0.02205,   0.10595,   0.01077,  -0.01877,   0.02554,   0.00749,   0.01405,  -0.08934,   0.10595,   0.02390,  -0.02369,   0.01405,  -0.01385,  -0.00564,  -0.06800,  -0.03190,   0.01569,   0.02062,   0.01897,  -0.07785,  -0.02205,  -0.00400,   0.00092,   0.03210,   0.00420,   0.01405,   0.04851,   0.00256,   0.04195,  -0.01056,   0.01405,  -0.06144,  -0.01713,  -0.01056,   0.02226,  -0.08441,  -0.05980,   0.07641,   0.01405,  -0.00892,   0.03046,   0.05836,  -0.01221,   0.03046,   0.02882,   0.04851,   0.06328,  -0.04339,  -0.00400,  -0.00728,   0.08134,  -0.03026,   0.05344,   0.02554,   0.01733,  -0.02698,   0.02390,   0.01733,   0.04195,   0.05180,  -0.04339,   0.06328,   0.02226,   0.02882,   0.01733,   0.00913,  -0.04339,   0.03046,  -0.01549,  -0.00892,   0.03539,  -0.04010,  -0.00892,   0.07641,  -0.02205,   0.00256,  -0.02862,   0.07477,  -0.01221,  -0.04831,   0.02718,  -0.03682,  -0.00072,  -0.03354,   0.03703,  -0.03846,  -0.03846,  -0.00564,   0.02390,  -0.06964,   0.01569,  -0.02533,  -0.00564,   0.01077,  -0.01713,  -0.02862,   0.02882,   0.03374,  -0.01385,   0.02226,   0.00256,  -0.01549,  -0.10082,  -0.04831,   0.05836,  -0.03190,  -0.05487,   0.02226,   0.01077,  -0.05159,   0.03210,  -0.02533,   0.02390,   0.04031,  -0.03682,   0.06821,   0.04195,   0.01733,  -0.01221,   0.09446,   0.01405,  -0.04010,   0.01077,   0.04523,   0.02390,   0.01569,   0.03046,   0.09446,   0.01241,  -0.02041,   0.05016,  -0.08277,   0.02062,   0.02390,   0.07969,   0.00913,  -0.00892,  -0.01385,   0.06000,   0.02718,   0.00420,   0.03046,   0.04523,  -0.03354,  -0.01056,  -0.01056,  -0.02533,  -0.10903,  -0.00236,   0.03374,   0.00913,  -0.02041,  -0.03682,   0.03210,  -0.05816,  -0.05159,   0.01241,  -0.00564,   0.02718,   0.04523,   0.04359,   0.05508,   0.03867,   0.03046,   0.04851,  -0.01056,  -0.04503,  -0.01056,  -0.03190,  -0.06636,   0.06000,   0.00256,  -0.05980,   0.06985,   0.03539,  -0.01877,   0.01569,   0.03374,  -0.01221,   0.08790,  -0.00236,  -0.01549,   0.08462,  -0.04667,   0.02554,  -0.00892,  -0.03846,   0.02390,  -0.00236,  -0.03026,   0.00092,   0.04359,   0.00256,   0.08462,   0.04031,   0.00420,  -0.06144,  -0.02369,  -0.02862,   0.03703,   0.00256,   0.03374,   0.01733,  -0.01877,   0.08298,  -0.04339,   0.01733,   0.03374,  -0.00072,   0.07641,  -0.05816,   0.01241,  -0.01877,  -0.04831,   0.00585,   0.01405,  -0.01221,   0.05344,   0.00256,  -0.02369,  -0.02698,   0.01077,  -0.03026,   0.01897,  -0.06308,   0.02062,  -0.03518,  -0.05980,   0.01897,  -0.07785,   0.02718,  -0.01221,   0.03374,  -0.00892,   0.04523,   0.01897,   0.04523,  -0.04010,   0.03539,   0.01897,   0.00092,  -0.00400,   0.06328,  -0.01549,  -0.01385,   0.02226,   0.00749,  -0.00564,  -0.05323,   0.00420,   0.07477,   0.07313,   0.07641,  -0.03682,  -0.06472,   0.02226,   0.04359,   0.06657,  -0.05487,   0.00913,  -0.00072,  -0.08441,   0.03539,   0.06000,   0.01405,  -0.04339,   0.05344,  -0.06800,   0.03867,  -0.02205,   0.06657,   0.04851,  -0.01713,  -0.01056,   0.01569,   0.04523,  -0.01877,   0.00092,   0.03374,   0.01077,   0.01241,  -0.01713,   0.01569,  -0.03190,   0.04523,  -0.03026,  -0.01549,   0.04687,  -0.05323,   0.02554,  -0.01221,  -0.00072,   0.03539,  -0.04667,  -0.02698,  -0.00564,   0.03703,   0.02226,   0.00585,   0.00749,   0.00585,  -0.03682,  -0.02205,   0.06164,   0.07149,   0.02718,  -0.05980,   0.00585,   0.10103,  -0.00236,   0.06328,  -0.02698,  -0.04995,   0.04523,   0.02062,   0.06821,   0.04031,  -0.01713,  -0.04667,   0.03046,  -0.04831,  -0.04175,   0.03210,   0.02718,   0.01733,  -0.05652,   0.02390,   0.02882,  -0.03190,  -0.04175,  -0.06964,   0.03703,   0.02554,  -0.00728,   0.00749,  -0.07457,  -0.00400,  -0.09590,  -0.07293,   0.04687,  -0.00892,  -0.00236,   0.02062,   0.06000,   0.02390,  -0.11724,  -0.02369,   0.02718,   0.05672,  -0.00564,  -0.03682,  -0.02533,   0.01241,   0.06985,   0.00913,  -0.07949,  -0.00400,   0.03046,  -0.02205,  -0.02041,   0.05016,   0.02062,  -0.02205,   0.09446,   0.01733,   0.06821,   0.00913,  -0.05159,  -0.02533,   0.03539,   0.02062,   0.07641,   0.00913,  -0.01877,  -0.04339,  -0.00236,   0.03046,  -0.00400,  -0.03682,   0.07149,  -0.04339,  -0.06472,  -0.02041,   0.00092,  -0.07129,   0.02226,  -0.00892,   0.03046,   0.01897,  -0.04339,   0.04359,   0.08462,   0.03210,  -0.04995,   0.03703,   0.04687,  -0.01056,   0.04031,  -0.02862,   0.03374,   0.03210,   0.04031,  -0.02205,   0.04687,  -0.02698,   0.00420,   0.07149,  -0.03190,   0.00256,  -0.03682,  -0.01713,   0.03046,   0.08134,   0.02882,   0.03374,  -0.06964,  -0.00236,   0.03046,  -0.02205,   0.00420,  -0.03846,  -0.01221,   0.06657,  -0.04503,  -0.03846,  -0.00728,   0.00913,  -0.07949,   0.00092,  -0.00564,  -0.07785,   0.04687,  -0.04339,   0.00913,   0.00092,  -0.05159,  -0.02698,   0.10595,  -0.04503,   0.00913,   0.02882,   0.03210,   0.01733,  -0.06144,  -0.05487,   0.00585,  -0.07129,  -0.05487,   0.04195,  -0.08770,   0.02062,  -0.06800,   0.01241,   0.02062,  -0.05652,  -0.07785,  -0.04175,   0.06000,  -0.00564,  -0.06144,  -0.09918,   0.04687,  -0.04175,  -0.02698,   0.05016,   0.03703,   0.01241,   0.01241,   0.01077,   0.09446,   0.02390,  -0.00400,   0.02882,   0.00092,   0.01733,   0.01405,  -0.03682,  -0.01221,   0.00585,  -0.05980,  -0.00564,  -0.01056,   0.01569,   0.02554,  -0.02205,  -0.01221,   0.00913,   0.06000,  -0.04175,  -0.08277,  -0.01713,   0.10431,   0.01733,   0.06328,  -0.01056,   0.00913,  -0.03682,  -0.05652,  -0.00400,  -0.02862,  -0.05652,  -0.04175,   0.06492,   0.04851,   0.00749,  -0.07949,   0.06821,   0.09775,  -0.03846,  -0.06636,  -0.00400,   0.01733,  -0.06472,   0.07477,   0.01405,   0.03374,   0.03210,   0.02390,  -0.01221,  -0.01385,  -0.02041,   0.10267,   0.00256,   0.05508,   0.08134,   0.05016,  -0.03682,  -0.02041,   0.02390,   0.01733,   0.02718,  -0.10739,   0.00256,  -0.01877,   0.01077,   0.02226,   0.01241,   0.00256,   0.01241,  -0.01221,  -0.07129,   0.04851,  -0.04831,  -0.02205,  -0.00728,   0.02226,   0.04031,  -0.04667,   0.09775,  -0.05652,   0.05016,   0.00585,  -0.00892,  -0.04995,  -0.04995,   0.04851,  -0.00564,  -0.04667,  -0.02533,   0.05016,   0.02062,   0.02226,   0.01405,   0.04687,   0.03210,   0.04851,   0.06821,   0.00585,   0.03210,  -0.05980,  -0.01056,   0.07477,  -0.02041,   0.01569,   0.01241,  -0.01056,  -0.01221,   0.02882,  -0.00564,  -0.00892,  -0.08441,   0.02718,   0.05836,   0.02718,   0.01569,  -0.02205,  -0.01056,   0.09282,   0.04523,  -0.02041,   0.01569,  -0.05159,   0.01405,   0.02390,   0.06657,   0.00749,  -0.05159,   0.03046,  -0.01385,  -0.05980,  -0.06144,  -0.08277,  -0.02041,  -0.01221,  -0.01385,   0.07149,   0.00420,  -0.09426,   0.02390,  -0.05159,   0.06328,   0.01077,   0.00913,   0.01733,  -0.02862,  -0.02862,   0.04195,  -0.00728,  -0.03682,   0.08790,   0.02882,   0.03539,   0.01897,   0.02718,   0.09446,   0.01733,  -0.03026,  -0.02698,  -0.00072,  -0.03518,  -0.01221,   0.00749,   0.04031,  -0.00728,   0.02882,  -0.06964,   0.10103,   0.00092,   0.06985,   0.05508,  -0.04503,   0.01241,  -0.12052,   0.00585,   0.01077,   0.04851,  -0.01056,  -0.04667,  -0.01713,  -0.02698,   0.01405,  -0.03518,   0.01405,  -0.00892,  -0.01877,   0.04523,   0.05836,   0.05180,   0.02062,   0.02718,   0.05672,   0.03867,  -0.00072,   0.03210,  -0.02369,  -0.01056,  -0.00400,   0.00420,  -0.09426,   0.03539,   0.05344,   0.00256,  -0.01056,   0.11580,   0.07149,   0.02390,   0.06821,  -0.07621,   0.02390,   0.00420,  -0.04339,  -0.00564,  -0.02698,  -0.05323,  -0.03026,  -0.04667,  -0.07621,  -0.01549,   0.05016,   0.03867,   0.02554,   0.04687,  -0.01385,  -0.04175,  -0.04010,   0.00420,  -0.02698,  -0.03518,   0.08462,   0.01405,   0.01077,  -0.00072,  -0.04010,   0.01241,   0.04523,   0.02062,   0.03046,  -0.00072,   0.05016,   0.00749,  -0.03354,  -0.00728,   0.04851,  -0.01877,  -0.07621,   0.01733,  -0.03354,  -0.03682,   0.09282,  -0.03518,   0.05016,  -0.04831,  -0.00564,  -0.00236,   0.01077,  -0.04010,   0.05508,   0.00749,  -0.02369,  -0.03190,  -0.08277,  -0.02862,   0.00256,   0.02062,   0.06985,  -0.03190,  -0.04010,  -0.07785,  -0.07293,   0.03374,   0.01897,   0.03539,   0.00749,   0.04031,   0.02882,   0.02882,  -0.08934,   0.04031,  -0.01221,  -0.02205,   0.04195,  -0.00728,   0.05344,  -0.04667,   0.00585,  -0.00236,   0.04031,   0.03046,   0.00256,   0.07805,  -0.06472,  -0.03682,  -0.01877,  -0.02041,  -0.05980,  -0.02862,   0.00749,  -0.00236,  -0.05652,   0.01405,   0.03210,  -0.02041,  -0.05159,  -0.02369,  -0.03682,   0.01897,   0.00585,   0.00585,   0.02062,   0.00913,  -0.04175,   0.00092,   0.02390,   0.03703,  -0.03190,  -0.01713,  -0.00072,  -0.03354,  -0.01056,  -0.04995,   0.02226,  -0.05487,   0.02226,   0.03703,  -0.01713,  -0.01385,  -0.03026,  -0.00072,  -0.02205,  -0.07129,   0.05180,  -0.06636,  -0.00236,  -0.05159,   0.01733,  -0.03846,  -0.03682,   0.05672,  -0.03682,   0.07969,  -0.05159,   0.03210,  -0.06144,  -0.00236,  -0.03846,   0.07477,   0.01733,  -0.03518,   0.07477,  -0.06636,   0.05344,   0.00913,  -0.00400,  -0.01385,  -0.02862,  -0.05487,   0.00913,  -0.00728,   0.00749,  -0.00728,  -0.03190,  -0.00728,  -0.04010,  -0.02698,   0.00913,  -0.03354,   0.02718,   0.01077,   0.05016,   0.02554,  -0.09098,   0.02062,   0.01405,  -0.06308,  -0.04831,  -0.00400,  -0.07129,  -0.03354,   0.01077,   0.01077,  -0.02205,   0.01241,   0.04523,   0.10267,   0.03867,   0.05672,  -0.03354,  -0.02041,  -0.05323,   0.01897,   0.00913,   0.00749,   0.02718,  -0.06308,   0.00749,  -0.01385,   0.00913,   0.07477,   0.01077,   0.05180,   0.03867,  -0.07457,   0.03374,   0.01241,   0.06821,  -0.00728,   0.04359,  -0.02533,   0.01405,   0.03867,   0.03867,   0.00420,  -0.05487,  -0.01385,   0.04851,   0.02882,   0.11580,  -0.00236,   0.02718,   0.13057,  -0.03354,   0.03046,  -0.01385,  -0.00400,   0.10759,   0.01241,  -0.03682,   0.00092
  -0.03190,   0.07149,   0.00092,   0.04195,  -0.00564,   0.10759,  -0.02041,  -0.02369,  -0.01385,   0.03539,  -0.04667,   0.08298,   0.00256,  -0.02205,   0.04851,  -0.04995,  -0.04175,   0.00749,  -0.06144,   0.03539,  -0.06308,  -0.03518,   0.02882,   0.01897,   0.07477,  -0.00072,  -0.00072,   0.05016,  -0.05816,   0.01897,  -0.03026,   0.02718,  -0.06144,   0.03210,  -0.02862,  -0.03354,   0.03867,  -0.00236,   0.01569,  -0.07621,   0.04359,   0.06328,  -0.03682,   0.06657,  -0.03026,  -0.04175,  -0.09590,   0.02554,   0.03539,   0.06821,   0.04687,   0.11416,   0.01897,  -0.00072,   0.01569,  -0.02862,  -0.02041,  -0.03354,   0.04031,   0.01405,   0.05180,  -0.06472,  -0.00072,  -0.00728,   0.02390,   0.04031,  -0.05159,  -0.01713,   0.07313,  -0.02533,   0.01897,  -0.04175,   0.05016,  -0.07293,   0.12072,  -0.09754,   0.03703,   0.05672,  -0.00892,   0.00749,  -0.01385,  -0.01549,  -0.03682,   0.02226,   0.07313,   0.00092,   0.07313,   0.08626,  -0.05159,   0.05508,  -0.00072,   0.00256,   0.00092,  -0.06144,   0.03703,   0.01405,   0.00256,   0.06657,  -0.04339,   0.07641,  -0.02533,  -0.01549,  -0.03846,  -0.00728,   0.03703,   0.01569,  -0.03354,  -0.01877,   0.00749,  -0.04503,  -0.00236,  -0.01056,  -0.05816,  -0.00236,   0.03867,  -0.03190,   0.06821,  -0.04175,   0.00749,   0.06492,   0.04851,   0.02554,   0.03210,  -0.01549,  -0.04995,  -0.02533,   0.03374,   0.00092,  -0.03190,   0.00420,   0.05016,   0.00585,  -0.01056,  -0.00564,   0.06821,   0.10431,  -0.02533,  -0.06308,   0.03374,  -0.02041,   0.04523,   0.02062,   0.05344,   0.05344,  -0.06964,  -0.04175,  -0.04995,  -0.02205,   0.01241,  -0.03846,  -0.11724,   0.08954,   0.02062,   0.04851,   0.03046,  -0.09098,   0.01897,   0.03867,  -0.01549,   0.04687,   0.02554,  -0.00892,   0.02718,  -0.00236,  -0.07949,  -0.01877,   0.02390,  -0.08934,   0.00585,   0.02390,  -0.03190,  -0.01713,  -0.03846,  -0.03682,   0.03539,  -0.00072,  -0.04339,   0.02554,   0.04687,  -0.01221,  -0.03026,  -0.02369,   0.04523,   0.01897,   0.03867,   0.03867,   0.04851,   0.05016,   0.01897,   0.00420,   0.00585,  -0.05323,   0.05180,   0.03046,   0.01897,  -0.07457,   0.09939,  -0.02369,  -0.03354,  -0.03846,   0.10103,   0.03374,   0.03703,   0.04687,  -0.00892,   0.01569,   0.01077,  -0.01877,  -0.05487,  -0.02862,   0.00585,  -0.03518,  -0.01056,  -0.04175,  -0.01877,  -0.04175,  -0.02862,   0.05836,   0.02882,  -0.05487,   0.01405,   0.07149,  -0.08441,   0.04195,   0.05836,  -0.04995,   0.06821,  -0.01877,   0.06657,   0.05836,   0.04523,   0.08462,  -0.00236,   0.05672,   0.03703,  -0.11395,  -0.00564,   0.04195,   0.01405,  -0.02862,  -0.01221,   0.04687,  -0.00892,  -0.00892,  -0.01877,  -0.01221,   0.01241,  -0.02533,  -0.02698,  -0.01385,   0.07969,   0.05344,  -0.00728,  -0.02041,   0.08298,  -0.00728,  -0.05816,   0.03374,  -0.01549,   0.03867,  -0.01549,   0.00913,  -0.03026,   0.09775,   0.00256,   0.01897,   0.06492,   0.00420,  -0.00564,  -0.02698,  -0.04667,  -0.01549,   0.04031,  -0.05159,   0.01077,   0.05344,  -0.01385,  -0.01056,   0.00256,  -0.00728,  -0.00564,   0.02062,  -0.05487,   0.04851,   0.02390,  -0.06308,  -0.01056,  -0.03190,  -0.01549,   0.02882,   0.05672,   0.01241,  -0.02041,  -0.05980,   0.05508,   0.03046,   0.03539,   0.04851,  -0.03026,  -0.00236,   0.04359,   0.00420,  -0.02205,   0.02062,   0.06328,  -0.01549,  -0.01713,  -0.07129,   0.03046,   0.04031,  -0.07457,  -0.01385,   0.01077,  -0.00892,  -0.05487,  -0.01221,  -0.00564,   0.01405,  -0.03518,  -0.00236,   0.01569,   0.04031,   0.01569,  -0.07621,  -0.03518,  -0.04010,  -0.01221,  -0.06308,   0.00749,   0.05672,   0.06492,   0.00420,   0.04359,  -0.06472,   0.00749,   0.03539,  -0.03026,   0.00092,  -0.02041,   0.00256,   0.02718,  -0.06636,  -0.01221,   0.04687,   0.00256,  -0.02862,  -0.02369,   0.06821,  -0.02698,  -0.00728,   0.08298,   0.05508,  -0.02369,  -0.02205,  -0.01221,  -0.06636,   0.06985,  -0.02698,  -0.03026,  -0.00236,   0.11580,   0.04031,  -0.02533,   0.09775,   0.06985,   0.01569,  -0.03354,  -0.01877,   0.01569,  -0.02041,   0.01897,  -0.01221,   0.03539,  -0.08277,  -0.03190,  -0.00728,   0.01569,   0.00749,   0.00420,  -0.03682,   0.00749,  -0.01877,   0.01077,  -0.05980,   0.02554,   0.02390,   0.05508,  -0.02369,  -0.04995,  -0.00892,   0.04851,  -0.05323,   0.03046,  -0.03682,   0.05836,   0.03539,  -0.03682,  -0.02205,  -0.01221,  -0.00564,  -0.05323,  -0.00892,   0.00256,   0.02882,   0.06328,   0.02718,   0.08298,  -0.00236,   0.02226,   0.03867,  -0.03354,   0.00913,  -0.00564,   0.07149,   0.01569,   0.00420,  -0.01221,   0.04523,   0.02882,  -0.01549,  -0.05652,  -0.03354,   0.00749,  -0.07129,  -0.01056,   0.05180,   0.05836,   0.08626,   0.02062,   0.05672,  -0.04010,   0.03374,  -0.07457,   0.05672,  -0.04175,  -0.05487,  -0.02205,   0.02554,  -0.03846,  -0.07785,  -0.00236,  -0.00072,  -0.02698,  -0.05323,   0.00420,  -0.00400,   0.04359,  -0.03354,   0.09282,   0.01241,   0.02554,   0.11744,   0.02718,   0.00913,   0.03539,  -0.00564,   0.01569,   0.02062,  -0.01385,   0.07641,  -0.00072,  -0.05652,  -0.00072,   0.00585,  -0.00728,  -0.05159,   0.01405,   0.06328,   0.03210,   0.00749,   0.00585,   0.03046,   0.04687,  -0.05159,  -0.07621,   0.04687,  -0.12872,   0.00420,  -0.04503,   0.05344,   0.01241,   0.03867,  -0.06472,   0.02718,   0.08790,   0.00585,   0.03539,   0.06492,   0.06821,  -0.02698,   0.01569,   0.01733,   0.01405,   0.01733,  -0.06800,  -0.09918,  -0.05816,   0.05508,   0.00913,   0.05672,   0.02554,  -0.06636,   0.04359,   0.00749,   0.00749,  -0.01713,   0.00092,   0.00913,   0.05836,   0.08626,  -0.02369,  -0.00564,   0.04851,   0.04523,  -0.00892,   0.00749,   0.06164,   0.01569,  -0.08277,   0.02390,   0.02062,  -0.00400,  -0.00236,   0.01077,  -0.01385,  -0.01877,  -0.00564,   0.06492,  -0.06472,  -0.04010,  -0.03026,   0.00256,   0.08134,  -0.01549,  -0.05980,  -0.01713,  -0.04175,   0.00420,   0.04031,  -0.05816,   0.04851,  -0.00892,   0.00420,  -0.09590,   0.08462,   0.06328,  -0.03518,   0.09611,  -0.05323,   0.03210,   0.01241,   0.01733,   0.05672,  -0.07293,  -0.02205,   0.00092,   0.00585,  -0.03026,   0.09611,   0.03046,   0.02062,   0.05344,   0.01077,  -0.00728,   0.04687,   0.01405,   0.00420,  -0.03026,   0.01897,   0.01897,   0.02062,   0.00913,   0.04031,  -0.03354,   0.00420,  -0.06636,   0.04851,   0.04195,  -0.02862,  -0.00892,   0.02062,  -0.01221,  -0.00072,   0.03210,   0.06000,  -0.02041,  -0.01713,   0.07313,   0.02718,   0.00749,   0.00420,  -0.00564,   0.02554,  -0.02369,  -0.05159,  -0.08113,  -0.08770,   0.00749,   0.07969,  -0.05323,   0.06000,   0.01897,  -0.10411,   0.03539,  -0.02533,   0.04195,  -0.01877,   0.01077,   0.11088,  -0.03190,  -0.05159,  -0.07785,   0.03867,  -0.04175,   0.02882,  -0.00892,   0.02390,   0.01733,  -0.03026,   0.05344,  -0.06800,  -0.06144,   0.03046,  -0.00400,  -0.01877,   0.02718,   0.00256,  -0.01221,  -0.05159,   0.04359,   0.03210,   0.04359,   0.00420,  -0.03846,   0.04195,  -0.02369,   0.02390,   0.01733,   0.06000,  -0.02369,   0.05180,  -0.01549,  -0.03190,  -0.01056,   0.05836,  -0.03190,   0.01241,  -0.00236,  -0.01385,  -0.06144,  -0.04175,   0.01733,   0.01241,   0.00420,   0.01405,   0.11252,  -0.04175,   0.04687,  -0.04339,   0.01405,  -0.02369,   0.09939,   0.02882,   0.03210,   0.07641,   0.07477,  -0.00072,   0.02226,  -0.00564,  -0.04831,  -0.02698,  -0.00400,   0.02390,  -0.01877,   0.04687,   0.02226,  -0.04667,  -0.06308,   0.04359,   0.00749,  -0.02205,   0.02226,  -0.07293,  -0.10247,   0.10103,  -0.05652,  -0.00564,   0.02390,   0.03867,  -0.09590,  -0.00892,   0.05672,   0.07149,   0.02882,   0.00749,   0.00585,   0.06657,   0.00256,   0.04359,   0.01897,  -0.00236,  -0.05980,  -0.12216,  -0.06964,   0.08626,  -0.05816,  -0.04175,  -0.06144,  -0.00236,   0.00420,  -0.03354,   0.07149,   0.00420,   0.02226,   0.00256,  -0.01221,   0.00749,   0.02554,  -0.04010,  -0.00072,  -0.05487,   0.00256,   0.00092,  -0.04010,  -0.00728,  -0.02862,   0.03046,   0.04031,  -0.02862,   0.06657,   0.01241,  -0.04667,  -0.00564,  -0.07293,  -0.05159,  -0.07457,  -0.01221,   0.03046,   0.04687,   0.07313,   0.01077,   0.05672,  -0.01221,   0.03703,   0.01569,   0.04359,   0.08462,  -0.01877,   0.00256,  -0.04831,  -0.07949,  -0.06144,   0.01405,   0.00092,  -0.01713,   0.01569,   0.02226,   0.05672,  -0.01385,   0.03539,  -0.02862,   0.04031,   0.01733,   0.00256,   0.06492,   0.07641,   0.02390,  -0.00072,  -0.01221,   0.00749,  -0.03354,  -0.01056,   0.05180,  -0.04339,   0.03374,  -0.00236,  -0.03846,  -0.11395,  -0.03846,   0.05016,   0.01077,  -0.06964,  -0.00728,  -0.00236,   0.00420,  -0.05487,   0.08298,   0.03539,   0.02718,  -0.00892,  -0.06308,   0.10595,   0.06985,  -0.00400,  -0.00564,   0.02390,   0.01569,   0.02554,  -0.05816,   0.06492,  -0.03354,  -0.03026,  -0.03026,  -0.00564,   0.06492,   0.00585,   0.03046,   0.01569,  -0.05652,   0.00420,   0.04687,   0.07969,   0.07969,  -0.03518,  -0.02041,   0.02882,  -0.05980,  -0.01385,  -0.03518,  -0.01221,  -0.04831,   0.06164,   0.01733,  -0.01877,  -0.10903,   0.04523,  -0.01713,  -0.06636,   0.05672,   0.01405,   0.01733,   0.03539,   0.03703,   0.02062,  -0.03026,  -0.02369,   0.01897,  -0.03354,   0.03703,   0.01733,   0.03867,  -0.00564,  -0.03682,  -0.00400,  -0.00072,  -0.07785,   0.02554,   0.08626,  -0.02533,   0.00913,  -0.04667,  -0.02369,   0.05016,   0.03046,  -0.02533,  -0.02369,  -0.02698,   0.08462,  -0.02205,  -0.05816,  -0.00072,  -0.01056,   0.04031,   0.00913,  -0.10082,  -0.00892,   0.04195,   0.05508,  -0.03354,   0.02882,  -0.03026,  -0.06144,   0.05180,  -0.04503,  -0.04175,  -0.03190,   0.00749,   0.01077,   0.07969,   0.00585,  -0.02205,  -0.03846,   0.05180,  -0.02862,   0.04195,   0.01405,   0.00749,   0.01733,   0.05016,   0.01569,   0.00749,   0.05016,   0.03374,   0.03046,   0.04687,  -0.08934,  -0.00400,  -0.03518,   0.00585,  -0.04831,  -0.03846,  -0.01877,  -0.05816,   0.00420,   0.01405,  -0.00564,  -0.05816,   0.03374,  -0.01713,  -0.00236,  -0.04339,   0.07149,  -0.07621,   0.04031,   0.01897,   0.03867,  -0.02533,   0.00749,   0.06985,   0.05180,  -0.02698,  -0.02862,  -0.02369,  -0.11724,  -0.04831,  -0.08277,  -0.05980,  -0.02862,  -0.05816,  -0.04010,   0.02718,  -0.00892,  -0.04339,   0.04359,   0.07149,   0.01405,  -0.10739,   0.03539,   0.03046,   0.06328,  -0.04503,   0.05180,  -0.02205,   0.01733,   0.04851,  -0.03682,   0.05344,  -0.01549,   0.01241,   0.05672,  -0.02369,   0.03046,  -0.01713,   0.01569,   0.00420,   0.00092,   0.12565,   0.03867,  -0.04339,   0.06328,   0.01077,  -0.03518,   0.07477,   0.03867,  -0.02533,   0.06985,  -0.02205,  -0.01713,   0.02882,   0.03703,   0.05180,   0.03539,   0.04851,   0.02554,  -0.07785,  -0.03682,  -0.00400,   0.01077,   0.01569,  -0.01877,  -0.00728,  -0.00564,   0.10103,   0.07805,   0.03046,  -0.04503,  -0.00072,   0.03374,  -0.04010,  -0.09590,  -0.01385,  -0.00400,  -0.00564,  -0.01877,   0.09446,  -0.04503,   0.00256,   0.11580,  -0.00400,  -0.05816,  -0.01549,   0.01733,  -0.05323,   0.03046,  -0.00728,   0.01897,  -0.01221,  -0.02862,   0.00256,   0.00913,  -0.01221,  -0.05980,  -0.00564,   0.02882,  -0.03190,  -0.03518,   0.01733,  -0.02205,  -0.01713,   0.00749,  -0.02862,   0.03374,   0.00420,  -0.02205
  -0.02205,  -0.05487,   0.00913,  -0.00892,  -0.02205,  -0.04175,   0.04687,   0.01733,   0.03046,   0.04523,   0.07313,   0.02390,   0.00420,   0.03210,  -0.01713,   0.04851,   0.02882,  -0.01385,  -0.02369,   0.05672,   0.03210,   0.06000,   0.02882,  -0.00400,  -0.02698,  -0.04831,   0.00585,   0.05016,  -0.06144,  -0.06636,  -0.04503,   0.00420,   0.06492,   0.02226,  -0.00072,   0.03703,   0.02554,  -0.04667,   0.04031,  -0.07621,   0.07313,   0.08134,   0.02882,   0.02882,   0.08626,   0.03210,  -0.01713,  -0.05159,  -0.04667,  -0.00892,   0.05016,  -0.03682,  -0.03682,   0.07805,  -0.03682,   0.04031,  -0.01549,  -0.00564,  -0.08113,  -0.02205,   0.00420,  -0.04667,   0.00913,  -0.02205,  -0.02369,  -0.01385,   0.05016,   0.00092,   0.00749,   0.03374,  -0.02205,  -0.04831,   0.03046,   0.02554,   0.10431,  -0.04010,   0.01405,  -0.06308,   0.03046,  -0.03190,  -0.01385,   0.02554,   0.02062,  -0.01713,  -0.07621,   0.01241,   0.00913,   0.03374,   0.00749,   0.07313,  -0.03682,  -0.00564,   0.03046,   0.02226,  -0.00236,   0.03210,  -0.04831,  -0.08605,   0.01241,  -0.01221,  -0.05323,  -0.10903,   0.00749,   0.00585,   0.00913,  -0.03846,   0.08134,  -0.02533,   0.00585,  -0.01385,   0.03210,  -0.06472,  -0.06308,   0.00256,   0.04031,   0.02390,  -0.01549,  -0.00728,   0.05016,   0.01405,  -0.04503,   0.03046,  -0.04667,   0.00585,  -0.03518,  -0.02041,   0.07313,  -0.02041,  -0.05487,   0.01077,   0.03374,   0.05016,  -0.01713,  -0.01549,  -0.04503,  -0.01549,  -0.02862,   0.06164,  -0.00400,  -0.06308,   0.06000,   0.02390,  -0.03518,  -0.07621,   0.02718,  -0.03026,   0.05672,   0.00749,   0.00749,  -0.04667,  -0.01877,  -0.01877,  -0.05323,   0.01241,   0.03210,  -0.02205,   0.03867,  -0.00072,   0.00420,  -0.06144,  -0.03354,   0.00256,  -0.04503,   0.00092,  -0.05159,  -0.03026,   0.00913,   0.06164,  -0.01385,  -0.02862,   0.04031,  -0.03518,   0.03374,  -0.02533,   0.01077,   0.03867,   0.00420,  -0.01385,  -0.02698,  -0.01713,  -0.00728,   0.05836,   0.06328,   0.06657,   0.06000,  -0.12052,  -0.06144,  -0.00400,   0.00092,  -0.02041,  -0.01385,  -0.00892,   0.00256,  -0.03518,   0.00585,  -0.00236,   0.00585,  -0.03354,   0.02718,   0.03046,  -0.00892,   0.01897,  -0.04995,  -0.01877,   0.02390,  -0.02369,   0.00585,   0.05508,   0.06492,   0.04195,   0.00092,   0.04523,   0.00420,  -0.00892,  -0.03846,  -0.04995,  -0.00072,  -0.03026,  -0.05159,   0.01405,  -0.02369,   0.01405,   0.01733,   0.01897,   0.01405,   0.03867,   0.01405,   0.05672,  -0.07293,   0.08626,   0.02062,  -0.01549,  -0.00072,  -0.03190,   0.01897,  -0.00236,   0.03867,   0.04687,   0.03210,   0.01077,  -0.05323,  -0.02369,   0.03867,   0.03374,  -0.02698,   0.02062,  -0.01713,   0.05016,   0.02554,  -0.07457,   0.09939,   0.02718,  -0.04010,  -0.00236,  -0.05487,  -0.03846,   0.03539,   0.06164,   0.05508,  -0.03026,  -0.00728,  -0.05652,   0.02226,   0.04031,   0.03374,  -0.03026,   0.04851,  -0.00400,   0.03539,   0.00092,  -0.03846,  -0.04010,  -0.01056,  -0.03190,   0.04359,  -0.00728,   0.04031,  -0.00236,   0.01405,  -0.00072,  -0.06964,   0.01897,  -0.02369,   0.05344,  -0.05159,  -0.01877,  -0.10411,   0.03046,  -0.04010,  -0.01221,   0.05836,   0.00256,   0.05180,  -0.01385,  -0.06636,  -0.02041,  -0.01877,  -0.00728,   0.03210,   0.09446,   0.00585,  -0.04010,  -0.08277,   0.02554,  -0.04667,   0.00420,   0.04031,  -0.02533,   0.01897,   0.03210,  -0.01385,  -0.06964,  -0.04831,   0.01405,  -0.03518,   0.01077,   0.03210,   0.03046,   0.02226,   0.00585,   0.04359,  -0.03682,   0.03046,   0.02226,   0.03374,   0.03374,   0.02882,  -0.00072,   0.00256,  -0.00564,   0.01897,   0.01077,   0.01733,  -0.00892,  -0.04010,   0.10267,  -0.02533,   0.01405,  -0.01056,  -0.01549,   0.02226,  -0.02698,  -0.01221,  -0.02698,   0.02718,  -0.03846,   0.07313,  -0.03518,  -0.04503,  -0.05487,  -0.03682,   0.12729,   0.04523,   0.02554,  -0.07785,  -0.01385,  -0.01385,  -0.00564,   0.01897,   0.02882,  -0.05980,  -0.00564,   0.04195,  -0.00072,  -0.04503,  -0.03354,   0.07641,  -0.00564,   0.05344,   0.02390,  -0.00892,  -0.01713,   0.04851,   0.03374,   0.01897,  -0.01549,  -0.02205,  -0.04831,  -0.00400,  -0.04831,  -0.03190,   0.01897,   0.04195,   0.02062,   0.00092,   0.06164,  -0.02205,  -0.01221,   0.05180,  -0.01056,  -0.09754,  -0.02205,   0.06164,   0.02882,   0.00913,  -0.00072,  -0.03026,   0.02554,  -0.05816,  -0.00236,   0.04523,   0.04195,   0.01897,   0.02554,  -0.01877,  -0.00892,  -0.00072,   0.01077,   0.01405,   0.04195,  -0.09918,  -0.03682,  -0.00728,  -0.01385,   0.07313,  -0.02862,  -0.10411,   0.05672,  -0.00564,   0.01569,   0.02554,  -0.01549,   0.04359,  -0.03682,   0.03210,   0.07313,  -0.01221,  -0.03682,  -0.04175,   0.03703,  -0.03518,   0.07149,  -0.02369,   0.01569,  -0.11231,  -0.04010,   0.03210,   0.02718,   0.01077,   0.02882,  -0.02041,  -0.03026,  -0.05323,  -0.06308,   0.07477,  -0.01877,   0.08134,   0.01897,  -0.02205,  -0.07293,   0.05672,   0.01241,  -0.01549,  -0.00072,   0.07149,  -0.00564,  -0.05816,  -0.00564,  -0.03190,   0.02718,  -0.00892,  -0.02041,   0.02226,  -0.02533,   0.03703,   0.09282,  -0.06308,   0.03046,  -0.01056,   0.04195,   0.02226,   0.00585,   0.07149,  -0.00728,   0.01405,  -0.01221,  -0.00400,  -0.07457,  -0.02205,  -0.02041,  -0.08277,  -0.00564,  -0.01056,   0.01077,  -0.04503,  -0.02862,   0.08298,  -0.04831,   0.01897,  -0.01549,  -0.06144,   0.02718,   0.04195,   0.07313,  -0.04667,  -0.04667,   0.08298,  -0.07785,  -0.03846,  -0.00072,  -0.00564,   0.05344,  -0.02533,  -0.04010,  -0.03026,   0.00585,   0.00256,   0.00749,  -0.04667,   0.00420,   0.03539,  -0.00072,   0.03703,   0.02554,   0.01241,   0.04031,   0.04523,   0.03703,   0.03539,   0.05180,  -0.00892,  -0.00236,   0.00256,  -0.02041,   0.05016,   0.01241,  -0.02533,  -0.00236,  -0.07621,   0.08954,  -0.01221,   0.06821,  -0.00400,  -0.03846,   0.01897,   0.03210,  -0.03190,  -0.00892,  -0.00564,   0.04687,  -0.01221,  -0.05816,   0.02718,  -0.04339,   0.01569,  -0.07621,   0.03703,   0.01733,   0.01077,   0.01569,   0.04687,  -0.03354,   0.03374,   0.00585,  -0.06308,  -0.04010,  -0.00236,  -0.04175,  -0.03846,  -0.06964,  -0.11395,   0.04687,  -0.00400,   0.01733,   0.03046,  -0.05159,   0.08134,   0.00420,  -0.03518,   0.00585,  -0.04010,  -0.05816,   0.01733,  -0.00072,  -0.00400,  -0.00236,  -0.02698,   0.05508,  -0.03354,   0.01241,   0.01241,   0.02718,   0.03374,  -0.09590,   0.04687,   0.06821,   0.01241,   0.00420,  -0.04010,   0.01241,  -0.06144,  -0.00892,   0.01733,  -0.02698,  -0.00236,  -0.00564,   0.01405,  -0.03354,  -0.04667,  -0.00072,  -0.00400,   0.03539,  -0.04175,   0.04031,  -0.02533,  -0.09098,  -0.02041,   0.03374,   0.04523,  -0.00072,   0.02062,   0.02062,  -0.02041,  -0.02369,   0.02226,   0.06821,   0.05180,   0.01405,  -0.00564,   0.00092,   0.00585,   0.00585,   0.03374,  -0.03190,   0.01405,   0.05672,  -0.00400,  -0.09590,   0.03210,   0.02554,  -0.05323,   0.10267,   0.05508,  -0.01713,   0.01569,  -0.03026,  -0.00400,   0.00420,   0.04687,   0.05180,   0.00420,   0.04851,   0.01897,  -0.03026,  -0.01549,  -0.02533,  -0.04175,   0.06164,   0.01405,   0.00256,  -0.01385,  -0.00236,   0.03703,   0.03867,   0.05344,  -0.01056,  -0.00728,  -0.06964,  -0.02862,  -0.02369,  -0.00400,  -0.02041,  -0.00892,   0.04851,  -0.04010,  -0.06308,   0.00092,  -0.01221,   0.05672,  -0.01221,  -0.10739,  -0.02698,   0.02390,  -0.02369,   0.06821,  -0.01877,  -0.00892,   0.00749,   0.04031,  -0.03518,  -0.00892,   0.00092,   0.04523,   0.00420,   0.02062,   0.01897,   0.02062,  -0.04995,   0.02882,   0.02882,  -0.00564,   0.01569,   0.02718,   0.08626,  -0.03026,   0.03867,   0.04523,  -0.02041,  -0.00236,   0.06657,   0.02062,   0.02882,   0.06000,  -0.04175,   0.09939,  -0.09098,   0.05344,  -0.06308,  -0.01713,   0.05344,  -0.06964,   0.01405,   0.00256,   0.06657,   0.00585,  -0.00892,   0.11416,   0.02226,   0.02390,  -0.00072,  -0.03190,   0.04359,   0.01077,   0.04195,  -0.00236,   0.05180,   0.00256,  -0.05159,  -0.02205,   0.01569,   0.01897,   0.02554,  -0.09918,   0.00256,  -0.01221,  -0.03190,  -0.00892,   0.02718,   0.03867,   0.01405,   0.01733,   0.03374,  -0.05487,  -0.04503,  -0.01056,  -0.04503,   0.02554,  -0.01549,  -0.05323,  -0.00564,  -0.01549,   0.03539,  -0.02862,  -0.01221,   0.00913,   0.05836,   0.00913,   0.00913,  -0.07949,  -0.01221,   0.05508,  -0.00728,   0.01077,   0.00749,   0.05180,   0.02882,   0.04523,  -0.03354,   0.01405,   0.10103,  -0.00564,  -0.00236,  -0.02369,  -0.01713,   0.01077,  -0.03682,   0.06328,   0.00256,  -0.02205,  -0.03190,  -0.01385,  -0.08934,  -0.00072,  -0.01713,   0.02226,  -0.01877,   0.02226,  -0.02698,   0.04031,  -0.07129,   0.01569,  -0.05159,   0.03210,  -0.01056,   0.03046,   0.03374,  -0.02862,  -0.02698,   0.04851,  -0.00892,  -0.01221,   0.01405,   0.00420,  -0.01713,   0.07641,  -0.05487,   0.02718,  -0.00400,   0.06492,   0.04359,   0.02882,  -0.03518,   0.00092,   0.04031,   0.02226,   0.02390,   0.00092,   0.04359,   0.04359,   0.04687,   0.01405,   0.00749,   0.05344,  -0.03026,  -0.10739,   0.00585,   0.06328,  -0.00892,  -0.02698,  -0.03846,  -0.04010,   0.02226,  -0.00236,  -0.01549,   0.02390,  -0.03846,   0.03539,  -0.02205,  -0.07457,  -0.02698,  -0.07129,  -0.04175,  -0.04010,  -0.06964,  -0.06144,  -0.02698,   0.00585,  -0.05652,  -0.02205,   0.00913,   0.06000,  -0.00728,   0.02554,  -0.02205,  -0.00236,   0.10595,   0.08954,  -0.01056,  -0.00564,  -0.06964,  -0.02533,  -0.00072,   0.01405,   0.05508,   0.00749,  -0.01877,  -0.04667,  -0.01549,  -0.04503,   0.00092,   0.01241,  -0.07949,   0.03703,  -0.01056,  -0.06800,  -0.00400,   0.07313,  -0.05652,   0.06000,   0.04359,  -0.03354,   0.00913,  -0.04503,   0.03867,   0.06821,  -0.01713,  -0.03682,  -0.07621,   0.02390,   0.01241,  -0.01549,  -0.03354,  -0.02041,  -0.03518,  -0.02862,  -0.00892,   0.00420,   0.01569,  -0.06636,   0.03867,  -0.02369,   0.01897,   0.07969,   0.04523,   0.04687,  -0.02205,   0.02718,  -0.01221,  -0.01877,   0.01569,   0.01241,   0.04031,   0.05016,  -0.00564,  -0.04995,   0.01241,   0.06985,   0.03374,   0.01077,  -0.02862,  -0.01713,  -0.01713,   0.05180,   0.01241,  -0.02041,  -0.04010,  -0.12872,  -0.06308,   0.04359,  -0.08441,   0.03703,   0.02554,   0.00913,  -0.04503,   0.01733,   0.02882,   0.01405,   0.01569,   0.01077,   0.08462,  -0.06308,  -0.08277,  -0.01877,   0.03703,   0.02554,   0.10923,  -0.02698,   0.05508,   0.04523,  -0.04175,   0.04359,   0.02718,  -0.03518,  -0.00072,  -0.04339,   0.00749,   0.05016,  -0.05980,   0.06985,   0.01077,   0.00420,   0.01733,   0.05180,   0.04359,   0.06985,   0.00092,   0.01733,  -0.08277,  -0.06800,  -0.02698,  -0.00892,  -0.04831,  -0.01713,   0.02226,  -0.03846,   0.01897,  -0.03026,  -0.03846,   0.02882,   0.07313,  -0.03682,   0.07969,   0.05180,  -0.02041,  -0.03354,  -0.00892,   0.01569,  -0.03190,   0.01897,  -0.01056,   0.02226,   0.05344,  -0.03026,  -0.02698,   0.03046,  -0.00892,  -0.02862,  -0.04667,   0.02882,   0.02062,   0.01077,  -0.04995,  -0.00072,   0.00749,   0.03867,   0.03539,   0.02226,  -0.00400,  -0.00400,  -0.00892,  -0.01056,  -0.00564,   0.05344,   0.02226,  -0.00728,  -0.01385,  -0.06964,   0.05508,   0.03210,   0.02882,   0.00256,   0.08134,   0.00420,  -0.07949
  -0.02862,   0.01569,  -0.04010,  -0.01056,  -0.05487,  -0.03190,   0.00585,  -0.02205,   0.02226,  -0.01713,  -0.06636,  -0.04503,  -0.01221,  -0.07621,  -0.01221,  -0.00892,   0.01569,   0.04851,   0.04031,  -0.02533,   0.07477,  -0.01713,   0.02718,   0.09775,   0.01897,  -0.01549,   0.04523,   0.05016,  -0.00072,   0.00585,   0.02226,  -0.03354,  -0.01549,   0.05508,   0.02882,  -0.00400,  -0.02862,  -0.05652,  -0.03846,   0.00420,   0.01241,  -0.02205,   0.00092,   0.01897,   0.04359,   0.08954,   0.00749,   0.06328,  -0.06636,  -0.01385,   0.09775,   0.02062,   0.00420,   0.04523,  -0.05816,   0.04031,   0.07477,   0.00585,   0.02062,  -0.01549,   0.02554,  -0.01221,  -0.03190,  -0.00400,   0.02882,  -0.03190,   0.04523,  -0.10575,  -0.01877,   0.03374,  -0.02205,   0.01241,   0.03374,   0.03046,   0.01569,  -0.04175,   0.11252,  -0.04667,   0.11416,   0.02226,  -0.03026,  -0.04010,   0.02718,  -0.03682,   0.01733,  -0.00728,   0.04195,  -0.00236,   0.04195,  -0.03190,  -0.01056,  -0.04010,   0.03539,   0.00585,   0.00420,  -0.00072,   0.02882,  -0.01877,  -0.06144,   0.04195,   0.02226,  -0.01549,   0.06985,   0.00092,   0.06328,   0.06164,  -0.00072,  -0.00892,  -0.05980,  -0.06144,   0.05672,   0.03703,   0.06164,   0.03703,  -0.04339,  -0.05816,  -0.06308,  -0.05980,  -0.03846,   0.03867,  -0.07293,  -0.06636,   0.01897,  -0.00400,   0.02882,  -0.02862,   0.05344,  -0.00892,  -0.05159,   0.01897,  -0.01221,  -0.04831,   0.04851,  -0.01877,   0.02390,   0.00913,  -0.08934,  -0.08277,  -0.03518,   0.00256,  -0.04010,   0.00420,   0.02554,   0.01569,   0.00420,   0.01897,   0.02226,  -0.04995,   0.02718,  -0.02533,   0.01405,  -0.05652,  -0.05159,  -0.01877,  -0.04995,   0.02554,  -0.01056,   0.04687,  -0.03354,   0.05016,  -0.00892,   0.06328,  -0.00728,  -0.05159,   0.04195,  -0.00892,  -0.02369,  -0.03846,  -0.00400,   0.08462,   0.08790,   0.01897,   0.01241,  -0.03682,  -0.02041,   0.01733,  -0.08605,   0.01077,  -0.02698,  -0.01877,   0.06985,   0.01733,   0.01241,  -0.00236,  -0.04339,   0.03703,  -0.01385,  -0.02862,  -0.02862,   0.03703,   0.01241,  -0.03518,   0.06492,  -0.01549,  -0.02205,   0.01077,   0.08626,   0.02062,  -0.04995,   0.02226,  -0.03354,  -0.00400,   0.06328,   0.05016,  -0.01549,  -0.07785,  -0.01549,   0.02390,  -0.01877,   0.03539,   0.00913,   0.00420,  -0.02533,  -0.05487,  -0.02205,   0.01733,  -0.01221,  -0.02862,   0.01733,  -0.02698,  -0.00072,   0.00092,  -0.06144,  -0.00892,  -0.03354,   0.01077,  -0.03846,  -0.05487,  -0.02698,   0.02062,   0.04359,   0.01569,  -0.05652,  -0.01713,  -0.01713,  -0.05980,  -0.01385,  -0.04010,   0.02882,   0.00256,   0.02062,   0.04195,   0.07149,   0.03539,   0.04851,  -0.00564,   0.07313,  -0.00728,   0.07477,  -0.02041,   0.02226,  -0.00728,  -0.07129,  -0.05323,   0.01897,  -0.03026,  -0.00564,  -0.00236,  -0.02369,  -0.06144,  -0.02698,  -0.02369,  -0.03846,   0.05016,   0.03046,   0.05016,   0.02062,  -0.08770,   0.02062,  -0.00236,   0.01733,  -0.04667,  -0.10082,  -0.06308,   0.03210,   0.04195,  -0.08113,   0.01569,  -0.05980,  -0.05980,   0.04523,   0.00256,  -0.01056,  -0.04339,  -0.02041,   0.10923,  -0.00400,   0.11908,   0.01569,  -0.04010,   0.05180,   0.04851,   0.05672,  -0.00728,  -0.02862,  -0.05980,  -0.00892,  -0.08277,  -0.06308,   0.06164,   0.00092,   0.05180,   0.02062,  -0.02041,  -0.04503,  -0.03026,  -0.03190,  -0.00728,   0.03703,   0.03703,   0.03703,  -0.03682,   0.05508,  -0.04010,  -0.01221,  -0.07457,   0.02882,   0.00913,   0.00420,  -0.02862,   0.05672,   0.05180,   0.02062,   0.04523,   0.07805,   0.00749,  -0.00892,  -0.05487,  -0.01221,   0.07313,  -0.02533,   0.01733,   0.05672,  -0.03190,   0.00420,   0.02882,  -0.08113,   0.06328,   0.00420,   0.01077,   0.01405,   0.00749,  -0.02862,  -0.00400,   0.00420,   0.05344,   0.08626,   0.00749,  -0.04175,   0.01897,   0.00092,   0.08134,  -0.00236,   0.06000,   0.03703,  -0.01549,   0.03210,  -0.04995,  -0.04995,  -0.02698,   0.05672,  -0.09918,   0.03867,  -0.02041,  -0.03846,  -0.01713,  -0.09754,  -0.06144,   0.08790,  -0.03846,   0.06821,   0.06164,   0.00749,  -0.04503,  -0.04175,  -0.03846,   0.03539,   0.02718,  -0.06144,  -0.07457,   0.00092,   0.04523,   0.04195,  -0.08113,   0.05508,   0.01241,  -0.03846,   0.05180,  -0.07129,   0.00913,   0.01897,  -0.04831,   0.05344,  -0.04175,   0.04851,   0.00092,  -0.00892,  -0.01713,   0.04195,  -0.01385,   0.00092,  -0.01056,  -0.00564,   0.05836,   0.09118,   0.00256,  -0.05487,  -0.02698,   0.02390,  -0.02041,  -0.03682,   0.08626,  -0.10247,   0.00585,  -0.00400,   0.00256,   0.00913,  -0.07621,   0.04523,   0.00749,   0.05508,  -0.03190,  -0.03682,   0.01405,  -0.00892,   0.03046,  -0.02533,   0.02718,  -0.06144,   0.06492,   0.01897,   0.07969,  -0.00564,   0.03210,  -0.00400,   0.05344,  -0.00400,  -0.00236,  -0.02698,   0.01405,  -0.06144,  -0.00072,   0.03046,  -0.02205,   0.02226,  -0.03846,   0.01077,   0.02062,   0.04851,   0.01897,   0.01733,   0.05508,   0.04031,  -0.05816,   0.00092,   0.01077,   0.04851,   0.06492,   0.03867,  -0.00564,   0.07477,  -0.00400,  -0.03190,  -0.01385,  -0.04667,  -0.00892,   0.00749,   0.00256,   0.03539,  -0.03518,   0.00092,  -0.04010,   0.00913,   0.04523,  -0.06144,   0.00749,  -0.00236,  -0.01877,   0.04031,   0.04195,  -0.08770,  -0.09262,   0.03703,   0.04195,  -0.02205,   0.01405,  -0.01877,  -0.00072,   0.06985,  -0.07621,  -0.05487,   0.00585,  -0.04339,  -0.01877,  -0.06800,  -0.07129,  -0.04339,   0.04687,   0.00749,  -0.04175,  -0.09918,   0.05508,   0.05180,   0.03210,   0.02718,   0.02554,   0.02390,  -0.02862,   0.04195,  -0.06964,  -0.02205,   0.06492,   0.10431,  -0.04010,  -0.00892,   0.01733,   0.02554,   0.01897,   0.00256,  -0.00564,   0.01733,   0.06164,  -0.02698,   0.00256,   0.01733,  -0.02862,   0.07477,  -0.02698,  -0.00236,   0.02390,   0.07313,  -0.01877,   0.04523,  -0.01877,  -0.01713,   0.07805,  -0.01221,   0.01241,  -0.00236,  -0.02862,   0.01077,   0.04687,   0.05508,   0.01241,  -0.03518,   0.01241,   0.00092,  -0.08770,  -0.02205,   0.04195,  -0.01221,  -0.03026,  -0.02698,  -0.00892,  -0.03190,  -0.03190,  -0.00728,  -0.06472,   0.06492,   0.04523,  -0.02041,  -0.01385,  -0.02205,   0.03046,   0.00585,   0.00913,   0.06328,  -0.00564,  -0.02533,   0.04687,  -0.04503,  -0.00400,   0.02718,  -0.04503,   0.00749,   0.06492,   0.01405,  -0.02533,  -0.00236,  -0.07129,  -0.03846,  -0.05980,  -0.01713,   0.02554,   0.08790,  -0.05323,   0.01241,   0.00749,  -0.04010,  -0.03026,  -0.08441,   0.01241,   0.00256,  -0.01713,  -0.09262,  -0.04995,  -0.04010,   0.02882,  -0.02533,   0.04031,  -0.00236,  -0.08934,  -0.01877,   0.13385,  -0.00072,   0.03046,  -0.07949,  -0.02698,  -0.08770,   0.00913,   0.04195,   0.01077,  -0.00236,  -0.03682,   0.02226,   0.03046,  -0.04010,  -0.05652,   0.04359,  -0.07621,  -0.03354,   0.03210,  -0.02698,   0.11744,  -0.02041,   0.00585,  -0.06308,   0.04195,   0.01077,  -0.00236,  -0.00892,  -0.00892,  -0.02205,  -0.01713,  -0.04995,  -0.07785,   0.01733,  -0.02862,  -0.03518,  -0.00072,  -0.01713,  -0.02862,   0.01897,  -0.00892,   0.04195,  -0.00072,  -0.03026,  -0.04667,  -0.02205,   0.01897,  -0.06472,   0.02062,  -0.02862,  -0.07457,  -0.03190,  -0.01877,   0.09775,   0.07149,   0.07641,  -0.02369,   0.02882,   0.04195,   0.00749,  -0.03354,  -0.04667,   0.02718,  -0.00728,   0.02882,  -0.01385,   0.02062,   0.06492,   0.04359,  -0.02862,   0.09446,   0.04031,   0.01569,   0.03046,   0.01241,  -0.00892,   0.03703,  -0.07129,  -0.05652,  -0.00564,  -0.00072,   0.04359,  -0.00564,  -0.00236,  -0.04175,   0.03867,   0.02062,  -0.04175,   0.06821,   0.00749,   0.03374,   0.06985,  -0.03354,   0.01897,  -0.04667,   0.00585,  -0.05652,  -0.00072,   0.02554,  -0.07949,   0.04687,   0.05016,   0.06657,  -0.00728,   0.03046,   0.00585,  -0.02533,   0.06985,   0.04523,   0.00749,  -0.00072,   0.03867,  -0.02041,  -0.05652,  -0.00892,  -0.04175,  -0.02369,   0.04031,  -0.01056,   0.01241,  -0.06636,  -0.02205,   0.00092,  -0.04831,  -0.01385,  -0.07129,  -0.00072,  -0.05487,   0.01569,   0.06164,   0.03703,   0.01569,  -0.00728,   0.02718,   0.01241,  -0.06636,   0.03703,  -0.01056,   0.02390,   0.02226,  -0.05487,   0.03867,  -0.01549,   0.00092,  -0.07949,   0.02062,  -0.04995,  -0.00892,   0.08298,   0.00585,  -0.01385,   0.03703,   0.07149,   0.02390,   0.03539,   0.00585,   0.01733,  -0.01385,  -0.01385,  -0.02041,  -0.04995,  -0.03518,  -0.05323,  -0.04010,  -0.06144,   0.05836,   0.00092,  -0.01549,   0.01569,   0.05016,   0.00913,  -0.02369,   0.04523,   0.07969,  -0.00072,  -0.03026,  -0.02698,  -0.00236,  -0.02205,   0.01241,   0.07969,   0.01569,  -0.11559,   0.01733,   0.07805,   0.05672,  -0.05652,  -0.00892,   0.05180,  -0.01056,  -0.04339,  -0.01385,  -0.05487,   0.07969,   0.02554,   0.01733,  -0.02205,   0.00092,   0.01241,  -0.00892,   0.02062,   0.02882,  -0.00236,   0.01733,   0.00420,   0.05508,   0.06000,   0.08134,  -0.00892,   0.01077,  -0.03682,   0.06492,  -0.03682,  -0.04339,  -0.00236,  -0.00564,   0.02718,   0.04851,  -0.03026,   0.00913,  -0.04010,  -0.00564,   0.01241,  -0.02698,  -0.09098,   0.00420,   0.02554,  -0.01549,   0.01733,   0.03046,  -0.01877,   0.07149,   0.02718,   0.06000,  -0.02698,   0.01241,   0.01405,  -0.02205,   0.01077,  -0.00072,   0.00749,   0.07477,   0.04851,   0.05672,  -0.03682,  -0.05652,   0.00420,  -0.03026,   0.01733,   0.01077,   0.01733,   0.02226,  -0.00400,  -0.00236,   0.00256,  -0.01713,  -0.04010,  -0.05159,   0.01241,  -0.00400,   0.01077,  -0.04339,  -0.04010,  -0.01056,   0.07149,  -0.03354,   0.01405,   0.06000,   0.00420,   0.01077,  -0.02698,  -0.02698,   0.01897,  -0.02205,  -0.00072,  -0.05487,   0.10923,  -0.05323,  -0.00236,  -0.01877,  -0.00236,   0.01077,  -0.01877,   0.05016,   0.03046,  -0.03518,  -0.00236,   0.01897,   0.06821,   0.02718,   0.00585,  -0.04010,   0.00420,  -0.02698,  -0.04175,   0.03046,  -0.01549,  -0.02369,  -0.03518,  -0.01549,  -0.02369,   0.01077,   0.00092,   0.04031,  -0.05159,   0.02554,  -0.03846,  -0.04010,   0.00913,  -0.04667,   0.02226,   0.02718,   0.07149,  -0.01056,  -0.03026,  -0.09426,  -0.01549,   0.00420,  -0.02698,  -0.06636,  -0.01056,  -0.03190,   0.03046,  -0.00400,   0.06821,   0.01733,   0.01405,   0.09118,   0.02882,  -0.01221,   0.02554,   0.01241,  -0.00072,  -0.00236,   0.03046,  -0.00728,  -0.00236,  -0.00728,   0.00749,   0.00092,   0.01405,  -0.07785,   0.01077,   0.03374,   0.00585,   0.04359,   0.00256,   0.06328,   0.06657,   0.01569,  -0.05159,  -0.00564,  -0.06472,   0.01405,   0.04195,   0.03539,   0.01077,   0.04195,  -0.04995,  -0.02533,  -0.05652,   0.00256,   0.03867,  -0.00236,  -0.06964,   0.02554,  -0.05652,  -0.09098,  -0.05816,   0.02062,  -0.00564,  -0.05159,   0.12072,   0.01241,  -0.01713,  -0.04339,   0.05508,  -0.11067,  -0.05652,   0.05836,  -0.08113,   0.05836,   0.02718,  -0.11559,  -0.07621,  -0.02041,   0.02718,  -0.01056,   0.03539,   0.01077,  -0.05487,  -0.02533,  -0.03354,  -0.03846,   0.06985,   0.02390,  -0.01713,   0.05672,  -0.09918,   0.04523,  -0.07785,   0.02062,   0.02390,   0.00256,   0.01405,   0.05344,  -0.00728,   0.01569,   0.02390,   0.00749,   0.02554,   0.07477,  -0.01713,  -0.00564,  -0.00564,   0.04031,   0.02390,  -0.05980,  -0.02041,  -0.02369,  -0.01385
   0.03703,  -0.08277,  -0.03354,   0.13221,   0.03703,   0.01733,  -0.03682,  -0.00236,  -0.05652,  -0.09918,  -0.00728,   0.00913,   0.05344,   0.03046,   0.00749,  -0.09590,   0.05836,   0.00749,   0.01241,   0.00585,  -0.07129,   0.08298,  -0.05652,   0.07149,   0.03703,   0.01077,  -0.07293,  -0.01549,  -0.02698,  -0.01056,   0.01241,   0.00256,  -0.02369,   0.01405,  -0.02369,   0.01241,  -0.13036,   0.00092,   0.02554,   0.01241,  -0.05980,  -0.04995,  -0.00892,  -0.00728,  -0.00400,   0.02882,   0.01897,   0.01241,   0.02390,  -0.05652,  -0.01056,   0.01077,   0.05344,  -0.04339,  -0.03846,  -0.06964,  -0.07949,  -0.06144,  -0.04339,  -0.00400,   0.06164,  -0.02205,  -0.04831,  -0.02533,   0.04195,   0.06492,  -0.05323,   0.04687,   0.01733,   0.05016,  -0.01713,  -0.01385,   0.00256,  -0.06308,  -0.02533,  -0.01385,  -0.04175,   0.06164,   0.04687,   0.00749,  -0.06964,   0.03539,  -0.02862,  -0.01056,   0.09282,   0.06821,  -0.05816,   0.05344,   0.01569,   0.07477,   0.06000,   0.00585,  -0.09262,   0.04523,   0.04359,   0.02390,   0.02882,  -0.04995,  -0.01713,   0.01897,   0.08790,   0.00585,   0.07969,  -0.03190,  -0.05816,   0.00585,   0.01077,  -0.03682,   0.01077,  -0.01385,  -0.00564,   0.00749,  -0.00564,  -0.04831,  -0.04175,  -0.00400,  -0.04175,   0.10103,  -0.01877,   0.06492,   0.06164,  -0.01549,  -0.00236,  -0.05323,  -0.02041,  -0.03026,   0.02718,   0.06985,   0.06985,  -0.01877,  -0.00236,   0.04195,  -0.05159,  -0.02041,   0.00749,  -0.01549,   0.00749,  -0.04010,  -0.04831,  -0.01385,   0.01569,   0.03374,   0.06657,   0.03374,  -0.02369,  -0.09590,   0.04031,  -0.00400,  -0.01221,  -0.08605,   0.06000,  -0.01221,  -0.03518,   0.00749,  -0.02205,  -0.03354,  -0.00892,  -0.01549,  -0.05980,  -0.01877,  -0.04831,  -0.04667,  -0.07457,   0.06164,  -0.01713,  -0.06964,  -0.00072,   0.09118,  -0.02205,   0.05836,   0.02718,  -0.09590,   0.05016,  -0.01877,  -0.04503,   0.02882,  -0.02862,   0.02062,   0.01569,  -0.02205,   0.01241,   0.04523,   0.00420,   0.08954,  -0.04667,   0.04359,   0.00585,  -0.08113,  -0.00236,  -0.04667,   0.01241,  -0.04831,   0.04359,  -0.09590,   0.01241,   0.01077,  -0.04503,  -0.01713,  -0.05159,  -0.01056,  -0.00236,   0.03374,  -0.01713,   0.02226,  -0.03026,   0.05016,  -0.04175,  -0.05159,   0.11908,  -0.04503,  -0.01549,  -0.02205,  -0.00236,  -0.05487,   0.05508,   0.03374,  -0.05323,   0.03867,  -0.03354,   0.04851,  -0.03190,  -0.00072,   0.02390,   0.04031,   0.02882,   0.02554,  -0.00564,   0.01733,  -0.07949,   0.04851,   0.00256,  -0.04667,   0.05836,  -0.02862,  -0.06964,   0.02554,  -0.10082,   0.00585,   0.02718,  -0.02369,   0.00256,   0.02226,  -0.05487,   0.04523,   0.06000,   0.03867,  -0.04010,  -0.03190,   0.00749,  -0.00236,   0.01897,  -0.01385,   0.03046,   0.03046,  -0.02862,  -0.01056,   0.01733,   0.04195,   0.06492,  -0.00072,  -0.03682,   0.01733,   0.01569,  -0.03354,   0.03374,   0.10267,   0.01733,  -0.11067,  -0.01549,  -0.03354,  -0.04010,   0.10923,   0.05180,   0.00749,  -0.01713,  -0.01385,  -0.01385,  -0.02698,  -0.07621,   0.06000,  -0.01713,   0.03703,  -0.00892,   0.03867,  -0.00564,  -0.01221,  -0.03026,   0.02554,   0.04523,  -0.01221,  -0.05487,  -0.03354,   0.03210,  -0.06800,  -0.02862,  -0.04339,   0.08462,   0.06000,  -0.01713,   0.01733,  -0.00728,  -0.07785,  -0.03354,  -0.06964,  -0.00072,  -0.02698,   0.02390,  -0.07949,  -0.00892,   0.01733,   0.03703,  -0.08113,  -0.03518,   0.03703,   0.02718,   0.03539,  -0.00236,   0.03046,  -0.05159,  -0.04339,  -0.05159,   0.00749,  -0.12708,   0.01733,   0.07313,   0.05508,  -0.07457,  -0.00072,   0.01077,   0.02390,  -0.01549,  -0.05487,  -0.02533,  -0.03026,   0.03539,   0.04195,  -0.03518,  -0.04667,  -0.00236,   0.01077,   0.03374,  -0.02041,  -0.03026,  -0.00728,  -0.00728,  -0.03354,   0.08626,  -0.01385,  -0.02205,  -0.01877,  -0.03026,  -0.00236,  -0.01385,  -0.00400,   0.02554,   0.01569,  -0.02205,  -0.01385,  -0.09262,  -0.00564,   0.04031,   0.05836,   0.00585,  -0.02041,   0.04031,   0.00749,   0.01405,   0.04195,  -0.01877,  -0.06308,   0.03046,  -0.00400,  -0.03682,   0.01569,   0.02882,  -0.00236,   0.05344,  -0.01221,  -0.00236,  -0.01385,   0.03210,   0.03210,  -0.01549,   0.00256,   0.03210,  -0.04995,  -0.02205,  -0.03026,   0.09282,  -0.00072,   0.09282,  -0.00236,  -0.04010,  -0.00728,  -0.10739,   0.01405,  -0.07129,   0.03046,  -0.02205,  -0.00236,  -0.03354,   0.02062,  -0.07129,   0.02062,   0.02062,  -0.01713,   0.02718,  -0.06472,   0.06985,  -0.04831,  -0.04175,  -0.04175,  -0.05816,   0.09446,  -0.02041,  -0.06308,   0.00585,  -0.09590,  -0.01549,   0.01405,  -0.03026,   0.02882,   0.03867,   0.07641,  -0.01549,  -0.03354,  -0.03354,   0.06657,   0.06328,  -0.00400,   0.02718,   0.00092,   0.03210,  -0.04339,  -0.03682,   0.07149,  -0.01385,   0.00420,   0.09446,  -0.04175,  -0.07457,   0.01077,  -0.00728,  -0.01713,  -0.00728,  -0.03518,  -0.05487,   0.03703,  -0.03026,  -0.00892,   0.02718,   0.02062,   0.00585,  -0.12216,   0.01569,   0.05344,  -0.00236,  -0.06964,   0.02882,   0.05180,  -0.02369,  -0.00728,   0.02390,   0.04195,  -0.00728,   0.03867,  -0.09918,   0.03374,   0.05508,  -0.03682,  -0.04010,  -0.05816,   0.05344,   0.03374,   0.03867,  -0.05652,   0.03539,  -0.04175,  -0.07785,  -0.02205,  -0.08277,   0.06821,  -0.09754,   0.02226,   0.06164,   0.07313,   0.03703,   0.01077,  -0.00728,  -0.01549,  -0.02698,   0.05344,  -0.05816,   0.02718,   0.00749,  -0.03190,   0.06328,   0.05344,   0.06000,   0.07641,  -0.00072,  -0.13857,  -0.02698,   0.00256,  -0.11395,   0.01569,  -0.01549,  -0.01877,  -0.05159,   0.05344,   0.01897,   0.04195,  -0.01385,   0.05344,   0.03210,  -0.00564,   0.01405,  -0.07457,  -0.06144,   0.01077,   0.00749,  -0.08770,   0.02062,  -0.06144,  -0.09590,  -0.01056,   0.04359,   0.01241,  -0.00892,  -0.03026,   0.02062,   0.08790,  -0.01221,  -0.08113,  -0.04995,   0.00420,   0.00913,   0.01405,  -0.01221,  -0.00564,   0.06328,   0.05836,  -0.01056,   0.02062,   0.03374,  -0.14513,   0.01405,  -0.05652,   0.07313,   0.03210,   0.02882,   0.04523,   0.01077,  -0.00564,   0.01241,  -0.05816,   0.06000,   0.03539,  -0.05652,   0.01733,  -0.00728,   0.07477,  -0.01713,   0.01733,  -0.03026,   0.02226,   0.06657,  -0.03026,   0.02882,   0.04523,  -0.04339,   0.03703,  -0.03354,   0.03867,  -0.03518,  -0.04667,  -0.02862,   0.07477,  -0.04339,   0.00585,  -0.06636,  -0.03026,   0.03539,   0.00420,   0.03539,   0.00256,  -0.01549,  -0.05159,  -0.09262,  -0.01549,  -0.01385,   0.05344,  -0.02533,   0.00585,  -0.07457,   0.03867,   0.08134,   0.08134,   0.03210,  -0.03846,  -0.04831,  -0.04667,  -0.04503,   0.09775,   0.01897,  -0.02698,   0.02390,   0.01241,  -0.00892,   0.00420,   0.09118,   0.02718,   0.02718,   0.01897,   0.04523,   0.02062,  -0.06472,  -0.01877,  -0.04175,   0.06492,  -0.04175,  -0.07785,   0.06985,   0.00092,  -0.01221,  -0.01221,  -0.01056,  -0.03190,  -0.02041,  -0.19108,  -0.12380,   0.01733,  -0.05323,  -0.13036,  -0.00072,  -0.06636,   0.04031,  -0.03518,  -0.01221,  -0.03190,  -0.04667,  -0.04010,   0.01405,   0.00092,  -0.06308,  -0.00892,   0.04687,  -0.03846,   0.02062,   0.04687,  -0.07293,  -0.04995,  -0.01549,  -0.05980,   0.05344,   0.01569,   0.01733,   0.01897,   0.06985,  -0.02698,  -0.06472,   0.00913,   0.00420,  -0.04175,   0.02554,   0.04359,   0.01733,   0.01897,   0.04851,  -0.02533,   0.06328,  -0.06636,   0.02554,  -0.03026,   0.12565,   0.01241,   0.07477,   0.02062,  -0.00892,  -0.06308,   0.01241,   0.02226,  -0.00400,   0.05672,   0.00749,  -0.03354,   0.02390,   0.03539,  -0.00564,  -0.00892,   0.04031,  -0.00728,  -0.01549,  -0.00072,  -0.02041,  -0.04995,  -0.05159,  -0.02369,   0.06985,  -0.00564,  -0.02205,  -0.00236,  -0.03846,   0.01241,  -0.02041,   0.03374,   0.08462,  -0.03518,  -0.01549,  -0.03846,  -0.03846,  -0.00072,  -0.03354,  -0.02862,  -0.03846,  -0.01713,   0.06492,  -0.04831,   0.00913,  -0.03518,  -0.00564,   0.01569,  -0.00564,  -0.05159,  -0.04667,  -0.03190,   0.03210,  -0.03026,   0.00092,  -0.04667,  -0.05159,  -0.03846,  -0.07129,  -0.06964,  -0.07457,  -0.09098,  -0.03846,  -0.04995,  -0.04667,   0.03210,   0.02226,   0.03210,  -0.12216,  -0.01056,  -0.00400,  -0.05980,  -0.04010,  -0.06144,   0.03703,  -0.04503,   0.00420,   0.01897,  -0.06472,  -0.00072,  -0.00400,  -0.05159,  -0.04175,   0.04195,   0.00749,   0.02554,   0.05180,   0.01241,  -0.01549,   0.01569,  -0.11888,   0.00585,   0.01569,  -0.05323,  -0.04175,  -0.04010,   0.01077,   0.03703,  -0.00728,  -0.02205,   0.01241,  -0.03682,   0.00256,   0.00585,   0.07477,  -0.04995,   0.00420,  -0.07293,   0.02062,   0.03046,  -0.06800,  -0.00072,   0.02390,   0.01405,   0.04687,   0.02390,  -0.02041,  -0.02369,   0.03539,   0.00092,   0.02062,   0.01405,  -0.02205,  -0.00236,  -0.02862,  -0.01221,  -0.04667,  -0.07293,   0.04687,   0.00092,   0.00420,  -0.04831,   0.04359,  -0.03354,  -0.00728,   0.02390,   0.02226,  -0.00564,   0.06164,   0.01241,   0.01077,   0.04031,   0.03703,  -0.02369,  -0.04339,   0.03374,  -0.03190,  -0.08605,   0.06492,   0.02226,   0.04523,  -0.00564,   0.05672,   0.02062,   0.01897,  -0.02698,   0.09611,  -0.00072,  -0.00564,  -0.03190,  -0.04339,  -0.06636,  -0.01056,   0.00256,  -0.04010,   0.08462,   0.03210,  -0.04831,   0.04687,   0.01569,  -0.05323,   0.03210,  -0.01713,   0.02718,   0.05672,   0.03046,  -0.03026,  -0.01549,   0.02718,   0.03539,  -0.07293,   0.01897,  -0.06472,  -0.02041,  -0.10739,   0.01569,  -0.00072,  -0.05159,  -0.04175,  -0.02862,  -0.08934,  -0.08277,   0.04687,   0.04687,   0.00749,  -0.01549,  -0.00728,   0.02882,   0.11580,  -0.01385,   0.02718,   0.01077,  -0.06472,  -0.04010,   0.02554,   0.00256,  -0.01221,  -0.02862,  -0.06472,  -0.00728,  -0.01385,  -0.06308,  -0.02041,  -0.00728,   0.00420,   0.01405,   0.01241,  -0.00892,  -0.00400,  -0.06308,  -0.04503,  -0.04503,  -0.02041,   0.05016,  -0.04175,  -0.12380,   0.02554,  -0.04667,   0.00913,   0.03703,   0.00749,  -0.02041,  -0.05323,   0.06164,  -0.02698,   0.12729,  -0.05487,  -0.02698,   0.03046,  -0.03354,   0.03210,  -0.00564,  -0.02205,  -0.09262,  -0.00072,  -0.03518,   0.00256,  -0.08277,   0.00585,  -0.03354,   0.01733,  -0.03026,  -0.01713,  -0.08934,   0.00092,  -0.00400,  -0.01056,  -0.01221,  -0.01713,  -0.01877,  -0.06964,   0.02062,   0.04359,  -0.08277,   0.00913,   0.00420,   0.03867,  -0.00728,  -0.08770,   0.03374,   0.00749,   0.03867,  -0.04995,  -0.06472,  -0.02698,  -0.00400,  -0.07293,   0.00913,   0.00256,   0.04523,  -0.07129,   0.07149,  -0.02862,  -0.00236,   0.02554,  -0.01713,  -0.01877,   0.05016,  -0.02698,   0.04359,   0.00585,   0.01077,  -0.02533,   0.04851,  -0.02041,   0.00913,   0.00256,   0.06000,   0.06657,   0.01569,  -0.00072,  -0.00400,  -0.03354,   0.02390,   0.00092,   0.01733,  -0.00072,  -0.08113,  -0.03190,  -0.06472,  -0.00236,   0.00913,  -0.02862,  -0.05323,   0.02882,  -0.00236,  -0.02041,   0.01241,  -0.04175,  -0.08277,  -0.02369,   0.04523,   0.03374,  -0.02205,   0.02226,  -0.00728,  -0.01877,   0.01077,  -0.00892,  -0.03026,   0.01077,  -0.01549,   0.05016,   0.06000,   0.09282,   0.11088,  -0.04503,  -0.02041,  -0.04503,  -0.03026,   0.00420,   0.15026,   0.03210,  -0.02698,   0.04687,  -0.05159,   0.02390,   0.03867,  -0.02369,  -0.02698
  -0.00564,   0.10267,   0.02062,  -0.11231,  -0.04010,  -0.00236,  -0.00564,  -0.04667,   0.00913,  -0.05159,   0.02390,  -0.02369,   0.01897,  -0.00892,   0.00092,   0.06657,  -0.01877,   0.00256,  -0.03846,   0.06328,  -0.00728,   0.13221,   0.03703,   0.03374,  -0.08934,  -0.05816,  -0.00072,   0.03210,  -0.03518,   0.10103,  -0.08770,  -0.02369,   0.08954,   0.00092,  -0.07129,  -0.05323,  -0.00400,  -0.01056,   0.04359,  -0.03682,  -0.00236,  -0.04339,   0.02882,   0.04523,  -0.01056,  -0.00400,  -0.03682,  -0.05487,  -0.03190,   0.01405,   0.00913,  -0.00400,   0.09446,  -0.01877,  -0.03846,  -0.03682,  -0.00892,   0.00913,  -0.03518,   0.04523,   0.04851,  -0.00236,  -0.01221,  -0.02205,   0.00092,   0.02554,   0.01077,   0.01077,  -0.05487,   0.00420,  -0.00236,  -0.00072,  -0.03354,  -0.00892,   0.00420,   0.00749,  -0.01549,  -0.01056,  -0.01877,  -0.00564,   0.08954,   0.03046,  -0.00892,  -0.04010,  -0.03190,  -0.00728,   0.03046,  -0.04175,   0.02062,  -0.02862,   0.01077,   0.06164,  -0.01385,   0.01733,  -0.01877,  -0.01549,   0.03539,  -0.11231,  -0.01877,   0.01405,   0.00256,  -0.08113,   0.00420,   0.01241,  -0.04503,  -0.04831,   0.00256,   0.01569,  -0.03518,  -0.04010,  -0.03190,  -0.02862,   0.04195,   0.01569,   0.03703,  -0.02698,  -0.02862,   0.00256,  -0.07457,  -0.05487,  -0.08605,  -0.02205,   0.05836,  -0.01713,  -0.00400,   0.07969,   0.05672,  -0.00236,   0.06328,  -0.07621,   0.08954,  -0.00400,   0.02226,   0.07313,   0.08134,   0.04687,  -0.02369,  -0.02205,   0.05344,   0.02554,  -0.00072,  -0.00236,  -0.05487,   0.00913,   0.00256,  -0.03026,  -0.03846,  -0.02862,  -0.00892,  -0.01713,   0.00420,   0.02554,   0.02554,  -0.02369,   0.01405,  -0.02041,  -0.03354,  -0.06636,  -0.04175,  -0.07621,   0.03539,  -0.00072,  -0.01549,  -0.00892,   0.08954,   0.03539,  -0.03026,   0.07313,  -0.00072,   0.08954,  -0.00728,  -0.00564,  -0.05816,  -0.01221,   0.09611,   0.04359,   0.09282,   0.06164,  -0.02369,  -0.01385,   0.01733,   0.01897,  -0.03518,  -0.05980,   0.05016,  -0.06472,   0.01569,  -0.06144,  -0.02698,   0.00585,   0.01897,  -0.03846,   0.00092,   0.05672,  -0.02369,  -0.00564,  -0.01385,   0.02882,   0.00420,  -0.01549,   0.04359,  -0.06144,  -0.00400,  -0.05652,  -0.01221,   0.04031,   0.07313,   0.03046,  -0.00728,  -0.00564,   0.04523,  -0.02533,   0.00092,  -0.00564,  -0.00400,  -0.02698,  -0.06144,  -0.04339,  -0.03518,  -0.05159,  -0.02041,  -0.00728,   0.01405,  -0.03190,  -0.00892,   0.03374,   0.04851,  -0.05652,  -0.03190,  -0.04995,  -0.04339,  -0.01713,  -0.03354,  -0.08113,  -0.01056,  -0.00072,   0.03867,  -0.07949,  -0.03354,   0.03867,   0.04359,   0.04031,   0.00420,   0.03374,  -0.00728,   0.07149,   0.01897,  -0.05159,   0.06000,  -0.01056,   0.01569,   0.05016,   0.02226,  -0.04503,   0.00913,   0.05344,   0.00420,   0.04851,   0.01569,   0.05180,   0.10759,   0.04031,   0.01897,  -0.04010,   0.05344,   0.08462,   0.06821,  -0.03518,   0.02882,   0.03046,  -0.00892,   0.00749,   0.02554,  -0.04175,   0.00256,  -0.02698,   0.03867,   0.01733,   0.00585,  -0.06472,   0.05672,   0.00749,  -0.05816,   0.02390,   0.04031,  -0.01713,  -0.00564,   0.03374,   0.04851,  -0.01713,  -0.07129,   0.03539,   0.05180,   0.03374,  -0.03026,  -0.00236,   0.03046,  -0.06472,   0.02718,  -0.07785,  -0.04831,   0.00092,   0.01405,  -0.02041,   0.00420,  -0.03190,  -0.07293,  -0.01549,   0.04851,  -0.00236,  -0.01549,  -0.02041,  -0.04667,  -0.03846,   0.09775,   0.02390,   0.05508,   0.03867,  -0.02862,   0.02062,  -0.01221,  -0.02533,  -0.05652,  -0.07293,  -0.02041,   0.01733,   0.00256,   0.00585,  -0.03354,  -0.09098,   0.06985,   0.01897,  -0.09754,  -0.01549,  -0.04175,  -0.07457,  -0.01056,  -0.08113,  -0.03354,   0.03867,  -0.00728,   0.04687,  -0.04175,  -0.06800,   0.06328,   0.04359,  -0.00728,  -0.00400,   0.04523,  -0.04503,   0.00420,  -0.06636,   0.04195,  -0.02369,  -0.02041,  -0.02041,   0.00256,   0.02390,  -0.00728,  -0.00728,   0.01241,   0.00585,  -0.03846,  -0.00564,   0.04359,  -0.05487,   0.05180,   0.02226,   0.00420,  -0.01549,   0.02554,   0.02226,   0.01077,   0.07149,   0.00585,   0.02554,   0.02226,   0.03539,   0.00420,   0.00749,  -0.00564,  -0.00400,   0.02062,  -0.00728,  -0.00564,  -0.10411,   0.04195,  -0.03190,  -0.00236,   0.02882,   0.01569,   0.01241,   0.04195,  -0.01877,  -0.00728,   0.07641,  -0.00400,   0.07805,   0.00092,   0.07149,  -0.00400,   0.04031,  -0.02041,   0.06000,   0.03046,   0.04687,   0.00092,   0.04031,   0.03867,  -0.05816,   0.04687,  -0.00728,   0.08134,   0.08134,  -0.01056,   0.02390,  -0.04667,   0.02554,  -0.01385,   0.03046,   0.09611,  -0.08441,  -0.05487,  -0.07457,  -0.02698,   0.03703,  -0.02533,  -0.00892,  -0.01221,   0.04687,  -0.03354,   0.03374,  -0.02369,   0.02062,  -0.01221,   0.00092,  -0.02205,   0.00256,   0.03046,  -0.02862,  -0.07129,  -0.06964,   0.11088,   0.03210,   0.02226,  -0.02369,  -0.00072,   0.06657,  -0.04010,  -0.01713,  -0.01221,  -0.01713,   0.03374,   0.00585,   0.04195,  -0.02205,  -0.03682,  -0.00892,  -0.01549,  -0.05487,   0.05508,  -0.01385,  -0.06800,   0.01733,   0.00585,   0.02554,   0.05836,   0.04523,  -0.04339,  -0.05323,   0.00585,  -0.05980,  -0.05323,  -0.04995,   0.09611,   0.00913,  -0.09426,   0.01897,   0.01405,   0.00749,   0.03046,   0.02226,  -0.03354,   0.02554,  -0.04503,   0.01897,  -0.01549,  -0.03518,  -0.00564,   0.10431,  -0.03846,  -0.01549,  -0.00892,   0.05180,  -0.03682,  -0.00236,   0.02882,  -0.05816,   0.01077,  -0.02698,   0.01569,   0.05344,   0.01569,  -0.02369,   0.12400,   0.02718,   0.00749,   0.04523,   0.01733,   0.01733,   0.03539,   0.02062,   0.06000,   0.04359,  -0.03518,  -0.00072,  -0.00400,   0.02882,  -0.03846,   0.01241,  -0.06800,  -0.05652,   0.01569,  -0.03026,   0.00256,  -0.00400,   0.02554,   0.05836,  -0.01056,   0.00913,   0.01733,  -0.04831,  -0.04667,   0.01077,   0.05180,   0.00092,  -0.03518,   0.02062,   0.03703,   0.06000,   0.11088,   0.02226,  -0.06472,   0.02062,   0.02882,   0.03046,   0.00092,  -0.02369,   0.07805,  -0.02533,   0.01405,  -0.11395,  -0.04831,  -0.01056,  -0.03354,  -0.01713,   0.08134,   0.04687,  -0.07785,   0.00913,   0.08134,   0.01733,   0.00585,  -0.06636,   0.00585,   0.00092,  -0.07621,  -0.03846,   0.02718,   0.05508,  -0.01385,  -0.02533,  -0.03846,   0.04523,  -0.00236,  -0.04995,  -0.00564,  -0.01385,   0.02390,  -0.04175,  -0.01221,   0.03703,  -0.03682,   0.08134,   0.01733,  -0.06800,  -0.07293,   0.01897,   0.04687,   0.04195,   0.01733,  -0.01713,   0.00913,   0.04359,  -0.02205,   0.04851,   0.06164,   0.00585,  -0.01713,  -0.06636,  -0.04503,   0.00749,   0.02226,   0.08298,  -0.02533,  -0.04831,  -0.05323,  -0.03518,   0.01733,   0.08954,   0.03374,   0.07313,  -0.01385,  -0.03026,   0.04195,   0.03046,  -0.04667,   0.12400,   0.07313,   0.07805,  -0.04175,   0.00420,  -0.07293,   0.06821,  -0.00728,   0.04031,   0.02718,  -0.00892,   0.05836,   0.03210,  -0.00072,   0.03539,  -0.02533,   0.03703,  -0.02041,  -0.02369,   0.05344,   0.00420,  -0.02041,   0.00256,  -0.00728,  -0.01221,  -0.02369,   0.02554,  -0.07949,  -0.01385,  -0.02698,   0.01569,   0.00256,  -0.01877,  -0.06472,  -0.02698,   0.04031,  -0.00892,  -0.04831,   0.02226,  -0.05980,  -0.02698,   0.03210,   0.04687,  -0.00072,  -0.00072,   0.00092,  -0.01713,  -0.08113,   0.08134,  -0.01877,   0.01077,   0.05508,   0.05016,  -0.01549,  -0.04667,  -0.01549,   0.10923,   0.05344,   0.01077,   0.03374,   0.03210,   0.00420,   0.00256,   0.00256,   0.04523,  -0.00728,   0.04523,   0.01897,   0.00420,  -0.04995,  -0.03354,   0.02718,  -0.03190,   0.00585,  -0.04010,  -0.01713,  -0.02369,   0.02390,   0.07313,  -0.02205,   0.01897,   0.03539,   0.00256,  -0.02698,   0.01241,   0.03374,   0.02226,  -0.02862,  -0.06144,  -0.07785,  -0.00728,   0.06492,   0.02062,  -0.06964,  -0.00728,   0.01733,  -0.00892,   0.01077,   0.00749,  -0.04339,   0.01733,  -0.00564,   0.05508,   0.02226,  -0.03518,   0.03703,   0.01241,   0.00092,   0.05344,  -0.07129,  -0.00236,   0.01897,   0.07149,   0.01569,  -0.00072,   0.04851,  -0.03846,   0.01077,   0.01077,  -0.01221,  -0.03682,   0.05344,  -0.01877,  -0.00236,  -0.01877,  -0.04995,  -0.04010,   0.01405,  -0.01221,   0.06985,   0.00585,   0.01569,  -0.04339,   0.05508,  -0.01549,  -0.10739,   0.02554,  -0.03846,   0.02226,   0.08134,   0.03703,  -0.00892,  -0.05652,  -0.01877,   0.02554,   0.00420,  -0.03026,  -0.01221,  -0.01713,  -0.01713,   0.00092,   0.07805,  -0.04831,   0.03210,  -0.04503,  -0.03026,  -0.08934,  -0.09262,  -0.07621,  -0.04995,  -0.03846,   0.07477,  -0.04831,  -0.03518,  -0.06308,   0.05180,   0.03703,  -0.13529,  -0.08277,  -0.00728,  -0.02533,  -0.00892,  -0.04667,  -0.00728,   0.06657,  -0.00892,   0.09611,  -0.03190,   0.05344,   0.00420,  -0.03026,  -0.01385,  -0.01056,   0.00092,  -0.03354,  -0.00564,   0.02718,   0.08298,  -0.08441,  -0.02041,  -0.06964,   0.04031,   0.06328,  -0.04503,  -0.03354,   0.02554,   0.02226,  -0.07457,  -0.01549,   0.06164,  -0.00728,  -0.00236,   0.00256,   0.05344,  -0.01713,  -0.02698,  -0.02041,   0.06328,  -0.05159,   0.00749,   0.02882,  -0.01221,  -0.00400,   0.03374,  -0.01056,  -0.08934,  -0.03354,   0.01733,  -0.01385,  -0.03354,  -0.01385,   0.01077,  -0.00072,   0.04359,  -0.03026,   0.01405,   0.00913,   0.01733,   0.00420,  -0.04503,   0.01405,  -0.02041,   0.02718,   0.06328,   0.00585,  -0.01877,   0.03703,   0.05672,  -0.07293,   0.03374,  -0.01877,   0.01733,   0.06821,   0.00749,  -0.07457,   0.04359,  -0.04010,  -0.06636,   0.07805,  -0.03518,   0.03374,  -0.11888,  -0.01713,  -0.04175,  -0.02533,  -0.00564,   0.08626,  -0.03190,  -0.02533,   0.01241,  -0.08770,   0.03539,   0.05508,  -0.10739,  -0.03354,   0.02554,   0.08298,  -0.05816,   0.02062,   0.04195,  -0.03026,  -0.04010,   0.01569,   0.01405,  -0.00892,   0.00092,  -0.06636,   0.03046,  -0.07785,  -0.05652,  -0.01385,   0.06821,  -0.04339,   0.07477,   0.00585,   0.02062,   0.04851,   0.02882,  -0.02698,   0.03867,   0.04851,  -0.01713,  -0.00892,  -0.00728,   0.05508,   0.03210,   0.00256,   0.02882,  -0.03190,   0.01405,  -0.06800,   0.07313,  -0.03518,   0.03210,   0.06164,  -0.00236,  -0.00072,   0.05016,  -0.01549,  -0.03846,   0.06328,  -0.02698,  -0.04175,   0.04851,   0.05344,  -0.03846,  -0.02369,   0.02390,  -0.05816,  -0.04503,   0.01077,   0.08134,   0.12236,   0.01077,   0.02226,  -0.03682,  -0.09918,  -0.01221,  -0.06472,  -0.04503,  -0.06144,   0.01077,  -0.02698,   0.00585,   0.03046,  -0.06144,   0.06164,  -0.07457,   0.02062,  -0.04339,  -0.03682,   0.02390,  -0.04831,  -0.04010,  -0.10247,   0.00256,  -0.00236,   0.01405,  -0.03190,  -0.06636,  -0.04175,  -0.03026,  -0.02369,  -0.00892,  -0.01056,  -0.02698,  -0.00236,   0.00749,  -0.01877,  -0.07293,  -0.03190,   0.01897,   0.03374,   0.03046,   0.01077,   0.04359,  -0.06964,   0.05836,   0.03867,  -0.05980,  -0.01385,  -0.04667,  -0.02533,  -0.06800,   0.04687,   0.01241,  -0.06964,   0.00585,  -0.01549,   0.01077,  -0.03682,   0.04851,  -0.01549,  -0.00072,   0.04687,  -0.13365,  -0.00728,  -0.06472,  -0.00892,  -0.01877,  -0.05652,   0.03539,  -0.01385,  -0.02205,   0.02554,  -0.05652,   0.01897,  -0.02698,   0.04523,  -0.08277,   0.00913,  -0.01713,   0.00420,   0.06657,   0.00420,  -0.06144,   0.04687
   0.02390,  -0.01056,   0.04031,   0.00092,  -0.11395,   0.05016,   0.04851,   0.00420,  -0.03846,  -0.00564,   0.03046,  -0.03026,  -0.03846,  -0.03190,   0.01241,  -0.00728,  -0.02041,   0.01241,  -0.01713,   0.00420,  -0.05487,   0.03703,  -0.04995,  -0.10903,   0.07313,  -0.01877,   0.06164,  -0.02369,   0.00913,  -0.04667,  -0.00892,   0.03867,   0.02554,   0.06657,  -0.03026,  -0.16319,   0.06821,  -0.04667,  -0.06144,  -0.05652,   0.01733,  -0.05980,   0.00585,   0.01733,   0.07313,   0.06821,  -0.00400,   0.03210,   0.04687,   0.06821,  -0.03846,  -0.05980,  -0.04339,  -0.00236,   0.01241,   0.04687,  -0.00892,   0.01897,   0.00749,   0.01077,  -0.03026,   0.08790,   0.02062,   0.07149,  -0.01056,  -0.01549,   0.00749,  -0.03026,   0.02062,   0.01077,   0.00913,   0.01897,   0.01569,   0.00256,  -0.04831,  -0.01056,  -0.09918,  -0.02698,   0.06164,  -0.01056,  -0.00072,  -0.00892,  -0.11067,   0.06985,  -0.08113,  -0.05652,  -0.04831,   0.04687,   0.06657,  -0.00564,  -0.02369,  -0.02862,   0.01569,   0.00913,  -0.06472,  -0.02205,  -0.04503,   0.01077,  -0.00236,  -0.02533,   0.01733,  -0.11395,   0.08626,   0.03374,   0.05344,   0.02554,  -0.06308,   0.06492,   0.02062,   0.04031,   0.01077,  -0.02369,   0.04687,  -0.03518,  -0.00564,  -0.01221,   0.05508,   0.03867,   0.03539,  -0.02369,  -0.04667,   0.00913,  -0.01877,  -0.07785,  -0.06472,   0.03703,  -0.03190,  -0.01877,  -0.02369,   0.06328,   0.02062,  -0.06472,  -0.03846,   0.00092,   0.02882,   0.00913,   0.00913,  -0.04010,  -0.05159,   0.02718,  -0.01221,   0.02882,  -0.03518,  -0.01713,  -0.00728,   0.00420,  -0.01221,  -0.00892,  -0.05652,   0.00256,  -0.03518,   0.00092,  -0.02698,   0.01897,   0.05836,  -0.00400,  -0.06144,   0.00749,  -0.08113,  -0.04503,   0.00749,   0.09446,   0.05180,   0.00585,  -0.01385,  -0.02041,  -0.06472,   0.02554,  -0.04503,  -0.05652,  -0.05159,  -0.02041,   0.00585,   0.05836,  -0.05487,  -0.03026,   0.02226,   0.07969,   0.02226,  -0.04503,   0.03703,   0.04031,   0.00585,  -0.05323,   0.00092,  -0.04995,  -0.07457,  -0.02698,   0.05016,   0.05180,   0.03703,  -0.01221,   0.03539,   0.03703,  -0.00728,  -0.03026,   0.03539,  -0.03354,   0.03703,   0.01241,   0.04687,  -0.03682,   0.03703,  -0.00072,   0.01077,  -0.01221,  -0.00400,  -0.10411,  -0.01221,   0.03867,   0.01241,  -0.01385,   0.04031,  -0.02369,   0.01733,  -0.00072,  -0.01713,   0.00749,   0.00913,  -0.02862,   0.09939,   0.02718,  -0.02862,   0.01241,   0.01897,   0.03374,  -0.03026,   0.00913,   0.06492,  -0.03026,  -0.08113,   0.03374,  -0.08113,   0.02554,  -0.03354,  -0.03682,  -0.01221,   0.01897,  -0.02698,  -0.01549,   0.01241,  -0.00400,  -0.00728,   0.00749,  -0.06308,   0.07805,   0.03374,   0.02062,   0.04851,  -0.06472,   0.03374,   0.02226,   0.00749,  -0.01385,   0.02062,  -0.02698,  -0.03190,  -0.04995,   0.04359,   0.05836,  -0.00236,  -0.00236,  -0.04503,  -0.03682,   0.05016,   0.00420,  -0.03190,   0.01241,   0.06164,   0.04523,   0.04195,   0.01733,   0.00749,   0.03867,  -0.03682,  -0.01713,   0.10431,   0.01897,   0.07969,   0.01077,   0.01897,  -0.07785,   0.02882,  -0.05323,  -0.00236,   0.03210,  -0.04339,  -0.00072,  -0.02041,   0.02226,   0.02718,   0.03539,   0.02390,  -0.04339,   0.01569,   0.06492,   0.02882,   0.03539,   0.02554,  -0.03190,  -0.03518,   0.01077,   0.04031,  -0.05323,  -0.01713,  -0.05816,  -0.01221,   0.02718,  -0.02205,   0.04031,  -0.00564,   0.00585,  -0.00400,  -0.03354,  -0.01549,   0.04851,  -0.02041,  -0.03354,  -0.02041,   0.05836,  -0.04667,  -0.02205,  -0.08934,   0.06821,   0.00092,   0.03374,  -0.01385,  -0.01877,  -0.06144,  -0.02369,   0.00749,  -0.04831,   0.03374,  -0.02205,   0.01569,   0.00749,  -0.06964,   0.00092,  -0.04339,   0.01569,   0.01733,  -0.01713,   0.01241,   0.05016,  -0.00400,   0.00913,  -0.04503,   0.01569,  -0.02533,   0.05016,   0.04359,  -0.04995,   0.05344,   0.05672,   0.00420,   0.00585,   0.12893,  -0.03682,  -0.00892,   0.01077,   0.04031,  -0.01385,  -0.03354,   0.00585,  -0.00564,   0.05016,   0.01569,  -0.08277,  -0.00236,  -0.01713,  -0.01877,  -0.05159,   0.06985,   0.04195,  -0.02862,   0.08134,  -0.06308,   0.00420,  -0.01056,  -0.08605,  -0.03518,  -0.01549,  -0.00236,   0.04523,   0.04031,  -0.03682,  -0.05487,   0.06492,  -0.02205,   0.04851,  -0.06636,   0.01241,   0.01569,  -0.03026,  -0.03354,  -0.06144,  -0.02533,   0.04523,  -0.01221,   0.03374,   0.08462,   0.01241,  -0.06964,  -0.01385,   0.01077,  -0.02533,  -0.06308,   0.13385,   0.02390,   0.01405,   0.04031,  -0.00400,   0.07805,  -0.03518,  -0.01713,  -0.04995,  -0.05159,  -0.00400,  -0.06472,  -0.01713,   0.02390,   0.03210,  -0.02205,   0.03210,  -0.02369,   0.03703,   0.00420,   0.00913,   0.05180,   0.08134,   0.02554,   0.02062,   0.02882,   0.03210,  -0.03190,   0.00913,  -0.00728,   0.06164,  -0.08113,  -0.02205,   0.02554,   0.02062,  -0.03846,  -0.00236,  -0.00072,   0.00749,   0.01077,  -0.02698,  -0.03026,  -0.05323,  -0.01549,  -0.03518,   0.07477,  -0.02369,   0.03867,   0.02062,   0.00256,  -0.01056,  -0.07293,   0.00092,  -0.04175,  -0.04503,   0.04687,   0.09939,   0.00913,  -0.00564,   0.03046,   0.07805,  -0.01385,  -0.08441,   0.04687,  -0.02369,  -0.03682,   0.03046,   0.02882,  -0.02369,   0.03210,  -0.03026,  -0.01221,   0.03703,  -0.00400,  -0.02698,  -0.04175,   0.01077,   0.06492,   0.04687,  -0.00892,   0.02554,  -0.02862,  -0.04667,  -0.02205,   0.00749,   0.00420,  -0.01385,  -0.00564,   0.02554,  -0.00564,  -0.04503,  -0.03354,  -0.02698,  -0.01385,   0.00092,   0.05180,   0.01897,   0.04195,  -0.05323,   0.00092,   0.02554,   0.04195,  -0.06636,  -0.07129,   0.01569,   0.07969,  -0.01056,   0.06000,   0.01897,  -0.00564,   0.00092,   0.03046,  -0.01385,  -0.07129,  -0.01056,  -0.04995,   0.05016,   0.01897,  -0.02862,   0.01405,   0.07477,  -0.02369,  -0.03518,   0.07805,   0.04523,  -0.10247,   0.05508,   0.01897,  -0.05487,   0.09611,  -0.01713,  -0.09098,   0.06657,  -0.02205,  -0.07457,  -0.01549,  -0.08770,   0.03867,   0.07313,  -0.03846,  -0.02862,   0.03539,   0.03210,  -0.05159,   0.02718,  -0.04667,  -0.02369,   0.03703,  -0.06308,  -0.02041,  -0.03354,   0.03703,   0.05016,   0.00256,  -0.05816,  -0.03026,   0.02226,   0.05180,   0.03374,  -0.03026,   0.00092,   0.03867,   0.00420,  -0.04010,   0.02226,  -0.04667,   0.02554,   0.05672,   0.01077,   0.01405,   0.01405,  -0.05159,  -0.07785,   0.09775,  -0.01713,  -0.01221,  -0.02698,   0.02882,   0.00749,   0.06328,   0.03046,  -0.02862,   0.02226,  -0.05487,   0.00092,  -0.05652,  -0.00400,   0.00420,  -0.01549,  -0.03682,   0.01405,  -0.15006,  -0.04010,  -0.02041,   0.02882,  -0.06964,  -0.01877,  -0.04667,   0.04523,   0.04687,  -0.02205,   0.02554,   0.03539,  -0.06308,  -0.00236,  -0.01713,   0.06492,  -0.06636,  -0.00072,  -0.01221,   0.02882,  -0.04010,   0.02554,  -0.00236,  -0.02533,   0.09446,  -0.06636,  -0.07293,  -0.01385,  -0.06964,  -0.02205,  -0.03518,   0.04687,   0.00749,   0.01733,  -0.05652,   0.01569,   0.00256,   0.02554,  -0.02041,  -0.05323,   0.01241,  -0.02698,   0.06657,   0.03703,   0.05672,  -0.01549,   0.04523,  -0.03518,  -0.00400,  -0.07621,  -0.05652,   0.00913,   0.04359,   0.01569,  -0.05159,  -0.00892,  -0.00564,   0.06657,  -0.01713,  -0.01056,   0.04359,  -0.04175,   0.01897,   0.02390,  -0.05652,   0.00913,  -0.01713,  -0.06636,   0.02554,   0.01897,  -0.01385,  -0.00892,  -0.03354,   0.02062,   0.01241,   0.02554,  -0.05980,  -0.03682,  -0.10411,   0.03703,  -0.00072,   0.03703,   0.00092,   0.06164,  -0.04175,  -0.02205,  -0.06800,  -0.05816,  -0.02369,  -0.02205,   0.03703,  -0.07621,   0.01733,  -0.08277,   0.02718,  -0.02041,  -0.02041,   0.02718,  -0.01221,   0.01569,  -0.07785,   0.02882,   0.00420,   0.04359,  -0.00072,  -0.06144,  -0.01385,  -0.03682,  -0.02041,   0.02554,  -0.04175,   0.03210,  -0.05487,   0.04031,  -0.06308,   0.01405,  -0.09590,  -0.02041,  -0.03026,  -0.01056,  -0.02205,   0.06164,  -0.01877,   0.03046,   0.01569,  -0.01877,   0.02882,   0.00092,  -0.05980,  -0.01549,  -0.05323,   0.04031,   0.00420,   0.03867,   0.00256,   0.02226,   0.01569,   0.03703,   0.00092,   0.03703,   0.06985,  -0.02041,  -0.00072,   0.07313,   0.04031,   0.01077,   0.00420,   0.01405,  -0.06800,   0.07969,   0.01897,   0.01241,   0.04687,   0.03046,   0.02062,  -0.01713,   0.06000,  -0.01549,  -0.02698,   0.05016,   0.04359,   0.01405,   0.03539,   0.02062,  -0.04831,   0.00420,  -0.00400,  -0.01056,  -0.03190,   0.06657,   0.01405,  -0.06636,  -0.08441,   0.00256,   0.02882,  -0.01385,   0.01733,  -0.01549,   0.07805,  -0.02698,   0.03374,   0.02882,  -0.03518,  -0.04010,   0.00256,  -0.04339,  -0.04175,  -0.03846,  -0.01549,   0.03046,  -0.04010,  -0.04995,   0.11252,  -0.04010,   0.01569,  -0.00728,   0.05344,   0.02390,  -0.01549,   0.09939,  -0.02205,   0.05508,  -0.13201,   0.10431,  -0.02205,   0.00913,  -0.05159,  -0.02533,   0.01077,  -0.04831,   0.07149,  -0.00072,  -0.08441,   0.04359,   0.04523,  -0.05323,  -0.00236,  -0.05652,  -0.04667,  -0.03026,   0.06821,   0.00256,   0.02882,  -0.01877,   0.03867,   0.05672,   0.09775,   0.01733,   0.05016,  -0.03026,  -0.05159,   0.02554,  -0.04175,  -0.06308,  -0.09426,   0.04851,   0.02554,  -0.02205,   0.01733,  -0.00072,   0.01241,   0.02062,  -0.04010,  -0.04175,   0.00749,   0.00749,  -0.01877,  -0.01221,   0.05344,  -0.06308,   0.02226,  -0.08277,  -0.03354,  -0.02205,   0.09118,   0.01569,  -0.11559,   0.03539,  -0.07457,  -0.02862,  -0.02698,   0.00913,   0.05836,   0.07149,  -0.02205,   0.02226,   0.02062,  -0.04010,  -0.01877,  -0.04831,   0.00749,  -0.02862,  -0.01385,   0.03539,   0.01733,  -0.01056,  -0.06964,   0.03867,  -0.03190,   0.12072,   0.05016,  -0.02041,   0.02390,  -0.03846,   0.00420,   0.00585,  -0.01056,   0.04851,   0.03703,  -0.03518,  -0.00400,   0.03867,  -0.05652,   0.00585,  -0.01713,   0.01241,  -0.02041,   0.03539,   0.05508,  -0.00564,  -0.09426,  -0.01385,   0.05180,  -0.07129,  -0.09262,   0.03703,  -0.03026,  -0.03846,  -0.01713,   0.02554,  -0.03846,  -0.07621,   0.06000,   0.02390,  -0.09426,   0.04031,   0.01897,   0.04359,   0.01241,   0.02062,   0.01405,   0.01241,  -0.00072,  -0.07293,   0.02882,   0.00749,  -0.01385,  -0.01056,  -0.02698,  -0.00728,   0.03703,  -0.01056,  -0.01221,   0.07969,   0.02390,  -0.06308,   0.01569,  -0.00400,   0.00585,   0.05344,   0.01077,  -0.02862,   0.10267,  -0.02533,  -0.06636,  -0.00072,  -0.03354,   0.00092,   0.01241,   0.03374,  -0.02369,   0.00420,   0.00913,  -0.00564,  -0.07785,  -0.00236,   0.00420,   0.08134,   0.02226,   0.01569,  -0.01877,  -0.01385,  -0.02205,   0.00256,  -0.04175,   0.03374,   0.04523,   0.01569,   0.02226,  -0.02369,  -0.01221,  -0.00072,  -0.06144,   0.01733,  -0.04339,  -0.04831,  -0.09918,   0.02226,   0.04687,   0.00749,  -0.00728,  -0.05487,   0.05508,   0.00749,  -0.02698,   0.06985,  -0.04995,   0.01733,   0.03210,   0.01897,  -0.00728,   0.02390,  -0.02862,   0.03210,  -0.13201,  -0.05487,   0.07149,  -0.00072,   0.03867,   0.01569,   0.05836,   0.08134,   0.00420,  -0.06964,   0.00092,   0.04851,  -0.05159,  -0.07949,   0.04031,  -0.01056,  -0.02205,   0.02718,   0.02882,  -0.07129,  -0.03354,   0.02062,   0.03539,  -0.06308,  -0.00892,   0.03046,   0.00256,   0.08954,   0.01897,   0.03867,   0.02226,   0.04359
  -0.01056,  -0.00072,  -0.00236,   0.05016,   0.00749,   0.05344,   0.04523,   0.05672,  -0.04667,   0.00749,   0.05672,  -0.01877,   0.08626,   0.00256,  -0.04831,   0.02390,   0.00913,   0.00585,  -0.02862,  -0.06636,   0.04031,   0.01241,   0.00585,  -0.06636,  -0.03682,   0.10103,  -0.02041,  -0.04339,   0.08954,   0.00256,  -0.06472,   0.01733,  -0.02205,   0.04195,   0.03374,   0.02226,  -0.04339,   0.04359,  -0.03026,  -0.05487,   0.05180,  -0.05159,  -0.02041,   0.02226,  -0.06636,   0.03539,  -0.02533,   0.04851,   0.05508,  -0.02369,   0.03867,  -0.01221,   0.00092,   0.03703,   0.02718,  -0.01549,  -0.07949,  -0.02041,   0.00913,   0.06328,  -0.03682,  -0.02862,  -0.04503,   0.02390,   0.00420,  -0.07293,   0.02062,  -0.01877,  -0.05159,   0.00092,  -0.02862,   0.02390,   0.00092,   0.03210,  -0.02369,  -0.01713,  -0.04339,   0.01569,  -0.05652,   0.05180,   0.08134,   0.02390,  -0.03682,   0.01077,  -0.01713,  -0.03190,   0.03867,   0.05016,  -0.03518,   0.01569,  -0.01713,   0.00420,   0.04031,  -0.00892,   0.00585,  -0.05487,   0.02226,   0.02718,   0.05344,   0.02554,  -0.01056,   0.05016,  -0.03682,   0.04359,  -0.07293,   0.02718,  -0.00892,   0.00913,  -0.00728,   0.06492,  -0.05652,   0.02882,   0.06492,  -0.05652,   0.06657,   0.03539,   0.06000,  -0.06472,  -0.03026,   0.03867,  -0.04010,  -0.00892,  -0.02205,   0.03867,  -0.01385,   0.00420,  -0.02698,  -0.01385,  -0.08277,  -0.02369,   0.02062,  -0.00236,   0.03539,  -0.08605,   0.02718,  -0.01385,  -0.01713,  -0.00728,  -0.05323,   0.04195,   0.02062,  -0.04995,   0.09939,   0.04851,  -0.00892,   0.00913,   0.03703,   0.01077,   0.05180,   0.00420,  -0.01713,   0.03867,  -0.08441,  -0.00236,   0.05344,  -0.00400,  -0.07621,  -0.04339,  -0.00236,  -0.01713,   0.01897,  -0.00892,  -0.08605,  -0.00400,  -0.04503,  -0.07621,   0.03867,   0.03867,  -0.02698,   0.01405,  -0.01549,   0.01733,   0.02390,  -0.02369,   0.02554,  -0.01713,   0.07641,   0.01897,  -0.04831,  -0.04010,  -0.04503,   0.04851,   0.08626,  -0.00400,  -0.03190,  -0.03354,  -0.04175,  -0.04339,  -0.02205,   0.07149,  -0.01877,   0.03374,   0.00420,   0.00585,  -0.01385,  -0.01385,  -0.04667,   0.06328,   0.02882,   0.12893,  -0.06964,  -0.02205,  -0.01056,   0.03539,   0.01897,   0.02226,  -0.00564,  -0.01221,   0.02882,  -0.01877,   0.00913,  -0.00072,  -0.02862,   0.02718,   0.00092,   0.00420,  -0.00236,   0.00092,   0.03374,  -0.00236,   0.07805,  -0.00236,   0.02390,   0.07477,   0.02226,  -0.04175,   0.07805,  -0.01713,   0.00420,   0.04687,   0.09282,   0.02390,   0.00420,   0.03210,   0.03046,  -0.04010,   0.00749,   0.07477,  -0.06472,  -0.01877,   0.00913,  -0.06144,  -0.06144,  -0.00400,   0.02062,  -0.04667,   0.07477,  -0.09918,  -0.05652,  -0.00400,   0.00092,  -0.01877,  -0.00400,  -0.02205,  -0.02205,  -0.02369,  -0.05159,  -0.02041,  -0.06800,  -0.02533,  -0.01877,   0.03539,  -0.00072,  -0.05980,   0.00749,   0.10103,  -0.05487,  -0.01877,   0.00256,  -0.07621,  -0.04503,  -0.00236,  -0.00892,   0.04851,   0.08462,  -0.05159,  -0.01713,   0.00420,  -0.01056,  -0.01056,  -0.01877,   0.02390,  -0.01713,  -0.00400,  -0.04995,  -0.01056,  -0.01549,   0.07477,  -0.00236,  -0.05487,  -0.00564,   0.02554,   0.01897,  -0.02041,   0.06164,   0.03703,  -0.03518,  -0.02369,   0.05836,  -0.00728,   0.05344,   0.01733,  -0.00892,   0.00256,   0.00420,   0.02554,   0.08462,   0.04031,   0.03539,  -0.02698,   0.05508,   0.01241,   0.04523,   0.06000,   0.04359,  -0.02862,   0.03539,   0.00913,  -0.07621,   0.00420,  -0.02698,  -0.02698,  -0.03846,  -0.02041,   0.02554,   0.03539,   0.06821,   0.00913,   0.08626,   0.01733,   0.05836,  -0.05816,  -0.04175,   0.03374,  -0.02862,   0.02226,  -0.00728,  -0.04503,   0.03046,   0.02390,   0.00913,  -0.07949,   0.02226,   0.09282,  -0.08605,  -0.03190,  -0.03354,   0.05672,  -0.07293,  -0.01385,  -0.07785,   0.07149,  -0.00072,   0.02554,  -0.01056,   0.00913,   0.01405,   0.00420,  -0.00892,  -0.04339,  -0.05487,   0.00749,   0.00092,   0.05672,  -0.05159,  -0.07785,  -0.08605,  -0.03518,  -0.01549,   0.02554,  -0.06144,   0.03374,  -0.00564,   0.00913,   0.07477,  -0.08277,  -0.02698,   0.02226,  -0.03190,   0.00749,   0.06164,  -0.00072,  -0.06144,   0.00585,  -0.00564,  -0.03354,  -0.01221,   0.02226,  -0.07621,  -0.02041,   0.09939,  -0.02041,   0.03374,   0.01897,  -0.00564,   0.00585,   0.00749,   0.04687,  -0.03190,  -0.00236,  -0.09098,  -0.04010,   0.06985,   0.01405,  -0.03846,  -0.00892,  -0.00236,   0.03703,  -0.00400,   0.01897,  -0.05652,  -0.04667,  -0.03518,  -0.02862,  -0.05487,   0.06328,  -0.12872,  -0.01385,  -0.00564,   0.02390,  -0.00564,  -0.00728,  -0.02698,   0.02718,  -0.04503,   0.04031,  -0.00072,   0.00256,  -0.06636,  -0.01056,   0.07641,   0.00420,  -0.03354,   0.01569,   0.06657,   0.00749,  -0.03518,  -0.03190,  -0.02205,  -0.00400,   0.02718,   0.00585,   0.03210,  -0.05159,   0.01077,   0.06000,  -0.01385,   0.03046,  -0.02533,  -0.06308,  -0.01221,  -0.02369,   0.03046,   0.07149,   0.08954,   0.03210,   0.04195,  -0.03682,  -0.00564,  -0.04503,   0.00749,   0.06328,  -0.01877,  -0.00072,  -0.01056,  -0.04995,   0.00256,   0.02718,   0.03046,  -0.01385,   0.04359,  -0.00564,   0.02226,   0.05508,  -0.00564,   0.04195,   0.05672,  -0.01385,  -0.06800,  -0.00728,  -0.03682,   0.06164,   0.01733,  -0.00728,  -0.01385,  -0.06308,   0.01077,  -0.08605,   0.09118,   0.00913,  -0.06308,  -0.01056,   0.01241,   0.02226,  -0.04175,   0.05836,  -0.03190,   0.03867,  -0.02369,  -0.06144,  -0.02862,  -0.00400,   0.02882,  -0.05652,  -0.03682,   0.02882,  -0.05980,  -0.00400,  -0.04175,  -0.03518,  -0.04667,  -0.01056,  -0.00728,   0.02226,   0.04851,  -0.04175,  -0.04175,  -0.09098,  -0.02862,   0.01405,  -0.05652,   0.04031,  -0.02041,   0.07641,   0.02226,   0.01733,  -0.00728,  -0.04995,   0.02226,  -0.02533,   0.00420,   0.12236,  -0.00728,   0.01241,   0.02226,   0.08298,  -0.02862,  -0.10247,   0.01405,   0.00256,   0.00256,   0.02226,   0.01077,   0.08462,  -0.03518,   0.02554,  -0.07293,   0.06492,  -0.05816,   0.02062,  -0.07785,  -0.10739,   0.07641,  -0.02698,   0.03703,  -0.02862,   0.09775,   0.03046,   0.09611,  -0.01221,  -0.00892,  -0.05816,   0.02718,   0.05672,   0.02718,   0.06985,   0.02062,  -0.02041,   0.04523,   0.00092,   0.01241,  -0.02862,  -0.03026,  -0.00564,   0.01405,  -0.03518,   0.00092,   0.04359,   0.00585,   0.05836,   0.07477,   0.04687,  -0.00728,   0.00913,  -0.03846,  -0.00400,   0.04851,  -0.03682,   0.08298,  -0.00236,  -0.03190,  -0.01056,  -0.07621,  -0.03518,   0.02554,  -0.02533,   0.05344,   0.06000,   0.01733,   0.00092,  -0.06472,  -0.00728,  -0.01549,   0.02718,   0.02882,   0.03046,   0.06000,  -0.05323,   0.05672,   0.00585,   0.01077,   0.04195,  -0.02205,  -0.04339,  -0.04175,   0.04195,  -0.05487,  -0.02533,  -0.00564,   0.02554,   0.05508,  -0.12872,   0.03210,   0.01405,   0.00913,   0.02554,  -0.03026,   0.02062,   0.01733,  -0.06308,   0.08626,   0.01733,  -0.01385,   0.00092,  -0.05487,   0.04031,  -0.03190,   0.12400,   0.03374,  -0.04831,  -0.05980,   0.03703,   0.00256,  -0.04831,   0.02882,  -0.00072,  -0.01877,   0.02882,  -0.05323,   0.01405,   0.02390,   0.04851,   0.03539,  -0.03190,  -0.03354,   0.04851,  -0.10247,   0.07641,   0.08298,  -0.00728,  -0.08277,  -0.02698,  -0.04503,   0.00420,   0.00420,   0.01241,  -0.00400,  -0.01549,  -0.00236,   0.04687,  -0.02369,   0.03703,  -0.02041,  -0.06800,  -0.04831,   0.04687,   0.00913,   0.01405,   0.12893,   0.01569,  -0.01877,  -0.05652,  -0.00892,  -0.04503,   0.02554,   0.02062,   0.01569,  -0.02533,   0.07313,   0.10431,   0.01897,  -0.01056,  -0.01385,   0.06164,   0.03867,   0.03046,  -0.02862,  -0.04339,   0.05672,  -0.06800,   0.08790,   0.05180,   0.01733,   0.06328,   0.04359,   0.02554,  -0.02862,  -0.00400,  -0.01877,   0.02554,   0.03703,  -0.06964,   0.02882,  -0.00892,  -0.00892,   0.00420,  -0.02369,  -0.04667,   0.02718,  -0.05980,   0.04031,   0.04031,  -0.02369,  -0.01713,  -0.02205,  -0.03190,   0.03703,  -0.01056,   0.03374,   0.04687,  -0.00236,  -0.07293,  -0.04175,   0.01569,   0.03210,   0.05672,   0.00913,   0.00092,  -0.02041,   0.05016,   0.01077,   0.07477,  -0.05323,  -0.07293,  -0.00564,  -0.07621,  -0.02698,  -0.07293,   0.02882,   0.06000,  -0.01056,   0.06985,  -0.00728,  -0.02041,  -0.00728,  -0.05323,   0.00092,   0.02062,   0.03539,  -0.00564,   0.06000,  -0.00728,   0.01077,   0.01405,   0.06985,   0.01077,  -0.03518,  -0.02369,   0.02062,   0.05836,   0.02554,  -0.01221,   0.00092,   0.02226,  -0.02862,   0.03374,  -0.02041,  -0.05487,  -0.01385,   0.01241,  -0.03518,   0.02718,   0.05180,  -0.02369,  -0.02041,   0.05836,   0.01569,   0.02554,   0.03374,  -0.06472,  -0.04667,   0.04031,   0.01733,   0.04851,  -0.09590,   0.01733,   0.02390,  -0.01549,   0.06821,   0.05672,  -0.03518,  -0.04503,   0.01733,  -0.02533,  -0.10575,   0.02718,  -0.05487,  -0.11067,  -0.02533,  -0.06144,  -0.01549,  -0.01549,   0.03210,   0.03046,   0.01405,  -0.00892,  -0.02369,   0.00913,  -0.01221,   0.00092,  -0.03846,   0.00420,   0.01569,  -0.01056,  -0.04995,   0.07313,  -0.00400,  -0.00728,   0.09611,  -0.03682,  -0.00564,  -0.09590,   0.01077,   0.01241,   0.04851,   0.01733,  -0.01221,   0.01569,   0.01733,   0.05672,  -0.04831,   0.04687,  -0.01221,   0.02390,   0.02390,  -0.03846,  -0.03846,  -0.00236,  -0.06964,   0.05180,  -0.00236,  -0.03026,  -0.08277,   0.03539,   0.06328,  -0.01877,   0.03539,   0.01733,   0.05180,   0.01569,  -0.02698,  -0.00892,   0.00913,   0.05508,   0.02718,  -0.01221,  -0.05487,   0.05672,  -0.02205,  -0.03026,   0.05180,  -0.04010,   0.05180,  -0.01549,  -0.03846,  -0.04010,   0.00420,   0.11088,  -0.00892,   0.00585,   0.01897,  -0.04503,  -0.06472,   0.01897,   0.09939,  -0.01549,   0.03703,   0.01077,   0.05508,  -0.07457,  -0.04831,   0.02554,   0.00913,  -0.03682,  -0.00728,   0.04195,  -0.02041,   0.08790,  -0.00728,   0.01241,  -0.05323,   0.00585,  -0.03354,   0.03867,   0.05016,  -0.02369,   0.04851,   0.04031,   0.00256,   0.04195,  -0.02862,  -0.01221,   0.01077,  -0.01713,  -0.03190,  -0.03682,  -0.01056,   0.00420,  -0.02698,  -0.01056,  -0.07129,   0.05180,   0.00585,  -0.03354,   0.06821,  -0.07621,  -0.02041,  -0.03846,  -0.01221,   0.11580,   0.01897,  -0.00892,   0.01569,  -0.01056,  -0.00236,  -0.03846,   0.00092,   0.06657,  -0.05816,   0.00585,   0.00913,   0.00585,  -0.01385,   0.00749,   0.04031,  -0.04503,   0.07313,  -0.01549,   0.01405,  -0.08113,   0.01897,  -0.01877,  -0.05487,  -0.03190,  -0.02533,  -0.00236,  -0.04667,   0.00256,  -0.01877,   0.00420,  -0.00072,   0.00913,   0.03539,  -0.03190,   0.03046,  -0.05816,   0.06000,  -0.02041,  -0.03682,  -0.02041,  -0.05816,  -0.04667,  -0.02698,  -0.02369,  -0.05816,   0.03210,  -0.05159,  -0.06800,   0.00256,  -0.04995,  -0.06964,  -0.02698,  -0.05487,  -0.00400,   0.01405,   0.05836,  -0.04503,  -0.00400,   0.00913,  -0.00728,  -0.04503,  -0.00728,  -0.04339,  -0.01713,  -0.00400,   0.03539,  -0.01549,   0.03539,   0.04031,  -0.01877,  -0.03682,   0.04687,  -0.04831,  -0.04175,   0.02226,   0.05508,   0.02390,   0.02554,   0.03046,  -0.03354,  -0.03026,   0.03210,  -0.01549,   0.06328,   0.01405,   0.02882,   0.01241,   0.05344,  -0.01549,  -0.03846,  -0.08277,  -0.05980,   0.03539,  -0.00892
  -0.01056,  -0.04175,   0.05344,   0.06821,  -0.03518,   0.00092,   0.00749,  -0.00236,  -0.07129,   0.01077,  -0.00400,   0.04359,   0.01897,  -0.01713,  -0.05652,   0.01897,   0.08790,   0.04851,  -0.00236,   0.01241,   0.01733,   0.01569,  -0.02041,   0.06164,  -0.02369,  -0.04175,   0.02226,  -0.08441,   0.04523,  -0.00728,  -0.06964,   0.06328,   0.03703,   0.05016,   0.00913,   0.04195,  -0.03682,  -0.04175,   0.01733,   0.01733,   0.01077,  -0.00892,   0.05672,  -0.00072,   0.02718,   0.06164,  -0.03190,   0.01241,  -0.02041,  -0.11231,  -0.05980,  -0.01056,  -0.01549,   0.03210,   0.00749,  -0.04175,   0.01733,   0.03374,   0.03374,   0.00585,   0.00092,   0.01405,   0.02554,  -0.03518,  -0.04175,   0.01733,   0.03703,   0.02062,  -0.05980,  -0.03190,   0.09939,   0.05508,  -0.11888,  -0.04339,  -0.00236,   0.03210,  -0.08277,  -0.00072,   0.03539,  -0.02369,   0.00913,   0.09611,  -0.00400,   0.02554,  -0.05323,  -0.07621,  -0.02205,  -0.05980,   0.04195,  -0.00564,   0.03867,  -0.00892,   0.03867,  -0.03846,  -0.07293,   0.00585,  -0.01221,  -0.00400,   0.05016,  -0.03354,  -0.02533,   0.06657,   0.02882,  -0.04831,  -0.01221,   0.00256,   0.02062,   0.00420,  -0.07293,   0.00420,   0.01569,  -0.06800,  -0.03846,   0.00092,   0.01733,   0.00092,   0.02554,   0.02882,   0.01241,  -0.02205,  -0.04503,   0.01405,  -0.00072,  -0.03026,  -0.04503,  -0.04831,  -0.02205,   0.03374,   0.05836,  -0.01877,   0.01569,  -0.02862,  -0.09754,   0.01733,   0.03867,   0.04195,   0.04851,  -0.04339,   0.06492,   0.09611,  -0.03518,   0.00420,  -0.00400,   0.08462,  -0.04503,  -0.01877,  -0.07457,   0.01241,   0.04031,  -0.01877,   0.10267,   0.00420,  -0.02533,   0.07805,  -0.08770,  -0.04831,  -0.01056,   0.00420,   0.03539,  -0.04010,   0.03703,  -0.03354,  -0.07293,  -0.01056,  -0.00236,  -0.01713,   0.01241,  -0.00072,  -0.06472,  -0.09098,  -0.09590,  -0.04831,   0.01733,  -0.00564,   0.01241,  -0.00564,   0.02226,   0.09282,   0.02226,  -0.02369,  -0.06308,   0.00420,  -0.02862,   0.00749,   0.02554,  -0.03190,   0.04031,  -0.00400,  -0.04339,  -0.07457,   0.02390,   0.09775,  -0.03026,   0.03210,   0.00749,   0.10103,  -0.02533,  -0.03518,   0.00256,   0.04195,   0.03046,   0.03539,  -0.00564,  -0.03846,  -0.00236,   0.02390,  -0.02205,   0.03046,  -0.01713,  -0.00892,   0.01897,  -0.03026,  -0.04010,  -0.04667,   0.01405,   0.01077,   0.02390,   0.02882,   0.00092,   0.06821,   0.05836,  -0.04667,  -0.00400,   0.05344,   0.03210,  -0.04010,  -0.02533,  -0.09754,   0.03539,   0.01077,  -0.01385,  -0.10247,   0.07149,  -0.04339,   0.01405,  -0.05487,  -0.00728,  -0.01056,   0.00585,  -0.01385,   0.09446,   0.00913,   0.01897,  -0.02205,   0.02718,  -0.00236,   0.04523,   0.12236,  -0.00728,   0.04687,   0.03539,   0.02390,  -0.02862,  -0.07129,   0.05836,   0.03539,   0.05180,  -0.01385,   0.06328,   0.05836,   0.07149,  -0.05323,  -0.05323,   0.01077,  -0.02533,   0.03046,  -0.04175,   0.01241,   0.02062,   0.03046,   0.04195,  -0.02698,  -0.10575,  -0.00564,   0.07149,   0.04031,  -0.01385,   0.01897,   0.05508,  -0.06308,   0.02226,   0.01405,  -0.04995,   0.00585,  -0.00892,  -0.00728,   0.01569,  -0.04010,  -0.05652,  -0.01056,  -0.04339,  -0.05487,  -0.05652,   0.02226,   0.00913,   0.08790,  -0.00072,   0.04851,  -0.02041,  -0.02862,  -0.02205,   0.05836,   0.00256,   0.05344,   0.00092,   0.01077,  -0.08770,  -0.00400,   0.06985,  -0.01549,   0.02554,  -0.03026,   0.00913,  -0.07129,   0.02226,   0.02882,  -0.01056,   0.06821,   0.00256,   0.02390,   0.04195,   0.00092,  -0.05980,  -0.02205,  -0.03026,   0.01897,  -0.01385,   0.05016,   0.09446,  -0.04667,  -0.07949,  -0.03354,  -0.04175,   0.07641,   0.04851,   0.02390,   0.09118,   0.00913,   0.02226,  -0.04339,  -0.01221,  -0.08113,  -0.07785,   0.05180,   0.03210,   0.01241,   0.03210,   0.07641,   0.00092,  -0.03026,   0.05836,   0.04359,  -0.01713,  -0.02041,   0.02718,  -0.00072,  -0.01056,   0.06328,   0.05508,   0.07149,  -0.00564,   0.00913,  -0.01221,  -0.00564,  -0.03354,  -0.03354,   0.01241,   0.01077,   0.02718,  -0.00236,  -0.00728,  -0.07949,   0.03210,   0.04687,  -0.10411,   0.09282,  -0.00564,  -0.01385,  -0.08441,   0.06164,  -0.00072,  -0.00564,  -0.02041,  -0.00236,   0.02226,  -0.02041,   0.02226,   0.01241,  -0.11724,   0.03867,  -0.06144,   0.02882,  -0.00892,  -0.10411,  -0.01877,   0.01405,  -0.05487,   0.07313,   0.02062,   0.03046,  -0.03846,   0.15190,   0.00256,  -0.00728,   0.03539,  -0.01549,  -0.05816,   0.03539,   0.04523,   0.03374,  -0.03354,   0.00092,   0.04359,  -0.01056,  -0.01385,  -0.04831,   0.10431,  -0.02041,  -0.04339,  -0.02205,   0.01569,   0.00749,   0.06000,   0.09611,   0.02062,   0.00256,  -0.06472,  -0.05980,  -0.03518,   0.10431,  -0.07621,  -0.02205,  -0.05323,   0.00256,  -0.02698,   0.00256,  -0.00892,   0.03703,  -0.02862,   0.10759,   0.07149,  -0.03518,   0.02226,  -0.03846,   0.01405,  -0.01877,  -0.00072,   0.02226,  -0.02041,   0.01405,   0.07149,  -0.06144,   0.04687,  -0.04175,   0.00585,  -0.03682,   0.06328,  -0.00892,  -0.01056,  -0.05652,  -0.07621,  -0.01713,   0.03703,  -0.06636,   0.01569,   0.03867,  -0.07621,  -0.07949,  -0.04667,  -0.02369,  -0.04503,   0.01241,  -0.01221,   0.04359,   0.05836,  -0.05652,   0.01733,   0.04195,  -0.02041,  -0.02698,   0.05016,  -0.08770,  -0.06964,   0.01569,   0.00256,   0.03867,   0.03867,  -0.00236,  -0.04339,   0.13221,  -0.02698,  -0.01221,  -0.00564,  -0.04995,  -0.06964,   0.02226,   0.03867,   0.00913,   0.04031,  -0.00072,   0.07641,  -0.01713,   0.05180,   0.02554,   0.03867,   0.02226,   0.01241,  -0.03354,  -0.01221,   0.02226,  -0.01549,   0.02390,  -0.01221,  -0.03026,   0.04851,   0.00749,   0.05016,  -0.03846,   0.05508,  -0.02533,   0.00420,  -0.03518,   0.00749,   0.02554,   0.01733,   0.01897,  -0.00236,  -0.07457,   0.00585,   0.01241,  -0.01713,  -0.05980,  -0.02041,   0.02718,  -0.05816,   0.06164,  -0.12052,   0.03867,  -0.04831,  -0.02369,  -0.03026,  -0.00564,   0.08790,   0.05672,   0.00585,  -0.00564,   0.06657,  -0.02205,  -0.01877,   0.07313,   0.00749,  -0.10247,  -0.00728,   0.03703,   0.05672,  -0.04010,   0.00749,   0.02390,   0.01077,  -0.05487,  -0.01221,  -0.04831,   0.09611,   0.02554,   0.03703,   0.05836,   0.02226,   0.00256,   0.05180,   0.07969,  -0.10575,  -0.00728,   0.03046,  -0.08605,  -0.06144,   0.06328,   0.01733,   0.06492,   0.02390,  -0.08277,   0.00092,  -0.00236,   0.00256,   0.01569,  -0.04667,   0.06492,   0.03867,   0.01569,  -0.02533,   0.03210,  -0.00728,  -0.00564,  -0.04831,   0.04359,  -0.03682,   0.04687,  -0.03682,   0.02226,  -0.02041,   0.05344,  -0.00564,  -0.01385,  -0.05159,  -0.01877,  -0.02369,  -0.01221,  -0.00892,  -0.03354,  -0.01549,  -0.02205,   0.05344,  -0.08934,   0.01569,   0.06164,  -0.02862,   0.03703,   0.01733,  -0.00072,   0.00420,   0.04523,  -0.08277,  -0.05652,  -0.01549,   0.00256,   0.00585,   0.05672,   0.08954,  -0.04010,  -0.02862,  -0.01056,   0.03046,   0.06328,  -0.04995,   0.05672,  -0.08934,   0.05508,   0.03210,  -0.02698,   0.01897,   0.01077,  -0.01385,  -0.06144,  -0.03190,  -0.03846,  -0.03682,  -0.06636,   0.01569,  -0.03518,   0.01077,  -0.01056,  -0.05652,  -0.02041,  -0.05652,   0.05016,  -0.04831,  -0.00400,  -0.05487,   0.07641,  -0.01385,   0.07969,  -0.02698,  -0.10082,   0.00256,  -0.03682,   0.07641,   0.01241,  -0.03682,   0.07641,  -0.05487,   0.01077,   0.03210,   0.02554,  -0.00892,   0.01241,  -0.03518,  -0.02041,   0.06985,   0.00585,   0.00585,  -0.04995,  -0.01056,   0.02882,  -0.04995,   0.08790,  -0.10739,  -0.03846,   0.03867,   0.01241,  -0.00072,  -0.07621,  -0.04667,   0.02390,   0.00749,   0.06657,  -0.01549,   0.00749,  -0.06964,   0.04195,   0.03703,   0.03374,   0.06821,   0.03374,  -0.00236,  -0.01549,  -0.00892,  -0.09262,  -0.02698,  -0.03190,  -0.03846,   0.01241,  -0.01221,   0.08790,   0.05508,   0.01241,   0.08790,  -0.04010,   0.10595,   0.04687,  -0.05652,   0.00749,   0.00585,   0.00913,  -0.02205,  -0.02862,   0.00092,  -0.02205,  -0.00236,  -0.12052,  -0.02205,   0.01569,   0.02226,   0.02390,   0.00420,  -0.03190,   0.07641,  -0.03026,  -0.08934,   0.11088,   0.06164,   0.02062,   0.02554,   0.08954,  -0.07621,  -0.03190,   0.01733,  -0.02041,  -0.04503,   0.01405,  -0.10575,   0.07641,   0.04031,  -0.02698,  -0.00400,   0.02882,   0.05836,   0.08954,  -0.04503,  -0.01877,   0.07477,  -0.06964,   0.00256,  -0.00236,  -0.00400,  -0.04667,   0.10923,  -0.01713,   0.00420,  -0.01549,  -0.05652,  -0.06472,  -0.11559,   0.04523,  -0.01713,  -0.00236,   0.02226,   0.00092,  -0.02041,   0.07805,   0.00092,   0.08954,   0.03867,  -0.00564,   0.02554,   0.03539,   0.00420,  -0.04995,  -0.01385,  -0.04175,  -0.06144,  -0.05652,  -0.00400,  -0.01385,  -0.02205,   0.04195,  -0.07785,  -0.00072,  -0.01713,   0.05180,   0.00420,  -0.02205,  -0.01877,   0.06821,  -0.03354,   0.00092,   0.04359,   0.02718,   0.01405,   0.04359,  -0.00892,   0.07313,  -0.05487,   0.09939,   0.03210,  -0.07293,  -0.04831,   0.03210,   0.03867,  -0.01877,   0.00092,   0.01241,  -0.00892,  -0.00236,   0.08626,   0.09282,  -0.06144,   0.00585,   0.05672,  -0.03846,   0.00420,  -0.00892,  -0.04667,  -0.01549,   0.03867,   0.09118,   0.04031,   0.00256,   0.00913,  -0.00236,   0.04687,   0.05180,   0.01405,   0.01569,  -0.03682,   0.01077,   0.03210,   0.04359,  -0.03354,  -0.03026,  -0.04339,  -0.00564,   0.00092,  -0.02698,  -0.02041,  -0.04339,   0.01405,  -0.02369,   0.03539,  -0.00400,  -0.02205,   0.03210,   0.05672,   0.02554,   0.01897,  -0.08770,  -0.01713,   0.03374,  -0.01221,   0.03210,  -0.00400,   0.04687,   0.02226,  -0.04667,  -0.01549,  -0.04995,  -0.00892,  -0.02862,   0.08626,  -0.01385,  -0.02041,   0.01077,  -0.04995,   0.03046,   0.02390,   0.01569,   0.06492,  -0.02533,  -0.01549,   0.06657,  -0.01056,   0.02554,  -0.00072,   0.04359,   0.01405,   0.01405,  -0.04175,  -0.01221,  -0.04175,   0.05016,   0.00092,   0.02062,   0.01733,   0.01733,   0.04687,   0.09446,   0.02882,  -0.02205,  -0.01221,  -0.04339,  -0.04831,   0.01733,  -0.05487,  -0.10082,  -0.01221,   0.02062,   0.01569,   0.02390,   0.02882,  -0.03026,   0.00092,   0.05672,  -0.00892,  -0.00892,  -0.01713,  -0.08113,  -0.00892,  -0.00400,   0.04195,  -0.04339,   0.03539,  -0.00892,   0.06000,  -0.01056,   0.00913,  -0.09918,  -0.09098,  -0.08605,  -0.03518,   0.06821,  -0.02533,  -0.03682,  -0.08277,  -0.01221,   0.01241,   0.02390,  -0.00236,   0.06328,   0.01897,   0.05344,   0.00749,  -0.06800,  -0.00236,   0.02390,  -0.04995,  -0.05159,   0.00092,   0.03539,  -0.06964,   0.01897,  -0.04831,  -0.02698,   0.00585,   0.02718,  -0.00236,  -0.01221,  -0.01385,  -0.04503,  -0.09098,   0.09446,   0.01733,  -0.04175,  -0.02205,   0.09118,   0.02062,  -0.04010,  -0.05323,   0.00420,   0.04031,  -0.04503,   0.04031,   0.00913,  -0.03518,  -0.01877,  -0.02369,   0.02390,   0.01077,   0.04195,  -0.04010,   0.02718,  -0.03354,  -0.06308,   0.00585,   0.00256,  -0.06964,   0.04031,  -0.05159,  -0.01713,  -0.00728,   0.03210,  -0.00892,   0.00420,  -0.01713,   0.01733,   0.01405,  -0.06964,   0.02390,  -0.02369,  -0.04995,  -0.03190,   0.00420,  -0.03354,  -0.02041,   0.03210,  -0.05159,   0.00913,   0.02062,   0.03210,   0.00092,   0.02718,   0.02882,   0.04523,  -0.01713,  -0.02698,  -0.00728,  -0.04995
  -0.03682,  -0.00728,   0.06164,   0.04195,  -0.02533,   0.04687,   0.03210,  -0.02698,   0.02718,   0.06328,  -0.00564,  -0.00236,   0.03210,  -0.05323,  -0.00236,  -0.00892,   0.02390,   0.04687,  -0.09098,   0.06492,  -0.00236,  -0.03190,  -0.02041,   0.00256,  -0.00236,   0.01405,  -0.04175,  -0.06636,  -0.01549,  -0.01221,  -0.05980,   0.05508,  -0.00892,   0.02226,  -0.00564,   0.01897,   0.06985,  -0.02698,  -0.02533,  -0.03846,  -0.01221,  -0.00564,  -0.06144,   0.01897,   0.04851,   0.00420,  -0.00728,   0.04195,  -0.00728,  -0.01549,   0.02718,   0.01569,  -0.00564,   0.05836,   0.10759,  -0.02369,   0.01405,   0.00092,  -0.00072,   0.01405,  -0.05487,  -0.02205,  -0.06800,   0.03046,  -0.00564,   0.12893,  -0.05159,   0.01241,   0.03210,  -0.01221,  -0.02205,   0.07641,   0.00749,   0.05180,   0.06821,  -0.03846,  -0.00728,  -0.00728,  -0.08113,  -0.04010,  -0.00564,   0.02390,   0.04195,  -0.03190,   0.09118,   0.06821,  -0.02369,  -0.06964,  -0.02041,   0.07149,  -0.00892,  -0.02369,  -0.02533,  -0.02041,   0.03703,   0.10759,   0.05180,  -0.00728,  -0.04503,  -0.02041,   0.01733,   0.01897,  -0.02205,  -0.04010,   0.05180,   0.01405,  -0.01549,   0.03703,  -0.03682,   0.02390,  -0.04831,   0.02226,   0.01897,  -0.04339,  -0.04667,   0.03539,  -0.00892,  -0.03190,  -0.00400,  -0.01385,  -0.00072,  -0.02041,  -0.06308,   0.02226,  -0.07949,  -0.02862,   0.06000,  -0.02533,  -0.05816,   0.06985,  -0.03026,  -0.08770,  -0.03190,   0.00092,   0.06492,   0.04523,  -0.03682,  -0.04339,  -0.04010,   0.00913,   0.11088,   0.04359,   0.03046,   0.00585,   0.05836,  -0.01713,   0.01569,   0.09939,   0.05508,   0.05836,   0.05344,   0.02062,   0.00585,   0.04031,  -0.04339,  -0.03190,  -0.01549,  -0.00236,   0.08298,   0.04687,   0.03210,  -0.04010,   0.03374,  -0.03518,   0.05344,  -0.03026,   0.00749,  -0.04995,  -0.03518,   0.01077,   0.01077,  -0.00564,  -0.01549,   0.05016,  -0.00892,  -0.01713,  -0.02862,  -0.02533,   0.01897,  -0.05816,  -0.00564,  -0.02041,   0.00913,  -0.00400,  -0.00564,   0.01241,   0.00420,   0.00420,  -0.01549,   0.06985,   0.03046,  -0.01385,   0.01405,   0.03210,   0.06164,   0.00749,  -0.04503,   0.03867,  -0.04831,   0.02882,  -0.00728,   0.01897,   0.02882,  -0.00564,  -0.01221,   0.04523,  -0.05980,   0.03210,  -0.04995,   0.04851,  -0.06964,  -0.06800,  -0.03682,   0.02882,   0.03210,  -0.00072,   0.01569,   0.01733,  -0.00236,   0.02062,   0.04523,  -0.04667,   0.05672,   0.00585,   0.03867,  -0.04503,   0.00256,  -0.04175,  -0.01385,  -0.07785,  -0.00072,   0.02554,   0.01077,   0.03046,  -0.00236,  -0.07129,   0.00092,  -0.07621,   0.03046,  -0.01221,  -0.02205,  -0.00564,  -0.02369,  -0.00728,  -0.09098,   0.04031,   0.03210,  -0.00400,  -0.01713,   0.00420,  -0.04503,   0.00749,   0.04687,   0.03046,   0.02554,  -0.07621,  -0.05487,   0.06657,  -0.02533,  -0.02369,   0.03703,   0.03703,   0.03703,   0.00749,   0.03539,  -0.00236,   0.02718,  -0.01877,   0.02390,   0.00913,   0.01077,  -0.04339,  -0.00072,  -0.06144,   0.04687,   0.00420,  -0.05323,   0.04687,  -0.00236,  -0.05980,  -0.02533,  -0.03354,   0.00585,   0.06985,  -0.03190,   0.03374,   0.05836,  -0.01221,   0.01241,   0.02226,   0.04359,   0.00420,   0.01897,  -0.04339,   0.04031,   0.03046,  -0.03190,  -0.00728,  -0.02698,  -0.02862,  -0.02041,  -0.03354,  -0.01877,   0.03867,  -0.00072,   0.00256,   0.00420,   0.03210,   0.03539,   0.03210,  -0.03026,  -0.03190,   0.03867,  -0.00728,  -0.00236,  -0.00564,   0.08790,  -0.08441,   0.03867,   0.04851,  -0.03026,  -0.03846,  -0.03026,   0.03374,   0.02718,  -0.03682,  -0.02698,  -0.03190,  -0.00236,  -0.02205,  -0.04995,   0.00256,  -0.00564,   0.03539,   0.06000,   0.00092,   0.03539,   0.06492,  -0.04175,  -0.04831,  -0.00236,  -0.02205,   0.03703,   0.02554,   0.05016,   0.05836,   0.04851,  -0.00072,  -0.06472,   0.04523,   0.00585,   0.05672,  -0.02205,  -0.04667,   0.00256,   0.02554,   0.04359,   0.07477,  -0.00072,  -0.00564,   0.00420,  -0.04175,   0.07313,  -0.02533,   0.00420,  -0.01056,   0.07969,   0.04195,   0.00585,  -0.11231,  -0.02698,  -0.03518,   0.05344,   0.05836,   0.00256,   0.05180,  -0.03190,   0.02062,   0.03539,   0.03374,   0.01241,   0.00420,   0.08298,   0.09118,   0.02554,   0.05016,   0.04523,  -0.04831,   0.00420,  -0.03682,   0.02062,  -0.02698,   0.08462,   0.02390,   0.01897,  -0.00892,  -0.02533,   0.06000,  -0.01877,  -0.03026,  -0.00564,   0.05180,  -0.02369,   0.04851,   0.00420,   0.00913,   0.00092,  -0.01549,   0.03210,   0.07477,  -0.04175,   0.01733,   0.00585,  -0.03518,  -0.02533,   0.10431,   0.04031,  -0.02041,  -0.00400,  -0.06472,  -0.03190,   0.00913,   0.00092,   0.02554,  -0.03518,   0.00420,   0.05016,   0.02390,   0.00585,  -0.06472,  -0.04339,   0.02062,   0.03374,  -0.05159,   0.00092,  -0.00728,   0.04523,  -0.02041,   0.03867,   0.04031,   0.03046,   0.01405,   0.02062,  -0.05652,   0.08134,  -0.03846,   0.06492,  -0.04175,  -0.06144,   0.01241,   0.00585,  -0.02533,   0.02390,   0.07641,  -0.02533,  -0.01713,   0.05180,   0.00420,   0.01897,   0.05016,  -0.00072,  -0.04667,  -0.02205,   0.06821,  -0.01385,   0.00256,   0.01897,  -0.04667,   0.02882,   0.02554,  -0.04010,  -0.02862,   0.06657,  -0.02533,  -0.03518,  -0.05652,  -0.03846,   0.08626,  -0.04175,   0.04359,   0.01241,  -0.03846,   0.00749,   0.00092,  -0.05487,   0.08462,  -0.05323,   0.03046,  -0.01056,  -0.00728,   0.07641,  -0.09754,   0.04359,  -0.02205,  -0.07949,   0.05180,   0.03374,  -0.00564,   0.00585,  -0.01221,   0.04359,   0.04031,  -0.01056,  -0.04175,  -0.04339,   0.04851,   0.00913,   0.03210,   0.01241,   0.02554,  -0.04995,  -0.04995,  -0.00072,   0.03374,  -0.02369,  -0.04831,   0.03703,  -0.03026,  -0.02698,   0.00256,  -0.00564,   0.00256,  -0.00892,  -0.01221,   0.04031,  -0.00728,   0.04523,  -0.03026,  -0.09262,   0.00092,   0.04031,   0.04851,   0.04687,  -0.13693,  -0.01056,   0.00420,  -0.02862,   0.05508,   0.04851,  -0.04339,   0.05836,   0.01897,  -0.00728,  -0.02369,  -0.04339,  -0.09590,   0.00256,   0.06492,  -0.04010,   0.00585,   0.01241,  -0.06472,  -0.01877,   0.02554,   0.08298,   0.05672,  -0.01877,  -0.00236,   0.00092,   0.09611,   0.00092,   0.02390,   0.04851,   0.01077,  -0.03354,  -0.03026,   0.00585,  -0.00728,   0.03539,   0.04359,  -0.05159,  -0.05159,  -0.02698,   0.00092,   0.04195,   0.03539,   0.02390,  -0.03682,   0.03210,  -0.06472,  -0.03026,  -0.05980,  -0.03682,  -0.04667,   0.08954,   0.02226,  -0.02369,  -0.01549,  -0.00236,   0.08954,   0.06328,  -0.04995,   0.01241,   0.00092,   0.00420,   0.00420,  -0.02205,   0.08298,   0.06000,   0.00256,   0.03046,  -0.08605,   0.03539,   0.05672,  -0.03190,  -0.01056,   0.02554,  -0.07457,   0.07641,   0.03046,  -0.01877,   0.07149,  -0.02205,   0.04851,  -0.07949,   0.00913,  -0.00236,  -0.02862,  -0.04995,  -0.05652,   0.00749,   0.02882,   0.01733,  -0.01549,   0.01569,  -0.00400,  -0.06964,   0.05180,   0.02390,   0.04031,   0.00256,  -0.00564,   0.03046,   0.02718,  -0.00892,   0.05672,  -0.05652,   0.00256,  -0.03846,  -0.01385,   0.02390,  -0.01713,   0.00256,   0.00420,   0.00420,  -0.05980,   0.01897,  -0.04339,  -0.02205,  -0.02533,  -0.03846,   0.00420,  -0.02533,   0.01569,   0.00420,  -0.01549,  -0.03026,   0.00749,   0.05016,  -0.02533,  -0.00400,   0.03210,   0.00749,   0.01241,  -0.08277,  -0.02369,   0.03374,  -0.05816,   0.03703,  -0.02698,   0.00256,   0.00749,  -0.00564,  -0.04831,   0.00913,  -0.01385,   0.06657,  -0.02698,   0.02226,  -0.04339,  -0.05980,   0.03867,  -0.06964,   0.03210,  -0.03682,  -0.07785,  -0.02698,   0.01077,   0.02718,   0.00420,   0.06164,  -0.01549,   0.11252,   0.07477,  -0.00400,   0.05672,   0.01733,  -0.04995,  -0.01549,   0.00420,   0.03539,   0.07477,   0.03867,  -0.00236,   0.02390,   0.04195,   0.01241,  -0.04995,  -0.01056,  -0.00728,   0.01897,   0.01569,   0.01733,   0.05016,   0.06000,  -0.03354,   0.01241,  -0.01713,   0.00256,   0.06000,  -0.00892,  -0.05159,  -0.01221,  -0.07129,  -0.00892,  -0.02205,   0.11088,  -0.03846,   0.02062,  -0.03190,  -0.06800,   0.01733,   0.01569,  -0.02369,  -0.01713,   0.04523,   0.00420,  -0.03682,   0.06985,  -0.04831,  -0.04995,   0.05016,   0.08462,  -0.04175,   0.01897,   0.04359,  -0.00564,  -0.06308,  -0.02041,  -0.00564,  -0.06308,   0.00749,  -0.01385,   0.02718,   0.01077,  -0.01056,   0.03703,  -0.00892,   0.01897,   0.08298,  -0.01056,   0.01897,  -0.01877,  -0.02698,   0.00092,   0.03046,   0.03046,   0.05836,  -0.07621,  -0.02862,   0.02882,  -0.01221,  -0.07457,  -0.05159,  -0.01713,   0.03867,  -0.02698,   0.01405,  -0.00400,  -0.00400,  -0.01877,  -0.04339,  -0.10411,  -0.01549,   0.00420,  -0.04667,  -0.01877,  -0.00728,   0.07477,  -0.03518,  -0.01877,  -0.03190,  -0.00728,  -0.01385,  -0.03354,   0.05672,  -0.04995,  -0.07293,   0.06000,   0.01405,   0.07149,  -0.00072,  -0.07293,  -0.01713,   0.02554,   0.01569,   0.04851,  -0.02698,  -0.02369,  -0.05323,  -0.08605,   0.00420,  -0.01056,   0.01405,  -0.07129,   0.00092,  -0.04175,  -0.00728,  -0.03026,   0.00913,  -0.03190,   0.02390,   0.07149,   0.01241,   0.00420,   0.04195,  -0.01549,   0.03539,  -0.03518,  -0.07457,   0.01733,   0.00256,   0.04523,   0.02882,  -0.05323,  -0.06800,  -0.03026,  -0.07621,  -0.00564,  -0.04339,   0.04687,  -0.05323,  -0.01877,   0.03046,   0.06328,  -0.01713,  -0.05487,   0.01241,  -0.04831,  -0.04995,  -0.03846,   0.02882,   0.01077,  -0.07293,  -0.06964,  -0.00400,  -0.02205,  -0.03354,   0.01569,  -0.01056,   0.00256,   0.02390,   0.03867,   0.02226,  -0.03026,   0.02718,   0.00585,  -0.00892,   0.00256,  -0.02205,  -0.06636,  -0.05980,  -0.01385,  -0.02041,   0.00913,  -0.08770,   0.02226,  -0.04339,   0.03374,   0.09118,   0.04031,   0.11580,  -0.03354,   0.02390,  -0.00400,   0.04687,  -0.02205,   0.03703,  -0.00728,   0.07641,  -0.00728,  -0.00892,  -0.03026,  -0.00400,   0.02554,   0.05672,  -0.01221,  -0.02205,  -0.00564,  -0.01713,   0.07969,  -0.05487,  -0.01056,   0.03046,  -0.10903,   0.02390,  -0.00400,  -0.03190,  -0.05323,  -0.07949,  -0.00400,  -0.00564,  -0.02041,  -0.01713,   0.02390,   0.01897,  -0.04503,  -0.05323,  -0.03190,  -0.03682,   0.02226,  -0.06308,   0.02226,   0.04523,  -0.04667,  -0.00892,   0.03703,   0.06985,   0.02226,   0.01733,  -0.01877,   0.02718,  -0.01713,  -0.00892,   0.05344,  -0.06636,  -0.00400,  -0.01221,   0.00420,  -0.02369,   0.07477,  -0.03682,   0.05344,   0.02718,   0.02390,  -0.04175,  -0.04010,   0.00256,   0.00092,   0.00256,   0.02062,   0.09939,   0.02554,  -0.04175,  -0.00892,   0.02226,   0.01733,   0.05344,  -0.00400,  -0.01056,  -0.06472,   0.01405,  -0.04503,  -0.00564,  -0.02369,   0.13549,   0.00585,  -0.00400,   0.02062,  -0.02369,   0.01077,   0.00749,  -0.03518,   0.03539,   0.00092,   0.05344,   0.02390,   0.06000,  -0.08934,   0.02226,   0.01405,   0.02554,   0.02390,  -0.04339,  -0.04010,  -0.02041,  -0.09426,   0.00913,  -0.00892,  -0.03518,  -0.04831,  -0.05159,  -0.04175,   0.01733,  -0.00892,   0.06164,   0.08626,  -0.01877,   0.06492,   0.07805,  -0.01221,   0.00092,  -0.06636,  -0.07293,  -0.03190,   0.01569,  -0.04503,   0.00092,  -0.04010,  -0.04010,  -0.01385,  -0.04175,  -0.00400,   0.06657,  -0.00236,   0.04523,   0.01733,   0.00256,  -0.01713,   0.06657,   0.10595,   0.01077,  -0.00400,  -0.00072
  -0.03190,  -0.04339,  -0.07129,  -0.00072,  -0.05980,  -0.06636,  -0.01877,   0.01405,   0.08298,   0.03374,   0.07805,   0.00256,  -0.02041,   0.03867,   0.03374,  -0.04667,   0.04359,   0.07805,   0.06985,  -0.00400,  -0.01221,   0.07641,   0.00092,  -0.01056,  -0.01056,  -0.04010,  -0.07293,   0.03374,   0.01241,   0.01569,   0.05344,   0.06164,  -0.03518,   0.05344,  -0.03026,  -0.02862,   0.04523,   0.00256,  -0.02369,  -0.04503,   0.00092,  -0.03518,   0.02062,  -0.01385,   0.01733,  -0.07621,  -0.03846,  -0.03354,   0.03374,  -0.09098,   0.04523,  -0.01549,   0.05016,  -0.03518,  -0.04175,  -0.03026,  -0.09590,  -0.02862,   0.03703,   0.01077,   0.01569,  -0.01877,   0.00092,  -0.01056,  -0.02205,  -0.03354,   0.06328,  -0.08605,  -0.02533,  -0.02205,  -0.03846,   0.03539,  -0.00892,  -0.00072,   0.06328,   0.00749,  -0.03518,   0.07149,  -0.03190,  -0.03190,  -0.02533,  -0.02862,  -0.03518,   0.03539,  -0.04010,  -0.00564,  -0.03190,  -0.03682,   0.00420,  -0.04667,   0.01897,  -0.03518,   0.05016,   0.00913,   0.00420,   0.03374,   0.00256,  -0.01713,   0.02718,  -0.02862,   0.02390,   0.06164,  -0.00892,   0.02062,   0.04523,   0.00749,   0.00420,   0.03374,  -0.01056,   0.01241,   0.07641,  -0.00072,  -0.05980,  -0.01549,  -0.07621,   0.01733,   0.01077,  -0.05323,  -0.04667,  -0.00400,   0.04523,   0.03210,  -0.03354,   0.00585,   0.05016,  -0.08277,   0.07313,   0.00256,  -0.00400,  -0.06308,   0.05180,  -0.00728,  -0.03518,  -0.01056,  -0.02041,  -0.02698,  -0.02533,   0.04031,   0.02718,   0.01569,   0.05016,  -0.04503,   0.01897,  -0.01385,   0.01897,  -0.12380,  -0.09754,   0.06821,   0.03046,  -0.06800,   0.06821,   0.02390,   0.00256,   0.01077,   0.05180,   0.01569,  -0.01221,  -0.03846,  -0.02533,  -0.00072,   0.03703,   0.00585,  -0.07785,   0.02062,  -0.02041,   0.00256,  -0.07129,   0.03703,  -0.03846,   0.00585,   0.05836,   0.03703,  -0.04503,   0.00420,   0.06328,  -0.05323,   0.11252,  -0.00892,  -0.02369,   0.01569,  -0.08113,  -0.05652,  -0.00072,   0.03539,   0.04195,   0.00585,   0.06164,   0.01241,   0.09282,   0.07969,  -0.01385,   0.05180,  -0.03026,   0.05836,   0.07149,  -0.04339,  -0.08770,   0.02390,  -0.06144,   0.12565,  -0.01549,   0.00749,   0.07477,  -0.01549,  -0.04503,  -0.05652,   0.02718,  -0.03846,  -0.05323,   0.05508,  -0.07293,   0.04359,  -0.00892,  -0.03026,  -0.00564,  -0.03354,   0.02226,  -0.05159,   0.02554,  -0.03354,   0.05180,  -0.05816,   0.00913,   0.02554,   0.02062,   0.00420,  -0.07129,  -0.03682,  -0.08277,   0.03539,   0.03867,   0.02390,  -0.00072,   0.07805,   0.00256,   0.04195,  -0.03026,  -0.04175,   0.02062,  -0.06636,   0.00092,  -0.01385,  -0.02205,   0.02554,  -0.10082,  -0.04339,  -0.05816,  -0.01385,  -0.04175,   0.01077,  -0.01221,  -0.01877,  -0.04667,   0.04195,  -0.01713,  -0.02698,  -0.03518,   0.08626,  -0.01056,  -0.01549,  -0.00400,   0.03539,   0.02882,   0.01733,  -0.01385,  -0.01056,   0.05672,   0.01569,   0.00913,  -0.06308,  -0.02698,   0.04031,   0.01897,  -0.08113,   0.05672,  -0.02205,   0.00256,  -0.00892,  -0.02862,   0.03210,  -0.04010,   0.02226,  -0.03846,   0.00256,  -0.00892,   0.05672,  -0.01056,   0.03539,   0.03867,   0.06164,  -0.00728,  -0.03190,  -0.10247,   0.02226,  -0.01713,   0.06328,  -0.04010,  -0.01385,   0.02882,   0.08626,   0.04687,   0.01405,  -0.00400,   0.07969,  -0.08277,  -0.05159,  -0.05323,  -0.00236,   0.06000,   0.05836,   0.04523,   0.02554,   0.03703,  -0.05652,  -0.03026,  -0.02698,   0.05016,   0.06985,  -0.01221,   0.00913,  -0.02862,   0.06164,   0.03210,   0.01897,   0.02226,  -0.03026,  -0.00564,   0.01569,  -0.04831,  -0.01549,  -0.05816,  -0.03846,  -0.06472,  -0.02533,   0.04523,  -0.03518,   0.01569,   0.00420,   0.06492,  -0.05652,   0.06000,   0.05344,   0.04359,   0.07805,   0.03703,  -0.04339,  -0.00728,  -0.00072,  -0.00564,  -0.02533,   0.08954,   0.01569,  -0.02041,   0.00420,   0.04359,   0.00256,   0.01569,  -0.03190,  -0.00236,  -0.09918,   0.00420,   0.05016,   0.08134,  -0.01877,   0.03539,   0.00420,  -0.03190,  -0.00728,  -0.01221,  -0.02041,  -0.03026,   0.04523,  -0.00892,   0.02554,   0.03210,   0.03374,   0.02882,   0.06985,   0.00585,  -0.03190,  -0.01221,   0.00092,   0.04359,  -0.02369,   0.07477,   0.05180,  -0.00564,  -0.00564,  -0.03518,   0.04359,  -0.05159,  -0.03354,  -0.01221,   0.04031,   0.04851,   0.00913,  -0.08113,   0.02718,   0.02718,   0.03374,   0.04031,  -0.04995,   0.02226,  -0.04831,  -0.04831,  -0.00564,  -0.00236,   0.01405,   0.03539,  -0.04175,   0.02062,   0.02718,   0.00420,  -0.02369,  -0.04831,  -0.04503,   0.05836,  -0.01221,  -0.00236,  -0.02205,  -0.04995,  -0.04831,  -0.01713,  -0.00728,   0.05508,  -0.05159,  -0.00400,   0.08462,  -0.07293,  -0.01877,  -0.05159,  -0.01877,  -0.02533,  -0.02533,   0.00256,   0.02062,   0.01077,  -0.00400,   0.03539,   0.00585,   0.01241,  -0.04995,   0.03374,   0.02882,  -0.02369,   0.00585,   0.03539,  -0.02205,   0.01569,  -0.04995,   0.03046,   0.02390,  -0.06800,   0.02882,   0.01077,   0.00256,  -0.03682,  -0.00400,  -0.04175,  -0.02041,   0.02062,  -0.07621,  -0.02041,   0.01077,   0.07313,  -0.02698,  -0.05980,  -0.05487,  -0.02862,  -0.00892,  -0.04995,   0.03374,   0.00092,   0.03046,   0.05016,   0.04195,   0.02718,   0.02718,   0.03046,   0.05672,   0.02718,   0.08298,   0.02554,  -0.01385,  -0.06800,   0.05672,   0.04359,   0.06492,   0.02062,  -0.01385,  -0.00072,  -0.02533,  -0.01549,  -0.04503,   0.03539,  -0.02205,  -0.03190,   0.02226,   0.03046,  -0.02698,  -0.03682,  -0.01713,  -0.01549,   0.03374,  -0.01056,   0.03867,   0.01077,  -0.01221,  -0.01221,  -0.02698,   0.01077,   0.06492,   0.07969,  -0.02205,  -0.05159,   0.03210,   0.02062,  -0.00236,  -0.02205,  -0.09262,   0.01405,  -0.08605,  -0.06800,  -0.07621,   0.03210,   0.04687,   0.01077,  -0.05159,  -0.04175,  -0.01221,   0.02554,  -0.03190,  -0.02698,  -0.03354,   0.04195,   0.09118,  -0.01877,   0.04359,   0.07313,   0.04031,   0.04031,  -0.04010,   0.08298,   0.00092,   0.02554,   0.00749,   0.01733,   0.02554,  -0.04175,   0.01897,  -0.03026,   0.00585,   0.05180,  -0.02533,   0.03210,   0.01897,   0.01077,   0.04031,  -0.02862,  -0.03354,   0.00420,  -0.02533,   0.04851,  -0.00892,  -0.05323,   0.01569,   0.02390,  -0.05980,   0.06164,  -0.04503,   0.05344,  -0.07457,  -0.01713,  -0.01877,   0.05672,  -0.03518,   0.01241,  -0.03846,   0.03210,  -0.04995,   0.02882,  -0.00892,  -0.06800,  -0.01385,  -0.00564,  -0.03682,   0.04523,  -0.08934,  -0.05323,   0.06000,   0.02554,   0.06164,  -0.02205,   0.03210,  -0.05487,  -0.08605,  -0.03190,   0.01897,  -0.04831,  -0.03682,  -0.00728,   0.04687,  -0.04010,  -0.00564,  -0.03518,   0.02226,   0.01405,  -0.00728,   0.02718,   0.00420,  -0.02041,   0.01405,  -0.02205,  -0.01221,  -0.04339,   0.06164,   0.07805,  -0.03846,  -0.03846,  -0.07293,   0.01897,  -0.02862,   0.01077,  -0.01385,   0.01733,   0.08462,  -0.01385,  -0.01385,  -0.01877,  -0.03354,  -0.03026,  -0.02698,   0.00913,   0.01241,   0.00913,  -0.05159,  -0.00400,   0.05672,  -0.00400,  -0.04667,  -0.00400,   0.07641,  -0.01549,  -0.04339,  -0.00892,  -0.02698,  -0.02041,   0.09118,  -0.02041,   0.04031,  -0.03026,  -0.01713,   0.01077,   0.02554,   0.06000,   0.05672,   0.08790,  -0.06472,   0.01241,   0.02226,  -0.00892,   0.00092,  -0.09426,   0.03703,  -0.02369,   0.07313,  -0.04831,   0.04851,   0.00749,   0.05508,  -0.02533,  -0.00236,   0.01405,  -0.01877,   0.03210,   0.08134,   0.00420,  -0.00728,  -0.00564,   0.05180,  -0.02533,  -0.00236,  -0.05816,   0.00420,   0.01569,  -0.03682,   0.01405,  -0.06800,  -0.00236,  -0.00236,   0.01405,   0.00092,  -0.05487,  -0.01713,  -0.00728,  -0.03518,   0.01569,  -0.03354,   0.05180,  -0.00728,   0.01569,   0.03374,   0.05180,  -0.07785,   0.02390,   0.07149,  -0.02041,  -0.01877,  -0.04010,  -0.05980,   0.01405,   0.01077,  -0.08934,  -0.02862,  -0.04667,  -0.04667,   0.07149,  -0.01713,  -0.05652,   0.05344,   0.06164,   0.05016,   0.06328,  -0.06964,   0.04851,  -0.01713,   0.02718,  -0.08605,   0.06000,  -0.01877,   0.01405,   0.00420,   0.03703,   0.01733,  -0.00400,   0.00420,  -0.04667,   0.01733,  -0.00728,   0.02062,  -0.00728,   0.07149,  -0.01056,  -0.07293,   0.04523,   0.02554,  -0.06144,  -0.04667,  -0.03518,  -0.00400,   0.05016,  -0.02533,  -0.03190,  -0.04831,   0.00256,  -0.01385,   0.06000,   0.05016,  -0.05652,   0.08790,   0.00585,   0.04523,  -0.04831,   0.04359,  -0.06308,  -0.02862,   0.03046,  -0.00400,  -0.00400,   0.01569,   0.05344,  -0.01713,  -0.02041,  -0.01221,   0.00256,  -0.11231,  -0.05980,   0.03046,   0.11908,  -0.08277,  -0.03354,   0.03210,  -0.06144,  -0.02041,  -0.04831,  -0.00564,   0.01405,  -0.01056,   0.08298,  -0.04175,  -0.00236,   0.03046,   0.07641,  -0.01221,  -0.02862,   0.03210,  -0.06308,   0.11416,   0.01897,   0.10759,   0.04523,  -0.03846,  -0.01713,   0.00913,   0.10759,  -0.06800,  -0.03190,  -0.07129,  -0.03518,   0.04359,   0.00749,   0.04523,  -0.03190,   0.06821,  -0.09262,  -0.00892,   0.02226,  -0.03518,   0.08462,  -0.05323,   0.00420,  -0.05487,   0.07313,  -0.08605,   0.04851,   0.05836,  -0.01549,  -0.09426,   0.11088,   0.01897,   0.00749,   0.00256,  -0.03846,   0.04687,   0.02554,  -0.01385,   0.03046,   0.00913,  -0.04175,  -0.04667,  -0.02205,  -0.02041,  -0.02041,   0.02390,   0.04031,  -0.00400,  -0.04831,  -0.02698,  -0.02698,  -0.00400,   0.02226,  -0.03518,   0.02226,  -0.02369,  -0.02369,   0.01077,   0.08298,  -0.07129,  -0.04010,  -0.06964,  -0.10247,   0.03046,   0.00092,   0.04359,   0.00092,  -0.02862,   0.01569,  -0.00728,   0.04523,  -0.01549,  -0.04503,   0.12893,  -0.00728,  -0.01713,  -0.02041,  -0.05980,   0.02226,  -0.00072,  -0.01221,   0.02062,  -0.03026,  -0.08441,   0.00256,   0.04195,   0.04359,  -0.05487,  -0.06144,  -0.00236,  -0.12216,  -0.04339,   0.03046,  -0.06472,  -0.01385,   0.01897,  -0.01385,   0.03539,  -0.01877,   0.01077,   0.03210,   0.05344,  -0.02862,  -0.02041,   0.04687,   0.05016,  -0.00728,   0.03210,  -0.01877,   0.03210,  -0.02041,   0.00749,   0.00749,  -0.01385,  -0.03846,   0.05344,   0.07805,  -0.04010,   0.05508,   0.09611,  -0.01877,  -0.00564,   0.01897,  -0.01221,  -0.07785,   0.04195,   0.05344,   0.05344,  -0.03026,  -0.00728,   0.01405,  -0.02041,   0.05016,   0.03539,  -0.08441,   0.01897,  -0.03190,   0.01897,   0.05508,  -0.04339,  -0.06800,   0.04195,  -0.07785,  -0.04503,  -0.00072,  -0.02533,  -0.01549,  -0.00236,  -0.04010,   0.09282,  -0.01056,  -0.03354,  -0.06964,   0.03539,   0.02554,   0.00749,  -0.04667,  -0.00728,  -0.00564,   0.05836,   0.03539,  -0.00564,   0.04851,   0.06657,  -0.10903,  -0.01549,   0.01077,   0.01241,  -0.02041,   0.02226,  -0.05816,   0.05672,   0.04031,   0.00420,   0.03210,   0.07641,   0.00749,  -0.01056,  -0.00892,   0.02554,   0.02718,  -0.01877,  -0.00892,  -0.00400,   0.01569,  -0.05980,   0.00092,   0.06657,   0.05016,   0.05672,  -0.01221,   0.01405,   0.03046,  -0.01221,  -0.05652,  -0.02862,  -0.04667,   0.03046,   0.02226,  -0.02205,  -0.04503,  -0.05159,  -0.00892,  -0.09098,  -0.04010,  -0.02041,  -0.06144,   0.00585,   0.01733,  -0.07293,  -0.00072,   0.02226,  -0.03354,   0.00913,  -0.02369,   0.03703,  -0.01056,   0.01241,  -0.08277,   0.00092,   0.05672,  -0.05159,   0.06657,  -0.06636,  -0.05159,   0.01569
  -0.07129,  -0.02698,  -0.01056,   0.01077,   0.03046,  -0.03846,   0.01569,  -0.04175,   0.01733,   0.06985,   0.02062,   0.03046,  -0.02698,  -0.04667,  -0.00728,  -0.01056,   0.00749,  -0.06636,  -0.07293,  -0.01385,  -0.03518,   0.08298,  -0.04831,   0.07641,   0.02554,  -0.02533,  -0.01385,  -0.05159,   0.04359,  -0.03354,   0.02882,  -0.04010,   0.01405,   0.04851,  -0.01877,  -0.02698,   0.00749,  -0.04667,   0.01569,   0.00092,   0.05180,  -0.02698,  -0.05323,  -0.04010,   0.02226,  -0.04339,  -0.04667,   0.03046,  -0.02533,  -0.03190,   0.05508,  -0.01877,  -0.01877,   0.03867,   0.01241,  -0.04667,  -0.03190,  -0.03354,  -0.02698,   0.10759,   0.08790,   0.05508,   0.07477,   0.01241,   0.03867,   0.00749,   0.06657,  -0.00564,  -0.01056,   0.03867,   0.00749,   0.01077,   0.00913,  -0.09590,  -0.03846,   0.00420,  -0.03190,   0.02062,  -0.01877,   0.05344,  -0.05487,  -0.05323,  -0.10739,  -0.01713,  -0.04175,  -0.07129,   0.10103,   0.00092,   0.01897,   0.07641,  -0.03518,   0.05180,   0.01077,   0.00913,   0.01897,   0.03867,  -0.02698,   0.00256,  -0.03354,  -0.02862,  -0.01713,  -0.02698,   0.05016,  -0.02698,   0.05836,   0.02718,  -0.02533,   0.07805,   0.04851,   0.02882,  -0.03354,   0.00585,  -0.02041,  -0.06308,  -0.03682,  -0.09098,   0.02390,   0.05508,   0.04851,  -0.08113,  -0.05323,   0.03867,   0.01733,   0.00420,  -0.04667,   0.06000,  -0.07457,  -0.01056,   0.00092,  -0.06800,   0.05180,   0.01077,  -0.01713,  -0.01056,   0.00256,  -0.01877,   0.09282,  -0.08934,   0.02062,  -0.02205,  -0.05487,   0.07969,  -0.07457,  -0.02533,   0.00585,   0.03046,   0.02226,  -0.03026,   0.04851,  -0.08770,   0.01405,  -0.00728,   0.02390,   0.00749,  -0.00564,  -0.08770,  -0.06308,   0.02718,  -0.05323,   0.04687,   0.03210,  -0.05816,   0.03703,  -0.02862,  -0.03026,  -0.08605,   0.03867,  -0.01385,   0.00256,   0.06164,  -0.00564,  -0.03190,  -0.06472,   0.02062,  -0.00728,  -0.02205,   0.00092,   0.02554,  -0.03026,  -0.02369,  -0.06472,  -0.03190,   0.08954,   0.03539,   0.02226,  -0.02698,   0.00420,  -0.02369,   0.03867,   0.01077,  -0.04503,   0.05672,   0.01569,  -0.00072,   0.02718,  -0.06472,   0.03210,  -0.00072,   0.04687,   0.02062,   0.07477,  -0.00892,  -0.04667,   0.02390,  -0.01385,   0.08298,  -0.02698,   0.06328,  -0.06144,   0.00256,   0.01897,   0.04523,   0.08954,  -0.06964,   0.02882,  -0.05980,  -0.04339,   0.08462,   0.07149,  -0.10082,   0.02718,   0.02390,  -0.04010,   0.00585,   0.00420,   0.04359,   0.00749,  -0.11724,  -0.01385,   0.01241,   0.01569,   0.02062,  -0.05159,   0.03210,   0.00749,   0.01569,   0.01569,  -0.04010,   0.03210,  -0.04010,  -0.02533,  -0.00236,  -0.05323,  -0.02698,   0.04687,  -0.04503,   0.01569,  -0.03354,  -0.00728,  -0.04175,   0.03374,  -0.01056,  -0.03518,   0.03539,  -0.00236,  -0.00400,  -0.00400,   0.01405,   0.00913,  -0.04339,   0.07313,   0.01077,   0.01569,   0.05016,   0.04687,  -0.01056,  -0.03682,   0.07641,   0.07805,   0.12729,  -0.02533,  -0.06800,   0.05344,   0.01897,  -0.05652,  -0.01877,   0.01569,  -0.02698,  -0.02698,  -0.06800,  -0.10411,   0.07477,   0.00092,   0.00420,   0.05344,   0.05508,  -0.06308,  -0.02698,  -0.00072,  -0.03354,  -0.01713,  -0.00072,  -0.05487,   0.01405,  -0.01877,   0.02718,  -0.03026,  -0.04667,   0.07477,   0.00256,  -0.02205,   0.04359,  -0.00728,   0.02554,   0.01077,  -0.02862,   0.00092,   0.12072,   0.02226,  -0.01385,  -0.01549,  -0.00892,   0.10103,   0.03374,   0.02062,   0.01241,  -0.02533,  -0.02041,  -0.07949,   0.01405,  -0.02533,  -0.02369,  -0.04831,  -0.05652,   0.05016,   0.08790,   0.03539,   0.00585,   0.00749,   0.03539,  -0.00072,   0.02882,   0.03867,  -0.00892,   0.06164,  -0.05816,  -0.02205,   0.06164,  -0.04667,  -0.01385,  -0.03026,  -0.01549,   0.02226,   0.01405,  -0.01877,   0.03374,   0.03046,  -0.04995,  -0.05980,   0.07477,   0.01733,   0.02718,   0.03210,  -0.00400,   0.07969,  -0.02862,   0.03703,  -0.05159,  -0.03846,  -0.03026,  -0.02533,  -0.07293,   0.03210,   0.02062,  -0.00564,   0.08626,   0.03046,   0.04523,  -0.00236,   0.01733,  -0.07949,  -0.02862,  -0.00072,   0.03703,   0.01733,  -0.03682,   0.01733,   0.01405,  -0.02205,  -0.02862,   0.04195,   0.01405,   0.00913,   0.03374,   0.01569,  -0.04503,  -0.02698,   0.00420,  -0.00892,   0.09282,   0.03867,  -0.06964,   0.02554,   0.03374,  -0.05816,   0.09611,   0.02062,   0.00913,  -0.01221,  -0.04503,   0.02226,   0.01241,   0.06164,   0.02226,  -0.04503,   0.00913,  -0.03026,  -0.01877,  -0.00400,  -0.01221,  -0.01877,  -0.00400,   0.04195,  -0.01877,   0.00256,  -0.01713,  -0.01385,   0.01733,  -0.02862,  -0.01385,   0.02882,  -0.05159,  -0.03190,   0.04523,  -0.01221,   0.11580,  -0.01549,   0.06821,   0.02882,   0.01897,   0.03374,  -0.02205,   0.01733,   0.06000,  -0.03190,   0.00256,   0.05344,  -0.00236,  -0.05652,   0.03210,   0.03046,  -0.00728,  -0.00236,   0.00092,  -0.05487,   0.05508,   0.07313,   0.00256,   0.02718,  -0.01385,   0.03867,  -0.00072,  -0.04010,  -0.04831,   0.05672,   0.02718,  -0.00728,  -0.05652,  -0.08441,  -0.06308,   0.02062,   0.00749,   0.00749,  -0.02533,  -0.04831,  -0.07785,   0.07149,  -0.03846,  -0.06308,  -0.07785,   0.01897,   0.01569,   0.05672,   0.03210,  -0.00072,   0.03539,   0.02390,   0.06000,  -0.00564,   0.02718,  -0.04010,   0.04031,   0.08626,  -0.02041,   0.06164,   0.01405,   0.04687,   0.01569,  -0.02205,  -0.05159,   0.01897,   0.01405,   0.02554,   0.05344,  -0.01385,  -0.02369,   0.10431,   0.04687,  -0.03354,  -0.07621,  -0.03518,  -0.08770,  -0.01549,  -0.00236,  -0.03190,  -0.01549,  -0.04339,   0.06164,   0.03374,  -0.01877,   0.02718,  -0.03026,   0.02554,  -0.02205,   0.02062,  -0.03354,  -0.01221,   0.04523,   0.02062,   0.01733,   0.00749,   0.02554,   0.02718,   0.06657,  -0.01056,  -0.02698,  -0.04339,   0.00585,   0.03703,   0.06328,   0.02882,   0.01897,   0.02554,  -0.00728,  -0.00072,   0.01733,  -0.04995,  -0.00236,  -0.03190,  -0.03518,  -0.06144,   0.01241,  -0.04175,  -0.03518,   0.03374,   0.08298,  -0.02698,   0.02226,  -0.04339,   0.01405,  -0.04503,  -0.02369,   0.05836,  -0.07621,  -0.05652,  -0.01385,   0.04851,  -0.02533,   0.03539,  -0.03354,   0.05344,   0.05672,   0.06492,  -0.00892,  -0.00564,   0.04359,   0.03046,  -0.03518,  -0.04831,   0.03539,   0.01077,  -0.03190,  -0.01713,  -0.03846,   0.05672,  -0.10247,   0.00585,   0.03210,   0.02718,   0.04195,  -0.04175,  -0.02533,   0.05672,   0.00256,   0.00749,  -0.01713,  -0.07785,   0.03210,   0.03046,  -0.04667,  -0.01549,  -0.01713,   0.00913,   0.06657,   0.01569,   0.01569,   0.04359,   0.05016,   0.04195,  -0.03518,   0.00749,   0.05016,   0.04031,   0.11252,   0.00092,   0.06000,  -0.02369,  -0.00564,   0.00420,   0.01077,  -0.04995,   0.05508,  -0.08605,  -0.00236,  -0.05652,  -0.02369,   0.02882,   0.06164,   0.01241,  -0.01713,  -0.02862,   0.08954,  -0.00892,  -0.03846,  -0.05980,   0.01241,  -0.05816,  -0.01877,  -0.00400,  -0.04339,  -0.04667,   0.03374,   0.06492,   0.03867,   0.01241,   0.02882,  -0.06964,   0.00256,  -0.04503,  -0.04503,   0.04031,  -0.02041,  -0.03354,  -0.01385,   0.10267,   0.02718,   0.05672,  -0.00892,   0.05508,  -0.01385,  -0.05980,  -0.01549,   0.00092,  -0.00728,  -0.01713,   0.03046,   0.01897,   0.00749,   0.03867,  -0.00728,   0.01077,  -0.01385,  -0.06800,   0.01569,   0.03539,  -0.00072,   0.01405,   0.03539,  -0.06472,  -0.00892,   0.01077,   0.06985,  -0.00400,   0.00585,  -0.04503,  -0.04175,  -0.03682,   0.01077,  -0.04995,  -0.01549,   0.04031,  -0.03026,  -0.02205,   0.07149,  -0.01549,   0.07313,  -0.10247,  -0.01877,   0.07313,   0.03374,   0.02226,  -0.02369,   0.01733,   0.00749,  -0.02369,  -0.00236,   0.01897,  -0.04995,  -0.00400,  -0.03190,  -0.01713,  -0.03190,   0.01733,  -0.00728,  -0.01385,  -0.03026,   0.04031,  -0.09590,   0.01241,   0.06328,  -0.02041,   0.00585,  -0.08113,  -0.02369,  -0.00400,  -0.02205,   0.01569,  -0.02862,   0.03046,   0.02718,  -0.06636,   0.00420,  -0.06472,  -0.05159,   0.04031,  -0.00564,   0.01569,  -0.02698,  -0.01385,  -0.01056,  -0.00072,  -0.08441,  -0.00400,   0.03539,  -0.02205,  -0.03354,  -0.00236,   0.00420,  -0.06800,   0.02226,   0.04195,   0.08790,  -0.03354,   0.00913,   0.07313,   0.00749,   0.01733,  -0.02205,  -0.03354,  -0.06308,  -0.01713,  -0.04503,   0.01405,  -0.00072,  -0.01385,  -0.02205,   0.02554,   0.07969,  -0.04667,  -0.02862,  -0.03026,   0.03867,   0.04031,  -0.01221,   0.01077,   0.02226,  -0.00564,  -0.03518,  -0.00892,   0.02062,  -0.04667,  -0.07293,  -0.07129,  -0.05816,  -0.00072,   0.01569,   0.02882,  -0.03846,  -0.00236,  -0.01221,   0.03210,  -0.00400,  -0.04339,  -0.01713,  -0.07293,  -0.02698,   0.08626,   0.00913,  -0.02369,  -0.01056,   0.03703,   0.03539,   0.00420,   0.04523,   0.00913,  -0.05652,   0.04523,  -0.00072,  -0.00072,   0.05180,  -0.06636,   0.04031,  -0.04339,   0.02882,  -0.04995,  -0.01385,   0.10759,   0.02390,  -0.04831,  -0.01385,  -0.01056,   0.02882,   0.00420,   0.04851,   0.08298,   0.02718,  -0.02862,  -0.01056,  -0.02698,  -0.00236,  -0.04503,   0.03703,   0.05344,   0.05508,  -0.06636,  -0.00400,  -0.01056,  -0.04175,  -0.00400,  -0.03846,   0.01569,   0.02882,  -0.00236,   0.00092,   0.02390,  -0.02698,   0.02882,  -0.05980,  -0.02862,  -0.00892,  -0.00072,   0.04195,   0.06657,  -0.06144,   0.05016,  -0.03846,   0.01897,  -0.06144,  -0.02698,   0.03374,  -0.06472,  -0.04503,   0.03210,  -0.00072,   0.00585,   0.00420,  -0.02041,  -0.03518,   0.01241,  -0.05159,   0.00585,  -0.01221,   0.01241,   0.02554,   0.04195,   0.00092,   0.01569,  -0.00072,   0.03374,  -0.02698,  -0.04831,  -0.06472,  -0.00072,   0.04031,  -0.06144,  -0.04010,  -0.03026,  -0.04175,  -0.04010,  -0.05652,  -0.03354,  -0.02205,   0.03374,  -0.02369,   0.07641,   0.04195,  -0.02862,   0.04195,   0.05508,   0.04195,  -0.00564,  -0.01877,  -0.05980,   0.04031,   0.08298,  -0.05323,  -0.02369,  -0.02041,  -0.01385,  -0.09590,   0.01897,   0.02554,   0.00092,  -0.01056,  -0.03190,  -0.00892,   0.05344,   0.09446,  -0.01385,  -0.03518,  -0.03026,  -0.01549,  -0.00072,   0.01733,   0.00092,  -0.06800,   0.03539,  -0.08934,   0.02390,  -0.01549,   0.05836,   0.00913,  -0.00728,   0.06164,  -0.04995,  -0.03354,  -0.01549,  -0.02369,  -0.06800,   0.03210,  -0.06308,   0.07149,   0.01733,  -0.01713,  -0.02369,  -0.00564,  -0.04339,   0.05836,   0.03374,  -0.01385,   0.04031,  -0.06144,  -0.03682,  -0.06308,  -0.04339,  -0.03354,   0.01569,   0.01733,   0.03046,  -0.00892,   0.00092,   0.05836,  -0.01385,  -0.04667,   0.02390,   0.02390,  -0.03682,  -0.05487,  -0.05487,   0.02882,   0.01077,   0.09775,  -0.01713,   0.08134,  -0.00236,  -0.02862,  -0.05159,  -0.06800,   0.01241,   0.00256,   0.01569,  -0.07785,   0.04687,   0.02226,  -0.06308,   0.02718,   0.00585,   0.01077,  -0.02698,  -0.02369,  -0.06800,   0.00092,  -0.01221,   0.00749,  -0.00072,   0.03867,  -0.00564,  -0.05816,   0.03703,  -0.05652,   0.04523,   0.05508,   0.02554,   0.05836,   0.03210,   0.04359,   0.07969,   0.00749,  -0.03846,  -0.01056,   0.00585,  -0.08934,   0.04031,  -0.03026,  -0.03026,  -0.03846,   0.07149,   0.01405,   0.08954,  -0.01385,   0.04195,   0.05016,  -0.01056,  -0.02041,   0.00913,   0.07641,   0.01405,  -0.02041,  -0.00728,   0.09939,   0.00092,  -0.02862,  -0.09754,  -0.03518
   0.00585,   0.01077,   0.02062,   0.00913,  -0.02533,  -0.00400,   0.01077,   0.00585,  -0.00564,   0.00256,  -0.00564,   0.00749,  -0.04667,   0.03374,  -0.02205,   0.02062,  -0.07949,  -0.00072,   0.08954,  -0.02862,  -0.05652,   0.03703,   0.06328,  -0.00072,   0.00585,   0.02390,   0.06821,  -0.05652,   0.01405,  -0.03682,  -0.02205,   0.05016,   0.06000,  -0.01221,   0.00420,   0.01733,  -0.05487,  -0.05980,  -0.02533,  -0.08277,  -0.03846,   0.03210,   0.00092,   0.01733,   0.00913,  -0.00236,  -0.03846,   0.04687,  -0.00400,  -0.03518,   0.06985,  -0.05816,  -0.00072,  -0.07293,   0.04031,  -0.07949,   0.04359,  -0.00892,   0.01569,  -0.01713,  -0.06472,   0.01405,   0.00749,   0.02062,  -0.00236,   0.06328,   0.02390,  -0.01713,  -0.00236,  -0.04010,   0.00585,   0.04195,   0.03703,   0.01897,   0.03210,  -0.06308,   0.03374,  -0.05652,   0.03703,  -0.01713,   0.00256,   0.03210,   0.03046,   0.01897,  -0.03682,  -0.00400,   0.02554,   0.06000,   0.00256,  -0.00400,   0.04031,   0.03539,  -0.02698,   0.03046,  -0.04010,  -0.07293,   0.00913,   0.02062,  -0.08113,  -0.05159,  -0.03682,  -0.01385,  -0.05816,  -0.03354,   0.00420,   0.01897,   0.04359,  -0.04339,   0.01077,  -0.08934,   0.03539,   0.01241,   0.04195,  -0.04503,   0.01241,   0.06164,  -0.08605,  -0.03682,   0.02390,   0.03867,   0.01569,  -0.08605,   0.03374,  -0.01877,  -0.06800,  -0.08277,  -0.03190,   0.02882,  -0.01549,   0.01241,  -0.03026,   0.02390,  -0.01877,   0.01569,  -0.03846,   0.03374,  -0.01877,  -0.00236,  -0.00400,   0.00256,   0.05344,  -0.02369,   0.01897,  -0.00564,  -0.01056,   0.03703,   0.03210,   0.03374,  -0.00892,  -0.03682,  -0.08605,  -0.03026,   0.04031,   0.03374,   0.02554,  -0.01713,   0.04359,  -0.04175,  -0.01549,  -0.01221,  -0.03190,   0.04523,   0.02882,   0.01897,   0.09611,  -0.01221,   0.01241,  -0.04175,   0.01897,   0.05180,   0.00913,   0.00256,   0.15354,   0.03539,  -0.01385,   0.02062,   0.07149,   0.08954,  -0.00400,   0.12072,  -0.01056,  -0.03682,   0.02718,  -0.02862,   0.05672,  -0.01056,  -0.05487,   0.00913,   0.02062,   0.06821,   0.04195,  -0.03190,  -0.03354,  -0.01877,  -0.02698,   0.02554,  -0.02698,   0.05836,   0.03703,  -0.01385,  -0.00564,  -0.00728,  -0.03518,   0.08462,   0.00913,   0.03867,  -0.03518,  -0.00892,   0.03703,  -0.00072,  -0.02205,  -0.03190,  -0.06636,  -0.05652,  -0.06800,  -0.00564,   0.00585,  -0.08605,   0.04195,  -0.02862,  -0.04995,  -0.01385,  -0.00564,  -0.00728,  -0.06472,   0.00420,  -0.07129,  -0.01056,  -0.00236,  -0.01549,   0.04359,  -0.03026,  -0.01877,  -0.01713,   0.05180,   0.04359,  -0.04503,  -0.01385,  -0.05652,   0.04851,  -0.00236,   0.00092,   0.06000,   0.03539,  -0.03846,   0.00256,  -0.05159,  -0.03846,   0.05508,   0.02390,  -0.05816,   0.05180,  -0.07621,  -0.00728,  -0.01221,  -0.01221,  -0.02698,   0.06000,   0.02882,   0.03867,  -0.08605,   0.06657,  -0.00072,   0.00749,   0.01077,  -0.04339,  -0.03354,   0.02554,   0.01077,   0.03867,   0.02390,   0.03867,   0.03046,   0.04687,  -0.03682,  -0.08605,   0.00420,  -0.03026,  -0.04995,   0.04851,   0.00913,  -0.08113,  -0.00072,   0.01241,  -0.03190,   0.03210,   0.09282,  -0.05487,   0.01733,   0.00913,  -0.02041,  -0.02369,  -0.07949,  -0.04339,  -0.03354,   0.07477,  -0.02533,   0.00256,  -0.01385,   0.01569,  -0.06636,   0.01241,   0.01077,  -0.00072,  -0.02205,   0.00420,   0.01405,   0.04523,   0.02390,  -0.01056,   0.00420,  -0.10247,  -0.03682,  -0.00892,   0.02554,   0.04851,   0.06000,  -0.04010,  -0.00236,   0.01569,  -0.05652,   0.08298,   0.00749,   0.04687,  -0.00728,  -0.00400,   0.03867,   0.04195,   0.04523,   0.04851,  -0.00400,  -0.01713,  -0.04175,   0.02390,   0.05180,  -0.01877,  -0.00728,   0.02718,  -0.05323,  -0.01549,   0.03374,   0.02554,   0.05180,   0.00420,   0.01077,  -0.04831,  -0.04339,   0.05344,  -0.05323,   0.04031,  -0.04667,  -0.01877,  -0.00564,   0.02390,  -0.01713,  -0.02698,   0.01569,   0.00256,  -0.04831,   0.05180,  -0.02698,   0.01405,  -0.00728,  -0.03190,  -0.00892,   0.07641,  -0.07457,   0.00585,  -0.02205,   0.00256,   0.06657,  -0.06308,   0.01733,  -0.00236,   0.00092,   0.04523,   0.06821,   0.02554,  -0.00728,  -0.02862,   0.04359,  -0.00072,  -0.02698,  -0.00400,  -0.04503,   0.03046,  -0.05487,   0.06985,  -0.07129,  -0.01877,  -0.04503,   0.07477,   0.04359,   0.01569,  -0.00072,   0.02554,  -0.01549,   0.01241,   0.00092,  -0.00236,   0.06164,  -0.01221,  -0.01056,   0.01569,  -0.02369,  -0.00400,  -0.02041,  -0.03026,   0.02390,  -0.01221,  -0.08934,   0.03867,   0.04359,  -0.08113,  -0.01713,   0.00092,   0.08134,  -0.06144,  -0.01877,  -0.05816,  -0.03518,   0.02718,  -0.03682,  -0.01549,   0.00420,   0.00092,   0.10595,  -0.00072,  -0.02369,   0.05344,  -0.06308,  -0.04831,   0.01405,   0.03539,  -0.03026,  -0.01713,   0.04195,  -0.03518,  -0.00564,  -0.00892,  -0.06144,   0.01569,   0.04359,  -0.03354,  -0.00236,   0.00585,  -0.04339,  -0.03846,   0.04195,   0.00749,  -0.02862,  -0.06472,   0.07149,  -0.00892,   0.01897,  -0.03846,  -0.09918,  -0.08605,  -0.00072,  -0.08770,   0.00256,  -0.02862,  -0.01221,   0.01241,  -0.03026,  -0.02698,   0.01569,  -0.03682,  -0.02205,  -0.07949,  -0.06800,  -0.00236,   0.01733,  -0.00728,   0.04359,   0.06657,   0.00585,  -0.00400,  -0.01877,   0.02718,   0.03539,   0.04523,  -0.00564,  -0.08277,   0.03703,   0.03703,   0.05672,   0.08790,   0.03374,  -0.03026,   0.07805,  -0.00400,  -0.00564,   0.01405,  -0.03846,  -0.00400,   0.02718,   0.04851,  -0.02862,  -0.02698,   0.03210,   0.02390,   0.05344,  -0.00400,   0.01733,  -0.01385,  -0.06964,  -0.01877,   0.04195,  -0.01713,   0.02062,  -0.05652,   0.00749,  -0.00564,   0.02062,  -0.06964,  -0.02205,   0.00749,   0.02554,   0.01569,   0.06164,  -0.05323,   0.00256,   0.05508,  -0.02698,  -0.02369,  -0.01385,  -0.02369,   0.03539,   0.09446,  -0.05323,  -0.06800,   0.03046,  -0.07621,   0.09446,  -0.14021,   0.00092,   0.00749,   0.03867,  -0.06472,  -0.03354,  -0.00564,  -0.04831,  -0.03190,   0.02062,   0.03867,   0.01733,   0.04031,   0.00749,  -0.08277,  -0.04995,   0.01405,  -0.04503,  -0.01385,   0.07477,  -0.05159,  -0.04667,  -0.01385,   0.03374,   0.06328,  -0.02862,  -0.01056,   0.05672,  -0.02369,   0.02062,   0.00585,  -0.05652,  -0.02698,  -0.00072,   0.06000,   0.02882,  -0.09918,   0.05672,   0.05180,   0.03539,  -0.01549,  -0.02862,  -0.02041,  -0.06964,  -0.04667,   0.01569,   0.08790,  -0.02698,  -0.05487,   0.08626,  -0.06308,   0.07149,   0.00092,   0.02882,   0.01569,   0.06821,   0.02882,  -0.01713,  -0.01056,  -0.03190,  -0.01056,   0.02554,  -0.05487,   0.06164,  -0.09918,   0.00913,  -0.03846,  -0.06472,  -0.01056,  -0.06636,   0.01405,   0.01897,   0.03374,  -0.05159,  -0.07621,  -0.04831,  -0.00564,  -0.00236,  -0.03190,  -0.03026,   0.00092,   0.00256,   0.05016,   0.06328,   0.03867,  -0.05487,  -0.08113,   0.02718,   0.02390,  -0.05816,  -0.03354,  -0.03190,   0.05344,   0.01405,   0.08462,   0.06164,  -0.06800,   0.02718,  -0.05487,   0.06492,  -0.00728,   0.01241,   0.00256,  -0.04831,   0.02882,  -0.00892,  -0.00892,   0.02062,  -0.03190,  -0.00892,  -0.00564,   0.01897,   0.04523,  -0.04503,   0.02226,   0.04031,  -0.01877,  -0.02205,  -0.01221,  -0.06144,   0.02718,  -0.02533,  -0.01713,   0.06000,  -0.00236,  -0.00236,   0.01733,   0.03210,  -0.01385,  -0.03846,  -0.01549,  -0.03846,   0.00092,  -0.07129,   0.01569,  -0.05487,   0.01405,  -0.00400,   0.00585,  -0.09262,   0.00585,   0.04195,   0.01077,   0.06000,  -0.03190,  -0.05487,  -0.01877,   0.02554,   0.00256,  -0.06472,   0.00913,  -0.00072,  -0.00236,  -0.02041,  -0.04175,  -0.07621,   0.02062,  -0.01385,   0.01569,  -0.03190,  -0.01056,  -0.00564,   0.05180,  -0.01549,   0.00420,  -0.06636,  -0.00728,   0.00420,   0.03374,   0.02062,   0.01405,   0.01733,  -0.06472,   0.03210,   0.00913,  -0.07293,   0.01897,  -0.02369,   0.01405,   0.01241,  -0.04339,  -0.01549,  -0.07949,  -0.01221,   0.02062,  -0.01713,  -0.00728,  -0.00400,  -0.00564,  -0.07293,   0.01733,  -0.05652,  -0.01385,   0.01569,  -0.00564,  -0.00728,  -0.03026,   0.00585,   0.05180,  -0.02041,  -0.05652,   0.01569,  -0.02698,  -0.00236,   0.02062,  -0.02533,   0.03046,  -0.00236,  -0.04175,   0.02062,   0.05180,  -0.02041,   0.05344,   0.03374,  -0.07457,   0.04523,  -0.02205,  -0.02041,   0.03046,  -0.00564,   0.03046,  -0.01056,  -0.01056,   0.02226,  -0.02041,   0.01405,  -0.02205,  -0.04339,  -0.02369,  -0.04831,   0.04195,  -0.01056,   0.04195,  -0.02369,   0.02390,   0.03867,   0.05836,  -0.07293,   0.02390,   0.00092,  -0.02205,  -0.05816,  -0.06472,  -0.00728,  -0.00400,   0.01733,  -0.04503,   0.01733,  -0.00728,   0.00092,  -0.06144,  -0.03682,  -0.02698,   0.00585,  -0.05980,  -0.02862,  -0.09426,  -0.01549,  -0.03518,  -0.02862,  -0.01221,  -0.00072,  -0.00072,  -0.04995,  -0.04175,   0.00256,   0.02554,   0.01569,   0.03539,  -0.01056,   0.01241,  -0.04667,  -0.06636,  -0.05980,  -0.01221,  -0.07293,   0.09939,  -0.02698,  -0.01549,   0.01241,  -0.06472,   0.00913,  -0.00892,  -0.04503,  -0.07621,  -0.01549,  -0.05652,   0.06492,   0.05836,   0.06492,   0.03867,  -0.01549,  -0.05980,  -0.00892,  -0.00564,   0.01241,  -0.03518,  -0.04175,   0.02226,   0.06657,  -0.00236,  -0.01877,  -0.02205,   0.00585,  -0.04339,   0.04031,  -0.02205,  -0.06800,   0.02882,  -0.07129,  -0.01713,   0.01077,  -0.00400,   0.06328,  -0.03846,   0.01241,  -0.08113,   0.04523,  -0.03190,   0.03210,  -0.05816,  -0.01549,  -0.01713,  -0.06144,  -0.00072,   0.00749,  -0.00728,   0.06164,  -0.01385,   0.00092,   0.01241,   0.06821,  -0.00400,   0.06164,   0.04851,   0.06164,   0.00749,   0.02554,   0.05672,   0.00256,   0.02882,  -0.00072,   0.03210,   0.04687,  -0.01549,   0.04031,   0.01897,  -0.03190,  -0.07293,  -0.02862,   0.05180,   0.04031,  -0.00564,  -0.00400,   0.00585,  -0.09426,   0.00256,   0.00256,   0.11088,   0.06000,  -0.04339,   0.02390,  -0.00236,   0.02554,  -0.01713,  -0.01385,  -0.04667,  -0.01385,   0.03867,   0.02554,  -0.01221,  -0.02862,   0.01569,   0.03210,   0.00092,  -0.01713,   0.05016,   0.01733,   0.01405,  -0.04831,  -0.04339,   0.01569,   0.02882,  -0.01713,  -0.01549,   0.05508,   0.01405,  -0.02041,   0.02554,  -0.04010,   0.06164,   0.02882,   0.04523,  -0.06308,   0.03703,   0.03210,   0.05016,   0.05672,  -0.06964,   0.01733,   0.02554,   0.03539,  -0.03682,  -0.02369,  -0.01221,  -0.03518,  -0.01549,   0.04359,   0.05180,   0.01077,   0.03210,   0.01897,  -0.01056,   0.04195,   0.00585,  -0.06144,  -0.03354,   0.02718,  -0.01385,  -0.00728,   0.03374,  -0.03026,   0.04195,  -0.02533,   0.05016,  -0.00564,  -0.01877,   0.04359,   0.03210,  -0.01385,  -0.00072,  -0.03354,  -0.01877,  -0.01549,  -0.01713,  -0.01713,   0.04523,  -0.00072,   0.05344,  -0.04175,   0.03046,   0.00256,  -0.01056,  -0.04503,  -0.00072,   0.02554,   0.05672,   0.00913,   0.04031,  -0.04667,   0.04851,   0.01241,  -0.02205,   0.08626,   0.01405,  -0.02041,   0.06328,  -0.07457,   0.01733,   0.10759,  -0.07949,  -0.01221,   0.08626,  -0.01549,   0.04359,   0.01569,  -0.08770,  -0.05816,  -0.02698,  -0.06472,  -0.03026,  -0.02698,  -0.00892,  -0.02533,  -0.06144,   0.04031,   0.01241,   0.05836,  -0.03682,  -0.04175,   0.02062,   0.00913,  -0.01056,   0.03539,   0.04031,   0.05672,  -0.05159,   0.06492,  -0.02041
   0.00256,  -0.05159,   0.00420,  -0.02862,   0.02062,   0.02554,   0.03703,  -0.07129,   0.03210,   0.04359,   0.06657,  -0.05816,  -0.01549,  -0.08113,  -0.00236,  -0.01549,  -0.03026,  -0.03190,  -0.01221,   0.00092,   0.06492,  -0.02862,  -0.07621,  -0.01385,  -0.04175,   0.10923,  -0.02533,  -0.05980,   0.04359,  -0.05487,   0.03703,  -0.06472,   0.02554,  -0.04667,   0.00585,  -0.04339,  -0.00564,   0.01569,   0.02226,   0.02390,   0.02718,  -0.07457,   0.07477,  -0.01221,   0.04195,   0.00913,   0.02390,  -0.03354,  -0.08113,  -0.06964,  -0.05159,   0.00585,   0.02718,  -0.06144,  -0.03026,  -0.00400,  -0.05816,  -0.02698,   0.02554,  -0.12544,   0.01241,  -0.00236,   0.04195,   0.02226,   0.08790,   0.04687,  -0.04339,  -0.02041,   0.04851,  -0.03354,   0.01405,   0.00256,  -0.02533,   0.04851,   0.08298,   0.06164,  -0.04667,   0.00092,  -0.01549,   0.02390,   0.01241,   0.06821,   0.04031,   0.00256,   0.00585,   0.02718,   0.00749,   0.01077,  -0.02041,   0.03703,  -0.00892,   0.01733,   0.01077,  -0.05980,   0.01733,   0.00749,   0.00749,  -0.04010,  -0.01549,  -0.04831,  -0.02698,   0.04523,   0.00749,  -0.01549,   0.00420,   0.08134,  -0.05323,  -0.02041,   0.02062,  -0.04503,   0.11252,   0.03703,  -0.00072,  -0.04667,   0.02390,  -0.04995,   0.03210,   0.00256,  -0.02041,  -0.01385,  -0.03026,  -0.01056,   0.04523,  -0.02698,   0.01733,   0.00585,  -0.01056,   0.00420,  -0.00892,  -0.06144,  -0.00728,   0.04195,   0.02390,   0.02718,   0.01733,  -0.02533,  -0.03846,  -0.05816,  -0.01713,   0.00420,   0.06164,  -0.02205,   0.05016,  -0.03026,   0.09118,  -0.00400,  -0.06800,   0.06164,  -0.06800,  -0.01056,   0.00749,   0.09939,   0.03867,  -0.02862,   0.01241,   0.03210,   0.06985,  -0.01877,   0.03374,   0.02718,  -0.02041,   0.01897,  -0.01549,  -0.01221,   0.03867,   0.07969,  -0.05159,   0.00585,   0.01897,   0.08134,  -0.04175,   0.06492,   0.00092,   0.05180,   0.04359,   0.06000,  -0.00564,  -0.01877,  -0.00072,   0.00749,   0.02718,  -0.08113,  -0.02369,   0.03374,  -0.01056,  -0.02862,   0.08626,  -0.01713,  -0.04831,  -0.01877,   0.00585,  -0.02698,  -0.06800,  -0.08934,   0.11088,   0.00256,  -0.02205,  -0.09262,   0.03374,   0.05344,   0.00585,  -0.00564,  -0.06964,  -0.03518,   0.04523,   0.07969,  -0.05980,  -0.05487,   0.06492,  -0.00400,  -0.05323,   0.08298,   0.02554,   0.01897,  -0.00072,  -0.02041,   0.08298,  -0.04831,   0.00913,  -0.04339,   0.03210,   0.03703,   0.03210,  -0.04831,   0.04195,  -0.03518,   0.03210,   0.02882,   0.04523,   0.06164,  -0.13693,   0.07313,  -0.02369,  -0.01877,   0.01405,  -0.02369,  -0.06472,   0.07805,  -0.01713,   0.02390,  -0.06636,   0.00092,  -0.03518,  -0.00564,  -0.05816,   0.00420,  -0.01549,  -0.03682,  -0.01385,  -0.07949,  -0.05652,   0.01569,  -0.00892,  -0.00564,  -0.06964,   0.08790,  -0.01877,  -0.00236,  -0.01385,   0.07149,   0.01733,   0.05508,  -0.04010,  -0.00236,  -0.04995,  -0.01877,   0.00420,   0.03046,  -0.00400,  -0.01877,  -0.01549,   0.02062,   0.00749,   0.07805,   0.00420,   0.05016,   0.02882,   0.02226,   0.01241,  -0.00728,   0.00749,   0.00913,   0.06492,   0.04687,  -0.04339,  -0.00072,   0.01241,   0.07641,  -0.09098,  -0.04339,   0.00913,  -0.00728,  -0.04010,  -0.05323,  -0.08113,  -0.02862,   0.05016,  -0.01385,  -0.06308,  -0.01221,   0.04851,  -0.05980,   0.00749,  -0.08277,   0.02718,   0.02062,  -0.03846,   0.01569,  -0.01713,   0.01405,  -0.03354,  -0.02369,   0.04031,   0.01241,   0.01241,   0.00749,   0.02062,  -0.05652,  -0.04995,  -0.06964,   0.03374,  -0.02041,   0.03867,  -0.02205,   0.04031,   0.06328,  -0.02533,  -0.04175,   0.06000,  -0.01221,  -0.01877,  -0.04831,  -0.00072,  -0.12052,  -0.00564,   0.01569,   0.06821,  -0.07457,  -0.01713,  -0.00400,   0.02390,   0.04523,   0.03374,  -0.04667,   0.00913,   0.03374,  -0.01385,   0.02062,  -0.01221,   0.02226,   0.05508,   0.07313,  -0.06636,   0.03046,  -0.03190,  -0.01713,  -0.05323,   0.04031,  -0.02698,   0.02554,   0.04687,   0.10595,   0.00913,  -0.02041,  -0.04503,   0.02554,   0.03539,   0.03867,  -0.04667,  -0.00236,  -0.00892,  -0.02533,   0.09611,  -0.03518,  -0.00892,  -0.04503,  -0.03190,   0.12565,   0.02390,   0.01241,   0.01897,  -0.02041,   0.02718,   0.03703,   0.01077,   0.02554,   0.00420,  -0.01385,   0.04359,   0.06328,   0.00092,   0.02062,   0.00256,  -0.10575,  -0.01549,  -0.02041,   0.06657,  -0.00564,  -0.00400,   0.03703,  -0.02369,   0.00749,  -0.01549,  -0.01877,  -0.10082,  -0.07129,  -0.02533,   0.11580,   0.07969,  -0.00728,  -0.00236,  -0.05487,  -0.05487,  -0.05487,  -0.05652,   0.01733,   0.00420,  -0.02862,  -0.04503,   0.01733,  -0.03682,   0.06492,   0.06492,   0.08134,   0.06328,  -0.05159,   0.01405,   0.07805,  -0.00236,  -0.05980,   0.09611,   0.00256,   0.00420,  -0.05652,  -0.03026,   0.01241,   0.01897,  -0.01056,  -0.02205,   0.00092,  -0.01549,   0.09611,  -0.04995,   0.03374,   0.06985,  -0.00892,  -0.04831,  -0.04010,   0.03703,   0.00420,  -0.07949,   0.05016,   0.01241,   0.02226,   0.06492,   0.04687,   0.10431,  -0.04175,  -0.03846,   0.00749,   0.05344,  -0.01056,   0.11088,  -0.02862,   0.04359,   0.00749,   0.04687,   0.06164,   0.08790,  -0.06800,  -0.04010,  -0.02862,  -0.00728,   0.01569,  -0.02205,   0.04031,  -0.02862,  -0.03026,  -0.05652,   0.03210,   0.00749,  -0.09754,  -0.03354,  -0.00236,  -0.06144,   0.04359,  -0.00892,   0.05672,  -0.02533,  -0.06144,   0.01077,   0.06821,   0.03374,  -0.03518,  -0.02369,   0.00256,  -0.04667,   0.06492,  -0.04503,   0.05672,  -0.02205,  -0.00728,  -0.05652,  -0.02369,  -0.04175,   0.12236,   0.00749,   0.00256,   0.00420,   0.00256,  -0.09918,  -0.04339,   0.05344,  -0.00236,   0.10267,  -0.05159,  -0.05980,   0.09282,  -0.00236,  -0.00564,   0.04359,  -0.04010,  -0.04667,   0.01569,  -0.02369,   0.00585,  -0.00072,  -0.01549,  -0.03682,   0.03210,   0.02554,  -0.03518,  -0.01221,  -0.00728,   0.02226,   0.05508,  -0.01877,  -0.05816,  -0.03026,  -0.02369,  -0.00072,  -0.02698,  -0.02698,  -0.02533,   0.01077,   0.01077,  -0.00072,   0.00256,   0.03210,  -0.00892,  -0.05816,   0.04031,  -0.00728,  -0.04010,   0.03867,   0.01077,  -0.01877,  -0.02862,  -0.11395,   0.02390,   0.04359,  -0.02041,   0.06821,   0.00749,  -0.01056,  -0.03026,  -0.05652,   0.00420,  -0.04010,  -0.03682,   0.02554,  -0.03518,  -0.07457,   0.01897,  -0.03190,  -0.04667,   0.01077,   0.05672,  -0.08441,  -0.08770,  -0.02205,  -0.05980,  -0.01877,  -0.01221,   0.01077,   0.02554,   0.04195,   0.03539,  -0.05487,  -0.03846,   0.06985,   0.02882,   0.03046,  -0.08605,   0.02062,  -0.05323,  -0.03026,  -0.01549,  -0.02533,  -0.01877,   0.01733,  -0.00236,   0.05672,  -0.02533,  -0.02698,   0.00256,  -0.02533,   0.00092,   0.02390,   0.01897,  -0.02205,   0.02390,   0.00420,  -0.00400,  -0.03190,   0.01733,  -0.06964,   0.07313,   0.05016,  -0.04339,  -0.03846,   0.11252,  -0.05652,  -0.01549,  -0.02533,   0.05180,  -0.09918,   0.05016,  -0.04503,  -0.08113,  -0.01877,  -0.00236,  -0.02369,   0.05344,   0.00420,  -0.01056,   0.04031,  -0.05652,   0.04687,  -0.01056,   0.00092,  -0.10575,  -0.00892,   0.00749,   0.11088,   0.02882,   0.08954,   0.01897,   0.01077,   0.03539,  -0.06308,  -0.04339,   0.00420,   0.05836,  -0.03026,   0.00420,  -0.00072,  -0.02369,  -0.01713,  -0.09426,  -0.02205,  -0.04995,   0.01569,  -0.00072,  -0.05980,  -0.02862,  -0.01877,   0.02390,   0.06492,  -0.04667,  -0.00892,   0.02226,  -0.05323,   0.00585,  -0.03682,   0.01241,  -0.05323,   0.00092,  -0.00564,  -0.00892,   0.03539,  -0.00236,  -0.03026,   0.07641,  -0.03518,  -0.03026,  -0.06472,  -0.01056,  -0.01221,   0.11580,   0.01405,  -0.03518,   0.05344,  -0.04010,  -0.00564,   0.05836,  -0.02533,   0.04523,  -0.01713,   0.01405,   0.03867,  -0.01056,   0.09775,  -0.03846,   0.00420,   0.01897,   0.00585,   0.01897,   0.05836,  -0.02698,  -0.01221,   0.00256,   0.08134,  -0.02862,  -0.02862,   0.07313,   0.06657,  -0.01385,   0.01733,   0.01405,   0.04851,   0.02554,   0.08134,  -0.00072,  -0.05652,  -0.03846,   0.10267,  -0.03518,  -0.01385,  -0.02533,  -0.02205,   0.04687,  -0.00400,   0.02226,   0.02718,  -0.00236,  -0.03682,  -0.00236,  -0.03026,   0.05180,   0.05344,   0.03210,  -0.00564,   0.03539,  -0.12052,  -0.00072,  -0.03518,   0.08626,  -0.07129,  -0.01221,   0.00749,   0.04523,  -0.01056,   0.00913,  -0.01385,  -0.04503,   0.00585,  -0.07129,  -0.06636,   0.01897,   0.05836,  -0.01549,  -0.00072,   0.07805,   0.11416,   0.06000,  -0.05159,  -0.05652,   0.01241,  -0.00072,  -0.03026,   0.00585,   0.08790,  -0.01713,   0.00913,   0.08134,   0.05180,   0.02554,   0.11416,   0.01405,  -0.01385,  -0.05323,  -0.00400,  -0.03026,  -0.05487,   0.00585,  -0.06636,   0.01241,   0.04031,  -0.07457,   0.00092,   0.00585,  -0.02698,  -0.01713,   0.04359,   0.08790,  -0.02205,  -0.00564,   0.04359,  -0.00072,  -0.06144,  -0.02533,  -0.02698,  -0.05816,  -0.06308,  -0.03846,  -0.05159,  -0.02862,  -0.00236,   0.04359,  -0.03518,   0.07149,  -0.00892,  -0.06964,  -0.06308,   0.01569,   0.07477,  -0.05980,  -0.01056,  -0.07785,   0.05672,   0.05508,   0.03374,   0.01569,  -0.03846,   0.02718,  -0.03846,  -0.04503,  -0.04010,   0.01733,   0.04851,   0.05836,  -0.06964,  -0.02862,  -0.00400,   0.01897,   0.05344,  -0.00564,  -0.02205,   0.02226,  -0.04995,   0.00913,  -0.01877,   0.01897,   0.07477,   0.01897,  -0.03190,  -0.00892,   0.00585,   0.02554,  -0.02041,  -0.05980,  -0.05159,  -0.00236,   0.02062,  -0.05652,  -0.00400,   0.00420,   0.05344,  -0.01549,   0.00913,  -0.02369,  -0.04175,  -0.03026,   0.04195,  -0.02533,   0.02554,  -0.03846,   0.01733,   0.04523,  -0.00564,   0.03374,  -0.01549,  -0.02369,  -0.01056,   0.05508,  -0.03518,   0.04851,   0.06492,   0.05508,  -0.01221,  -0.01549,   0.04851,  -0.02533,   0.00420,  -0.01877,  -0.10411,  -0.01877,  -0.01713,   0.03046,  -0.02862,  -0.00072,  -0.12052,   0.02062,  -0.02533,  -0.04339,   0.00585,  -0.04339,   0.02390,   0.01241,  -0.02369,   0.03210,   0.01569,   0.02226,  -0.00728,   0.01733,   0.09282,  -0.06472,  -0.04995,   0.02882,  -0.04339,   0.03539,  -0.03846,   0.01569,   0.07805,  -0.02533,   0.04195,  -0.01385,  -0.06636,  -0.07621,   0.06000,   0.02226,  -0.05159,  -0.04175,  -0.13693,   0.00585,   0.00913,  -0.02369,  -0.02041,   0.03703,  -0.02369,  -0.04995,   0.00256,  -0.06472,  -0.02862,  -0.04995,  -0.00400,   0.00092,   0.00092,  -0.00072,   0.10759,  -0.04831,  -0.10575,  -0.09426,   0.00585,   0.00420,  -0.06964,   0.01733,   0.02062,   0.01077,   0.01569,  -0.04831,  -0.01221,  -0.01877,   0.03867,  -0.00400,  -0.07949,  -0.02205,   0.03867,   0.05508,  -0.00728,   0.02226,   0.05836,   0.03046,   0.09118,   0.00749,   0.01733,   0.01897,  -0.05652,   0.03046,   0.00749,   0.00913,   0.06328,  -0.08277,   0.03046,   0.10103,  -0.02862,   0.01077,  -0.02698,  -0.03354,   0.05180,  -0.00236,  -0.03354,   0.10431,   0.06657,   0.07477,  -0.00072,   0.01569,   0.05016,  -0.06964,   0.00420,  -0.07129,  -0.08934,  -0.03682,   0.00092,   0.05344,  -0.02369,   0.00585,   0.01897,   0.02226,  -0.03682,   0.01405,  -0.08770,  -0.05816,  -0.01385,   0.02062,   0.00585,   0.00420,  -0.01056,   0.05508,   0.05180,  -0.08113,  -0.11067,  -0.00400,   0.01733,   0.10595,   0.06492,   0.00092,  -0.04010,   0.05344,   0.02226,   0.00092,   0.05672,  -0.05980
   0.00913,   0.05508,  -0.07457,   0.00749,  -0.06144,   0.01569,  -0.02862,   0.03703,  -0.02369,   0.00420,  -0.00072,  -0.00728,  -0.02205,  -0.00072,   0.02062,   0.02882,   0.07969,   0.01405,  -0.00072,  -0.00400,  -0.01713,  -0.03518,  -0.05816,  -0.08113,   0.00585,  -0.05159,  -0.05159,   0.02718,   0.01897,   0.01897,   0.03867,  -0.00564,  -0.09590,  -0.02369,   0.07805,  -0.01385,   0.01569,   0.03046,   0.03210,   0.07313,   0.00256,   0.08134,  -0.00564,  -0.00728,   0.05344,   0.06328,  -0.03518,   0.01077,  -0.00236,   0.01077,   0.02554,   0.01569,   0.04359,  -0.00400,   0.09282,   0.01405,  -0.04339,   0.01897,  -0.06800,   0.03703,  -0.01221,  -0.00072,   0.04359,  -0.04175,   0.00913,   0.02718,   0.00749,   0.03867,  -0.02698,  -0.04831,  -0.01549,   0.00256,   0.02062,  -0.02533,  -0.02205,  -0.00072,  -0.07621,   0.01897,  -0.07457,  -0.03190,   0.06657,  -0.00236,   0.00585,   0.00092,   0.00256,  -0.11888,  -0.00728,   0.07969,  -0.05487,   0.01569,  -0.00564,   0.07477,  -0.00236,   0.01733,  -0.03518,  -0.04667,  -0.00072,   0.02390,  -0.07949,  -0.05652,   0.00585,  -0.01385,   0.00092,  -0.01713,  -0.02698,  -0.05323,  -0.04010,  -0.01549,   0.01405,  -0.04339,   0.02882,  -0.07129,  -0.03846,  -0.06800,   0.05836,   0.01241,   0.01569,  -0.01221,   0.01241,   0.01241,  -0.00892,   0.02062,  -0.02862,   0.03210,   0.01405,   0.07313,   0.00913,   0.02062,  -0.04995,   0.04031,   0.05672,   0.05180,   0.01405,   0.02062,  -0.03026,   0.01241,  -0.04831,  -0.05652,  -0.03518,   0.00749,  -0.07949,  -0.02862,  -0.00400,   0.02390,   0.04195,   0.06985,   0.05344,  -0.00400,  -0.05487,   0.03374,   0.02554,   0.04687,   0.06492,  -0.01549,  -0.03026,  -0.05159,  -0.01221,  -0.04503,   0.00256,   0.03210,   0.01897,   0.06821,   0.01405,  -0.02205,  -0.01385,  -0.05816,  -0.01385,   0.00913,  -0.01056,  -0.00236,  -0.00400,   0.06164,   0.01897,  -0.04175,  -0.00236,   0.03539,   0.04523,   0.06000,   0.02882,  -0.02862,  -0.01549,   0.07313,   0.06985,  -0.00236,  -0.03026,   0.03867,   0.08298,  -0.00400,  -0.04503,   0.06657,  -0.02205,  -0.02205,   0.06985,  -0.02862,  -0.01221,   0.01077,   0.00256,  -0.00564,  -0.05159,   0.03703,  -0.00892,  -0.02698,  -0.02369,   0.02554,  -0.00892,   0.03867,   0.06821,   0.00092,  -0.01385,  -0.03682,  -0.04339,  -0.02698,  -0.00728,  -0.04175,  -0.00892,   0.00585,   0.04851,  -0.06636,  -0.03354,   0.04523,  -0.02698,  -0.05652,   0.06492,   0.00092,  -0.01385,  -0.00072,  -0.00892,  -0.02369,  -0.08770,  -0.00400,  -0.08605,  -0.06308,   0.00585,  -0.04175,   0.00585,  -0.00400,  -0.00892,  -0.00400,  -0.05323,  -0.02205,   0.03867,   0.03374,   0.01405,   0.00420,   0.02882,   0.01569,   0.09282,   0.03210,  -0.08441,   0.04359,  -0.02369,  -0.04010,   0.01405,  -0.06800,  -0.00236,   0.00420,  -0.01877,  -0.04339,  -0.06636,   0.01077,   0.06657,  -0.03846,  -0.02369,   0.01897,  -0.07129,  -0.01056,   0.00585,   0.02390,   0.03539,   0.02390,   0.00092,   0.02718,   0.03867,  -0.07457,   0.04359,  -0.06308,  -0.05980,   0.00585,   0.00092,   0.01405,  -0.09426,  -0.03354,   0.03703,  -0.01549,  -0.00564,   0.06657,  -0.04339,   0.04195,  -0.06308,   0.03867,   0.02390,   0.04359,   0.03374,   0.02554,  -0.07621,   0.02882,   0.08462,   0.06821,  -0.04175,  -0.04503,  -0.06636,   0.01077,   0.02062,   0.04523,  -0.06308,   0.00585,  -0.02041,   0.06000,   0.07969,   0.11908,   0.05672,   0.06492,   0.01405,   0.02554,   0.04687,   0.08462,   0.04031,  -0.02862,   0.01569,   0.00913,   0.00420,   0.08462,  -0.05487,  -0.02041,  -0.05323,  -0.06144,   0.04195,   0.04359,  -0.03026,   0.04687,   0.00420,  -0.01385,   0.00092,  -0.01713,   0.02226,   0.00749,   0.00256,   0.03539,  -0.02862,   0.03703,   0.01405,  -0.06472,  -0.00400,   0.03374,   0.04031,   0.00585,  -0.04010,   0.03539,  -0.04995,  -0.01549,   0.06985,   0.01733,   0.03210,  -0.03518,   0.02718,   0.06657,  -0.00400,   0.01897,  -0.05652,  -0.03190,  -0.01056,  -0.00236,  -0.01877,  -0.03190,   0.04359,  -0.02205,  -0.02698,  -0.04339,   0.01733,   0.02390,   0.05508,   0.02554,  -0.00236,  -0.00236,   0.06328,  -0.02041,   0.03539,   0.04195,   0.02718,  -0.00728,   0.07149,  -0.02205,  -0.03518,  -0.04503,  -0.01056,  -0.00728,  -0.02862,   0.06657,   0.02062,  -0.00072,   0.07149,   0.04195,  -0.04503,   0.00092,   0.00585,   0.03867,  -0.01713,  -0.04995,   0.03539,  -0.00400,   0.01405,   0.02226,   0.02390,   0.01077,  -0.03026,  -0.00728,   0.06985,   0.06985,   0.06000,  -0.04175,   0.03374,  -0.06636,   0.00913,  -0.00892,  -0.03682,  -0.01549,   0.01897,  -0.14185,  -0.03026,   0.09775,   0.03539,  -0.01385,   0.00420,   0.06000,  -0.00072,   0.00420,   0.05508,   0.02062,   0.00256,   0.04687,  -0.06308,   0.03046,   0.01897,  -0.04667,  -0.00892,   0.02718,   0.01077,   0.03210,   0.03374,  -0.04831,  -0.04667,  -0.00400,   0.02226,   0.06328,   0.02226,  -0.03846,   0.09118,   0.06000,  -0.07129,   0.01733,  -0.02862,  -0.04339,   0.00585,  -0.01713,  -0.02698,   0.01405,   0.04359,   0.03046,  -0.03682,   0.00256,  -0.04995,   0.05836,  -0.01221,  -0.03026,  -0.03026,  -0.02533,  -0.02041,   0.02718,  -0.02533,  -0.03518,  -0.01385,  -0.04175,  -0.03026,  -0.00236,  -0.00072,  -0.02041,   0.03046,  -0.00564,  -0.00564,   0.02390,  -0.03518,  -0.06964,  -0.01385,   0.03210,   0.01241,  -0.06144,  -0.04503,   0.01733,   0.07641,   0.01405,  -0.00728,   0.04687,  -0.04339,   0.03374,   0.00092,   0.02554,   0.03210,  -0.05980,  -0.08277,   0.00913,   0.01077,   0.01241,  -0.00400,   0.02718,   0.03539,  -0.02533,   0.07805,   0.01241,   0.02554,   0.07805,  -0.01056,   0.03867,   0.09775,  -0.03354,   0.04523,  -0.02205,   0.00749,   0.02882,   0.00913,  -0.04010,   0.00256,  -0.04831,  -0.04667,   0.00585,  -0.02041,   0.06657,  -0.03682,   0.00749,  -0.06308,   0.06000,  -0.00400,   0.05672,   0.00256,  -0.01713,   0.04195,  -0.07129,   0.06328,  -0.03846,  -0.09262,  -0.02862,  -0.05323,   0.01897,   0.04195,  -0.05323,   0.02554,   0.01241,   0.05180,   0.02390,  -0.01713,  -0.02041,   0.06164,   0.05344,   0.02226,  -0.07949,   0.06328,  -0.04667,  -0.04010,   0.00256,   0.10431,   0.04359,  -0.06308,   0.00092,  -0.00400,  -0.08277,  -0.03354,  -0.00564,  -0.02533,   0.06000,  -0.08441,  -0.03846,  -0.03518,  -0.06800,  -0.01549,   0.00420,   0.04851,   0.01569,   0.04851,  -0.01713,   0.03703,  -0.03518,   0.04851,  -0.05652,   0.00256,   0.01897,   0.01405,  -0.01713,   0.04687,   0.03703,   0.00913,   0.01077,   0.02882,   0.03867,   0.01405,   0.02062,  -0.04503,  -0.05816,   0.03867,  -0.08441,   0.12729,   0.01733,  -0.04010,   0.05672,   0.02062,  -0.02369,   0.01241,  -0.05323,   0.00092,   0.04359,  -0.04339,   0.03210,  -0.05487,   0.04031,   0.00585,  -0.05323,   0.04195,  -0.01221,  -0.04503,   0.08790,  -0.02533,  -0.00564,   0.01897,   0.01405,  -0.02041,  -0.01221,   0.06000,   0.03210,  -0.00400,  -0.07621,   0.03703,   0.00420,   0.05344,   0.00256,   0.03046,   0.00913,  -0.06800,  -0.04667,  -0.04667,  -0.01056,   0.04359,   0.00420,  -0.06800,   0.02390,  -0.05323,  -0.00072,   0.01241,   0.04687,  -0.02205,  -0.03682,  -0.03846,   0.01733,  -0.00892,  -0.00892,  -0.00072,  -0.02533,  -0.02533,   0.02390,  -0.02862,  -0.02862,   0.04851,   0.00749,   0.06657,  -0.06800,   0.00913,   0.00585,  -0.01056,   0.07641,   0.01733,  -0.07293,  -0.04175,   0.02882,   0.02390,   0.08134,   0.01733,   0.04523,  -0.03518,  -0.08441,  -0.00072,   0.00420,  -0.00400,  -0.01549,  -0.05980,   0.05344,   0.06985,  -0.01713,   0.05344,  -0.03354,   0.00256,  -0.01549,   0.08462,   0.09282,   0.00092,  -0.00728,  -0.02369,  -0.02533,   0.01241,   0.04687,   0.03210,   0.06821,   0.01077,   0.04523,  -0.04667,   0.06000,   0.01733,   0.05180,   0.01897,  -0.01549,   0.00585,  -0.00728,  -0.05980,  -0.01221,  -0.02205,   0.03539,  -0.01056,  -0.01385,  -0.06636,  -0.05980,   0.03046,   0.05180,  -0.02205,  -0.02369,   0.00256,   0.02226,   0.04195,  -0.03354,  -0.04339,   0.00749,   0.03374,  -0.04010,   0.03374,  -0.06472,   0.01405,   0.04687,  -0.07457,   0.03210,   0.03703,   0.01077,   0.05836,  -0.00400,   0.05836,  -0.03190,  -0.02369,  -0.04175,   0.03703,   0.07149,  -0.01056,   0.06492,   0.08462,   0.04031,   0.00749,   0.03703,   0.02390,   0.02390,   0.00092,  -0.00400,  -0.00728,   0.13713,   0.09118,   0.04359,  -0.07785,   0.04359,  -0.04010,  -0.01549,  -0.01056,   0.01077,   0.01241,   0.01569,   0.01077,   0.00256,   0.01241,  -0.03518,  -0.04175,  -0.03026,   0.04359,   0.02226,  -0.03846,   0.06000,  -0.04339,  -0.07621,  -0.01385,  -0.01549,  -0.05980,  -0.01713,  -0.03518,  -0.00400,  -0.01221,  -0.06964,   0.04851,  -0.04503,  -0.03026,   0.15354,  -0.04175,  -0.00728,   0.04031,  -0.00072,  -0.00072,   0.03539,  -0.06964,  -0.02369,   0.03867,   0.01733,   0.00092,   0.06985,   0.02554,   0.03046,   0.00420,  -0.04831,   0.02718,   0.03046,   0.01733,   0.04195,  -0.02533,  -0.04339,  -0.00400,   0.02718,  -0.01385,  -0.01221,  -0.02862,   0.02390,  -0.02205,   0.04851,  -0.06308,   0.06821,  -0.01385,   0.04031,   0.00092,  -0.01385,   0.02062,  -0.04010,   0.02718,   0.00420,  -0.03682,  -0.09098,  -0.04339,   0.04031,  -0.00892,   0.02226,   0.01897,   0.00585,   0.01897,   0.01241,  -0.04995,   0.02226,  -0.01713,   0.08954,   0.03539,  -0.08277,  -0.01056,   0.05180,  -0.05980,   0.02718,  -0.01877,  -0.04995,  -0.04995,  -0.02205,  -0.01713,  -0.01056,   0.02390,  -0.02041,   0.04031,   0.03867,  -0.04010,  -0.05487,   0.03374,  -0.06144,   0.02390,  -0.06144,  -0.06144,   0.01077,  -0.01549,  -0.00400,   0.00913,  -0.01056,   0.00420,   0.04195,  -0.00728,  -0.01549,   0.02062,  -0.07785,  -0.07621,  -0.01221,  -0.02862,  -0.10247,   0.00749,  -0.03354,  -0.00564,  -0.01549,  -0.01549,  -0.00400,  -0.01877,  -0.00072,  -0.06636,  -0.03354,  -0.02205,   0.02390,   0.02062,   0.01897,  -0.01549,   0.01077,   0.01733,  -0.04175,  -0.03026,   0.07149,  -0.03846,  -0.02369,   0.04687,   0.00420,  -0.05323,   0.02554,   0.01733,   0.02718,   0.05344,   0.06000,   0.00749,  -0.02862,   0.01897,   0.01569,   0.00420,  -0.00236,  -0.00072,   0.02882,   0.01897,   0.01077,   0.05508,  -0.02698,   0.02226,   0.03210,   0.04851,   0.02718,  -0.04339,   0.01077,   0.03703,   0.01405,   0.02554,  -0.01877,   0.03046,   0.01733,  -0.04010,  -0.01221,  -0.07293,   0.02226,   0.02718,  -0.02698,   0.01405,  -0.05159,  -0.00236,   0.06000,  -0.02862,   0.01077,   0.03210,  -0.08277,   0.04687,   0.04195,   0.00256,  -0.04831,  -0.02369,  -0.00236,  -0.02205,  -0.02533,  -0.02698,  -0.05159,  -0.00236,  -0.07457,  -0.00728,   0.07477,  -0.03846,  -0.04995,   0.00749,   0.01569,  -0.00400,  -0.01221,  -0.03518,  -0.01713,  -0.00564,   0.06164,  -0.03026,   0.02882,  -0.05816,  -0.07949,  -0.04175,  -0.03354,  -0.05487,   0.01897,   0.04031,   0.00585,   0.02554,   0.00256,  -0.00564,  -0.03846,   0.04851,   0.01569,   0.02390,   0.01241,  -0.03354,  -0.04831,   0.02062,  -0.00564,  -0.05159,  -0.04995,  -0.06308,   0.03703,   0.00913,   0.05836,  -0.03354,   0.07641,   0.04359,  -0.00400,   0.07313,   0.00256,   0.02062,   0.03374,  -0.01385,  -0.01056,  -0.05980,   0.00256,   0.09118,  -0.09262,   0.00256,   0.01897,   0.05344,   0.03210,   0.04687,  -0.03518,   0.03867,  -0.02041
  -0.01549,   0.01569,   0.05508,  -0.01221,  -0.10575,   0.05508,   0.00585,  -0.01549,  -0.00728,   0.06328,   0.05180,  -0.00892,   0.00585,   0.04359,   0.03867,   0.06164,  -0.04503,  -0.01385,  -0.04503,  -0.00728,   0.02718,   0.09611,  -0.01385,   0.05672,  -0.03682,  -0.00728,   0.04359,  -0.01713,  -0.01221,  -0.03846,  -0.03846,  -0.00236,  -0.00236,  -0.03354,  -0.05980,  -0.02205,   0.05180,  -0.04339,  -0.01221,  -0.05487,   0.10923,   0.01405,   0.08954,   0.02062,   0.00420,  -0.00072,  -0.05652,   0.04851,   0.05672,   0.08790,  -0.01549,  -0.00400,   0.02226,   0.00749,   0.01897,  -0.01221,   0.03867,   0.07149,   0.03539,   0.01569,  -0.03354,  -0.00564,   0.04687,   0.10103,   0.00749,  -0.03026,   0.05344,  -0.06472,   0.01077,  -0.01056,  -0.02533,   0.01241,   0.06328,   0.06985,   0.05672,  -0.05980,  -0.03354,   0.01897,   0.00420,  -0.06472,  -0.03682,   0.06328,   0.01077,  -0.02369,   0.00749,   0.06492,  -0.05816,   0.02718,   0.04523,   0.03703,   0.04031,  -0.07129,  -0.03026,   0.01077,  -0.00892,  -0.02698,  -0.02041,  -0.03846,  -0.04503,   0.06328,  -0.00892,  -0.00564,   0.02554,  -0.05816,   0.00749,   0.02718,  -0.12380,   0.00913,   0.06657,  -0.00892,   0.09611,   0.05180,  -0.02041,   0.01077,  -0.03354,   0.10267,   0.09282,  -0.08770,   0.06821,   0.02062,  -0.08770,   0.03046,   0.00256,  -0.00400,   0.00749,  -0.04010,   0.00420,   0.01569,  -0.01385,  -0.07293,  -0.01221,  -0.00728,   0.10595,   0.05016,  -0.01385,   0.01241,   0.02226,  -0.01713,   0.00585,   0.00913,  -0.06800,  -0.03354,   0.05344,  -0.04175,  -0.03190,  -0.00728,   0.06821,   0.07149,   0.06000,  -0.04339,   0.06985,   0.01405,  -0.01056,   0.03703,   0.02554,   0.01241,  -0.00892,  -0.01713,   0.02226,  -0.01713,  -0.04010,  -0.00728,   0.05180,  -0.02205,   0.03867,  -0.04995,   0.05016,   0.04687,  -0.00892,  -0.02369,  -0.00892,   0.04031,  -0.02041,  -0.00892,  -0.06800,  -0.04339,   0.02718,   0.05180,  -0.03190,  -0.02698,   0.00420,   0.01241,   0.04195,  -0.04010,  -0.01056,  -0.03354,   0.03539,   0.00256,   0.03867,   0.00420,   0.00420,   0.08134,  -0.09754,   0.10103,  -0.04995,   0.00585,  -0.00072,  -0.07293,   0.06164,  -0.01549,  -0.03354,  -0.02205,   0.09118,   0.03539,   0.00913,  -0.04831,  -0.01549,   0.00749,   0.04851,  -0.00236,   0.03539,  -0.04010,  -0.04503,  -0.01385,  -0.00892,   0.04031,  -0.00400,   0.09775,   0.02226,  -0.01713,   0.10595,   0.03374,   0.04851,   0.02554,  -0.03682,   0.01405,   0.05836,   0.06000,  -0.01385,  -0.03354,   0.01241,  -0.09590,   0.01405,   0.02062,  -0.08605,  -0.03682,   0.00749,  -0.06636,  -0.03846,   0.07641,  -0.06308,  -0.00564,   0.00585,  -0.00236,   0.01897,   0.00092,   0.00256,   0.06657,   0.02882,   0.03867,   0.06164,  -0.07293,   0.02718,   0.02390,   0.00092,  -0.02698,  -0.02041,   0.01897,  -0.03026,   0.03210,   0.07313,  -0.02205,   0.03867,  -0.00236,  -0.01056,   0.08626,   0.00420,  -0.06964,   0.01405,   0.02554,  -0.06472,   0.03703,   0.05180,  -0.01221,  -0.01221,  -0.06800,   0.07805,   0.02554,  -0.01056,  -0.03026,  -0.03354,   0.03867,  -0.02533,   0.01733,   0.00420,   0.03210,  -0.01549,  -0.05980,   0.01733,   0.00092,   0.02062,  -0.06964,  -0.10247,   0.01569,   0.02390,  -0.03518,   0.01405,  -0.00564,   0.01569,  -0.01713,  -0.01221,  -0.07293,   0.03703,  -0.00564,  -0.02533,   0.00256,   0.02554,  -0.03518,   0.01405,  -0.04339,  -0.05980,  -0.12544,   0.11580,  -0.01713,  -0.01549,   0.04359,  -0.04503,   0.09939,   0.05016,  -0.01221,   0.03867,  -0.01713,  -0.07621,   0.01405,  -0.02698,  -0.02205,  -0.05487,   0.01569,   0.01241,  -0.02698,  -0.01056,   0.03539,  -0.06308,   0.02226,  -0.04831,   0.01077,   0.08954,  -0.03518,   0.03046,   0.05836,  -0.07785,  -0.07129,   0.03703,   0.02882,   0.05344,  -0.02041,   0.00092,   0.12236,  -0.05323,   0.07805,   0.00420,  -0.00564,  -0.00072,  -0.00728,   0.05016,  -0.03846,   0.03210,   0.02882,   0.00092,  -0.07949,   0.04031,   0.02554,  -0.00728,  -0.05980,   0.06492,   0.07969,  -0.03846,  -0.04339,   0.02226,   0.00092,  -0.06308,  -0.00892,   0.00749,  -0.02041,   0.01241,   0.00420,   0.03539,  -0.02205,  -0.01385,   0.02390,   0.00913,   0.05508,  -0.01221,   0.04031,  -0.02533,   0.05508,  -0.06308,   0.02062,  -0.00236,  -0.05159,   0.07313,   0.03210,   0.08298,  -0.06144,  -0.00728,   0.01241,  -0.00892,   0.06000,   0.02718,   0.00420,   0.00420,  -0.03026,  -0.08605,   0.04195,   0.06492,   0.04687,  -0.00236,   0.04687,   0.04031,   0.04851,  -0.07785,  -0.00236,   0.06985,  -0.04995,  -0.03354,  -0.05159,   0.02062,  -0.03682,  -0.04667,   0.02062,  -0.04339,   0.00913,   0.01405,  -0.00236,  -0.00892,   0.02882,   0.00256,  -0.03354,   0.03210,   0.00092,   0.05836,   0.01077,  -0.07949,   0.01241,  -0.13365,   0.01241,   0.01897,   0.00420,  -0.02041,   0.01405,   0.00913,  -0.05816,  -0.02698,  -0.05652,   0.00420,  -0.00728,  -0.03354,   0.02226,   0.03703,   0.04031,  -0.04503,   0.02226,   0.08462,   0.03867,  -0.02698,  -0.00892,   0.02390,  -0.04010,  -0.04831,  -0.02698,  -0.06144,  -0.02862,   0.05508,   0.03046,   0.06328,   0.00913,   0.08462,  -0.00564,   0.00256,  -0.01877,  -0.01221,  -0.05487,  -0.02698,  -0.01056,  -0.05980,  -0.02041,   0.05180,   0.00749,  -0.09754,   0.00420,   0.07477,  -0.03354,  -0.01221,   0.01569,  -0.04010,  -0.03846,   0.13713,   0.01733,  -0.07785,   0.03867,  -0.07129,   0.04851,   0.03867,   0.02882,   0.02390,   0.08134,  -0.02698,   0.02390,   0.02882,  -0.01877,   0.00749,  -0.01056,  -0.04010,  -0.01549,   0.02062,  -0.01877,  -0.02041,   0.03046,  -0.00728,  -0.03518,  -0.03354,   0.05836,   0.06985,  -0.00892,   0.05016,  -0.01385,  -0.04667,  -0.00400,  -0.04010,   0.05344,   0.01241,  -0.00236,  -0.02862,   0.05016,  -0.01877,  -0.07129,  -0.01385,  -0.05652,  -0.02533,  -0.01221,  -0.05816,   0.00585,   0.03867,  -0.05980,  -0.02698,  -0.01385,  -0.04831,   0.00256,  -0.10247,  -0.02205,   0.04031,   0.02062,   0.08626,   0.01241,   0.00913,  -0.00564,  -0.05487,  -0.03354,  -0.04667,   0.01733,  -0.05323,   0.04031,  -0.05816,   0.01733,   0.00256,  -0.04010,  -0.01221,  -0.10739,  -0.08770,   0.03539,   0.00092,   0.03046,   0.01405,  -0.06144,   0.04195,  -0.06472,  -0.03190,   0.00092,  -0.04339,  -0.03354,  -0.03846,   0.04851,  -0.05159,   0.02062,   0.05836,   0.00749,   0.02062,   0.05016,   0.04359,  -0.02041,   0.04359,   0.01405,  -0.02205,  -0.03682,   0.08626,  -0.06308,   0.00913,   0.03374,   0.00256,  -0.01221,  -0.02205,  -0.06144,   0.04687,   0.04523,  -0.02369,  -0.02862,   0.05836,   0.00913,  -0.04175,  -0.04010,   0.02390,   0.08954,  -0.00236,  -0.03026,   0.00749,   0.06164,   0.04851,  -0.08770,  -0.03846,   0.05672,  -0.01056,   0.00420,  -0.03190,  -0.02698,   0.02226,   0.04851,  -0.01549,   0.04687,  -0.04995,  -0.08605,   0.00420,  -0.04995,   0.04523,   0.01405,   0.10923,   0.03374,  -0.09918,  -0.03518,  -0.05980,  -0.01385,  -0.02041,   0.01733,  -0.08277,  -0.04831,   0.01077,   0.03046,  -0.02698,   0.00749,  -0.01713,  -0.02369,  -0.06308,  -0.05980,   0.04031,   0.02226,  -0.04995,  -0.03846,  -0.00564,   0.03374,  -0.04503,   0.04523,   0.01897,  -0.02533,   0.02882,   0.01897,  -0.02533,   0.01077,  -0.02041,   0.04359,   0.01077,  -0.00400,  -0.06636,  -0.05487,   0.03703,  -0.01877,  -0.01385,   0.06000,  -0.06144,  -0.01877,   0.07641,  -0.01056,   0.04031,   0.07313,   0.04523,  -0.01549,   0.02718,   0.05836,   0.00420,  -0.05816,  -0.07785,  -0.02041,   0.00749,   0.02226,  -0.06472,  -0.02533,  -0.01221,  -0.01056,   0.02390,   0.05836,   0.05016,  -0.00892,  -0.08770,  -0.03026,   0.02390,   0.04195,  -0.02533,   0.01241,  -0.07129,   0.04687,   0.04523,   0.02062,   0.02226,  -0.02698,   0.04687,   0.00420,   0.04031,  -0.08605,   0.06328,  -0.03682,  -0.04175,  -0.06144,  -0.04831,   0.06000,  -0.02862,   0.01241,  -0.00072,  -0.01385,  -0.05159,  -0.01056,   0.01405,  -0.03190,   0.03046,  -0.00728,   0.07149,  -0.07621,   0.00913,   0.06000,  -0.00564,  -0.01056,  -0.02205,  -0.02369,   0.00092,   0.05508,   0.06657,   0.06985,   0.05508,  -0.03518,  -0.06800,  -0.06144,   0.01569,   0.00256,  -0.01713,   0.09939,  -0.08441,  -0.02698,  -0.03518,   0.06164,   0.06657,   0.00256,  -0.03190,  -0.04503,  -0.02369,   0.00092,  -0.01877,   0.00913,   0.08462,  -0.01385,  -0.00728,   0.06821,   0.03703,  -0.02862,   0.03539,  -0.02041,  -0.00892,  -0.04995,  -0.01385,   0.08134,  -0.09426,  -0.02533,   0.07313,   0.03703,  -0.00236,   0.02554,   0.03046,  -0.06636,  -0.00564,   0.05016,  -0.06144,  -0.02862,  -0.10739,   0.00749,   0.03210,   0.01733,   0.03703,   0.00256,  -0.00400,   0.05016,  -0.00892,  -0.01385,   0.01077,  -0.02041,  -0.03518,  -0.09590,  -0.03518,  -0.07293,  -0.01877,  -0.04503,   0.01733,  -0.03682,   0.02718,   0.07969,  -0.00072,   0.01405,   0.00749,  -0.00892,   0.00256,  -0.03026,   0.00585,  -0.08770,   0.01077,   0.01569,  -0.01549,   0.06985,  -0.05652,   0.03374,   0.00420,  -0.01056,  -0.00400,  -0.02369,  -0.04503,  -0.00564,   0.08298,   0.03703,  -0.01549,  -0.01877,  -0.03354,   0.04687,   0.06821,   0.03210,   0.02226,   0.01241,  -0.01713,   0.02226,   0.00420,   0.06328,   0.00256,  -0.04667,   0.00585,   0.00585,  -0.04831,   0.04359,  -0.02041,   0.03374,  -0.08605,   0.00092,   0.02226,   0.03374,  -0.02369,  -0.03846,  -0.01877,  -0.02041,  -0.00400,  -0.02041,   0.02718,   0.04523,  -0.00236,  -0.02698,  -0.01713,  -0.02041,   0.01897,   0.05672,   0.02882,   0.01897,   0.01077,   0.08462,   0.08298,  -0.06144,  -0.01549,   0.06164,   0.03210,  -0.02533,   0.02718,  -0.01713,  -0.00564,  -0.03354,  -0.01549,   0.04523,   0.01897,   0.02718,   0.02226,   0.12729,  -0.04831,   0.07969,   0.04851,  -0.04503,  -0.03354,  -0.01221,  -0.05159,   0.02718,  -0.02369,  -0.02533,  -0.00564,   0.07477,  -0.09262,  -0.06800,   0.04195,   0.06328,   0.03539,   0.02390,   0.07313,   0.07641,  -0.07457,   0.06164,  -0.03682,   0.01733,  -0.02533,   0.01241,   0.03374,   0.06657,  -0.08113,  -0.02041,  -0.06636,   0.08134,  -0.02698,   0.00749,   0.09118,   0.04031,  -0.01549,   0.06821,  -0.08605,  -0.05652,  -0.01221,  -0.00564,  -0.07621,  -0.01877,   0.07477,   0.01569,  -0.01549,  -0.03026,  -0.00564,  -0.00072,  -0.06472,  -0.01549,   0.01897,   0.02718,  -0.03354,  -0.02533,  -0.05652,  -0.01221,  -0.01877,  -0.02862,  -0.01713,   0.01241,   0.00585,  -0.00400,  -0.02041,  -0.03026,  -0.03518,  -0.00236,   0.02062,  -0.04010,  -0.00728,  -0.01221,  -0.01713,  -0.03518,   0.01569,  -0.00892,   0.00256,  -0.00236,   0.05672,   0.04851,  -0.04503,  -0.03026,   0.01569,   0.00749,   0.06000,  -0.03026,  -0.06144,  -0.01221,   0.03867,  -0.03190,  -0.09098,  -0.03026,   0.03046,  -0.01056,   0.00420,   0.04359,   0.00420,   0.03210,  -0.03190,  -0.02862,  -0.02041,   0.02390,   0.13057,   0.04851,   0.00585,   0.00913,  -0.04995,  -0.04831,  -0.10903,   0.07969,  -0.02533,   0.02390,  -0.03518,  -0.00892,   0.08134,  -0.01385,   0.04195,   0.06821,   0.02882,   0.03374,   0.01733,   0.05016,   0.01897,   0.00749,  -0.00728,   0.01897,   0.05180,  -0.03846,  -0.02698,  -0.04995,  -0.02205,  -0.00892,   0.01405,  -0.00072,   0.01897,   0.04359,   0.00585,   0.00913,  -0.04175,  -0.00072,  -0.03026,   0.06328,   0.00585,  -0.00236
  -0.06964,  -0.00400,   0.03374,  -0.02041,  -0.05487,  -0.01713,  -0.03518,   0.00913,   0.14206,   0.01733,   0.12565,   0.04031,  -0.01221,   0.12400,   0.04523,  -0.00892,   0.03374,   0.01569,  -0.05652,   0.00913,  -0.02698,   0.05344,   0.00585,  -0.01056,   0.08790,   0.00256,  -0.02862,  -0.04010,   0.04851,   0.11252,   0.03867,   0.00092,   0.09446,   0.03539,  -0.02862,  -0.04175,  -0.03354,  -0.04175,   0.05672,   0.03867,  -0.00564,  -0.01549,   0.04851,  -0.04503,   0.03046,  -0.02698,   0.05180,   0.00420,   0.08626,   0.03539,  -0.04339,  -0.03846,   0.01405,  -0.04995,   0.04851,   0.01405,  -0.01385,   0.01569,   0.07641,  -0.00236,   0.00749,   0.06985,   0.01405,   0.05180,  -0.05652,  -0.05159,  -0.01385,   0.00913,   0.02390,   0.01241,   0.01077,  -0.01713,   0.08134,   0.04851,  -0.05816,  -0.01056,  -0.00892,  -0.04667,   0.02554,   0.04031,  -0.02698,  -0.02533,  -0.02205,  -0.01877,  -0.02041,   0.03210,   0.03046,  -0.02041,  -0.03190,  -0.01056,  -0.03682,  -0.02041,  -0.03518,  -0.05816,  -0.04831,   0.00585,  -0.06800,   0.00913,  -0.05323,   0.01733,  -0.02041,   0.02554,  -0.03354,  -0.00892,  -0.03846,  -0.02369,   0.02226,   0.02882,  -0.01549,  -0.08605,   0.00092,   0.03046,   0.00092,  -0.04010,   0.00092,  -0.03190,  -0.02041,  -0.00728,  -0.02369,  -0.03846,  -0.04667,  -0.03190,   0.01241,   0.03046,  -0.00892,   0.04359,   0.03539,  -0.03190,  -0.00564,   0.06000,   0.03539,   0.01077,   0.03046,  -0.06308,   0.01405,  -0.01549,  -0.00072,  -0.00564,  -0.00892,   0.00585,   0.08134,   0.04851,   0.06000,  -0.06472,  -0.01549,   0.03539,  -0.03354,  -0.07785,  -0.02533,  -0.01877,   0.01077,   0.01241,  -0.04503,  -0.04831,  -0.03518,  -0.02369,  -0.00072,   0.08954,  -0.03518,   0.00256,  -0.02698,   0.00256,  -0.01221,   0.04195,  -0.01056,  -0.03518,  -0.01056,   0.02882,  -0.01385,  -0.04503,   0.00420,  -0.01713,  -0.04667,  -0.05323,  -0.06800,  -0.01385,  -0.02041,  -0.00400,  -0.01713,   0.05672,   0.06328,   0.02390,   0.03539,   0.01733,  -0.03682,   0.01077,   0.01241,   0.00092,  -0.02041,   0.04851,  -0.02041,   0.02226,   0.03374,  -0.01877,  -0.01221,  -0.01877,  -0.05487,  -0.05487,   0.04195,   0.00420,   0.01405,   0.01897,   0.04031,  -0.07293,   0.00092,  -0.05980,  -0.00072,   0.00092,   0.06328,   0.02554,   0.05180,   0.05508,  -0.02041,   0.04851,   0.01405,  -0.06636,   0.01569,   0.07805,   0.01077,   0.00092,  -0.00072,  -0.04503,  -0.07129,   0.03046,   0.08134,   0.01077,   0.06164,  -0.01549,  -0.01221,   0.00092,  -0.08605,  -0.00400,   0.02882,   0.02390,   0.04359,  -0.00072,  -0.05487,  -0.00236,   0.03539,  -0.03846,   0.00420,  -0.01713,   0.06657,  -0.04339,  -0.01056,  -0.05652,  -0.04995,  -0.02041,  -0.03354,  -0.02698,  -0.09918,  -0.05323,  -0.02205,  -0.01877,  -0.00400,   0.02882,   0.01897,   0.07313,   0.03539,   0.01569,   0.00092,  -0.01713,   0.04687,   0.07149,   0.02718,   0.02718,   0.03703,  -0.07785,   0.01897,   0.00913,   0.05016,  -0.03026,  -0.07457,   0.03539,  -0.10082,  -0.03026,   0.04359,   0.10267,   0.06000,   0.03867,   0.01077,  -0.02205,  -0.00236,   0.03046,   0.00420,  -0.02862,   0.04687,   0.00749,  -0.05487,  -0.03354,  -0.05487,  -0.12380,  -0.06472,  -0.03518,   0.05180,  -0.08441,  -0.12544,  -0.00400,  -0.06800,   0.04851,  -0.00728,  -0.03026,   0.03539,   0.03867,  -0.00564,  -0.01877,  -0.05159,   0.01569,  -0.07129,   0.01077,   0.03374,   0.03867,  -0.02533,  -0.01385,  -0.10903,   0.07477,   0.07477,   0.00420,  -0.05159,   0.09446,  -0.04503,   0.05344,  -0.02533,  -0.04995,  -0.07129,  -0.03682,   0.02062,   0.00585,   0.01077,   0.03374,  -0.01385,  -0.01221,  -0.04503,  -0.10903,   0.03867,   0.00256,   0.01405,   0.03703,  -0.05159,  -0.04339,   0.02882,  -0.01221,   0.12072,   0.03046,  -0.01385,  -0.02862,   0.00585,   0.06328,  -0.05980,  -0.01549,  -0.05652,   0.01733,   0.04195,   0.12565,   0.03867,   0.03703,   0.02390,  -0.03190,   0.00913,   0.03539,   0.04031,   0.02390,  -0.01549,   0.04687,  -0.00728,  -0.02041,   0.01733,   0.07969,   0.01569,   0.04031,  -0.01713,  -0.06144,   0.01733,   0.02718,   0.03867,  -0.02533,   0.04359,   0.03539,  -0.09918,  -0.05323,   0.01897,  -0.06308,  -0.04667,  -0.02862,   0.10431,  -0.05159,  -0.02041,  -0.00072,  -0.08277,   0.04523,   0.02062,   0.00913,  -0.01713,   0.01733,   0.03374,   0.06985,  -0.03354,  -0.01221,  -0.04503,   0.02062,   0.02062,   0.06164,   0.06821,   0.02554,   0.00585,  -0.06964,  -0.02698,  -0.01056,   0.03210,   0.04195,  -0.00236,  -0.03518,   0.03539,  -0.10739,  -0.01221,   0.00256,  -0.04339,  -0.06144,  -0.01221,  -0.03682,  -0.02205,  -0.02862,   0.00749,   0.05508,   0.02226,  -0.02041,  -0.01221,   0.02226,  -0.03354,   0.05508,  -0.04175,  -0.00236,   0.01077,   0.03210,   0.01405,   0.09282,   0.01077,   0.02226,  -0.05652,   0.02390,   0.01569,  -0.00728,  -0.00236,  -0.03846,  -0.01385,   0.02718,  -0.03354,   0.02718,  -0.08934,  -0.00564,  -0.01549,  -0.03846,   0.06492,  -0.05652,   0.04359,  -0.08605,   0.01241,   0.03867,  -0.01877,   0.00092,   0.04687,   0.04851,   0.06821,   0.03374,  -0.00892,   0.00420,  -0.03190,   0.02062,  -0.01713,  -0.05487,   0.05180,  -0.00892,  -0.04010,  -0.07621,  -0.04339,   0.00420,   0.04851,  -0.01713,  -0.03190,  -0.00564,  -0.01385,   0.03867,  -0.05652,  -0.00072,   0.00092,  -0.03682,   0.04031,   0.01569,  -0.01385,  -0.04339,  -0.10247,  -0.06308,   0.01733,  -0.02369,  -0.04339,   0.05672,   0.03374,  -0.03518,   0.05180,   0.02718,   0.02062,  -0.05980,   0.02554,  -0.05652,   0.02390,  -0.05323,   0.01897,   0.03210,  -0.03682,   0.04523,  -0.03026,  -0.02533,  -0.00236,  -0.11231,   0.00749,   0.08790,  -0.00892,  -0.02533,  -0.04831,  -0.01056,  -0.04339,   0.03539,   0.04359,   0.06000,   0.01241,   0.03210,  -0.00400,   0.04851,  -0.05980,   0.02390,   0.04031,  -0.04010,  -0.05159,  -0.04175,   0.04031,  -0.04503,   0.02882,  -0.03354,  -0.02862,  -0.01877,  -0.01549,  -0.03518,  -0.00564,   0.01077,   0.01241,   0.01569,  -0.01056,  -0.07457,  -0.03682,   0.00256,  -0.04010,   0.02718,   0.00256,   0.01733,  -0.00236,  -0.02862,   0.00585,  -0.02862,   0.05672,  -0.06800,  -0.00892,  -0.04010,  -0.04010,  -0.05816,   0.02882,  -0.04995,   0.03539,   0.01405,   0.01569,  -0.06636,   0.00749,   0.00420,   0.06821,  -0.03518,   0.04523,   0.02390,  -0.01549,   0.00913,  -0.03518,  -0.00072,   0.02882,  -0.03682,  -0.06472,   0.08298,  -0.07129,   0.05016,  -0.04831,  -0.08113,  -0.05816,   0.00749,  -0.04339,  -0.00072,  -0.05652,   0.04031,  -0.00564,  -0.01549,   0.09446,   0.08134,  -0.00072,   0.01569,  -0.01056,   0.02718,  -0.01221,  -0.05159,   0.01077,  -0.02698,   0.06985,   0.01241,  -0.01385,  -0.09098,  -0.07621,   0.01077,  -0.05323,   0.01569,  -0.02205,  -0.03026,   0.07969,   0.04031,   0.02718,  -0.06964,  -0.02369,  -0.05652,   0.02882,   0.02718,  -0.04503,   0.03703,   0.05508,  -0.01549,  -0.00892,  -0.04831,  -0.06964,  -0.01549,   0.02882,  -0.09918,   0.06000,   0.03867,   0.04195,  -0.00236,   0.08298,  -0.01713,   0.00420,  -0.07457,   0.00092,   0.02882,  -0.01713,   0.00420,   0.00420,   0.03703,   0.02554,   0.00913,  -0.03354,   0.02062,  -0.03846,   0.10267,  -0.02369,  -0.02862,   0.03867,  -0.02369,  -0.00728,   0.04031,   0.00585,  -0.00072,   0.08954,   0.04851,  -0.06964,   0.04687,   0.04851,   0.00749,  -0.02205,  -0.04010,  -0.02369,   0.03210,   0.05672,   0.03539,  -0.00728,  -0.01221,   0.00092,  -0.03846,  -0.01713,  -0.04175,  -0.10247,   0.03867,   0.03046,  -0.03026,  -0.05980,  -0.02533,  -0.00728,  -0.09426,  -0.05816,  -0.08277,   0.02062,  -0.05323,  -0.03190,   0.02390,   0.06000,  -0.02533,  -0.08441,  -0.01877,   0.01897,  -0.02698,  -0.02369,   0.02390,  -0.00072,  -0.01385,   0.04195,   0.01241,   0.04031,  -0.07949,  -0.04995,   0.03867,  -0.10411,  -0.06636,  -0.00236,  -0.02205,   0.07313,   0.01569,   0.01897,   0.01077,   0.05836,   0.00420,  -0.00728,   0.07313,   0.06985,  -0.05980,  -0.02205,   0.06000,   0.00092,  -0.01221,   0.03374,   0.03539,   0.06492,   0.02554,   0.00913,  -0.07457,   0.00749,   0.05016,   0.09282,  -0.06636,  -0.02041,  -0.00564,   0.01405,   0.01733,   0.02718,  -0.04831,  -0.01713,  -0.01056,  -0.06472,  -0.01385,   0.00585,  -0.03518,  -0.09098,  -0.02369,   0.02390,  -0.03026,   0.04031,   0.03210,   0.01733,   0.03867,   0.06821,   0.04523,  -0.07785,  -0.04010,  -0.04503,  -0.01056,   0.04851,   0.05180,  -0.01221,   0.03374,  -0.02862,   0.04031,  -0.04339,   0.02390,   0.03374,  -0.05323,   0.01897,  -0.02862,   0.01897,   0.01405,   0.00420,   0.07641,   0.00256,   0.02390,  -0.03026,   0.03374,   0.00749,  -0.03190,   0.00585,  -0.01713,   0.03046,  -0.07129,  -0.07785,  -0.00892,   0.04851,  -0.04175,  -0.15170,  -0.00892,  -0.01056,  -0.02533,   0.05672,   0.00585,  -0.01713,  -0.07457,  -0.06964,   0.06985,  -0.01385,  -0.04995,  -0.01877,   0.04851,   0.00585,   0.00749,  -0.10082,  -0.06472,  -0.00564,   0.03374,   0.02718,   0.05180,   0.01077,  -0.04175,   0.04031,  -0.07457,   0.04687,   0.00092,   0.04195,   0.02718,  -0.05487,   0.00585,   0.04031,  -0.04831,   0.02226,   0.08298,  -0.01385,   0.04687,  -0.00892,   0.03539,   0.02718,   0.01405,   0.00092,  -0.04995,   0.01241,  -0.05323,   0.00913,  -0.00728,  -0.01056,   0.01077,   0.05180,  -0.02698,  -0.05816,   0.00420,  -0.00892,   0.05180,   0.12236,  -0.00728,   0.02718,   0.02390,  -0.00728,   0.02390,  -0.03026,   0.02390,  -0.03354,  -0.06800,  -0.03190,   0.01733,   0.02390,  -0.07129,  -0.02041,   0.06164,  -0.00892,   0.01897,   0.00092,   0.09118,  -0.04831,   0.09611,   0.01405,   0.01241,   0.00420,  -0.01549,   0.00585,   0.00749,  -0.05323,   0.00092,  -0.07129,   0.02226,  -0.02205,   0.00749,  -0.09754,  -0.01549,  -0.09426,   0.04687,   0.03703,   0.07313,  -0.02041,  -0.02205,  -0.05159,   0.09282,   0.04195,   0.12565,   0.01733,  -0.00072,   0.01077,   0.01241,  -0.01056,   0.00092,   0.03046,   0.01897,  -0.03518,   0.00749,   0.01077,   0.04851,  -0.02698,  -0.08605,  -0.08277,   0.05672,  -0.07457,  -0.04995,   0.00092,  -0.01877,   0.01241,  -0.02041,   0.02718,   0.00913,  -0.05980,   0.01897,  -0.05487,   0.04523,  -0.05487,  -0.06964,  -0.02369,   0.01241,   0.05672,  -0.04010,  -0.06636,   0.06985,   0.01241,  -0.05980,  -0.02533,   0.03046,   0.06328,  -0.03518,  -0.03354,  -0.03026,  -0.09918,  -0.04995,  -0.05487,  -0.01056,  -0.01221,  -0.04503,   0.03703,  -0.01056,   0.00913,   0.00256,  -0.01713,   0.03703,   0.00913,   0.03374,   0.03703,   0.09282,   0.06657,   0.04851,   0.02718,   0.08134,   0.11744,  -0.00892,   0.10595,   0.04195,   0.02390,   0.07969,  -0.02369,   0.00585,  -0.04503,  -0.02862,   0.04359,   0.08790,   0.00749,   0.02554,   0.01569,  -0.00236,  -0.10575,  -0.01056,   0.02718,  -0.02862,   0.00913,   0.00420,   0.06164,  -0.03190,  -0.02533,  -0.03682,  -0.01221,  -0.02533,   0.01733,   0.02226,  -0.01056,   0.08298,   0.02554,  -0.03026,   0.03867,   0.04523,  -0.03190,  -0.01713,   0.06657,   0.01405,   0.02718,  -0.03682,  -0.03846,  -0.07621,  -0.04010,  -0.03190,  -0.02862,   0.07805,  -0.09098,   0.00913,  -0.04667,  -0.03190,   0.08626,   0.02718,   0.03046,  -0.00564,  -0.01549,   0.08298,   0.06164,   0.01897,   0.05016,  -0.02041,  -0.01549,  -0.00728
  -0.05980,   0.00913,   0.06328,   0.00256,  -0.00236,   0.01569,   0.05508,  -0.04831,   0.01569,  -0.02205,   0.05508,  -0.03026,   0.03210,   0.03374,   0.00092,   0.00256,  -0.04831,   0.01569,   0.03539,  -0.01713,   0.00092,   0.05508,  -0.04667,  -0.03354,  -0.02533,  -0.00400,   0.01897,  -0.04010,  -0.02369,   0.00749,  -0.03026,   0.03374,   0.00913,   0.06328,  -0.06636,  -0.01221,   0.05344,   0.01569,   0.05180,  -0.05487,  -0.11559,   0.03539,   0.02062,   0.02226,   0.01733,  -0.09918,   0.02718,   0.06492,   0.02390,  -0.00400,   0.06821,   0.02718,  -0.02205,   0.02390,   0.07641,   0.02390,  -0.06144,   0.03703,   0.02882,  -0.00400,   0.03046,  -0.05980,   0.01077,   0.04523,  -0.08605,   0.03046,  -0.01385,  -0.01877,   0.03210,   0.00749,  -0.01056,  -0.00564,  -0.03354,  -0.01056,  -0.00400,   0.01077,   0.04523,  -0.05323,  -0.01056,   0.03867,  -0.00072,  -0.00072,   0.07641,  -0.03682,  -0.05159,   0.03867,   0.01405,  -0.01877,   0.04359,   0.00913,   0.05836,   0.05344,   0.06164,  -0.00236,  -0.02533,  -0.03682,   0.01405,  -0.09590,  -0.03846,   0.06821,   0.03374,  -0.04339,   0.05016,  -0.11724,   0.04195,   0.01569,  -0.01549,  -0.00892,  -0.02041,   0.02718,  -0.06144,  -0.01877,   0.06657,  -0.08113,  -0.07949,  -0.04010,  -0.01713,  -0.08934,  -0.00564,   0.02390,  -0.03354,  -0.03846,  -0.07129,  -0.03518,   0.02554,   0.00420,   0.02554,   0.03867,   0.07641,  -0.01221,  -0.05816,  -0.00564,   0.08626,   0.01077,   0.01241,   0.00092,  -0.04339,  -0.04667,   0.00913,   0.02554,  -0.03354,  -0.03682,  -0.01385,  -0.03846,  -0.03026,  -0.05980,  -0.02205,   0.01241,  -0.02041,   0.00420,   0.04851,  -0.01713,   0.04523,   0.05672,   0.00420,  -0.05816,   0.03867,   0.03210,  -0.02041,   0.01897,  -0.00564,   0.00420,  -0.02369,  -0.05980,   0.00420,   0.01077,  -0.10082,   0.05672,   0.01241,   0.09611,   0.05508,   0.01897,  -0.01056,   0.06492,  -0.02205,   0.01405,   0.03703,   0.04851,   0.03703,  -0.01713,   0.01077,  -0.00236,  -0.02041,   0.03210,   0.01733,   0.03867,   0.08462,   0.03374,  -0.04503,  -0.05159,  -0.03518,   0.03210,  -0.00892,   0.00256,   0.03374,  -0.08934,  -0.02369,   0.05836,  -0.00564,  -0.01221,  -0.06144,   0.07641,  -0.01056,  -0.00564,  -0.02041,   0.00092,  -0.01385,  -0.04831,  -0.05816,   0.00585,   0.02062,  -0.04667,  -0.02369,  -0.00892,   0.00913,   0.01897,  -0.01877,   0.03867,  -0.00728,   0.08462,   0.11580,   0.02390,   0.00585,  -0.01221,   0.00092,  -0.03026,   0.05344,   0.03539,  -0.02698,  -0.02369,  -0.00892,   0.01569,   0.07641,   0.07149,   0.08790,   0.04687,   0.01733,  -0.05159,   0.01241,  -0.03354,  -0.00236,   0.08954,   0.05180,   0.01241,  -0.02041,   0.03046,   0.03703,   0.06000,   0.05016,  -0.00564,  -0.02205,  -0.03682,  -0.02369,  -0.05980,  -0.02205,  -0.10082,   0.13385,  -0.01385,   0.02554,   0.09118,   0.05344,   0.00256,   0.06164,   0.04195,  -0.05980,   0.00092,   0.10759,  -0.02698,  -0.03354,  -0.00564,  -0.05816,   0.06985,   0.06000,  -0.02533,   0.00256,   0.06985,  -0.06472,  -0.02369,   0.06985,  -0.01549,   0.01241,   0.10431,  -0.06636,   0.05344,   0.00256,   0.02882,   0.00913,   0.03539,  -0.00072,  -0.01713,  -0.02862,   0.00913,   0.02226,   0.00749,   0.01897,   0.02718,   0.03210,   0.03703,   0.02718,  -0.01385,  -0.05487,   0.00420,   0.03374,  -0.01056,  -0.04503,  -0.01221,  -0.05159,  -0.01385,   0.04523,  -0.00400,  -0.02698,  -0.03846,  -0.04831,  -0.01877,  -0.02533,   0.03867,   0.03703,   0.00913,  -0.02041,  -0.04995,  -0.06636,   0.01733,   0.04687,   0.04523,  -0.01877,  -0.03026,  -0.01221,  -0.03354,  -0.03026,  -0.00892,   0.04195,   0.00749,   0.02226,  -0.01877,  -0.02205,  -0.05652,  -0.01056,   0.03046,  -0.04339,   0.03046,  -0.04667,   0.09775,   0.04195,   0.04359,   0.02718,   0.00749,   0.00913,   0.02062,   0.00092,  -0.01056,  -0.03354,  -0.00892,   0.01077,  -0.03682,   0.01405,  -0.00564,  -0.01221,   0.03210,   0.01569,  -0.03354,   0.00256,   0.09118,   0.02390,  -0.03518,  -0.02533,   0.09118,  -0.02369,   0.05508,   0.02882,  -0.04175,  -0.02698,   0.03539,  -0.01056,  -0.02205,   0.01077,   0.00420,  -0.02205,  -0.00728,  -0.03354,  -0.04667,  -0.06308,  -0.00400,   0.00913,  -0.03026,  -0.01713,  -0.01056,   0.01569,  -0.00892,   0.03539,  -0.03518,  -0.05816,   0.00420,  -0.00564,   0.01733,   0.00092,   0.03374,   0.06657,   0.01241,   0.05672,   0.06328,  -0.08113,  -0.02369,   0.02390,   0.03539,  -0.00072,   0.04031,   0.10759,   0.02554,  -0.06800,   0.00256,   0.07313,   0.00749,   0.04687,  -0.07457,   0.02718,   0.04195,  -0.01056,  -0.01385,  -0.05323,  -0.04667,  -0.03190,  -0.08113,   0.02062,  -0.01549,   0.00420,  -0.04175,   0.03867,   0.00092,  -0.03026,   0.03539,  -0.04831,  -0.01056,   0.01897,  -0.09098,  -0.04010,  -0.07129,  -0.05487,   0.01733,  -0.06144,   0.02554,  -0.03846,  -0.02533,  -0.05323,   0.00256,  -0.02533,   0.04359,   0.01569,   0.03703,  -0.08770,   0.07477,   0.02226,   0.02718,   0.05180,   0.01241,   0.03374,  -0.01056,  -0.06144,  -0.10903,  -0.02862,  -0.01056,  -0.02369,  -0.05487,  -0.00892,   0.03210,   0.02226,  -0.00564,   0.02882,   0.02882,   0.04031,   0.05016,   0.03046,  -0.00072,  -0.03026,  -0.00892,  -0.01385,  -0.02369,  -0.02041,   0.11908,  -0.01549,  -0.05487,  -0.02533,  -0.03026,   0.05016,  -0.03026,   0.03703,   0.07477,   0.01077,   0.06657,   0.04687,  -0.03190,   0.08298,   0.01569,   0.00913,   0.04359,  -0.04667,   0.06657,  -0.04010,   0.02718,   0.01241,   0.05016,  -0.07949,   0.05344,  -0.05487,  -0.08605,  -0.01221,   0.04851,   0.03210,   0.03210,  -0.05980,  -0.02205,   0.00913,   0.01733,   0.12236,  -0.00236,   0.03210,  -0.04339,  -0.06636,   0.02554,  -0.00400,   0.04687,  -0.01056,   0.03046,   0.05508,   0.01241,  -0.02862,  -0.02205,  -0.07621,  -0.00072,   0.07641,   0.01733,   0.03539,   0.01077,   0.03046,  -0.03190,   0.00913,  -0.04831,   0.01733,   0.04359,   0.03210,   0.05836,   0.03210,  -0.04667,  -0.01385,   0.00585,  -0.00072,  -0.00892,   0.01897,   0.02390,   0.00585,  -0.02533,  -0.05816,   0.02554,  -0.06800,  -0.04010,  -0.02698,   0.06492,   0.04359,  -0.02041,   0.05508,  -0.02369,   0.00749,   0.08790,  -0.01385,   0.00420,   0.03539,   0.00913,   0.01733,  -0.01221,   0.06164,   0.04687,  -0.03846,  -0.02041,  -0.06308,  -0.04667,  -0.02205,  -0.03354,  -0.06636,   0.03867,  -0.14513,   0.03374,   0.00420,   0.02226,  -0.04175,   0.02390,  -0.01713,   0.03046,  -0.04667,  -0.05652,   0.05344,   0.03867,   0.03046,  -0.03354,   0.00420,  -0.01385,  -0.03354,   0.01897,   0.07477,   0.01077,  -0.04503,  -0.02533,   0.00256,  -0.06308,  -0.10575,   0.04031,  -0.00564,  -0.03190,  -0.01385,  -0.00400,   0.01569,   0.03539,  -0.01549,   0.02062,  -0.00400,   0.08462,  -0.09098,   0.02062,   0.02062,  -0.02041,   0.06164,   0.08790,  -0.01549,  -0.05159,  -0.00236,  -0.02041,   0.04851,   0.01569,  -0.03026,  -0.00236,  -0.01056,   0.03046,   0.00913,  -0.00564,   0.00256,  -0.00892,  -0.02533,   0.02882,  -0.03846,  -0.05816,  -0.02533,   0.01733,  -0.00236,  -0.04339,   0.00256,   0.06657,   0.03539,  -0.04831,   0.00585,   0.04031,  -0.01549,  -0.06800,  -0.02041,   0.04195,  -0.05323,  -0.01385,   0.00092,   0.00092,  -0.01877,  -0.04010,   0.06164,  -0.01221,  -0.00072,  -0.04995,  -0.02369,   0.07149,  -0.07785,   0.00256,  -0.02205,  -0.10739,   0.10431,  -0.02041,  -0.09754,  -0.02205,   0.02390,   0.04851,  -0.08113,  -0.00564,   0.00256,   0.00749,   0.04523,   0.03539,   0.02062,   0.00585,   0.01733,   0.02554,  -0.02698,   0.05508,   0.01077,   0.00585,  -0.00564,  -0.05323,  -0.06472,   0.01897,   0.08134,  -0.01877,   0.10759,   0.05836,  -0.03026,   0.00092,  -0.04995,   0.03539,   0.04523,  -0.00072,   0.04523,   0.04359,   0.02718,   0.07477,   0.04523,   0.02062,   0.03867,   0.01897,   0.04359,  -0.02698,  -0.04503,  -0.03026,  -0.04010,   0.00256,  -0.02533,   0.01241,   0.01241,   0.01897,   0.06985,  -0.07293,  -0.02369,  -0.03682,   0.04031,  -0.02862,   0.00092,  -0.03354,  -0.03518,   0.04031,  -0.02698,  -0.02533,  -0.02369,  -0.03190,   0.05508,   0.01569,  -0.04339,  -0.01877,   0.05344,  -0.04175,  -0.01713,  -0.01385,  -0.03354,  -0.00236,  -0.04503,  -0.02205,   0.00256,  -0.01549,  -0.03682,   0.02554,  -0.01549,   0.04195,   0.00420,   0.01569,   0.05344,  -0.01713,  -0.01549,   0.04031,  -0.10575,  -0.01549,  -0.00072,   0.01733,  -0.02862,   0.02062,   0.02390,  -0.05159,  -0.06144,  -0.01549,  -0.01221,  -0.05816,  -0.03846,  -0.04503,  -0.05323,  -0.02205,   0.07477,   0.04687,   0.02554,   0.02226,  -0.00400,  -0.01056,  -0.03354,  -0.03026,  -0.02533,   0.06492,   0.01733,  -0.03354,   0.05180,  -0.05652,   0.03703,  -0.03190,  -0.01713,   0.03703,   0.02390,  -0.03682,   0.00913,   0.05672,   0.00749,  -0.06308,  -0.03026,  -0.02698,  -0.05323,   0.02226,  -0.02533,  -0.04831,  -0.00564,  -0.03190,   0.04523,   0.02554,   0.00749,  -0.10903,  -0.06964,  -0.00564,   0.06985,   0.02390,  -0.08605,   0.05508,  -0.03190,   0.01733,   0.00092,   0.01733,  -0.03190,   0.01897,  -0.01877,   0.04195,  -0.09426,   0.01733,   0.00092,   0.00749,  -0.00236,   0.05344,   0.03210,   0.01733,   0.10595,  -0.01221,  -0.07457,  -0.05487,  -0.05652,  -0.00892,   0.08954,   0.08462,  -0.07129,  -0.03354,   0.01077,  -0.02533,   0.00420,  -0.02698,   0.06492,   0.02226,  -0.01713,   0.03210,   0.00585,  -0.00072,  -0.00236,   0.04031,   0.06000,   0.06657,  -0.00400,   0.01897,   0.06821,   0.00256,   0.04031,  -0.01877,  -0.02862,   0.05016,   0.01733,   0.03703,  -0.04339,  -0.02369,   0.02062,  -0.12544,   0.12400,   0.01241,   0.07805,  -0.06636,  -0.02698,  -0.01056,   0.03374,  -0.08277,  -0.09918,   0.08790,   0.05836,  -0.02205,  -0.04667,  -0.01877,  -0.06308,  -0.06472,   0.02226,  -0.01056,  -0.01549,  -0.04831,  -0.05816,  -0.00400,   0.02062,   0.02718,   0.00585,  -0.01713,  -0.02698,   0.06492,  -0.01877,   0.04359,  -0.05816,   0.04851,  -0.06964,  -0.04667,   0.09118,  -0.00236,  -0.00072,  -0.07293,  -0.06800,  -0.00072,  -0.00564,  -0.03190,  -0.01549,   0.04523,   0.05508,   0.04195,  -0.02369,  -0.03026,   0.04031,   0.07149,   0.03210,   0.04851,  -0.07785,   0.05672,   0.06821,   0.00256,  -0.00236,   0.09775,   0.06328,  -0.00236,   0.06821,  -0.03682,   0.06492,  -0.06800,   0.02390,  -0.03518,  -0.01385,  -0.00564,   0.04359,   0.04031,  -0.00892,   0.03703,  -0.06308,  -0.02698,  -0.02205,   0.03210,   0.03210,   0.00256,   0.03539,   0.03046,  -0.05487,   0.05180,  -0.02698,   0.04359,  -0.03190,   0.02554,  -0.04503,   0.05344,   0.01569,  -0.04010,  -0.05159,   0.03046,   0.02390,   0.03210,  -0.02041,   0.00420,   0.03867,  -0.05323,   0.02226,   0.01405,  -0.04010,   0.03374,   0.07477,  -0.00564,  -0.06636,  -0.05323,  -0.06800,  -0.03518,   0.00913,   0.02554,   0.00092,  -0.02862,   0.01077,   0.03539,  -0.01713,  -0.05980,  -0.04339,   0.05836,   0.08462,   0.05180,  -0.00892,   0.06492,   0.02718,  -0.03518,   0.02062,   0.00420,  -0.04010,   0.05180,  -0.00072,  -0.06144,  -0.01221,   0.03210,  -0.00728,   0.00749,  -0.04831,   0.01733,   0.02390,   0.07149,   0.00256,  -0.04503,  -0.00892,  -0.00236,  -0.04339,  -0.03190,   0.06164,   0.03703,   0.02882,  -0.02533,  -0.01056,   0.05344,  -0.05159,   0.00092,   0.01241,   0.04195
   0.02226,   0.04523,   0.05672,  -0.01385,   0.01405,  -0.01713,   0.03046,  -0.09262,  -0.02369,  -0.00400,  -0.04503,   0.04851,   0.04523,  -0.03846,  -0.07457,   0.04195,  -0.01385,   0.08790,   0.00092,   0.00585,  -0.02862,  -0.01221,  -0.00728,   0.04523,   0.01241,   0.02554,  -0.02369,  -0.05816,   0.00092,  -0.05980,   0.07477,   0.01569,  -0.12708,  -0.01713,   0.02390,  -0.03354,   0.01241,   0.06164,  -0.00400,   0.06492,   0.04851,  -0.02205,  -0.06800,  -0.01713,   0.02718,   0.04851,   0.03867,   0.08954,   0.06164,   0.05016,   0.04031,   0.03374,  -0.04339,   0.00256,  -0.02533,  -0.02205,  -0.02205,   0.01405,  -0.02698,   0.01569,  -0.04503,  -0.04503,  -0.02698,  -0.00892,   0.03539,  -0.05323,   0.03374,   0.00256,  -0.06964,  -0.02041,   0.06000,   0.00749,   0.03046,  -0.00892,  -0.04831,   0.02062,  -0.00892,  -0.01056,  -0.03354,   0.05016,   0.00092,  -0.02369,   0.02226,  -0.02041,  -0.05159,  -0.00400,  -0.03682,  -0.01549,   0.04195,  -0.02369,   0.03210,  -0.00728,  -0.01549,  -0.05323,  -0.04503,   0.08462,  -0.00236,  -0.02369,  -0.07457,  -0.01221,  -0.01385,   0.00913,  -0.02533,   0.05344,  -0.00400,   0.12236,   0.00585,   0.01733,   0.06164,  -0.02698,   0.00256,   0.03539,  -0.02862,  -0.00892,  -0.01549,  -0.00072,   0.01897,   0.02718,   0.02062,  -0.02862,  -0.00236,  -0.04010,  -0.03026,   0.00585,   0.06821,  -0.06472,  -0.07949,   0.00256,   0.06000,   0.02226,  -0.06472,   0.01733,   0.05016,  -0.03026,   0.08462,  -0.00400,   0.00256,   0.01077,  -0.07293,   0.04359,   0.02062,   0.03374,  -0.00072,  -0.00236,  -0.03682,  -0.08605,   0.11252,  -0.03682,  -0.10082,  -0.07457,   0.01733,  -0.01877,   0.00092,  -0.02533,  -0.00400,  -0.00236,  -0.03190,  -0.00564,   0.05016,  -0.01385,   0.01897,   0.02390,  -0.01056,   0.04851,  -0.00892,  -0.00400,   0.05836,   0.00420,   0.03046,   0.04359,  -0.00728,   0.05508,   0.10103,   0.03867,   0.07969,  -0.03190,   0.01897,   0.11088,   0.02882,   0.01241,   0.00256,  -0.04010,  -0.06144,  -0.05816,  -0.04503,  -0.01385,  -0.02041,  -0.00564,  -0.01549,  -0.03518,  -0.02205,  -0.03518,   0.00749,   0.06492,  -0.01056,   0.01569,  -0.06800,  -0.01877,   0.07313,  -0.01549,  -0.04339,   0.01077,  -0.05159,   0.02554,  -0.00892,  -0.06800,   0.02554,   0.01569,   0.05836,   0.00420,   0.01569,  -0.04175,   0.02882,   0.05508,   0.04359,   0.09282,   0.05016,   0.04523,   0.05016,  -0.03846,  -0.00892,  -0.03682,   0.00585,   0.04031,  -0.00892,  -0.04503,  -0.01877,  -0.02698,   0.01569,   0.02062,   0.10267,  -0.07621,   0.08462,  -0.10411,  -0.00892,  -0.03518,  -0.01221,   0.01569,   0.03374,  -0.01056,  -0.03682,  -0.03846,   0.07641,  -0.04339,   0.03210,  -0.04339,   0.05344,   0.01077,  -0.01056,   0.07969,  -0.01877,   0.00585,   0.00585,  -0.05159,   0.03046,  -0.01877,  -0.04667,  -0.02533,  -0.00728,   0.01897,  -0.04339,   0.06000,   0.02718,   0.00913,   0.01077,   0.03867,  -0.06636,  -0.01385,   0.04195,   0.04195,   0.02062,   0.00256,  -0.00072,  -0.01221,  -0.01385,   0.04359,   0.04359,   0.03539,  -0.02205,   0.04687,   0.00420,   0.00092,   0.02718,   0.01733,   0.00092,  -0.00564,   0.03210,  -0.01713,  -0.03846,   0.05672,  -0.04175,   0.06000,  -0.02041,   0.00913,  -0.00400,   0.01077,  -0.04503,   0.02062,  -0.01221,   0.06657,  -0.00236,  -0.01056,  -0.08770,   0.03046,  -0.01713,  -0.01549,  -0.02862,  -0.10575,   0.02882,   0.06000,   0.02882,  -0.05159,  -0.00400,   0.00092,  -0.04503,  -0.03026,   0.02718,   0.00585,   0.03703,   0.00749,   0.01897,   0.06000,  -0.00564,  -0.03518,   0.07477,   0.01569,   0.00420,   0.01241,   0.01405,  -0.06800,  -0.05652,  -0.03518,  -0.00892,  -0.01877,   0.09118,  -0.00072,   0.04523,  -0.03190,   0.03046,   0.02062,   0.02062,  -0.05487,  -0.00564,  -0.03682,  -0.02205,   0.00913,   0.01241,   0.01569,   0.01405,   0.05836,  -0.01713,   0.02882,  -0.00400,   0.00420,  -0.02369,   0.06492,  -0.02862,  -0.10411,  -0.00564,   0.07641,   0.06985,   0.05016,  -0.08113,  -0.01877,  -0.00892,   0.00420,  -0.04339,  -0.04831,   0.06328,   0.06492,   0.02554,  -0.07785,   0.03046,  -0.00072,   0.02718,  -0.00728,   0.05180,  -0.01221,  -0.03682,   0.07805,  -0.03354,  -0.07621,   0.07969,  -0.01385,  -0.03846,   0.04031,  -0.02533,  -0.04503,  -0.08277,  -0.00564,  -0.04831,   0.03046,  -0.00564,   0.06657,   0.02226,   0.04031,  -0.08605,   0.04851,  -0.04010,   0.01733,  -0.03354,   0.09118,   0.02718,   0.02390,  -0.00728,  -0.00072,   0.02390,   0.02554,   0.02718,   0.03703,   0.01077,  -0.04831,   0.07641,  -0.04503,  -0.01221,  -0.03026,   0.03046,  -0.00072,   0.03703,   0.01897,   0.00420,  -0.05323,   0.10923,   0.01405,   0.03867,   0.02882,  -0.02533,  -0.02862,  -0.00564,  -0.02862,  -0.03026,  -0.04503,  -0.02698,  -0.07621,  -0.00400,  -0.00236,   0.00749,   0.07477,  -0.00564,   0.06164,  -0.02041,   0.07969,  -0.02698,   0.02226,  -0.07949,  -0.03518,  -0.09262,  -0.02369,   0.08298,   0.06657,  -0.00892,  -0.00400,   0.00749,   0.01569,  -0.00892,  -0.01385,  -0.08277,   0.09118,  -0.02369,  -0.01056,   0.03374,  -0.00400,   0.05180,   0.03867,  -0.04175,   0.05836,  -0.07293,  -0.03026,  -0.10082,  -0.04831,  -0.01056,   0.04687,   0.01733,   0.00913,   0.00913,  -0.02533,   0.04851,   0.06821,   0.02062,   0.04359,  -0.01549,  -0.06472,   0.00585,   0.00585,  -0.02533,  -0.00400,  -0.01056,  -0.02205,  -0.06308,   0.04359,   0.02390,  -0.08441,  -0.01713,   0.02554,   0.08134,   0.04359,  -0.02862,   0.05180,  -0.00892,   0.08134,   0.01405,  -0.06472,   0.07641,  -0.03682,   0.03539,  -0.04339,   0.01897,  -0.04503,   0.06000,  -0.00564,  -0.04010,   0.00749,   0.12072,  -0.03846,  -0.03518,  -0.00728,  -0.07621,   0.06000,   0.02718,   0.01569,  -0.06964,  -0.03354,   0.00749,   0.00256,  -0.06144,   0.07969,   0.03867,   0.02882,   0.03210,  -0.02369,   0.00585,   0.02554,  -0.02041,   0.03539,   0.00420,  -0.02698,   0.09611,   0.13713,  -0.05980,   0.02062,   0.09118,  -0.02041,  -0.07129,   0.00749,   0.00092,  -0.05816,  -0.06636,   0.02882,   0.00256,   0.09446,  -0.02369,   0.00913,   0.06821,   0.00913,   0.08954,  -0.01221,  -0.04667,   0.01241,  -0.03846,   0.03539,   0.01569,   0.02390,   0.05016,  -0.02369,   0.01733,  -0.06636,  -0.02533,   0.01733,   0.02554,   0.07313,  -0.00236,  -0.04667,  -0.04995,  -0.05980,  -0.00892,  -0.01713,   0.04031,   0.01241,  -0.06472,  -0.01385,  -0.00892,  -0.07457,  -0.06144,  -0.00892,  -0.03026,   0.02390,   0.01405,   0.01405,  -0.07949,  -0.07293,  -0.02862,   0.02882,  -0.06144,  -0.00892,   0.06492,  -0.07129,  -0.00564,  -0.01385,  -0.05159,   0.08954,  -0.02533,  -0.02533,  -0.03518,   0.00585,  -0.04995,   0.02882,  -0.03026,   0.00092,   0.04031,  -0.05159,  -0.01713,   0.00092,   0.04195,   0.04031,   0.01241,  -0.02698,   0.06000,  -0.01385,  -0.02533,  -0.01549,  -0.01385,  -0.00728,   0.00420,   0.02718,   0.06492,   0.02062,   0.02062,  -0.03190,  -0.00400,  -0.00400,  -0.02533,  -0.01713,  -0.07129,   0.00913,  -0.02862,  -0.03846,   0.02882,   0.00913,   0.00420,  -0.02862,  -0.02862,   0.02882,  -0.01713,   0.01405,  -0.01877,  -0.00400,  -0.03026,  -0.00728,   0.01241,   0.03539,  -0.01221,  -0.05652,  -0.00400,   0.01077,  -0.00072,  -0.02862,  -0.00072,  -0.00892,  -0.06800,   0.03703,   0.09611,  -0.05816,   0.03703,  -0.03026,   0.01077,   0.01897,  -0.00072,   0.01733,  -0.00728,  -0.06800,   0.00420,   0.08134,   0.02554,  -0.03682,  -0.03846,  -0.00072,   0.02226,   0.04851,   0.00913,  -0.04831,  -0.01549,  -0.03682,  -0.01877,   0.03046,  -0.03190,   0.05836,   0.06000,  -0.03846,   0.03046,   0.00913,  -0.03190,  -0.01713,   0.00420,   0.02226,  -0.01877,  -0.03518,   0.00913,   0.03374,   0.01897,   0.05344,   0.03046,   0.05344,  -0.08113,  -0.01221,   0.01077,  -0.00564,   0.04359,   0.02554,   0.01733,  -0.00892,   0.01733,  -0.04667,   0.04031,   0.00092,   0.05836,   0.01241,   0.04851,  -0.04010,  -0.00236,   0.06821,  -0.01056,  -0.01056,   0.02226,  -0.01056,   0.02226,   0.00256,  -0.05980,   0.01569,  -0.01877,  -0.03026,   0.01241,   0.01733,   0.07477,  -0.05816,   0.03374,   0.03210,   0.04359,   0.05836,   0.06328,  -0.05980,  -0.01877,   0.00420,  -0.05980,   0.05344,  -0.02862,  -0.02041,  -0.03846,  -0.12052,  -0.00400,   0.03374,   0.03210,   0.00585,  -0.03026,  -0.02698,  -0.01549,  -0.00236,  -0.04831,   0.02554,  -0.02698,   0.01405,   0.02226,  -0.05652,  -0.00728,  -0.02533,   0.05836,  -0.05159,  -0.00728,  -0.04995,   0.03703,   0.06985,   0.01569,  -0.04175,   0.01405,   0.04195,  -0.02698,  -0.02369,  -0.01056,   0.04687,   0.05344,  -0.06800,  -0.06800,   0.00092,   0.01405,   0.01733,  -0.02533,  -0.01877,  -0.06800,  -0.01713,   0.05836,  -0.02698,   0.01733,   0.07313,  -0.03518,  -0.10903,  -0.00892,  -0.00400,  -0.00728,  -0.04995,  -0.02698,  -0.01056,  -0.00072,  -0.05487,   0.08134,   0.03539,   0.04195,  -0.01221,   0.02390,  -0.03190,   0.04359,  -0.01549,  -0.03518,   0.04687,   0.02226,   0.01405,  -0.00400,  -0.04667,  -0.02369,   0.03539,   0.00420,   0.00913,  -0.05980,  -0.01221,  -0.05816,   0.01897,  -0.04831,  -0.05652,   0.02882,   0.04523,  -0.00236,  -0.06472,   0.00256,   0.00092,   0.06985,  -0.01221,   0.00749,   0.02718,  -0.01877,   0.02390,  -0.05487,  -0.01549,   0.01241,   0.02554,   0.05016,  -0.01385,  -0.00892,   0.07313,  -0.03518,  -0.04175,   0.00913,   0.08626,  -0.02205,  -0.04010,  -0.06800,   0.01241,  -0.04503,   0.02882,   0.02390,  -0.00728,   0.01569,   0.04687,  -0.08113,  -0.01877,  -0.08277,  -0.02041,   0.02882,  -0.00400,  -0.04010,  -0.01221,  -0.05323,   0.05672,  -0.02041,  -0.02533,   0.04687,  -0.05487,  -0.00072,  -0.04995,   0.02718,  -0.03026,   0.04359,  -0.05652,   0.02226,   0.00913,  -0.06964,  -0.01221,  -0.00400,  -0.04503,  -0.00564,   0.05180,  -0.05323,  -0.01385,   0.00420,   0.03539,   0.01241,  -0.01549,   0.02718,  -0.01549,   0.02062,   0.02062,   0.01897,  -0.03846,   0.02882,   0.05180,   0.00749,  -0.05323,  -0.00236,  -0.05323,  -0.01713,  -0.04010,   0.05836,   0.03374,  -0.02205,  -0.05323,   0.01733,  -0.02698,  -0.04010,   0.04195,  -0.05816,  -0.03026,   0.04031,   0.02062,  -0.02369,  -0.06144,  -0.06964,   0.05344,  -0.04175,  -0.02205,  -0.05980,   0.05344,  -0.02041,   0.05344,  -0.03518,  -0.01385,   0.01569,   0.07149,   0.01405,   0.01733,   0.01569,   0.05344,   0.05344,  -0.01221,   0.02390,   0.07313,   0.05344,  -0.03518,   0.05180,  -0.03026,  -0.03518,   0.01241,  -0.02698,  -0.04010,   0.03703,  -0.04339,  -0.05323,  -0.05816,   0.01897,   0.03703,   0.08298,   0.04359,  -0.00892,   0.01897,   0.05508,  -0.03190,   0.01077,  -0.03518,  -0.01877,  -0.06636,  -0.01713,   0.04359,   0.11908,  -0.02205,   0.03046,   0.00420,   0.00585,   0.00585,  -0.12052,   0.00256,  -0.00892,   0.04687,   0.03046,  -0.01385,   0.00092,   0.03046,   0.01405,  -0.02533,   0.00913,  -0.04995,  -0.00236,   0.00913,  -0.02369,  -0.00728,  -0.05816,   0.00256,   0.01897,  -0.00728,   0.06328,  -0.06308,   0.02718,   0.05508,   0.09611,  -0.02533,   0.00749,  -0.02041,  -0.00728,  -0.00236,  -0.03026,  -0.00072,   0.06000,   0.00913,   0.08462,  -0.00892,  -0.07621,  -0.04503,   0.03210,  -0.02533,   0.06492,   0.02226,   0.00749,  -0.01385,  -0.06144,   0.07969,  -0.00236,  -0.05816,  -0.06800,   0.00092
  -0.01385,  -0.02533,  -0.04339,   0.02062,   0.04031,   0.03539,   0.06328,   0.01569,   0.01077,   0.01897,  -0.03682,  -0.00236,   0.06328,   0.02882,   0.02390,   0.00092,   0.04523,  -0.02041,   0.10759,   0.00913,  -0.03190,   0.03210,  -0.04339,  -0.06800,   0.08790,   0.03046,  -0.00400,  -0.04995,  -0.00236,  -0.02698,   0.02554,  -0.02041,  -0.02041,   0.01077,  -0.01221,   0.01733,   0.04031,   0.00913,  -0.10739,   0.05344,   0.02390,   0.04359,   0.06000,   0.02718,   0.04195,   0.01897,  -0.02041,  -0.04339,  -0.00400,   0.01405,   0.07477,  -0.03026,  -0.00892,   0.00749,   0.00913,   0.02390,   0.04523,   0.02226,   0.05016,  -0.02205,  -0.00072,   0.03210,  -0.02698,   0.03867,  -0.00728,  -0.05980,  -0.02041,  -0.01549,  -0.01713,  -0.01056,  -0.00400,  -0.00400,   0.02226,  -0.01877,   0.04359,  -0.05980,   0.04687,  -0.05323,   0.00585,  -0.06308,   0.07969,  -0.02041,   0.07477,   0.09282,   0.02554,   0.00913,   0.03374,  -0.01549,   0.05016,  -0.00728,   0.01733,   0.01733,  -0.03846,  -0.00728,   0.02554,   0.10595,  -0.02041,   0.01569,  -0.00892,  -0.02205,   0.06000,  -0.06800,  -0.00400,   0.06000,   0.00749,   0.04523,   0.08462,  -0.00400,   0.00256,  -0.03518,  -0.01385,   0.02554,  -0.01713,  -0.05323,  -0.00400,   0.05672,  -0.00400,  -0.06308,   0.00585,  -0.04503,   0.00256,  -0.02862,  -0.02041,  -0.01877,   0.05016,  -0.01549,   0.11416,   0.06000,  -0.05159,   0.01569,  -0.01385,  -0.10739,  -0.03026,   0.03539,  -0.00892,  -0.03518,  -0.01877,   0.02390,   0.01897,   0.00092,   0.08134,   0.01733,   0.02226,   0.09446,  -0.02862,   0.01077,  -0.06472,  -0.03190,  -0.04831,   0.01405,   0.06821,   0.04851,   0.01897,   0.03867,  -0.01056,  -0.04175,  -0.03518,   0.01077,   0.03867,  -0.01877,   0.04195,  -0.03846,  -0.09426,  -0.03026,   0.06328,  -0.03190,  -0.03190,  -0.03846,   0.02554,   0.01897,   0.03539,   0.01733,  -0.03354,  -0.05159,   0.03046,   0.04359,   0.01569,  -0.05323,  -0.02698,  -0.13857,   0.07313,   0.01077,   0.03539,   0.07313,   0.05672,   0.02062,  -0.00564,  -0.01713,  -0.00236,   0.05180,   0.03703,  -0.04831,   0.06328,   0.06657,   0.12072,   0.02882,  -0.04503,   0.04523,   0.05180,  -0.00728,   0.02062,  -0.01056,   0.04031,   0.03539,  -0.05980,   0.01897,  -0.02205,   0.01569,  -0.01877,  -0.01385,   0.04031,  -0.02862,  -0.06144,   0.02062,   0.01569,  -0.00400,  -0.03354,   0.04031,   0.02226,  -0.06800,  -0.03026,   0.02226,   0.06657,   0.03703,   0.03210,  -0.00236,   0.00585,   0.03867,  -0.02041,   0.02882,  -0.00728,  -0.02698,  -0.02369,   0.02554,  -0.03846,  -0.09098,   0.06492,  -0.00728,  -0.04339,  -0.05159,  -0.00236,   0.06657,   0.00092,  -0.03026,  -0.03846,   0.04195,  -0.09262,   0.01405,  -0.06144,  -0.02862,   0.00256,  -0.07785,  -0.02698,   0.03703,  -0.02862,  -0.09754,  -0.01221,   0.06000,  -0.01385,   0.02226,   0.01241,   0.00913,  -0.05652,   0.01569,  -0.01385,   0.08134,  -0.07621,  -0.02862,   0.03046,   0.00585,  -0.01877,   0.04195,  -0.01221,  -0.00400,   0.00913,   0.11252,  -0.03190,   0.01733,   0.00913,  -0.04010,   0.06492,   0.07477,   0.03046,   0.02390,  -0.03518,   0.03539,   0.01569,  -0.05652,  -0.08113,   0.07477,  -0.03682,   0.03210,   0.02062,  -0.01713,   0.03867,  -0.02205,  -0.05323,  -0.03518,   0.04359,   0.00256,  -0.08934,   0.02882,  -0.02369,   0.02390,   0.00913,  -0.06800,  -0.08770,   0.03210,   0.06164,   0.00420,  -0.03190,   0.00749,  -0.07457,  -0.03846,  -0.01877,  -0.01056,   0.11744,   0.01405,  -0.00564,   0.03867,   0.08462,   0.01077,  -0.00728,  -0.06472,  -0.01877,  -0.03846,   0.02718,   0.03210,   0.05180,   0.03867,  -0.02862,   0.08298,  -0.02205,  -0.03190,   0.02718,  -0.07621,  -0.05323,   0.05508,  -0.03354,   0.01897,  -0.04175,   0.02226,  -0.07293,   0.13385,  -0.04175,  -0.01549,  -0.00072,   0.02554,  -0.01385,   0.05344,   0.04195,  -0.01549,  -0.08934,   0.01241,   0.07313,  -0.01549,   0.04851,  -0.00728,  -0.06472,   0.01569,  -0.04503,   0.01897,  -0.11724,  -0.06636,   0.05180,   0.00256,   0.01897,   0.04523,  -0.06964,   0.03703,   0.07805,   0.02390,   0.00420,  -0.04831,  -0.00400,   0.06492,   0.02062,  -0.00892,  -0.11231,   0.06821,  -0.04339,   0.00585,  -0.03354,  -0.02533,   0.09611,  -0.06964,   0.06164,  -0.00236,  -0.04010,   0.00585,  -0.06472,   0.02554,   0.02226,  -0.02205,   0.08134,   0.01241,   0.03210,   0.02882,  -0.05652,   0.02554,  -0.00400,   0.04851,   0.05836,   0.01405,   0.02554,  -0.00236,  -0.04175,   0.03210,  -0.01713,   0.08626,  -0.10739,  -0.02041,  -0.01221,   0.04851,  -0.08934,  -0.06308,   0.01897,   0.06821,   0.03539,  -0.01221,   0.06657,  -0.03518,  -0.04995,  -0.03846,  -0.06964,   0.01569,   0.07149,   0.00749,   0.00585,  -0.00400,   0.01077,   0.01569,   0.01405,  -0.01221,  -0.01221,  -0.02369,   0.06000,  -0.00400,   0.00256,  -0.02862,  -0.00236,  -0.04667,  -0.01056,  -0.02862,  -0.01549,   0.00749,   0.00256,  -0.00564,  -0.03682,   0.00420,  -0.03354,   0.01733,  -0.02369,   0.07969,  -0.02041,  -0.03846,  -0.01549,   0.05180,   0.02226,  -0.02862,  -0.00236,  -0.04503,   0.07969,   0.07477,   0.06328,  -0.02041,  -0.02698,   0.05836,  -0.05816,  -0.00892,   0.00420,   0.06328,  -0.07457,  -0.02205,   0.01569,  -0.06636,  -0.03846,  -0.04667,  -0.04339,   0.09282,   0.09282,  -0.03026,   0.00585,  -0.04831,   0.04523,  -0.01713,  -0.06308,   0.02062,   0.02882,  -0.01221,   0.06164,   0.11088,  -0.04175,  -0.05652,   0.03210,  -0.00072,   0.00092,   0.03374,  -0.04503,   0.02390,   0.08790,  -0.00564,  -0.02698,   0.02718,  -0.07785,  -0.01549,   0.04359,   0.05836,   0.01733,  -0.00564,  -0.07949,  -0.02041,   0.01077,  -0.05487,  -0.03518,   0.01405,   0.08134,  -0.04503,  -0.12544,  -0.02205,  -0.02698,   0.03210,   0.07477,   0.07313,   0.07641,  -0.01549,   0.03867,  -0.05652,   0.00913,   0.03539,  -0.01056,  -0.04667,   0.03539,  -0.06636,  -0.01877,   0.03374,  -0.04503,  -0.05980,  -0.02041,  -0.03354,   0.05016,  -0.01056,   0.08462,   0.00092,   0.09282,  -0.05652,  -0.03518,   0.06164,  -0.07785,   0.01405,   0.00585,  -0.05652,  -0.05159,  -0.02533,  -0.01385,   0.02554,  -0.00728,  -0.03518,  -0.00072,   0.00256,   0.01733,   0.00913,  -0.00728,   0.09282,   0.00092,  -0.00892,   0.06328,   0.03703,   0.04851,   0.00913,   0.00749,  -0.02205,   0.04687,   0.01733,   0.07969,   0.01897,  -0.00728,  -0.03518,  -0.06800,   0.00092,   0.02390,  -0.00072,  -0.01877,  -0.05159,  -0.05159,  -0.00400,  -0.04831,  -0.02862,  -0.03518,   0.08790,   0.00092,   0.01897,  -0.01056,   0.00420,  -0.00564,  -0.05487,   0.02390,  -0.02205,   0.06000,   0.07641,  -0.05487,   0.03703,  -0.08277,   0.04195,  -0.00564,   0.08134,  -0.02369,  -0.00728,   0.01733,   0.02062,  -0.05487,   0.00585,  -0.00564,   0.03374,  -0.01549,  -0.02862,   0.07969,   0.02390,  -0.01385,   0.03210,  -0.06636,  -0.02862,   0.11088,  -0.00728,  -0.03518,   0.01569,  -0.04175,   0.01241,  -0.03190,  -0.00728,   0.04359,  -0.01221,  -0.01877,   0.02554,  -0.04339,   0.02554,   0.01733,   0.10923,   0.08954,  -0.03026,   0.07805,  -0.03026,   0.03210,   0.03539,  -0.03846,  -0.02533,  -0.00072,   0.04195,   0.01077,  -0.02862,   0.01077,   0.03210,  -0.07785,   0.03374,   0.06492,  -0.00564,  -0.02862,   0.00585,   0.13221,  -0.01221,   0.09939,  -0.09098,   0.02062,   0.03374,  -0.01877,   0.06657,  -0.00400,   0.05672,  -0.02205,   0.00256,   0.11416,   0.05016,  -0.03518,  -0.01877,  -0.01385,  -0.01877,  -0.01713,  -0.03354,  -0.00892,   0.03703,  -0.05816,  -0.03026,   0.04359,   0.04523,  -0.04010,  -0.02698,  -0.05159,  -0.00400,  -0.02698,   0.03539,   0.03046,  -0.01713,   0.01733,   0.05016,   0.03539,   0.00092,   0.01405,   0.03374,   0.05836,  -0.01877,  -0.01713,   0.01569,  -0.08113,  -0.06636,   0.00092,  -0.01549,   0.05344,   0.04851,   0.02390,  -0.00236,  -0.10575,   0.05180,  -0.08277,   0.07805,   0.00092,  -0.01877,  -0.03682,   0.00256,  -0.03846,  -0.00236,  -0.00072,   0.01405,  -0.01221,  -0.04995,   0.04031,   0.05508,   0.04523,  -0.03846,   0.00256,   0.02390,   0.06985,  -0.04503,   0.05672,   0.03046,  -0.09590,   0.02062,  -0.05980,   0.03374,   0.05672,  -0.02041,   0.00749,   0.07313,  -0.01877,  -0.01713,   0.07477,  -0.02041,   0.07641,   0.00913,  -0.01713,  -0.06964,  -0.05159,   0.05508,  -0.05816,   0.02882,   0.06328,   0.06164,   0.02718,  -0.02698,   0.03539,   0.00092,   0.03210,  -0.00728,  -0.07293,  -0.10411,  -0.06800,   0.04031,   0.03210,   0.00092,  -0.00072,  -0.02369,  -0.01221,   0.02882,   0.06164,  -0.02205,   0.02882,   0.03046,  -0.01221,   0.01405,  -0.09098,   0.05016,   0.05836,  -0.01877,  -0.02205,   0.02554,   0.03703,  -0.05980,   0.00585,   0.08462,  -0.01877,  -0.01056,   0.02390,   0.05836,  -0.01056,   0.00092,   0.03867,   0.01733,  -0.03354,  -0.07129,   0.02554,   0.03703,  -0.03354,  -0.05487,  -0.01713,   0.00585,   0.01405,  -0.01385,   0.04523,  -0.01549,  -0.06472,   0.04687,   0.02062,   0.05508,  -0.00892,  -0.02205,  -0.03190,  -0.00072,  -0.00400,   0.07149,   0.03046,   0.00256,   0.00913,  -0.01056,   0.02554,  -0.01221,   0.01405,  -0.02533,   0.05016,  -0.02041,   0.04359,  -0.00564,  -0.05816,   0.03374,  -0.00072,   0.07805,   0.00749,  -0.06964,   0.03867,   0.00092,   0.02062,   0.02062,  -0.00236,   0.03703,   0.07477,   0.06328,   0.03374,  -0.00892,  -0.11888,   0.00913,   0.01405,   0.07805,  -0.00236,  -0.00072,   0.03703,   0.00749,  -0.05980,  -0.05323,   0.05344,   0.03210,  -0.02369,   0.05836,   0.03046,   0.01897,   0.07477,   0.01733,   0.00585,  -0.01056,   0.01733,   0.00092,   0.00749,   0.06821,  -0.02369,  -0.01056,  -0.02205,  -0.02698,   0.00420,   0.03374,  -0.06144,   0.05836,   0.05180,   0.04851,  -0.03190,   0.01897,  -0.00892,   0.04687,   0.00420,   0.01405,   0.04687,   0.09118,   0.06328,   0.00913,  -0.04995,  -0.04175,  -0.01713,   0.01569,   0.03046,   0.08134,  -0.01877,   0.01077,  -0.06964,  -0.00400,  -0.03026,   0.06328,  -0.05487,  -0.02369,  -0.01877,   0.01897,   0.06000,  -0.01056,  -0.07949,   0.02062,   0.03374,  -0.03026,  -0.07293,  -0.01877,   0.07641,  -0.02698,  -0.04995,  -0.00892,   0.00092,   0.02390,  -0.04503,  -0.07457,   0.05016,   0.00092,   0.01077,  -0.00564,   0.01405,   0.04031,  -0.10247,  -0.02862,  -0.01549,   0.04031,  -0.04667,  -0.02862,   0.06821,  -0.06964,  -0.01877,  -0.09426,  -0.02041,  -0.00728,   0.04687,  -0.04995,  -0.01713,  -0.02205,  -0.02205,  -0.00564,   0.08134,  -0.00400,  -0.01385,  -0.01877,  -0.00728,   0.05016,  -0.07129,   0.00585,  -0.09426,   0.04359,   0.00749,   0.02226,  -0.00072,  -0.06472,  -0.06144,   0.01733,  -0.00564,   0.06821,   0.00585,  -0.00072,   0.07313,  -0.05487,  -0.03190,   0.01241,  -0.02698,  -0.02698,  -0.02205,  -0.00072,  -0.01877,   0.07149,  -0.01221,  -0.02205,  -0.03846,   0.03210,  -0.05980,   0.00585,  -0.00072,  -0.06636,  -0.01221,   0.00092,   0.04359,  -0.05652,   0.03539,  -0.02862,   0.02062,  -0.03354,   0.05180,   0.01897,   0.00092,   0.04031,   0.00585,  -0.05323,   0.03210,   0.05508,  -0.05652,   0.03867,  -0.05159,   0.02554,  -0.09590,   0.06492,   0.03703,  -0.06636,   0.04851,   0.00092,  -0.02205,  -0.07293,  -0.05487,  -0.02698,   0.01405,   0.03210,   0.04523,   0.00256,   0.02718,  -0.00892,   0.03210,  -0.08441,  -0.03846,  -0.01549
  -0.03354,   0.00913,  -0.03190,   0.07149,   0.02718,  -0.01713,  -0.06636,  -0.02862,  -0.05816,  -0.06308,  -0.08441,  -0.07621,  -0.01221,   0.00092,  -0.06144,   0.02554,   0.03210,  -0.01056,   0.03210,  -0.10575,  -0.04831,  -0.00400,   0.02390,   0.01569,   0.06328,  -0.02698,  -0.03354,   0.04359,   0.04031,  -0.02862,   0.01405,   0.08134,  -0.02533,  -0.00892,   0.01077,  -0.02533,   0.03703,  -0.02369,   0.03703,  -0.06472,   0.07313,   0.00256,  -0.03846,   0.07969,   0.04359,  -0.03354,   0.00913,  -0.03682,  -0.00564,  -0.00236,  -0.01385,  -0.00072,   0.03046,   0.01569,   0.06328,  -0.00072,  -0.03682,  -0.01221,   0.04687,   0.04359,  -0.03190,  -0.05816,  -0.01713,  -0.04667,  -0.07621,  -0.02698,  -0.04010,  -0.03518,   0.00092,  -0.01221,  -0.01549,   0.02226,  -0.05816,   0.05836,  -0.04010,   0.04523,  -0.00072,  -0.00400,   0.00092,   0.02390,  -0.05159,   0.05672,  -0.02205,  -0.00564,   0.03210,   0.00092,   0.01241,  -0.00564,  -0.01549,  -0.03026,  -0.00400,  -0.03682,  -0.01877,   0.01241,  -0.00892,   0.03210,   0.01569,  -0.04339,   0.05508,  -0.00728,   0.00749,   0.00749,   0.06164,   0.03703,  -0.04503,  -0.11559,  -0.04503,   0.03374,  -0.02533,   0.05508,  -0.02698,  -0.05652,   0.02226,   0.08790,  -0.03354,  -0.00564,  -0.03682,  -0.03518,  -0.04667,   0.07805,  -0.03846,  -0.07621,   0.04195,  -0.03518,   0.00913,   0.01569,  -0.04339,  -0.02041,  -0.00892,   0.01733,  -0.06472,  -0.02862,   0.02882,  -0.06964,   0.00420,   0.08626,   0.03703,   0.04523,  -0.00072,  -0.05652,  -0.04995,  -0.04667,  -0.04667,   0.07641,  -0.01877,  -0.03354,  -0.03026,  -0.03190,  -0.01056,  -0.08113,   0.03374,   0.00913,   0.03703,   0.02718,  -0.05652,  -0.03846,   0.05180,  -0.04010,  -0.01056,   0.01569,   0.04195,   0.03703,  -0.04667,  -0.05980,  -0.02698,  -0.00400,  -0.04010,   0.00585,   0.00585,  -0.00728,  -0.03354,   0.03867,   0.01077,  -0.00564,   0.01077,   0.03046,  -0.01877,   0.00420,  -0.00236,   0.10431,   0.04359,  -0.00564,   0.01241,   0.03539,  -0.01713,   0.01733,   0.02062,  -0.09098,   0.07313,  -0.00400,   0.04031,  -0.04831,   0.00092,   0.01405,   0.03046,   0.05836,  -0.00400,  -0.00728,   0.01241,  -0.02698,   0.04359,   0.01733,  -0.02369,   0.07477,  -0.01221,  -0.03190,   0.01077,   0.01241,   0.00256,  -0.05652,  -0.09754,  -0.01385,   0.01733,   0.03374,  -0.00072,   0.02554,   0.03210,  -0.05980,   0.00256,   0.04851,  -0.04831,   0.01733,   0.00420,  -0.01549,   0.03210,   0.04523,  -0.00564,   0.01897,   0.02390,  -0.00728,  -0.05816,  -0.05487,  -0.03190,   0.03374,   0.02062,  -0.05487,   0.06985,   0.00749,   0.05344,   0.00420,   0.00092,  -0.03354,  -0.01713,   0.00420,   0.03046,   0.02554,   0.00749,   0.01241,  -0.02862,   0.03374,  -0.04503,  -0.07457,   0.01077,   0.00749,   0.01241,  -0.04010,  -0.02533,   0.05836,  -0.07457,   0.06492,  -0.07949,  -0.07785,  -0.01221,   0.02718,   0.01733,  -0.04339,  -0.04175,  -0.03682,   0.03374,   0.01077,   0.01569,   0.01569,  -0.05159,   0.03046,  -0.02698,  -0.01549,  -0.03682,  -0.03846,   0.02062,   0.03703,   0.04195,   0.00913,  -0.05159,   0.01077,   0.06492,  -0.04503,   0.01569,  -0.08441,  -0.08277,  -0.06800,  -0.03190,   0.00585,   0.00256,  -0.04339,   0.07313,  -0.02205,   0.09775,   0.00913,   0.03703,  -0.06800,   0.05344,  -0.05159,   0.09939,  -0.06964,  -0.04010,   0.01241,   0.03046,   0.03539,   0.00256,   0.03046,  -0.01713,  -0.03682,   0.07641,   0.00256,  -0.03026,  -0.04339,  -0.03190,  -0.03682,   0.02062,  -0.00236,   0.03046,   0.00092,  -0.00892,  -0.04175,  -0.00892,   0.00256,  -0.06636,   0.00749,  -0.00236,  -0.02533,  -0.03190,  -0.01056,   0.00420,   0.06492,   0.00092,  -0.02533,  -0.01056,   0.02062,   0.06492,   0.02718,  -0.06800,   0.01569,  -0.05652,  -0.08605,  -0.00400,   0.01241,  -0.03026,   0.03867,  -0.00400,   0.00092,   0.04687,   0.00256,  -0.04831,  -0.03190,  -0.01056,   0.01733,   0.02390,  -0.01549,  -0.01713,  -0.01221,   0.00256,   0.03046,   0.02390,   0.01405,  -0.05487,  -0.05487,  -0.01713,  -0.02698,   0.02062,  -0.00728,   0.00092,   0.01241,  -0.03682,  -0.03190,   0.08298,  -0.03354,   0.01241,   0.05836,   0.06328,  -0.00892,   0.05672,   0.03374,   0.02718,   0.01077,  -0.00728,  -0.02369,   0.01569,   0.08954,  -0.05652,   0.00585,   0.02062,  -0.02205,  -0.01056,  -0.01549,   0.04031,   0.01897,   0.04687,  -0.03518,  -0.02369,  -0.01385,  -0.02862,   0.00585,  -0.03190,  -0.00728,  -0.01549,   0.06985,   0.00092,   0.03374,  -0.01221,   0.03046,  -0.00072,   0.05344,  -0.02369,   0.03703,  -0.14513,   0.01569,   0.00585,   0.00256,  -0.02698,   0.00420,  -0.02041,  -0.00072,  -0.00236,  -0.01713,   0.06328,  -0.07785,  -0.06472,   0.00092,  -0.02369,   0.06000,  -0.03190,  -0.01877,  -0.06636,  -0.04503,  -0.01877,   0.01241,   0.00913,  -0.01877,  -0.04339,  -0.01221,   0.04195,   0.05180,   0.02882,  -0.03190,  -0.04667,   0.00913,  -0.01385,   0.00420,   0.05016,   0.05180,   0.01405,  -0.02369,  -0.02862,   0.05016,  -0.01385,   0.02882,   0.01077,  -0.03026,  -0.02041,  -0.04010,  -0.01549,  -0.02369,   0.01405,  -0.01385,  -0.05652,   0.00256,   0.05836,  -0.05159,  -0.04175,   0.06821,   0.11252,   0.00913,  -0.04503,  -0.00892,   0.06164,  -0.05323,  -0.04831,  -0.01056,  -0.00564,  -0.01056,  -0.05159,  -0.02369,  -0.03518,   0.01897,  -0.01549,   0.06821,  -0.00564,  -0.08113,  -0.05980,  -0.05323,  -0.00072,  -0.01877,  -0.00236,   0.02882,   0.00585,  -0.00728,   0.02554,   0.01077,  -0.09262,   0.01569,  -0.00564,  -0.00072,   0.03374,   0.06164,   0.01569,  -0.05159,   0.01733,   0.07969,  -0.03682,  -0.07949,   0.04851,  -0.02698,   0.00256,  -0.04831,   0.01077,  -0.00400,  -0.01221,   0.02882,   0.04523,   0.01569,  -0.02205,  -0.04995,  -0.05652,  -0.03518,   0.06657,  -0.11231,   0.05672,   0.00913,  -0.04503,  -0.04503,  -0.10739,  -0.01549,   0.01733,  -0.04831,  -0.00728,   0.02226,  -0.03354,  -0.09098,  -0.03354,  -0.00236,  -0.01385,   0.15518,   0.02882,   0.05344,  -0.00236,   0.02062,  -0.03846,   0.01077,   0.01405,  -0.02369,   0.03867,   0.00913,  -0.00564,   0.03539,   0.03046,  -0.01877,  -0.01056,   0.00256,  -0.01713,  -0.04010,  -0.06472,   0.05836,   0.04195,   0.02062,  -0.05487,  -0.01549,   0.00585,  -0.01385,  -0.06308,  -0.09590,  -0.07785,   0.00585,   0.02226,  -0.07621,  -0.03190,  -0.06308,   0.05508,   0.06328,  -0.02862,  -0.01877,  -0.00236,   0.00913,  -0.05323,  -0.00236,   0.01405,  -0.01877,   0.04195,   0.07477,   0.03539,  -0.00892,  -0.06472,   0.02554,  -0.01877,   0.05180,  -0.00072,   0.05344,  -0.02698,  -0.04339,   0.06492,   0.01241,  -0.06472,   0.02062,   0.06657,   0.06492,   0.04359,  -0.00564,  -0.00072,  -0.02369,  -0.07785,   0.00420,  -0.05652,   0.06657,  -0.01056,   0.04687,   0.02554,   0.01733,   0.09118,  -0.04667,   0.03539,   0.00585,  -0.04995,   0.11088,   0.01241,  -0.02698,   0.05836,  -0.03518,  -0.02698,   0.06164,   0.00749,  -0.03026,   0.00585,  -0.03846,  -0.00564,   0.02062,   0.05508,   0.05836,  -0.01877,   0.04195,   0.08134,  -0.09098,   0.02390,  -0.04339,   0.06657,  -0.04010,  -0.00072,   0.02718,  -0.03682,   0.03867,   0.04687,  -0.04503,  -0.05980,   0.07313,   0.07477,   0.01569,   0.00585,   0.01733,  -0.05816,   0.00256,   0.00585,   0.04687,  -0.00400,   0.01569,   0.03539,   0.04687,   0.00256,  -0.01056,   0.00092,   0.02718,   0.07477,  -0.00564,  -0.03682,  -0.01056,  -0.02533,   0.05836,   0.01077,  -0.03026,   0.03867,  -0.09262,   0.00585,   0.00749,   0.03374,  -0.03846,  -0.02698,  -0.06308,  -0.01549,  -0.01713,   0.05016,  -0.00564,  -0.00728,   0.01897,   0.00749,   0.04523,   0.03867,  -0.06472,  -0.06308,   0.04687,   0.01405,   0.00913,   0.05180,   0.03210,  -0.03354,   0.07313,   0.01897,   0.09611,  -0.02369,  -0.01056,  -0.01385,  -0.02698,   0.00749,  -0.02041,  -0.04503,  -0.03190,  -0.01549,  -0.00564,  -0.02698,   0.05508,   0.01569,  -0.01221,   0.12072,  -0.03518,  -0.06800,  -0.00072,   0.00913,  -0.03846,   0.01241,   0.06657,  -0.08277,   0.04195,   0.01241,   0.05672,   0.04687,   0.06657,  -0.01385,  -0.04831,  -0.02698,   0.05672,  -0.00728,  -0.00072,   0.06000,   0.01077,   0.02718,   0.03867,  -0.04010,   0.02226,   0.06492,   0.02882,  -0.01549,  -0.04010,   0.00420,  -0.03190,  -0.10903,   0.09282,  -0.02698,  -0.01713,  -0.02369,   0.00256,   0.03374,  -0.10082,   0.00749,   0.05836,   0.04359,   0.00913,  -0.05816,  -0.01221,  -0.01549,  -0.00564,   0.00092,   0.04687,  -0.02369,   0.03374,  -0.03846,   0.05672,  -0.04995,  -0.03682,  -0.03518,   0.02062,  -0.00400,   0.04195,   0.03539,   0.00585,  -0.05487,  -0.04995,   0.00256,   0.03374,  -0.07457,   0.01405,   0.03374,  -0.02533,  -0.00564,   0.02718,  -0.01221,  -0.03354,  -0.03354,  -0.05323,   0.03703,  -0.04995,  -0.06308,  -0.01221,   0.03539,  -0.07129,  -0.05487,  -0.04667,  -0.01549,   0.00913,  -0.00892,   0.03046,  -0.03846,  -0.07293,  -0.05816,  -0.02205,   0.06000,  -0.01877,   0.06328,   0.05016,  -0.03354,   0.02718,   0.05344,   0.00092,   0.00585,   0.03210,  -0.00072,  -0.01713,  -0.08277,   0.02882,   0.05344,   0.04523,   0.03867,   0.03867,  -0.02533,  -0.03354,   0.06492,   0.00585,   0.06000,   0.04359,  -0.00236,   0.00913,   0.01569,   0.09939,  -0.04010,   0.01077,   0.08298,  -0.01713,  -0.05652,  -0.05487,  -0.02698,  -0.01877,   0.02882,  -0.01221,   0.06164,  -0.00400,   0.03703,  -0.02205,  -0.00728,   0.11416,   0.03867,  -0.04667,   0.02554,  -0.01877,   0.03867,   0.01733,   0.03374,  -0.06308,  -0.03682,   0.03210,  -0.00564,  -0.00236,   0.06657,   0.00420,  -0.09754,   0.01077,  -0.00072,   0.07313,   0.00092,  -0.02698,   0.03539,  -0.10739,  -0.04995,  -0.03190,  -0.01385,  -0.04503,   0.01569,   0.00420,   0.07969,  -0.03846,  -0.05323,  -0.04175,  -0.08934,  -0.00400,  -0.04667,  -0.00400,  -0.03354,   0.00092,   0.04523,  -0.00072,   0.00256,   0.02554,   0.00585,   0.10595,   0.06328,   0.04523,  -0.03190,   0.00749,  -0.01385,   0.03867,  -0.05487,  -0.02533,  -0.08441,   0.01733,   0.00256,   0.03867,  -0.01713,   0.03210,   0.02390,   0.00749,   0.03374,  -0.06964,  -0.07293,   0.00256,  -0.06800,  -0.01549,   0.03210,  -0.03190,   0.01897,   0.02554,  -0.02369,  -0.05159,   0.08790,   0.04031,   0.01897,   0.01569,  -0.01713,   0.03046,  -0.00892,  -0.02205,   0.08462,  -0.00564,   0.03210,   0.00749,   0.04523,   0.02554,  -0.02862,  -0.02369,   0.04195,  -0.05652,   0.04523,  -0.01877,   0.02062,   0.05508,   0.07641,   0.01405,   0.04523,   0.02718,  -0.00236,   0.07149,  -0.03846,  -0.03190,  -0.02698,  -0.06964,  -0.02205,   0.03539,   0.05180,   0.06000,   0.09775,  -0.02041,   0.05016,   0.11416,  -0.03518,  -0.00564,   0.02882,  -0.06636,   0.01897,  -0.02369,   0.01241,  -0.05323,   0.06657,   0.06328,  -0.00728,  -0.02041,   0.00092,   0.06492,  -0.04175,  -0.02862,  -0.00072,  -0.04831,   0.02882,   0.01897,   0.09282,   0.07149,   0.01405,  -0.00564,  -0.04667,   0.04851,   0.05016,  -0.00236,   0.07969,  -0.03518,   0.01405,  -0.02533,  -0.07293,  -0.01877,  -0.06800,   0.04687,  -0.01713,  -0.00400,   0.02554,   0.08626,  -0.06308,   0.00420,  -0.02369,   0.01569,  -0.03354,  -0.06800,   0.00256,  -0.00892,   0.03374,  -0.05159,   0.07641,  -0.03682,   0.04195,  -0.08441,  -0.00892,  -0.00236,  -0.01713,  -0.03354
   0.03703,  -0.04175,   0.01897,   0.00420,   0.14206,   0.04523,  -0.04339,   0.02062,   0.06985,   0.05016,  -0.03846,   0.05016,   0.01241,  -0.04667,   0.02226,   0.00749,   0.04851,  -0.06800,   0.03374,   0.02226,   0.00256,   0.00420,  -0.08277,  -0.10082,   0.00092,  -0.00236,   0.01077,  -0.00072,   0.01077,  -0.06636,  -0.02369,  -0.05816,   0.04359,  -0.06636,  -0.08277,   0.03374,  -0.04010,  -0.02533,   0.00092,  -0.01221,  -0.01385,   0.02554,  -0.01549,   0.06492,  -0.01549,   0.01733,   0.09118,  -0.05980,  -0.04831,  -0.07129,  -0.04010,   0.01405,  -0.05323,   0.03374,  -0.08441,   0.05180,  -0.02205,   0.06985,   0.02554,  -0.01056,   0.02390,   0.05016,  -0.01713,   0.02062,  -0.01385,   0.04851,   0.03374,   0.01897,  -0.02041,   0.02062,  -0.06800,  -0.04010,   0.01077,   0.03374,   0.06492,  -0.02533,   0.05836,   0.00256,  -0.04667,   0.00585,  -0.03026,  -0.04175,  -0.05652,   0.00585,   0.01405,  -0.01056,   0.02718,  -0.00728,  -0.00564,   0.07969,  -0.09754,   0.05344,  -0.03682,   0.02062,   0.00585,  -0.00892,  -0.00892,   0.00420,  -0.01221,   0.02390,  -0.02533,   0.02718,  -0.06144,  -0.02369,  -0.00892,  -0.03846,  -0.01713,   0.01897,   0.05344,   0.00913,   0.05344,   0.00092,  -0.03354,  -0.00400,  -0.03682,  -0.02698,   0.08298,  -0.06144,  -0.06636,   0.10103,  -0.00072,   0.00585,   0.00585,  -0.00400,   0.07641,  -0.01056,  -0.00728,  -0.02041,   0.01897,  -0.05980,   0.01733,  -0.03026,   0.03703,   0.00092,  -0.04175,   0.06164,  -0.02862,   0.02062,  -0.04010,   0.02062,   0.00585,   0.03210,  -0.02533,   0.01569,  -0.00564,  -0.08277,  -0.08277,   0.02062,  -0.02369,   0.01077,  -0.06964,   0.05180,  -0.02369,   0.02390,  -0.02698,  -0.01713,  -0.00400,  -0.02369,   0.00256,   0.05508,  -0.00072,   0.01733,   0.01897,   0.03539,   0.04359,   0.01077,  -0.06964,   0.02718,  -0.03518,  -0.05816,   0.06328,  -0.00400,   0.01569,  -0.04667,   0.03703,  -0.00564,  -0.02698,   0.01897,  -0.03518,  -0.01385,   0.01733,   0.02390,   0.04851,   0.01733,  -0.00400,   0.00913,  -0.02698,  -0.02205,   0.04359,   0.04031,  -0.02533,  -0.00072,   0.00585,   0.03210,  -0.02698,   0.01405,  -0.01385,  -0.00236,  -0.00400,   0.03867,  -0.06472,  -0.02205,   0.01405,  -0.03518,   0.00092,  -0.02041,  -0.03518,  -0.00236,   0.02718,   0.00092,  -0.02205,   0.06492,  -0.02041,  -0.03518,   0.01569,   0.05508,   0.00256,  -0.05323,  -0.07621,  -0.04995,  -0.03190,  -0.04010,   0.04687,   0.05508,  -0.01877,  -0.06308,  -0.03190,   0.01733,  -0.01713,  -0.03354,  -0.00400,  -0.03190,   0.07641,   0.05672,   0.07149,  -0.04995,   0.04851,  -0.01549,   0.03374,   0.02062,   0.02226,  -0.08605,   0.08298,   0.00092,   0.00749,   0.00092,   0.00256,  -0.02533,   0.03703,  -0.01221,   0.00913,  -0.00564,  -0.02533,  -0.04010,   0.04523,   0.00420,  -0.03354,   0.05672,   0.02554,   0.04523,  -0.06144,  -0.00728,   0.00585,   0.01405,  -0.00400,  -0.01877,  -0.01713,   0.03539,   0.04359,  -0.07129,  -0.03518,  -0.01056,  -0.02041,  -0.00400,  -0.01385,  -0.04339,  -0.00236,   0.05508,  -0.02205,  -0.02698,   0.03210,  -0.02698,  -0.04995,  -0.04175,   0.02226,  -0.03354,   0.01569,   0.01733,   0.01077,   0.04687,  -0.00236,  -0.03682,  -0.00072,  -0.03354,  -0.03518,   0.02062,  -0.03518,  -0.04175,  -0.05487,  -0.11559,   0.01733,  -0.04010,  -0.03354,  -0.03354,  -0.06144,   0.07477,  -0.01549,  -0.02369,  -0.01549,   0.05344,   0.06000,   0.00256,   0.00749,  -0.00892,  -0.02533,  -0.00072,   0.00092,  -0.00564,   0.01897,   0.08954,   0.05180,   0.03867,  -0.03846,  -0.05323,   0.00913,  -0.01056,   0.06000,  -0.00236,   0.06985,  -0.01877,  -0.00728,  -0.00728,   0.00749,   0.01569,   0.02062,   0.01569,   0.04195,   0.00585,   0.02718,   0.03374,   0.02554,  -0.01221,   0.05344,  -0.03026,   0.02554,   0.01405,  -0.01056,   0.01569,  -0.02862,  -0.05487,  -0.04667,   0.02718,  -0.07129,  -0.04995,  -0.03518,   0.03374,  -0.01221,  -0.04503,   0.05180,  -0.02533,  -0.03354,  -0.00072,   0.04359,  -0.01221,  -0.03354,  -0.00236,   0.02882,  -0.00236,  -0.01056,   0.05672,   0.02226,   0.03374,  -0.02041,   0.01405,   0.01733,   0.06164,   0.06000,  -0.01221,   0.02390,   0.02062,   0.05016,  -0.02533,  -0.06636,  -0.00236,  -0.03354,  -0.01385,   0.08134,  -0.03682,   0.03703,   0.04523,  -0.08770,  -0.00892,  -0.01713,  -0.03518,   0.01077,  -0.00892,   0.08462,   0.00256,   0.05180,   0.06985,   0.03210,   0.00913,  -0.01385,   0.01405,   0.02882,  -0.00236,  -0.04339,   0.00256,   0.00420,   0.02226,   0.00585,   0.00420,   0.05508,  -0.01713,  -0.03354,  -0.04339,  -0.00072,   0.06821,  -0.05159,   0.05344,  -0.05652,  -0.02698,  -0.04339,  -0.01221,  -0.02369,   0.02062,   0.00749,  -0.01549,  -0.04175,  -0.02041,   0.00585,   0.05836,   0.05672,   0.00420,  -0.01877,   0.01897,  -0.05652,   0.03539,  -0.02041,  -0.04667,   0.01241,   0.00420,  -0.02862,  -0.04175,   0.02390,  -0.00236,   0.00420,  -0.05159,   0.01077,  -0.10411,  -0.01549,  -0.01385,  -0.01385,  -0.00072,   0.03703,  -0.01056,  -0.04667,   0.03046,  -0.02862,   0.00585,  -0.05159,   0.02882,  -0.09918,   0.03539,   0.00585,   0.03867,  -0.04175,  -0.04339,   0.00420,   0.06328,  -0.03026,   0.05508,  -0.01056,   0.02062,  -0.00892,   0.07313,   0.03046,  -0.08770,  -0.04995,   0.06164,   0.05180,   0.02882,   0.03374,   0.05836,  -0.04995,  -0.03518,   0.01241,   0.00749,  -0.01221,  -0.00072,   0.03703,   0.01569,  -0.03190,   0.02882,   0.00420,  -0.02862,   0.06657,  -0.04175,   0.01241,   0.04359,   0.00092,   0.01077,  -0.02369,   0.04195,  -0.04010,  -0.02205,  -0.01549,  -0.05159,   0.01733,  -0.01713,   0.00420,  -0.03846,  -0.04995,  -0.00400,   0.02882,  -0.05159,   0.05672,  -0.01877,   0.04851,   0.02062,  -0.05652,  -0.04010,   0.03539,   0.06000,   0.00913,  -0.09754,  -0.02041,   0.02882,   0.02390,  -0.00236,  -0.05159,  -0.01549,   0.02390,  -0.03354,   0.11416,  -0.00072,   0.00256,  -0.00072,   0.07805,   0.02062,  -0.00892,   0.01241,  -0.01385,   0.02226,  -0.02369,  -0.02369,   0.03867,   0.01897,   0.05836,  -0.01221,  -0.07621,   0.05016,   0.01733,  -0.00892,  -0.03026,  -0.01549,  -0.03026,   0.02718,  -0.04503,   0.03867,   0.03867,  -0.04503,  -0.09918,   0.01569,   0.03867,   0.01897,  -0.03846,   0.09446,  -0.04667,  -0.05652,   0.11744,   0.01241,  -0.00236,  -0.03354,   0.02226,   0.00749,   0.01733,  -0.00892,  -0.00728,   0.04359,   0.03703,  -0.04339,  -0.04995,   0.03046,   0.01733,  -0.03518,  -0.02369,   0.02554,  -0.03518,   0.04359,  -0.00072,  -0.01056,  -0.04995,   0.04031,   0.00585,  -0.04010,  -0.05652,  -0.04010,  -0.04503,   0.03374,   0.00092,   0.01077,   0.05836,  -0.04175,   0.00913,  -0.03026,  -0.01713,  -0.02205,  -0.10082,  -0.00892,  -0.04339,   0.01077,   0.04359,  -0.05159,  -0.00072,  -0.00236,  -0.03518,  -0.05487,   0.06985,   0.01897,   0.02882,  -0.06800,  -0.02205,   0.06657,   0.01241,   0.01733,  -0.00892,   0.00092,   0.01241,   0.06164,   0.00913,  -0.06144,   0.00092,  -0.04339,  -0.00564,   0.02554,   0.04031,   0.03374,   0.04687,  -0.03846,  -0.01221,   0.07149,  -0.00236,  -0.04010,   0.05016,  -0.04010,  -0.02533,  -0.07129,  -0.00728,  -0.04995,  -0.01713,  -0.00728,   0.06657,  -0.02369,  -0.00400,   0.03703,   0.03210,  -0.05323,  -0.00564,   0.08134,   0.01077,  -0.03846,  -0.04831,   0.03539,  -0.02698,   0.02882,  -0.04175,  -0.01056,   0.01077,   0.03703,  -0.00728,  -0.00564,   0.10103,  -0.02205,  -0.07785,  -0.03518,   0.04851,   0.00092,  -0.06308,   0.06164,  -0.03682,  -0.00236,   0.03046,   0.00749,   0.03374,   0.00420,   0.00585,  -0.07785,  -0.01549,  -0.10247,   0.09118,  -0.01221,   0.06657,  -0.03846,   0.01077,   0.04031,  -0.00236,  -0.02369,   0.03046,   0.00585,   0.01569,  -0.03026,   0.02226,  -0.06964,  -0.03354,   0.04031,   0.00420,  -0.01877,   0.05180,  -0.03518,  -0.02205,   0.07641,  -0.08605,  -0.01877,   0.00585,  -0.00564,   0.02062,   0.03867,  -0.07785,  -0.07457,  -0.01877,  -0.01713,  -0.02862,  -0.01221,   0.05508,   0.10431,   0.01405,  -0.00892,  -0.00236,   0.03539,  -0.00728,  -0.01713,  -0.00564,   0.04359,  -0.04339,   0.00749,  -0.00400,   0.00420,   0.00092,  -0.03518,   0.00092,  -0.02533,   0.04687,  -0.00564,   0.02718,  -0.04175,  -0.02862,   0.02390,   0.03374,   0.00092,   0.03046,  -0.02862,  -0.03518,   0.00749,  -0.00072,  -0.05323,   0.05836,  -0.06472,  -0.05487,   0.09611,  -0.00564,  -0.00728,  -0.04339,  -0.01877,  -0.01056,  -0.02862,   0.02226,  -0.01056,  -0.00236,  -0.04175,   0.00256,   0.01077,  -0.02041,   0.03210,  -0.05159,  -0.02205,   0.00585,   0.01405,   0.00913,   0.00092,  -0.00400,   0.01733,   0.02390,   0.08790,   0.08134,  -0.01877,  -0.00564,  -0.05652,  -0.03518,  -0.01877,   0.00420,   0.00092,   0.02554,  -0.07621,   0.03867,  -0.01713,  -0.05816,   0.00749,   0.02554,   0.01405,  -0.10575,  -0.06144,  -0.00400,  -0.01056,   0.06657,  -0.03190,  -0.04831,  -0.01549,   0.04851,   0.02882,   0.00420,   0.00749,   0.07805,   0.04195,  -0.05652,   0.07969,   0.06985,  -0.06308,  -0.01385,  -0.02369,  -0.06308,   0.00749,  -0.00892,   0.04195,   0.07641,   0.05344,   0.03703,  -0.00400,  -0.05323,   0.01733,  -0.03846,  -0.01056,   0.01241,   0.07641,  -0.06308,   0.04031,  -0.02369,   0.06492,   0.02390,  -0.00892,  -0.00564,  -0.00400,  -0.07949,   0.03539,  -0.00072,   0.05344,  -0.08277,   0.07805,   0.01241,   0.01569,   0.09611,  -0.03354,   0.01897,  -0.11559,  -0.01385,  -0.01713,   0.05672,   0.06657,  -0.00892,  -0.05652,  -0.04339,  -0.00236,  -0.01221,   0.00420,  -0.01385,   0.03046,   0.09446,   0.02390,  -0.03354,  -0.00892,   0.02390,  -0.06636,   0.00585,  -0.03518,  -0.02369,  -0.01877,   0.01405,  -0.05652,   0.00749,   0.00913,  -0.04175,  -0.02862,  -0.01056,   0.03210,  -0.05487,  -0.07457,  -0.03190,   0.06328,  -0.03518,  -0.02533,   0.07641,   0.00913,   0.01241,   0.00749,   0.03210,  -0.00564,  -0.03846,  -0.03682,   0.08790,   0.01077,   0.02226,   0.03210,  -0.00072,  -0.01385,   0.00256,   0.04031,   0.05672,  -0.04010,  -0.04831,  -0.04339,   0.03374,  -0.04175,   0.05344,   0.01897,   0.03210,   0.03539,   0.05016,   0.03210,  -0.02205,  -0.01221,   0.05672,   0.01897,   0.03210,  -0.02369,   0.01405,  -0.00236,  -0.01877,  -0.05159,  -0.02698,  -0.06472,   0.03374,  -0.03518,   0.04031,   0.03703,  -0.04503,  -0.05159,   0.00256,  -0.02698,  -0.00728,  -0.02041,  -0.01221,  -0.07621,   0.02226,   0.00256,  -0.03190,  -0.06800,  -0.04667,  -0.03846,  -0.01877,  -0.02698,  -0.02369,   0.00749,  -0.04995,   0.03703,  -0.02369,  -0.00564,  -0.02698,   0.04851,   0.05508,   0.03046,  -0.05816,  -0.05816,   0.04687,  -0.00564,  -0.01877,   0.02718,   0.02554,  -0.00236,   0.01897,  -0.05980,  -0.05487,   0.01241,  -0.01713,   0.04195,   0.02390,  -0.01549,  -0.08770,   0.06164,  -0.04339,   0.00256,   0.04195,  -0.05323,   0.04687,   0.06164,  -0.08113,   0.02390,   0.00585,   0.05508,  -0.00564,   0.02718,   0.00420,  -0.01877,  -0.00236,  -0.03682,  -0.03682,   0.03539,  -0.00564,   0.01405,   0.01897,  -0.03518,  -0.07129,   0.02882,   0.05016,   0.03703,   0.00913,  -0.01877,  -0.02698,  -0.01713,   0.01241,   0.01569,   0.03374,  -0.03026,  -0.00892,  -0.04667,  -0.04503,  -0.08277,   0.00913,   0.00256,   0.02882,   0.00420,  -0.03846,   0.01241,  -0.04503,   0.06985
  -0.00236,   0.01569,  -0.09262,  -0.03846,   0.01733,  -0.09754,  -0.02533,   0.05508,  -0.02041,   0.06821,   0.00585,   0.00420,  -0.04503,   0.06000,   0.00092,  -0.01549,   0.00256,  -0.02698,   0.02554,  -0.01221,  -0.02205,  -0.04010,  -0.03518,   0.06985,  -0.04503,  -0.07293,   0.01897,   0.04031,  -0.01549,  -0.00892,   0.01241,   0.01405,  -0.03846,   0.06657,  -0.04667,   0.02062,  -0.01221,   0.04359,   0.00420,  -0.02862,   0.05344,  -0.02205,   0.03210,  -0.02369,  -0.02533,  -0.00728,   0.01733,  -0.07129,  -0.02205,   0.00256,  -0.06144,   0.09939,   0.05344,  -0.01221,   0.03867,   0.10103,   0.01241,   0.02390,  -0.04010,   0.07313,  -0.04831,   0.05016,   0.05180,   0.06328,  -0.00072,   0.00749,   0.02390,  -0.04831,  -0.03518,  -0.01549,   0.02062,  -0.03518,  -0.04339,   0.06492,  -0.06144,  -0.00400,   0.01405,   0.02390,   0.05672,  -0.01056,  -0.01221,  -0.01877,  -0.04339,   0.03210,  -0.01056,  -0.02041,   0.03374,  -0.03518,   0.03046,  -0.02533,  -0.04503,  -0.00564,  -0.01056,   0.00256,   0.04523,   0.05180,   0.00256,   0.07805,  -0.03846,  -0.00892,  -0.01877,   0.01077,   0.06657,   0.02390,   0.03539,  -0.04175,   0.08790,  -0.00564,  -0.02205,   0.03867,  -0.03190,  -0.00892,   0.01241,   0.06657,  -0.06964,   0.06164,  -0.01713,   0.04359,  -0.00236,  -0.03354,  -0.00072,  -0.01221,   0.00749,   0.03374,  -0.05487,  -0.04995,  -0.06800,   0.01733,  -0.00236,  -0.07785,  -0.06144,   0.03210,   0.07641,  -0.01549,   0.10923,   0.00749,  -0.04995,   0.06492,  -0.04995,   0.00913,   0.07313,   0.02062,  -0.02041,   0.01241,  -0.00892,  -0.05652,   0.01241,   0.00092,  -0.03190,  -0.04995,  -0.00236,  -0.02041,   0.04195,   0.01733,  -0.00892,   0.02390,  -0.00236,   0.02554,  -0.01221,  -0.09918,   0.03046,   0.00420,   0.07313,  -0.04010,   0.06000,  -0.03354,  -0.01221,  -0.11559,   0.02062,  -0.07129,   0.01077,  -0.02698,  -0.09098,  -0.04667,  -0.01877,   0.00913,  -0.03190,  -0.03354,   0.01405,  -0.01056,   0.01569,  -0.00400,   0.03703,   0.02718,   0.04687,   0.01569,   0.04195,  -0.06308,   0.01733,   0.03539,  -0.07621,   0.02554,  -0.07457,   0.04687,   0.00913,  -0.07457,   0.06000,  -0.02369,   0.06492,  -0.01877,  -0.04339,  -0.05816,   0.04851,  -0.00400,  -0.05487,   0.00092,  -0.01713,   0.02226,   0.02062,  -0.06144,   0.07641,   0.03374,  -0.01713,   0.07641,   0.05344,  -0.04175,   0.02062,  -0.00400,   0.09611,   0.06821,   0.05344,  -0.02533,   0.03703,   0.04687,  -0.00892,   0.00585,   0.10103,   0.02062,  -0.10082,  -0.03190,   0.03374,  -0.00400,   0.00420,  -0.01385,  -0.00892,   0.00420,   0.07805,  -0.06144,  -0.00892,  -0.00400,  -0.00728,  -0.03354,  -0.03190,  -0.02698,   0.01241,  -0.01713,  -0.08934,  -0.02533,  -0.03846,  -0.08277,   0.03046,   0.05180,  -0.01385,   0.06000,   0.03374,  -0.05816,  -0.01713,   0.01405,  -0.03682,   0.06985,  -0.06144,   0.01569,  -0.06472,   0.01241,  -0.01877,   0.03867,  -0.08113,  -0.03190,   0.06821,  -0.05652,  -0.02862,  -0.01385,  -0.00072,  -0.02862,   0.04031,  -0.08277,   0.01241,   0.06328,  -0.02369,  -0.01221,   0.04359,   0.00585,  -0.03518,   0.02718,   0.00749,   0.06821,  -0.07621,   0.06985,   0.00420,  -0.01877,   0.01897,   0.01241,  -0.12872,   0.02226,   0.00420,   0.02226,  -0.05487,   0.00092,  -0.08934,  -0.04831,   0.03867,  -0.00400,   0.03539,  -0.00236,  -0.00564,   0.00256,   0.00092,   0.05508,  -0.05159,  -0.04503,  -0.04667,   0.03867,  -0.01713,   0.05836,  -0.07457,   0.00913,  -0.00072,   0.00092,  -0.06144,  -0.04010,  -0.04667,  -0.02698,   0.01077,  -0.00728,   0.01897,   0.02062,  -0.00236,   0.03374,  -0.00072,   0.01077,   0.07969,   0.03046,   0.03703,  -0.01385,  -0.03354,   0.02718,   0.09282,  -0.07621,  -0.02041,  -0.04503,   0.02882,   0.01733,   0.01733,  -0.07129,   0.04851,   0.00749,  -0.02041,   0.02390,  -0.07129,  -0.10575,   0.01077,  -0.03026,   0.04687,  -0.01056,  -0.02205,   0.03046,   0.00420,   0.00420,   0.09775,  -0.01056,   0.02554,   0.10431,  -0.04175,  -0.00236,  -0.04010,  -0.01221,  -0.04010,   0.12072,   0.03867,  -0.04175,  -0.00072,  -0.00400,   0.02390,   0.04359,   0.08790,   0.06000,  -0.04010,  -0.09426,  -0.00400,  -0.08934,  -0.09426,  -0.05323,   0.00256,   0.01077,  -0.00728,   0.07641,  -0.08934,  -0.00892,  -0.03354,  -0.02862,   0.00092,   0.00749,  -0.03354,  -0.03682,  -0.06472,  -0.01221,   0.07313,  -0.00728,  -0.02369,  -0.02205,  -0.02041,  -0.03846,   0.03210,   0.02554,   0.01897,   0.08462,  -0.00072,   0.01897,   0.02882,  -0.01221,   0.00749,  -0.04667,  -0.00728,  -0.05980,  -0.02698,   0.05344,   0.04195,   0.02882,  -0.01877,  -0.06964,   0.05344,   0.02226,   0.03046,  -0.02698,   0.03703,   0.05672,   0.03539,   0.03539,   0.03539,   0.07805,   0.00092,  -0.01713,   0.03046,   0.04195,  -0.02533,   0.01241,   0.05836,  -0.00564,  -0.05323,   0.00585,  -0.04667,  -0.02041,   0.01241,   0.01405,   0.02226,   0.06821,   0.03703,   0.00749,  -0.02698,  -0.02862,  -0.04503,   0.03539,   0.00256,   0.01569,   0.01405,   0.01241,   0.02226,  -0.05487,   0.00913,   0.02390,  -0.03354,  -0.03682,  -0.00072,  -0.04995,  -0.02533,   0.03374,  -0.00728,   0.00256,  -0.03682,  -0.04831,   0.06821,  -0.02369,  -0.02041,  -0.04831,   0.01569,  -0.01877,   0.03703,   0.01897,   0.04359,   0.03046,  -0.03190,  -0.00400,  -0.01221,   0.04523,   0.03539,   0.07969,   0.04359,   0.00420,   0.01733,   0.00749,  -0.02369,   0.00256,  -0.08441,   0.01077,   0.05344,   0.06328,   0.00092,  -0.00564,   0.01241,   0.01733,  -0.00892,   0.04359,   0.01241,  -0.06472,  -0.01877,  -0.03190,  -0.01221,  -0.04503,   0.03046,  -0.04339,   0.01077,  -0.04995,   0.03046,  -0.02369,   0.00420,   0.04523,   0.05836,   0.11088,  -0.04831,   0.02554,   0.07149,  -0.06308,   0.04687,   0.05672,   0.03867,  -0.02205,   0.01241,   0.01897,  -0.07621,   0.12236,  -0.04503,   0.05180,   0.01405,   0.01241,   0.00585,  -0.00236,  -0.03682,  -0.04010,  -0.05816,   0.01077,   0.00913,   0.08134,   0.01405,  -0.05652,  -0.04339,   0.01569,  -0.04831,   0.04195,  -0.06472,   0.06657,  -0.05652,  -0.01877,  -0.07293,  -0.05980,  -0.04831,   0.01405,   0.04195,   0.01897,   0.04851,  -0.03026,  -0.00892,   0.02390,   0.02390,   0.04031,   0.01733,  -0.00236,  -0.05159,  -0.05323,   0.01897,   0.03539,  -0.01056,   0.02390,   0.10595,   0.06000,   0.06821,  -0.03190,  -0.06144,   0.05180,   0.01405,  -0.00564,  -0.00400,   0.04195,  -0.02369,  -0.03190,   0.03046,   0.03046,  -0.02041,  -0.07129,   0.02718,   0.06328,  -0.01713,  -0.01713,   0.00420,   0.03374,   0.00913,   0.01077,   0.01077,  -0.03190,  -0.04503,   0.02554,   0.03867,   0.01405,  -0.03026,  -0.04667,  -0.06964,   0.00092,   0.07149,  -0.00236,   0.09446,  -0.00564,  -0.08113,  -0.03682,   0.02062,   0.01897,  -0.01056,  -0.00892,   0.00420,  -0.00072,  -0.00728,  -0.05159,  -0.03682,   0.00913,   0.03703,   0.01405,  -0.02205,  -0.03190,  -0.03026,   0.07969,   0.13549,   0.06657,  -0.01713,   0.03703,   0.03867,   0.07313,   0.03539,   0.07641,  -0.05159,   0.00420,  -0.01385,   0.02718,   0.02226,  -0.04175,  -0.07949,  -0.06636,   0.02882,  -0.03518,  -0.01221,   0.01569,  -0.02533,  -0.02369,   0.00749,  -0.04667,  -0.04175,   0.01733,  -0.02862,   0.08298,  -0.00728,  -0.01877,   0.04195,   0.03703,  -0.00564,   0.04359,   0.00749,   0.02390,  -0.00072,   0.03374,   0.02062,   0.00256,   0.01241,   0.05180,   0.02718,   0.04031,   0.00585,   0.03867,   0.04195,   0.00749,  -0.07785,   0.04195,   0.00256,   0.03867,  -0.03518,   0.07641,   0.02062,  -0.00236,  -0.05159,   0.00092,  -0.01056,   0.05180,   0.07641,   0.07149,  -0.01713,   0.05836,  -0.09918,   0.00256,  -0.08277,  -0.01056,   0.06985,   0.01077,  -0.04339,   0.00092,  -0.01221,   0.02390,  -0.00892,  -0.04995,  -0.01385,  -0.04667,   0.02554,  -0.06472,  -0.05652,  -0.11888,   0.00749,   0.02882,   0.05016,  -0.07129,  -0.01713,   0.02554,  -0.01713,   0.03046,  -0.00400,  -0.00072,  -0.02205,  -0.02041,  -0.00236,  -0.04995,  -0.02041,  -0.03518,  -0.00072,   0.00092,   0.04687,  -0.02041,  -0.02041,   0.05508,  -0.09098,   0.01733,  -0.03354,  -0.03682,  -0.04339,  -0.01549,  -0.05323,   0.08462,   0.01241,   0.02062,  -0.01549,  -0.06144,   0.03703,   0.01241,   0.01569,  -0.01056,  -0.04503,   0.08790,  -0.05652,   0.09282,   0.04195,   0.09939,   0.03210,  -0.02698,  -0.03026,   0.01077,   0.02554,   0.04687,   0.02554,   0.02718,   0.03046,  -0.05816,   0.02718,  -0.01713,   0.02882,   0.00420,  -0.00072,  -0.00892,  -0.02041,   0.00092,  -0.10082,  -0.01056,  -0.15334,   0.04687,   0.00913,   0.03046,   0.04031,   0.03703,  -0.00728,   0.02390,   0.01733,  -0.04667,  -0.07457,  -0.02533,   0.03867,   0.00092,  -0.03518,   0.01733,   0.08298,   0.02718,   0.02554,   0.03046,  -0.01713,   0.08134,   0.01241,  -0.03846,  -0.05487,  -0.02533,   0.01077,  -0.00072,   0.00420,   0.01897,   0.03867,  -0.02041,  -0.03190,   0.04687,  -0.03846,   0.03867,  -0.05816,   0.05672,  -0.05323,   0.06821,   0.02390,  -0.00892,  -0.04831,   0.00092,  -0.02041,   0.06821,   0.04687,  -0.02205,  -0.01221,   0.06821,   0.02882,   0.05508,   0.03210,  -0.01056,   0.08134,   0.00092,   0.01733,  -0.05980,  -0.02698,  -0.01221,   0.04851,  -0.04175,  -0.10247,   0.00585,  -0.00728,  -0.03190,  -0.02205,  -0.07293,  -0.02698,  -0.03026,  -0.03354,   0.02882,  -0.08605,   0.00749,   0.01405,  -0.00892,  -0.00728,  -0.01056,  -0.04503,  -0.05652,   0.00092,  -0.03190,  -0.01549,   0.05344,  -0.05159,   0.04195,   0.03374,   0.00913,  -0.03682,   0.05180,  -0.01877,  -0.00728,   0.01569,  -0.07457,  -0.02862,   0.00420,  -0.05487,  -0.01056,   0.01733,  -0.04339,  -0.00072,  -0.02205,  -0.04339,   0.00585,   0.04851,  -0.02205,  -0.01056,  -0.07129,   0.02390,   0.07477,   0.01569,   0.10923,   0.06164,  -0.02205,  -0.03026,   0.08790,   0.01241,   0.00420,  -0.02369,   0.02882,  -0.02533,   0.03046,  -0.00400,   0.05672,   0.04195,   0.03210,  -0.05980,  -0.07129,   0.04031,  -0.07949,   0.02718,  -0.01713,   0.02062,   0.02882,   0.03539,   0.04851,  -0.04503,  -0.05323,   0.02718,  -0.00564,  -0.02369,  -0.02369,   0.00092,  -0.03846,  -0.05487,   0.00913,  -0.04010,  -0.08934,  -0.02862,  -0.01877,  -0.03190,  -0.03026,  -0.09918,  -0.00400,  -0.02862,  -0.00072,   0.00420,  -0.00728,  -0.01713,  -0.01385,   0.00092,   0.10759,   0.02554,   0.00092,   0.03046,   0.04359,  -0.03682,  -0.02041,  -0.01549,  -0.01056,   0.00585,   0.04523,   0.03539,  -0.00400,  -0.01385,  -0.06144,   0.03703,   0.02554,   0.00585,   0.01241,  -0.04175,   0.00256,   0.12729,   0.05180,   0.02718,  -0.03846,   0.02882,   0.03374,   0.01405,   0.01733,   0.00092,   0.05180,  -0.02369,   0.03867,  -0.06800,  -0.00236,  -0.00236,  -0.01056,   0.08134,   0.00749,  -0.05652,   0.02554,   0.02718,   0.05672,   0.00092,   0.01241,   0.08134,   0.10595,   0.01733,  -0.01056,  -0.03190,   0.00420,  -0.12216,  -0.01877,  -0.02698,  -0.00892,  -0.01877,  -0.01549,  -0.02041,  -0.00400,  -0.02533,  -0.00892,  -0.06308,   0.06821,   0.00092,  -0.04503,  -0.00564,  -0.08934,   0.01077,  -0.03026,   0.05180,   0.06821,  -0.07785,  -0.02533,   0.06821,   0.02390,  -0.01221,  -0.01221,   0.09118,  -0.00892,  -0.00564,  -0.04339,  -0.02205,   0.00913,  -0.04667,  -0.08277,   0.03703,  -0.02698,  -0.05816,  -0.03026
   0.04359,  -0.08113,  -0.04667,   0.02390,   0.03539,  -0.00400,  -0.00564,   0.02554,  -0.02205,  -0.02533,   0.05672,   0.00092,   0.05180,   0.02882,  -0.01385,  -0.06964,  -0.01713,   0.01241,  -0.01385,  -0.01221,  -0.00072,  -0.00236,  -0.02698,  -0.03026,   0.03703,   0.01405,  -0.03190,   0.01733,   0.02718,   0.00585,   0.06492,  -0.00728,   0.01405,  -0.00564,   0.06164,  -0.01056,  -0.04010,  -0.03354,   0.01569,   0.01733,  -0.00400,  -0.01385,   0.05508,  -0.03190,  -0.01385,   0.04031,   0.06821,   0.06985,  -0.00072,   0.01077,   0.04195,  -0.04831,   0.01405,   0.04523,  -0.00400,  -0.08605,  -0.03518,  -0.03190,  -0.00236,  -0.02041,   0.06985,   0.00913,  -0.04995,   0.06164,  -0.04667,  -0.06800,   0.06657,   0.00256,  -0.01549,  -0.05816,   0.06492,   0.07313,  -0.05652,  -0.02862,   0.05672,  -0.00728,  -0.01877,   0.00749,   0.00256,   0.08790,   0.00749,  -0.02041,  -0.01713,  -0.01549,  -0.05980,  -0.02533,   0.01569,   0.01733,   0.03210,  -0.01713,   0.01405,   0.02718,  -0.04667,  -0.01713,   0.07313,   0.01733,   0.02882,  -0.01877,  -0.03190,   0.05836,  -0.01549,   0.00256,   0.01733,  -0.03026,   0.01077,   0.05508,  -0.03026,   0.00420,   0.00420,  -0.01056,  -0.03354,   0.05180,  -0.02041,  -0.00072,   0.01405,   0.02554,   0.00749,   0.00420,   0.00585,  -0.01385,   0.02390,   0.00092,   0.02226,   0.05180,   0.06985,  -0.04175,  -0.04995,   0.02062,   0.01897,   0.02390,  -0.01056,  -0.00236,   0.00420,   0.03046,   0.04359,   0.03046,  -0.06308,  -0.00892,   0.03374,  -0.03518,   0.02226,  -0.06308,   0.03703,  -0.03190,   0.07149,   0.00585,   0.06492,   0.00585,   0.00913,   0.03046,  -0.04667,   0.04195,  -0.03190,   0.01241,  -0.03846,  -0.06800,  -0.03026,   0.05180,  -0.10411,  -0.04667,   0.02062,   0.04359,   0.00585,  -0.02369,  -0.03354,  -0.04175,  -0.03846,   0.01405,  -0.08934,  -0.00892,  -0.05980,  -0.07129,   0.04851,  -0.02862,  -0.08605,   0.05180,  -0.01221,   0.03539,   0.07969,   0.00256,  -0.00892,  -0.04995,  -0.00236,  -0.02862,   0.00585,  -0.01221,  -0.03518,  -0.01221,  -0.02205,   0.05836,   0.03374,  -0.00728,  -0.00892,   0.04031,   0.02226,   0.00585,  -0.09426,  -0.03190,  -0.02862,   0.02390,  -0.02862,  -0.03026,  -0.04010,   0.01241,   0.00092,  -0.04175,  -0.04995,   0.03703,  -0.07129,  -0.00400,  -0.05487,  -0.02533,   0.01897,  -0.02205,  -0.08277,   0.01405,   0.03046,   0.00092,   0.05016,   0.02718,  -0.03682,  -0.04339,  -0.08277,   0.04031,   0.01733,   0.02882,  -0.03682,  -0.03846,  -0.08277,  -0.04339,  -0.08113,   0.12072,  -0.05159,  -0.01056,   0.00913,  -0.03026,  -0.00400,   0.05508,   0.00256,  -0.02698,  -0.08770,   0.01241,   0.09775,  -0.04010,  -0.00072,  -0.03846,  -0.07293,  -0.01549,  -0.01056,  -0.02041,   0.06164,  -0.08770,  -0.09098,  -0.05487,  -0.01713,   0.06821,   0.05508,   0.00585,  -0.01877,   0.00585,  -0.01221,   0.05344,   0.01241,  -0.02862,   0.04687,   0.06821,  -0.01877,  -0.04339,  -0.04339,   0.04195,  -0.00728,  -0.00564,  -0.06472,  -0.00892,   0.00749,   0.00092,   0.00913,  -0.01221,  -0.02533,  -0.01221,  -0.00564,  -0.04339,   0.03210,   0.03539,   0.03374,  -0.04503,  -0.01877,  -0.05159,  -0.01056,  -0.03190,   0.04031,  -0.06144,  -0.00236,  -0.01385,   0.00749,   0.05344,   0.04851,   0.00749,   0.06000,  -0.02205,   0.03046,   0.03046,   0.05508,   0.03210,  -0.06636,  -0.04339,   0.01733,  -0.03190,   0.06000,   0.01897,   0.02062,   0.03046,   0.04687,   0.00256,   0.04851,  -0.03846,  -0.02205,  -0.02205,  -0.04667,  -0.06636,   0.02882,  -0.02041,   0.07477,  -0.01221,   0.10923,  -0.00236,  -0.04010,   0.00420,   0.00913,  -0.02369,  -0.08113,  -0.03682,   0.10595,  -0.03190,   0.01897,  -0.05816,   0.03046,  -0.01713,   0.02718,  -0.01549,   0.01897,   0.03374,   0.04031,  -0.00072,   0.02226,   0.05344,  -0.05980,   0.01241,   0.01733,   0.01405,  -0.01385,   0.03046,  -0.01549,   0.08790,   0.07313,   0.01405,   0.00092,   0.03210,   0.03703,  -0.00728,   0.03374,  -0.11231,   0.01241,   0.01077,   0.02226,  -0.05652,  -0.00564,   0.01897,  -0.00072,   0.01241,  -0.06308,   0.02882,   0.01405,   0.04523,   0.10759,  -0.02862,  -0.02369,  -0.01056,  -0.02369,  -0.07785,   0.01897,   0.03539,  -0.00400,   0.01077,  -0.00072,   0.07149,  -0.05159,  -0.06964,  -0.00728,   0.02062,   0.00749,  -0.08441,   0.08790,  -0.07457,   0.00256,  -0.06800,   0.05180,  -0.01385,   0.04195,   0.03703,  -0.11067,  -0.00072,  -0.00892,   0.01733,  -0.08277,   0.05016,  -0.02533,   0.08954,  -0.02533,  -0.03190,  -0.03846,   0.03703,   0.01897,  -0.01056,  -0.05652,  -0.00236,   0.02062,  -0.03682,   0.01241,  -0.09098,  -0.05323,  -0.04831,  -0.02041,   0.03539,  -0.01056,  -0.05980,   0.04359,   0.00749,   0.02718,   0.00913,  -0.05816,   0.02062,   0.02390,   0.02882,  -0.00892,  -0.00072,   0.03374,   0.06164,   0.06821,   0.04523,  -0.02369,   0.02554,  -0.02698,  -0.08605,  -0.02041,  -0.01877,  -0.00400,  -0.02533,   0.00585,  -0.00400,   0.01569,   0.08134,   0.03374,   0.04523,  -0.01877,   0.08626,   0.01405,  -0.06964,  -0.08277,   0.00749,  -0.01713,   0.01405,   0.01241,   0.05180,   0.00092,  -0.04175,   0.00092,   0.01405,   0.06492,   0.02390,   0.00585,  -0.02533,  -0.06308,  -0.02533,   0.00420,  -0.01385,   0.07805,  -0.01385,   0.06657,  -0.03518,   0.00585,  -0.03682,   0.04031,   0.06657,  -0.04995,   0.00256,  -0.03846,   0.08462,  -0.00400,  -0.07457,  -0.08441,   0.02062,  -0.03518,   0.01897,   0.00092,  -0.04995,  -0.05487,   0.07805,  -0.01221,   0.05016,   0.04359,  -0.00892,   0.04195,   0.01897,   0.01733,  -0.03846,  -0.06800,   0.04851,  -0.02369,  -0.00236,   0.04031,  -0.04667,   0.03210,   0.01077,   0.00749,  -0.00728,   0.03867,  -0.07129,   0.02718,   0.05508,  -0.04831,  -0.04667,   0.05016,   0.05836,  -0.00400,   0.09118,   0.03374,  -0.04175,  -0.03518,  -0.03026,   0.03210,  -0.06308,  -0.02698,   0.02718,   0.02554,   0.05672,   0.01405,   0.00749,  -0.05652,   0.02390,   0.00913,   0.06000,   0.02390,   0.03210,   0.10595,  -0.01385,   0.03046,   0.03539,   0.02390,   0.01569,   0.00420,  -0.05652,   0.01241,   0.00420,  -0.01385,  -0.07293,   0.03867,  -0.03026,   0.04851,  -0.03518,   0.00092,  -0.09098,  -0.02698,   0.04031,   0.06000,   0.00585,   0.08462,  -0.03190,   0.01405,   0.01241,   0.00092,   0.00420,  -0.03354,   0.01077,  -0.01385,   0.01405,  -0.08934,  -0.01221,  -0.00892,  -0.06964,   0.03046,  -0.05816,  -0.06800,  -0.02369,   0.04851,  -0.01056,  -0.04175,   0.03210,  -0.00072,   0.06164,  -0.00236,   0.08626,  -0.01549,   0.04851,   0.02882,   0.04851,   0.04851,  -0.00892,   0.00256,  -0.03026,  -0.05980,   0.01569,  -0.07457,   0.00913,   0.00420,   0.03703,   0.01241,  -0.04503,   0.01733,  -0.03354,   0.02390,   0.07641,   0.00913,   0.05672,   0.05508,  -0.01385,   0.06164,   0.00092,   0.00585,  -0.02369,   0.05344,   0.02554,  -0.02862,   0.08462,  -0.07949,   0.01241,  -0.03846,  -0.01549,  -0.05159,  -0.13036,   0.07149,   0.03539,  -0.05323,  -0.08441,  -0.01221,  -0.01877,  -0.04667,   0.02062,  -0.03846,  -0.05652,  -0.07129,  -0.03682,   0.03374,   0.06000,  -0.05487,  -0.00564,   0.00749,   0.01241,  -0.04995,   0.00420,  -0.01385,  -0.05323,   0.05016,  -0.01877,  -0.03026,   0.13221,   0.02554,  -0.01877,  -0.04010,  -0.01385,  -0.04503,   0.01733,   0.01569,   0.03867,   0.07149,  -0.07293,  -0.02698,  -0.02205,  -0.02369,  -0.01877,   0.02390,   0.00420,   0.03539,  -0.03026,   0.10759,   0.03046,  -0.03846,  -0.04339,   0.06492,   0.00092,  -0.03190,   0.05344,   0.04195,   0.02554,   0.04031,   0.00092,   0.00585,  -0.00072,  -0.03026,   0.09775,  -0.03518,  -0.02369,  -0.06636,   0.04523,  -0.00892,  -0.03846,  -0.03026,  -0.00892,   0.02062,  -0.03846,  -0.02205,   0.03867,   0.02390,  -0.04175,   0.02226,  -0.01056,  -0.03354,   0.02882,   0.03703,   0.04687,   0.05836,   0.05180,  -0.03518,  -0.02533,  -0.02862,  -0.05323,  -0.01221,   0.02062,  -0.01713,   0.00749,  -0.00400,  -0.07293,  -0.02698,  -0.01056,  -0.04667,   0.00092,   0.01405,  -0.01221,  -0.04503,   0.02718,   0.00749,   0.00420,  -0.02698,  -0.00236,   0.07641,  -0.04010,   0.02554,   0.07805,  -0.03518,  -0.05159,   0.00256,   0.03046,   0.00256,  -0.02862,   0.05508,  -0.04175,   0.04359,   0.01077,  -0.00564,  -0.03846,  -0.04667,  -0.02369,  -0.04995,   0.01897,  -0.07785,  -0.14021,   0.00913,   0.00913,   0.00420,   0.09282,   0.00092,   0.12072,  -0.04339,   0.01241,   0.07149,   0.05836,   0.08134,  -0.01385,   0.05016,   0.04687,  -0.02205,   0.01897,  -0.05816,   0.06821,  -0.04995,  -0.01713,   0.03046,   0.00420,  -0.03354,   0.03703,   0.01077,  -0.00728,   0.05508,   0.05836,  -0.03518,  -0.09590,  -0.02533,   0.02226,  -0.01877,   0.00256,  -0.06636,   0.06657,   0.07641,  -0.06964,  -0.07949,   0.02554,  -0.00728,   0.00913,  -0.10082,   0.05016,  -0.06636,  -0.04175,  -0.02533,  -0.01713,   0.02882,   0.02062,   0.04687,   0.05836,  -0.02041,   0.03867,  -0.06472,  -0.05816,   0.01569,  -0.06144,   0.00749,  -0.00564,   0.05672,  -0.03518,  -0.03518,   0.02554,   0.04851,  -0.00072,   0.05180,   0.08134,  -0.02205,  -0.00564,  -0.00564,  -0.00236,  -0.07457,   0.00913,  -0.01877,  -0.03354,  -0.01713,   0.02718,  -0.02369,  -0.04010,  -0.05159,   0.00913,   0.01569,   0.03539,  -0.02698,  -0.02205,   0.00913,   0.00256,  -0.02369,   0.01897,  -0.09918,   0.00749,  -0.04995,  -0.00892,  -0.01385,   0.10595,  -0.00236,   0.05180,   0.01077,  -0.07949,  -0.01549,  -0.02533,  -0.06144,   0.04031,  -0.01056,   0.03210,   0.04031,   0.08790,   0.01241,  -0.03518,   0.05836,  -0.01549,  -0.04995,  -0.02862,  -0.01385,  -0.07457,   0.02554,   0.06492,  -0.03682,   0.11744,  -0.03190,   0.02554,   0.01077,   0.00256,   0.02226,   0.08462,  -0.01385,  -0.08277,   0.01241,   0.02718,  -0.07293,   0.02226,   0.03539,  -0.00072,   0.00913,  -0.05159,   0.09118,  -0.02533,  -0.00400,  -0.05980,  -0.03682,  -0.03354,   0.05180,  -0.04503,  -0.00564,   0.02554,  -0.04010,   0.00420,   0.02554,  -0.02041,  -0.01877,  -0.02698,  -0.00236,   0.00256,  -0.05816,   0.02390,  -0.03846,   0.02226,  -0.05323,  -0.03354,   0.06000,   0.03703,  -0.04667,   0.05836,  -0.01713,   0.03046,  -0.00236,  -0.06964,  -0.01549,  -0.01549,  -0.01056,  -0.02369,  -0.05652,   0.02390,   0.06328,   0.08790,   0.05836,  -0.00564,   0.07641,  -0.03354,  -0.01221,  -0.03682,  -0.01385,  -0.03026,  -0.00564,  -0.00892,  -0.01221,   0.00420,   0.08626,  -0.06964,  -0.03026,   0.01733,   0.01897,  -0.04667,   0.03374,  -0.03190,  -0.00400,  -0.05487,   0.00092,   0.05180,  -0.04667,   0.03703,   0.04031,  -0.00892,  -0.00236,  -0.00728,  -0.04010,   0.05016,  -0.05816,  -0.04995,   0.00913,  -0.00564,   0.05836,  -0.08770,   0.07149,   0.00256,   0.00913,   0.03867,   0.01897,   0.04523,   0.03210,   0.00913,   0.02882,  -0.00400,  -0.04503,  -0.08441,  -0.01877,  -0.03846,  -0.01221,  -0.01713,  -0.00236,  -0.01385,  -0.02698,   0.03374,   0.00913,  -0.00728,   0.05344,   0.00913,   0.04687,   0.01077,   0.03046,   0.03210,   0.08790,  -0.06308,   0.01241,  -0.01549,  -0.04339,   0.02062,  -0.06800,  -0.04831,   0.08462,  -0.09754,  -0.04010,   0.07641,  -0.00400,  -0.05980,   0.01733,   0.03374,   0.01733,  -0.01221,  -0.02698,   0.04195,  -0.03846,   0.04031,  -0.00728,   0.05672,   0.04687,  -0.07621
   0.06985,  -0.00564,   0.02554,   0.03539,   0.02390,   0.04195,   0.00256,   0.06492,   0.03867,  -0.07785,  -0.05652,  -0.00072,  -0.03026,   0.06657,   0.01077,  -0.08770,   0.08462,  -0.00564,   0.02718,  -0.00564,   0.01569,   0.05508,   0.04195,   0.02226,   0.03539,   0.00749,  -0.05816,  -0.01549,  -0.03846,   0.05180,  -0.00236,  -0.01056,   0.02554,   0.00913,  -0.02862,  -0.02205,   0.04031,  -0.01549,  -0.02041,   0.04195,  -0.01385,  -0.00236,  -0.07129,  -0.06472,  -0.01221,  -0.05816,   0.05672,  -0.07293,   0.01077,   0.03210,   0.05016,   0.00420,   0.00256,  -0.07293,   0.06164,   0.01241,   0.00749,   0.02718,   0.02882,   0.01569,   0.00749,  -0.04995,   0.01569,  -0.02533,  -0.00072,   0.01077,  -0.02205,   0.03046,   0.01897,  -0.05487,  -0.01713,   0.01077,   0.02554,  -0.00236,  -0.00400,   0.04687,  -0.01713,   0.03046,   0.08462,  -0.01713,   0.02882,  -0.04175,   0.01405,   0.04851,   0.07805,   0.04195,   0.03374,  -0.05323,   0.01897,  -0.00072,  -0.01385,   0.00092,  -0.00564,  -0.03682,  -0.05980,  -0.03354,  -0.03354,   0.06985,   0.01405,  -0.04503,   0.01733,  -0.01056,  -0.02205,   0.01077,  -0.00400,   0.00913,   0.07149,   0.01897,  -0.03518,  -0.01713,  -0.01713,  -0.02369,  -0.03354,   0.02554,  -0.00400,   0.00092,  -0.00236,   0.01569,  -0.04831,  -0.11724,   0.00092,   0.00420,   0.08954,   0.00749,  -0.00728,  -0.02369,   0.11252,   0.06492,   0.02882,  -0.01713,  -0.00236,  -0.06144,  -0.09754,  -0.01221,  -0.00892,   0.06000,  -0.06636,  -0.00728,  -0.00236,   0.09611,   0.03046,   0.00749,  -0.00892,   0.03703,  -0.01056,  -0.01056,  -0.07621,   0.05180,  -0.00892,  -0.06308,  -0.01549,   0.11088,  -0.05159,   0.02718,  -0.04010,  -0.01549,   0.09939,   0.00420,  -0.03846,  -0.08770,  -0.00400,  -0.04503,  -0.01549,   0.04851,  -0.00072,  -0.04175,   0.01733,   0.04359,  -0.04175,  -0.01549,   0.04523,   0.04031,   0.02226,   0.04359,   0.00913,  -0.03190,  -0.05323,  -0.00564,  -0.01877,   0.00420,   0.01897,   0.07641,   0.04523,   0.02062,   0.09775,  -0.08934,   0.03210,  -0.09590,   0.07477,  -0.01549,  -0.05487,   0.02882,   0.02390,  -0.00236,  -0.02041,   0.01241,  -0.05487,   0.00585,   0.04687,   0.03703,   0.04687,  -0.00236,   0.03210,  -0.07457,   0.01569,   0.01077,   0.00749,  -0.02533,  -0.02205,  -0.05487,  -0.02041,  -0.02533,  -0.00400,   0.05344,  -0.04175,  -0.04339,   0.03046,   0.02554,  -0.05652,   0.01897,  -0.00728,  -0.00072,   0.08298,  -0.03190,   0.00420,   0.04523,  -0.00728,  -0.04831,   0.02554,   0.00420,   0.04195,   0.01077,  -0.02698,  -0.04831,   0.06164,   0.01077,   0.05836,  -0.03846,  -0.00892,   0.03374,   0.04195,  -0.04667,  -0.03518,  -0.00400,   0.01897,  -0.01877,  -0.03354,  -0.02369,  -0.03682,   0.00420,  -0.00564,   0.02554,   0.05344,   0.02882,   0.03210,   0.01569,  -0.02205,  -0.04995,  -0.05487,   0.00749,   0.06985,  -0.01056,   0.02390,  -0.03354,   0.02554,  -0.02369,   0.05016,   0.02390,   0.10759,   0.04031,  -0.05816,  -0.01877,   0.04359,  -0.02533,  -0.05159,   0.01405,   0.03046,   0.05344,   0.15518,  -0.04339,  -0.13529,  -0.02041,   0.02390,  -0.03190,  -0.06964,   0.07313,  -0.08934,   0.00092,  -0.02369,   0.02390,  -0.01877,  -0.04503,   0.02390,  -0.04995,  -0.02698,  -0.04995,   0.00749,  -0.02533,  -0.01713,  -0.08277,  -0.04503,   0.02226,   0.01569,  -0.07949,   0.04687,  -0.00728,  -0.02698,  -0.06144,  -0.03518,  -0.02205,   0.01897,  -0.00892,   0.01733,  -0.02369,  -0.03846,   0.06328,  -0.01056,   0.00256,   0.05016,  -0.00728,   0.03210,   0.00913,  -0.00400,  -0.06144,  -0.09262,  -0.04831,   0.01405,   0.01077,   0.04031,   0.07149,   0.03867,  -0.00072,   0.02882,  -0.02369,   0.02718,  -0.01877,   0.01897,  -0.00728,  -0.08441,  -0.02698,   0.05016,  -0.04339,  -0.00236,  -0.03682,   0.03867,  -0.00072,   0.01077,  -0.00892,   0.00749,  -0.00400,   0.02062,  -0.01385,  -0.03518,  -0.02533,  -0.03518,   0.10759,  -0.07129,  -0.01056,   0.07149,   0.06657,   0.00092,   0.00420,  -0.01385,  -0.03190,   0.00749,   0.01241,  -0.00728,   0.03703,  -0.00072,  -0.09918,  -0.04503,   0.03539,   0.02882,   0.04523,   0.04523,  -0.02369,  -0.03026,  -0.06800,   0.04851,  -0.00400,   0.01405,   0.05016,   0.00749,   0.02062,   0.06985,  -0.07621,  -0.01056,  -0.00564,  -0.03518,  -0.03354,  -0.03354,  -0.07621,  -0.04175,  -0.05487,  -0.05323,   0.05016,   0.01241,   0.02226,   0.00420,  -0.03026,   0.06821,   0.05180,  -0.04010,  -0.02369,   0.01405,   0.03374,   0.02882,  -0.00072,   0.12400,   0.02718,   0.01405,  -0.01549,  -0.09918,  -0.00400,  -0.10411,   0.02390,   0.00749,   0.04851,  -0.03518,  -0.05816,   0.02226,   0.00420,  -0.04667,   0.03374,  -0.00400,  -0.01877,  -0.02041,  -0.04175,  -0.02369,   0.06657,   0.07149,  -0.00892,   0.02554,  -0.01221,  -0.02862,   0.09939,  -0.00400,   0.02390,  -0.01713,   0.02226,  -0.00728,  -0.04831,  -0.05159,   0.01897,  -0.04503,  -0.03682,   0.02062,  -0.00072,   0.00749,  -0.10903,  -0.05159,   0.01569,   0.00913,  -0.01056,  -0.06472,   0.06000,  -0.03190,  -0.02698,  -0.06800,   0.01897,  -0.00728,   0.03539,  -0.02533,  -0.01221,   0.01897,   0.03867,   0.06657,  -0.05323,  -0.00236,   0.01733,  -0.00728,   0.11088,  -0.02205,   0.03867,  -0.00728,   0.05672,   0.06000,  -0.06144,  -0.01713,   0.02882,   0.00420,  -0.02369,  -0.01549,   0.01569,  -0.02041,   0.04195,   0.00092,  -0.10739,  -0.00400,  -0.00072,   0.04195,   0.01569,   0.05672,   0.03210,  -0.02041,  -0.00072,   0.04195,   0.04359,  -0.00400,  -0.00892,   0.03374,  -0.02533,  -0.04667,   0.02226,  -0.09262,  -0.01221,  -0.00072,   0.02226,  -0.02698,  -0.02041,   0.04195,  -0.00400,   0.04031,  -0.01221,  -0.02369,  -0.03518,   0.01077,  -0.01877,  -0.03682,   0.06164,  -0.02533,   0.01897,  -0.00072,  -0.05652,   0.02390,   0.06821,  -0.06800,  -0.05980,   0.02062,  -0.07621,  -0.07457,   0.05016,  -0.02862,   0.09611,  -0.00236,   0.01241,  -0.01385,   0.05016,  -0.00400,   0.02882,  -0.01385,   0.00913,   0.03210,  -0.04339,   0.02062,   0.03374,  -0.07457,  -0.00728,   0.01897,   0.05508,  -0.07621,  -0.01877,   0.04687,  -0.03354,   0.00749,  -0.01385,   0.02226,  -0.01877,  -0.04010,  -0.00564,  -0.01877,  -0.04831,  -0.01877,  -0.05816,   0.01733,  -0.02698,  -0.00892,  -0.04010,   0.01569,   0.04359,   0.09446,  -0.08605,   0.00749,   0.00256,   0.02390,   0.01569,  -0.04010,   0.13713,   0.01405,  -0.02205,  -0.02205,   0.02062,   0.01077,  -0.00892,   0.04687,  -0.10575,   0.01077,  -0.00892,   0.02554,   0.02718,   0.04523,  -0.02698,  -0.04010,   0.01569,   0.02882,   0.02718,  -0.07293,   0.01733,   0.01569,  -0.03518,  -0.01877,   0.07805,  -0.02533,  -0.03190,  -0.01877,   0.05180,   0.02390,   0.02882,   0.01241,   0.02882,  -0.01056,   0.00420,   0.02390,  -0.00892,   0.08298,   0.02718,  -0.05487,  -0.13036,   0.01569,  -0.03026,  -0.00892,  -0.05816,   0.03539,  -0.01056,   0.03374,   0.02062,  -0.00728,  -0.12052,   0.09939,   0.00749,  -0.04175,  -0.01713,   0.03210,   0.01077,   0.00913,   0.06164,  -0.00892,  -0.00728,  -0.02205,   0.10103,   0.08462,   0.10267,  -0.01549,   0.03046,  -0.05323,  -0.01877,   0.02718,  -0.03846,   0.01733,  -0.03354,  -0.04667,  -0.01877,  -0.03026,   0.05672,   0.02882,   0.03210,   0.03703,   0.03210,  -0.07129,   0.08134,  -0.07949,   0.01405,  -0.06964,   0.02554,   0.04851,   0.07477,  -0.03682,   0.04523,  -0.00728,   0.05344,  -0.06308,  -0.02862,   0.01241,  -0.05323,   0.03374,   0.06657,   0.02882,  -0.00072,  -0.04503,   0.00585,  -0.00564,  -0.10903,   0.00913,  -0.07129,   0.06985,   0.04523,  -0.00892,   0.03046,  -0.02205,  -0.07621,   0.00256,   0.00420,  -0.06308,  -0.07785,  -0.00564,   0.08134,   0.03703,  -0.01877,  -0.02041,   0.03374,   0.03374,   0.00749,   0.01897,  -0.03846,  -0.01056,  -0.05323,  -0.00728,   0.02554,  -0.02862,  -0.09426,   0.04359,   0.01241,  -0.02698,  -0.09262,  -0.04339,   0.06164,   0.04523,   0.02718,   0.00585,  -0.03190,   0.05508,   0.05180,  -0.03190,  -0.01221,  -0.02205,  -0.03518,   0.04359,  -0.02205,   0.03210,  -0.07129,   0.08954,  -0.04831,  -0.11559,  -0.04175,   0.01897,  -0.07621,  -0.06144,  -0.00236,   0.03539,  -0.02862,  -0.02369,   0.00913,  -0.01713,  -0.01713,   0.04851,  -0.08934,  -0.06144,   0.06492,  -0.01221,  -0.04175,   0.03867,  -0.01056,  -0.04010,   0.00420,   0.01405,  -0.01713,  -0.04995,   0.04359,   0.03703,  -0.02862,  -0.02533,  -0.06636,   0.01733,   0.07477,   0.01241,  -0.00728,   0.06328,  -0.00072,   0.02226,  -0.03846,  -0.01385,   0.04195,   0.02554,   0.02554,   0.05180,   0.00092,   0.05180,   0.00585,  -0.04831,   0.00749,  -0.07785,   0.02390,  -0.01385,  -0.05816,  -0.05323,  -0.06144,   0.02226,  -0.03026,  -0.02533,   0.03703,   0.01405,   0.05672,   0.01077,   0.00092,   0.02226,   0.02718,  -0.05980,   0.07641,   0.04523,  -0.02862,  -0.02205,   0.01569,  -0.01221,   0.01077,   0.01733,  -0.01713,   0.06000,  -0.02862,   0.02718,   0.08790,   0.00749,   0.02390,   0.01569,   0.07149,  -0.02698,  -0.01713,   0.03867,   0.05180,   0.03703,   0.08462,   0.01077,  -0.00072,  -0.00564,   0.04687,   0.06164,  -0.03026,  -0.02862,  -0.02862,  -0.05323,  -0.09590,  -0.00892,   0.00913,  -0.03682,   0.03210,  -0.00072,  -0.03682,   0.03046,   0.00749,  -0.09262,  -0.09754,  -0.01549,  -0.00728,  -0.01385,   0.01733,   0.08134,  -0.03026,   0.04195,  -0.06800,   0.03703,   0.00913,  -0.01877,  -0.00400,   0.04031,  -0.01056,  -0.00564,  -0.05652,  -0.01713,  -0.04339,  -0.03846,   0.03703,   0.01897,  -0.00728,   0.00585,   0.01733,   0.01569,   0.02554,   0.02882,   0.01733,  -0.02533,  -0.04831,   0.01405,  -0.03026,   0.03210,   0.01241,   0.00092,  -0.05323,   0.04687,   0.01897,  -0.04503,   0.01405,  -0.04175,  -0.02041,   0.01569,   0.02226,  -0.02205,   0.05508,  -0.01221,  -0.03354,   0.01897,   0.04031,  -0.06964,  -0.01385,   0.03539,   0.06985,  -0.01549,  -0.06800,  -0.01056,   0.00092,   0.05344,  -0.06472,  -0.00400,   0.04031,   0.05836,  -0.07785,   0.08462,   0.02718,   0.03867,   0.02062,  -0.00072,   0.01733,  -0.04667,   0.10267,  -0.12872,  -0.05980,   0.06164,  -0.03190,  -0.03190,  -0.04175,  -0.00236,  -0.02698,  -0.00072,   0.02062,  -0.11231,  -0.06800,  -0.09098,  -0.01385,  -0.01713,  -0.05816,   0.01077,   0.01569,   0.04031,   0.07641,  -0.03846,   0.03539,  -0.01549,   0.03374,  -0.03518,   0.00585,  -0.09918,  -0.00892,   0.04523,   0.04851,   0.03539,   0.00913,   0.04523,  -0.04010,  -0.04175,   0.01405,   0.05180,  -0.00072,  -0.02041,   0.01897,   0.00420,  -0.02698,  -0.08770,   0.06328,   0.00913,   0.05672,   0.00092,   0.04359,  -0.02205,   0.02882,   0.01241,  -0.04339,   0.04031,   0.01077,  -0.06800,  -0.00072,   0.03046,  -0.03026,   0.02390,  -0.03682,  -0.06800,  -0.04175,  -0.05323,  -0.04175,  -0.01877,  -0.09262,   0.00585,   0.06164,  -0.01385,   0.01077,  -0.04503,  -0.00236,   0.02718,   0.02390,   0.02390,  -0.01056,   0.03867,  -0.00236,  -0.01713,  -0.04831,   0.01241,   0.01569,   0.00913,   0.04851,   0.02718,   0.00420,  -0.04010,  -0.01056,  -0.00728,   0.00256,   0.01897,   0.06492,   0.03539,   0.04851,   0.01241,   0.03703,   0.05672,  -0.01877,   0.02226,   0.02554,  -0.07129,  -0.01385,  -0.06144,  -0.07621,   0.03374,   0.06000,   0.02226,   0.01733,   0.04851,  -0.05652,   0.00749,  -0.06800
   0.04031,  -0.00072,   0.00420,  -0.01713,  -0.00728,   0.05180,  -0.01713,  -0.02205,  -0.01549,  -0.04010,  -0.02698,   0.06985,   0.03703,  -0.05159,   0.00092,  -0.02862,  -0.04995,   0.03539,   0.04687,  -0.04175,  -0.01056,  -0.00892,  -0.03026,   0.01733,   0.02390,   0.01405,  -0.02205,   0.03867,   0.03374,   0.05016,  -0.01056,   0.04523,   0.00420,  -0.02369,  -0.01056,   0.01241,   0.00256,   0.02882,   0.01241,  -0.03354,  -0.04175,  -0.04503,   0.02226,  -0.03190,   0.00420,  -0.07785,   0.01077,   0.03703,   0.03374,  -0.02369,   0.02226,  -0.03846,  -0.03846,  -0.04339,   0.00913,   0.00420,  -0.02862,  -0.01713,   0.02062,   0.00749,  -0.05323,   0.05344,  -0.04339,   0.05836,   0.00913,  -0.04503,  -0.15170,   0.03539,  -0.04667,   0.02554,  -0.00892,  -0.01549,   0.01897,  -0.05980,   0.08134,  -0.01385,  -0.02205,  -0.00400,   0.03374,   0.03539,  -0.01549,   0.06492,   0.00749,   0.02226,   0.00092,   0.01733,  -0.00728,  -0.00400,   0.02062,   0.08298,  -0.06144,  -0.01221,   0.03703,  -0.02369,  -0.02533,   0.00585,   0.02554,   0.05016,   0.03703,   0.03374,  -0.00236,  -0.05816,  -0.04831,   0.03210,  -0.04339,   0.02882,  -0.06636,  -0.02698,   0.05344,   0.06000,   0.02226,  -0.04175,   0.06000,  -0.00892,   0.00420,   0.04523,   0.04851,  -0.09262,   0.02390,  -0.00072,  -0.01056,  -0.03354,   0.03867,   0.03539,  -0.09754,   0.00749,   0.00749,  -0.00564,   0.04523,  -0.02533,   0.04195,   0.07477,   0.03703,  -0.05980,   0.00913,  -0.06308,   0.00256,   0.00585,   0.03210,  -0.09098,   0.04523,  -0.02698,  -0.01385,   0.00749,   0.02226,  -0.04339,   0.01733,  -0.02698,  -0.02698,   0.00420,   0.00092,  -0.02205,   0.03867,   0.01569,   0.01733,  -0.01877,   0.06328,   0.07149,  -0.01877,  -0.07621,   0.02390,  -0.03846,   0.02718,   0.02226,  -0.02205,  -0.04831,   0.03539,   0.01733,  -0.01549,  -0.00236,   0.00420,  -0.08934,  -0.03846,  -0.04175,  -0.01385,   0.00913,   0.01077,   0.01569,   0.01077,   0.03210,  -0.06800,  -0.03354,   0.02882,   0.04523,  -0.01877,  -0.00236,  -0.09918,   0.05344,  -0.01549,   0.07149,   0.02882,  -0.00564,  -0.05980,   0.02390,   0.06492,  -0.00892,  -0.04667,   0.00256,  -0.04339,  -0.06472,   0.01077,   0.00092,  -0.03846,  -0.01549,   0.03210,  -0.00564,   0.05180,  -0.01549,  -0.01056,  -0.03846,  -0.00728,  -0.07785,   0.07313,  -0.03682,  -0.04503,  -0.02862,  -0.07129,  -0.01221,   0.04687,   0.05016,   0.03046,   0.05672,  -0.00892,   0.07805,   0.07477,  -0.00564,  -0.02698,  -0.03026,  -0.04339,  -0.00728,  -0.02205,   0.06000,   0.02554,  -0.02862,   0.06985,  -0.00400,  -0.05487,   0.02390,  -0.01877,   0.01897,  -0.01221,   0.03374,   0.01077,   0.05344,   0.04359,  -0.06308,  -0.03190,  -0.01713,   0.03539,  -0.07457,   0.00092,   0.03374,  -0.02041,   0.01405,   0.04687,  -0.02862,   0.03210,   0.05344,   0.04851,  -0.03682,  -0.01713,  -0.00072,   0.04523,   0.04851,   0.01405,  -0.09098,  -0.05816,   0.02882,  -0.06800,  -0.04175,   0.00092,   0.06164,   0.01077,  -0.00892,  -0.00236,   0.03539,  -0.04503,   0.06000,  -0.06308,  -0.00236,  -0.01385,   0.05508,   0.00913,   0.01569,   0.03210,   0.01405,  -0.00728,   0.03867,   0.00256,  -0.00236,   0.00749,  -0.01877,  -0.03518,   0.01897,   0.01405,  -0.00400,   0.05508,   0.09611,   0.00585,   0.07477,   0.00420,   0.02718,  -0.00400,  -0.03846,  -0.01385,  -0.03518,   0.00585,  -0.00892,   0.04851,  -0.05980,  -0.02698,   0.00913,  -0.08770,  -0.04503,   0.04031,   0.06164,   0.05836,  -0.00400,  -0.04339,   0.07149,   0.07149,   0.00913,  -0.02698,   0.00749,  -0.02041,  -0.04831,   0.01241,  -0.02369,  -0.02862,  -0.11067,  -0.01056,  -0.03682,  -0.05323,  -0.07785,   0.03539,   0.05016,  -0.01713,   0.03703,   0.03210,   0.01241,  -0.00728,  -0.02862,   0.05836,  -0.01221,   0.03210,   0.02554,  -0.03682,  -0.05816,   0.11416,  -0.00564,  -0.04010,   0.01405,  -0.04831,   0.06985,   0.08790,  -0.07129,  -0.01549,   0.02390,  -0.01385,  -0.00564,  -0.01056,  -0.06800,   0.01405,  -0.02205,  -0.07293,  -0.00072,   0.07641,  -0.02205,   0.06328,  -0.01056,  -0.07129,   0.02062,  -0.01056,   0.04359,   0.04523,   0.02226,   0.01405,  -0.02369,  -0.07457,  -0.00072,  -0.03518,  -0.00236,  -0.01877,   0.01897,  -0.03846,  -0.01877,  -0.02369,  -0.03190,   0.04851,  -0.01877,   0.05672,  -0.03518,  -0.03354,  -0.05980,   0.00585,  -0.04831,   0.03703,   0.00585,  -0.00728,  -0.03190,  -0.04339,   0.07641,  -0.00892,   0.01897,  -0.04010,  -0.01877,  -0.01221,  -0.06144,  -0.03026,   0.02554,  -0.03518,   0.07641,  -0.02862,   0.03210,  -0.05980,   0.01897,  -0.06800,  -0.04503,  -0.02862,   0.01077,  -0.02698,  -0.02205,   0.01569,  -0.03354,   0.01241,  -0.01549,  -0.06636,  -0.03682,  -0.01221,   0.07149,  -0.07293,   0.04359,  -0.03846,  -0.04667,  -0.04010,   0.02718,   0.08790,   0.08298,   0.04687,  -0.01385,  -0.01877,   0.02390,   0.05180,  -0.04010,  -0.04995,  -0.09262,   0.02062,   0.01241,   0.06985,  -0.04503,  -0.05487,   0.06164,  -0.00236,  -0.00072,  -0.02533,   0.03210,   0.01405,  -0.02041,   0.04687,   0.01241,  -0.04010,   0.13057,  -0.04010,   0.08790,  -0.03518,  -0.02369,   0.00749,   0.03046,   0.01077,   0.00913,  -0.04831,  -0.05487,  -0.01385,  -0.00400,   0.00092,   0.04851,  -0.04995,   0.01569,   0.03046,   0.02718,  -0.00236,   0.00420,   0.00585,  -0.08934,  -0.04503,   0.00256,   0.02882,  -0.00728,  -0.05652,   0.02390,   0.01733,  -0.03026,   0.00749,  -0.01056,   0.00256,  -0.02369,   0.03703,   0.03867,  -0.05159,  -0.10247,  -0.01713,   0.01241,  -0.05816,   0.05836,   0.01569,  -0.00236,   0.03867,  -0.00564,  -0.02533,  -0.04995,  -0.01549,   0.06492,  -0.03026,   0.00585,  -0.01877,  -0.05652,  -0.05980,  -0.00728,  -0.06308,  -0.00892,   0.02390,  -0.04831,   0.05180,   0.04851,  -0.03354,  -0.01056,   0.00585,  -0.04339,   0.02062,   0.03703,  -0.04175,  -0.01056,  -0.00564,   0.05180,  -0.03354,   0.06492,   0.02390,  -0.02041,   0.02226,  -0.04667,  -0.07785,   0.00749,   0.04687,   0.01569,   0.01241,   0.01405,   0.00420,  -0.00072,   0.00749,   0.04195,  -0.01549,   0.04523,  -0.00564,   0.02718,  -0.00564,   0.02882,   0.05016,  -0.00236,  -0.04010,   0.00420,  -0.06800,   0.02390,   0.06985,  -0.02533,  -0.01385,   0.02226,  -0.02862,   0.02390,   0.03046,  -0.01221,   0.06821,  -0.08770,  -0.01385,   0.00585,   0.05672,   0.05672,   0.00256,   0.07969,   0.00092,  -0.09262,  -0.03682,   0.02226,  -0.02369,  -0.03026,  -0.13529,   0.02062,  -0.07293,   0.01897,   0.01897,  -0.07293,  -0.03354,   0.00913,  -0.02205,   0.05508,   0.01405,   0.04195,  -0.04175,   0.03210,   0.01733,   0.03703,   0.00092,  -0.07293,   0.01569,   0.02718,  -0.03190,  -0.05980,   0.02062,  -0.03026,   0.05836,  -0.07129,   0.00913,   0.03210,  -0.00400,  -0.00236,   0.05180,   0.07313,   0.02226,  -0.02205,  -0.04667,  -0.00564,  -0.03682,   0.00092,  -0.04667,   0.01241,  -0.04010,  -0.01877,  -0.00892,  -0.06144,  -0.01713,   0.08790,   0.01897,  -0.02041,   0.01405,  -0.10082,  -0.01221,   0.03374,   0.00256,  -0.05980,   0.01241,  -0.04339,   0.01077,  -0.07457,  -0.04339,   0.00420,   0.00585,   0.00585,  -0.01877,   0.02062,  -0.06800,  -0.01713,   0.03703,  -0.03354,   0.01077,  -0.00564,  -0.03026,   0.03703,   0.04031,  -0.07621,  -0.02369,  -0.02698,  -0.06472,  -0.07785,   0.09775,   0.01405,   0.07805,   0.01897,   0.02390,   0.04851,   0.01897,  -0.08277,   0.09118,  -0.02862,  -0.01385,   0.03210,  -0.01549,  -0.01056,   0.00913,  -0.06636,   0.04687,   0.00420,  -0.04503,   0.02882,   0.01405,  -0.09426,   0.03210,   0.00092,  -0.05487,   0.01733,  -0.09590,   0.02718,  -0.00564,   0.01733,   0.00256,  -0.01056,  -0.00400,  -0.01549,   0.02062,  -0.06308,   0.01405,  -0.04339,  -0.05980,   0.01405,   0.01733,  -0.01549,   0.09611,  -0.02205,  -0.03354,   0.05180,   0.07969,  -0.03354,  -0.02862,  -0.05487,  -0.02205,  -0.06800,  -0.00072,  -0.05159,   0.02390,  -0.04010,  -0.06308,   0.02882,   0.04687,  -0.01713,  -0.04831,   0.03046,  -0.03354,  -0.00892,   0.01405,  -0.02369,  -0.02041,   0.07969,   0.03703,  -0.04175,  -0.03846,  -0.03354,  -0.04667,   0.04359,  -0.08277,   0.12565,   0.03046,  -0.00728,   0.03867,   0.12565,  -0.09590,  -0.01877,   0.03374,   0.03046,   0.02226,  -0.00072,   0.01405,   0.01897,   0.01405,   0.04031,   0.01897,   0.03539,   0.01897,  -0.01385,   0.08626,   0.00256,  -0.04175,  -0.04503,   0.04687,  -0.08934,  -0.04339,  -0.02369,   0.04523,   0.00092,   0.00256,   0.04359,  -0.02698,   0.07149,   0.06657,  -0.01221,   0.08462,  -0.08934,  -0.10903,   0.04851,  -0.02862,   0.03046,  -0.01549,   0.07477,   0.07969,   0.07641,  -0.01549,   0.02226,  -0.03682,  -0.00892,   0.06328,   0.02718,   0.02062,   0.02226,  -0.08770,   0.00585,  -0.06636,   0.01897,  -0.01713,   0.00585,   0.00420,   0.01733,   0.05016,   0.02226,  -0.04339,  -0.01056,   0.00256,  -0.05323,  -0.00072,  -0.04339,  -0.00892,  -0.02369,   0.03539,  -0.03190,   0.00913,   0.01077,  -0.03026,  -0.05159,   0.06000,   0.02226,   0.00092,  -0.08770,  -0.06144,  -0.03026,   0.05672,   0.00420,   0.07641,  -0.02041,  -0.01877,   0.04195,   0.00092,   0.01077,   0.02718,  -0.04175,  -0.00564,  -0.07293,  -0.01056,  -0.02041,   0.03210,   0.00585,   0.09611,  -0.02205,   0.07805,  -0.01877,   0.04523,   0.02062,   0.05180,   0.06492,  -0.03682,   0.04031,  -0.01877,   0.03046,   0.04687,  -0.00728,   0.00585,   0.02062,  -0.04010,  -0.08113,  -0.06144,  -0.08605,   0.00420,   0.00092,  -0.02041,  -0.07293,   0.08298,  -0.04995,   0.01241,   0.03867,  -0.02862,  -0.02205,  -0.01549,  -0.00728,   0.04523,   0.04851,  -0.01056,  -0.02862,  -0.03682,   0.05180,   0.06164,   0.00749,   0.03867,  -0.06308,   0.00256,   0.01405,  -0.03846,   0.02554,  -0.00400,  -0.04831,  -0.05323,  -0.03682,  -0.05980,   0.00256,  -0.07457,   0.01897,  -0.04503,  -0.05323,  -0.09262,   0.03046,   0.05016,   0.03210,  -0.02369,  -0.04010,   0.02062,   0.01077,   0.03539,   0.01405,  -0.02041,  -0.02369,  -0.04175,   0.01569,  -0.04175,   0.00256,  -0.02862,   0.04359,  -0.02369,  -0.08277,  -0.06144,   0.02882,  -0.04175,  -0.03354,  -0.04503,   0.03210,  -0.03682,   0.01569,   0.02718,   0.07805,   0.00092,   0.02882,  -0.00892,  -0.03026,   0.03703,   0.03210,   0.00420,  -0.05487,  -0.00564,  -0.03354,  -0.01713,  -0.01056,  -0.02862,  -0.06308,  -0.03518,   0.00913,   0.04031,  -0.02369,   0.00749,   0.05508,  -0.01877,  -0.01221,   0.06821,   0.01733,   0.05344,   0.01733,  -0.01877,  -0.01385,   0.02226,  -0.03682,   0.08790,   0.02554,  -0.01056,   0.02390,   0.08298,  -0.03026,  -0.01056,  -0.01056,   0.02554,   0.00913,   0.00913,  -0.01549,  -0.02369,   0.03046,  -0.06800,   0.02554,   0.05672,  -0.01877,   0.00749,  -0.07949,   0.06164,  -0.01877,  -0.01549,   0.06164,   0.02226,   0.01897,  -0.01877,  -0.03190,   0.05180,   0.00420,  -0.04503,  -0.01221,   0.00420,   0.02226,   0.05344,  -0.00236,  -0.04175,   0.05508,  -0.00072,  -0.00400,  -0.04175,   0.01405,   0.04687,   0.01733,  -0.00236,  -0.01877,  -0.02698,  -0.01877,  -0.05652,  -0.00564,   0.02554,   0.00585,   0.04687,   0.08790,  -0.03190,  -0.10082,   0.00749,  -0.02698,  -0.00400,  -0.03026,   0.12400,  -0.10903,  -0.00236,   0.01405,  -0.04995,   0.01897,  -0.04010,   0.01077,  -0.03846,   0.05180,   0.01569,  -0.02698
  -0.04831,  -0.02533,  -0.00072,   0.03703,   0.00749,   0.00749,   0.02226,   0.01405,   0.06000,   0.00256,   0.06657,  -0.13036,  -0.00564,  -0.02041,  -0.00072,   0.05180,  -0.02369,   0.02226,   0.00749,  -0.00564,  -0.00072,  -0.04010,   0.05016,  -0.10411,   0.18801,   0.09446,  -0.01385,  -0.02205,  -0.00728,   0.03046,   0.00420,  -0.05652,  -0.00400,  -0.10082,  -0.08605,  -0.06472,   0.02226,   0.00585,   0.00913,   0.09118,  -0.00892,   0.08790,   0.00420,  -0.05980,   0.02062,   0.09118,  -0.02369,   0.03867,  -0.06964,   0.00585,   0.03374,  -0.08934,  -0.01385,  -0.07621,   0.01405,  -0.00892,  -0.06144,  -0.02533,  -0.00728,  -0.03190,   0.02554,  -0.05816,   0.09118,  -0.05487,   0.00092,   0.07969,  -0.04667,  -0.03846,   0.01405,  -0.00400,  -0.00564,   0.04523,   0.01897,  -0.05652,  -0.01877,  -0.02041,  -0.01221,   0.08462,   0.07969,   0.01733,   0.08134,   0.02718,   0.03046,  -0.04995,  -0.02369,   0.01733,   0.03703,   0.01733,   0.00585,  -0.07785,   0.05180,   0.01897,   0.03046,   0.02226,   0.03703,   0.09775,  -0.02698,  -0.01056,  -0.06800,  -0.00892,  -0.00892,  -0.04175,   0.08626,  -0.01385,   0.01897,   0.02882,   0.09446,   0.01241,  -0.05159,   0.01405,   0.07313,  -0.01385,  -0.00400,   0.00420,   0.02062,   0.04359,   0.04195,  -0.05980,   0.01241,   0.02718,   0.00256,  -0.02698,   0.01897,   0.06000,   0.04031,  -0.02205,   0.00585,  -0.10903,  -0.03354,  -0.04831,  -0.01877,   0.04851,  -0.00564,  -0.02698,  -0.00236,   0.05508,  -0.06308,  -0.02369,   0.06000,   0.07149,   0.10759,  -0.06308,  -0.00564,   0.01077,   0.03539,  -0.00072,  -0.08277,  -0.07457,  -0.00236,  -0.03518,  -0.03190,   0.02554,   0.01569,  -0.00728,   0.05836,  -0.07457,  -0.03682,   0.01733,  -0.00728,  -0.06472,   0.03539,  -0.00728,   0.00256,  -0.00072,  -0.03518,   0.02554,  -0.08934,  -0.03354,  -0.02041,  -0.01221,  -0.02369,  -0.03354,  -0.15170,  -0.04010,   0.00092,  -0.02205,   0.10759,  -0.02698,   0.01241,  -0.01713,   0.01897,  -0.00400,   0.01897,   0.09446,  -0.01385,   0.00913,   0.00092,   0.04031,   0.01897,  -0.00072,   0.01733,   0.04851,   0.00420,   0.00749,   0.01077,  -0.08113,   0.02062,  -0.03682,   0.05180,  -0.01056,   0.07477,   0.04359,  -0.02041,  -0.01713,  -0.06472,   0.10103,  -0.03026,  -0.02862,  -0.07129,  -0.00892,   0.02554,   0.00420,  -0.04175,  -0.06308,   0.03703,  -0.02205,  -0.05487,  -0.07621,  -0.01549,   0.03539,  -0.02041,  -0.03190,  -0.00728,   0.07477,  -0.02205,  -0.04175,   0.01077,  -0.04339,   0.08134,  -0.01221,  -0.10739,   0.02226,   0.01897,   0.02882,  -0.01877,  -0.02862,   0.06328,   0.03374,   0.02718,  -0.00728,  -0.00564,   0.05672,  -0.04339,  -0.01877,  -0.02369,  -0.04503,  -0.03846,   0.01733,   0.02554,   0.02226,  -0.04831,  -0.01549,   0.04359,   0.06985,   0.02718,   0.04195,   0.05836,   0.02718,  -0.00400,   0.03703,   0.02718,  -0.03190,  -0.04995,  -0.05487,  -0.05652,  -0.00400,   0.11252,  -0.00564,   0.02226,   0.06328,  -0.00892,   0.06000,   0.01077,  -0.07457,  -0.04010,   0.03374,   0.01733,   0.06985,  -0.04503,   0.02390,   0.04195,  -0.03026,  -0.01549,   0.03210,  -0.04339,  -0.01549,   0.04851,  -0.09590,   0.03539,   0.08298,  -0.00564,  -0.02041,   0.01077,  -0.04503,  -0.00564,   0.00092,   0.01241,   0.04031,   0.00585,  -0.04667,  -0.04503,   0.04195,   0.02718,  -0.06800,   0.03539,  -0.05487,   0.10431,   0.01569,   0.01733,  -0.07785,  -0.03846,  -0.02369,  -0.04175,  -0.01877,   0.02882,  -0.00728,   0.03867,  -0.02862,  -0.02369,   0.04359,   0.04523,  -0.02698,   0.01733,  -0.00236,   0.03374,  -0.01385,  -0.04175,  -0.04339,  -0.02369,  -0.01385,   0.03210,  -0.04339,   0.05016,  -0.04010,   0.04687,  -0.00072,  -0.04995,  -0.03354,   0.07805,   0.03046,   0.00585,  -0.06472,  -0.07293,   0.06821,   0.02554,  -0.02698,  -0.01221,  -0.00236,  -0.07949,  -0.07457,   0.07477,  -0.03846,   0.00913,   0.00749,   0.02390,   0.05508,   0.06000,  -0.04339,   0.01897,  -0.04010,   0.02226,   0.03374,  -0.00564,   0.01405,  -0.02862,  -0.01385,   0.05016,   0.03210,  -0.01221,  -0.02862,   0.00420,   0.02882,   0.01405,  -0.04339,   0.06657,   0.08134,   0.04359,  -0.00236,   0.05672,  -0.01713,  -0.07949,  -0.00400,   0.02226,  -0.03518,  -0.04010,   0.01569,   0.05508,  -0.01221,  -0.02041,   0.00585,  -0.06964,   0.00092,  -0.01056,   0.02718,   0.00749,   0.02882,  -0.00564,   0.03539,  -0.03354,   0.00749,   0.09282,   0.03539,   0.00749,   0.04031,   0.01733,  -0.04995,  -0.08113,   0.01897,  -0.03846,  -0.03190,  -0.03518,   0.00420,  -0.02698,   0.04195,   0.00256,   0.02554,   0.03210,   0.02554,   0.09118,  -0.04667,   0.01897,  -0.05323,   0.00092,   0.04687,   0.03539,  -0.04995,  -0.00400,  -0.05159,   0.09611,   0.02226,   0.02882,  -0.00072,   0.00749,   0.06328,  -0.05652,  -0.04667,   0.01733,  -0.01056,  -0.08770,  -0.02698,  -0.05159,  -0.01221,   0.02390,   0.04031,   0.03867,   0.06492,   0.00256,   0.03210,   0.05672,   0.00420,  -0.03354,   0.03046,   0.05344,  -0.03846,  -0.03518,  -0.07129,   0.00585,   0.03703,   0.01077,   0.06657,  -0.01385,   0.06985,  -0.06144,   0.00585,  -0.00728,  -0.06636,   0.04687,  -0.00072,  -0.00400,  -0.01385,   0.06328,   0.05836,   0.04195,  -0.02698,   0.10431,   0.03867,   0.01405,   0.08790,   0.00749,   0.00256,  -0.01056,   0.04031,  -0.04010,   0.01897,  -0.01877,  -0.02041,   0.00256,  -0.00564,   0.00913,   0.07477,   0.02882,   0.02554,   0.01733,   0.05344,  -0.02698,  -0.03682,   0.05836,  -0.03846,  -0.03518,  -0.07621,   0.03046,  -0.07457,   0.00256,  -0.03026,  -0.05652,   0.01077,   0.05016,  -0.02369,   0.07477,  -0.05652,   0.03703,   0.03539,   0.01733,  -0.05816,   0.01241,   0.05836,  -0.00564,   0.04359,  -0.06472,   0.03374,   0.00585,   0.01569,   0.06985,   0.02554,  -0.03026,  -0.02369,   0.02062,   0.01733,   0.00420,  -0.01713,   0.08298,   0.04359,   0.05672,  -0.00072,   0.00092,  -0.03190,  -0.01713,  -0.02205,   0.01569,   0.00420,  -0.00236,   0.04031,  -0.04831,  -0.03354,   0.06657,  -0.01877,  -0.06144,   0.02226,   0.01569,   0.01241,   0.02718,  -0.04339,  -0.07129,  -0.05980,   0.05344,   0.06492,  -0.02205,   0.05344,   0.04851,   0.01405,  -0.04503,  -0.03518,  -0.07129,  -0.03026,   0.08954,  -0.11067,  -0.03354,  -0.09098,  -0.00400,  -0.02533,  -0.03354,  -0.09098,   0.00749,  -0.01713,  -0.01713,  -0.00564,  -0.02698,   0.02718,   0.03867,  -0.08441,   0.05016,  -0.03518,  -0.03518,  -0.04667,   0.05016,  -0.00400,   0.02062,  -0.01713,  -0.01385,  -0.01877,  -0.04831,  -0.02041,   0.04851,   0.02226,   0.01569,  -0.03354,   0.03867,  -0.02041,  -0.01385,   0.04687,  -0.04175,   0.02390,  -0.01056,   0.04687,  -0.10247,  -0.02369,  -0.04339,   0.08298,  -0.02205,  -0.03682,  -0.03682,   0.03210,   0.03539,   0.06164,   0.01569,  -0.02041,   0.06657,   0.03046,  -0.02369,   0.01405,  -0.01549,   0.04687,   0.03539,   0.01077,  -0.01713,  -0.00728,  -0.02698,   0.08298,  -0.01385,  -0.03682,  -0.01877,   0.03374,  -0.06144,  -0.10739,   0.00585,   0.02062,   0.03374,   0.11744,  -0.01713,   0.05016,   0.04031,   0.02390,  -0.05487,   0.02062,   0.07969,   0.01241,   0.01897,   0.00913,  -0.07949,  -0.02533,   0.03703,   0.01077,  -0.04503,  -0.02369,   0.05344,   0.07313,   0.00420,   0.08298,  -0.03846,   0.09118,  -0.00564,  -0.01056,  -0.07129,   0.00749,   0.03867,   0.07313,  -0.06964,  -0.06308,  -0.02205,   0.02226,   0.10923,   0.00749,  -0.03846,   0.04523,   0.05344,  -0.06800,  -0.04503,  -0.02369,  -0.02698,  -0.00728,   0.04523,  -0.00072,  -0.02369,  -0.01713,  -0.02533,   0.00256,   0.00420,   0.00256,  -0.07949,   0.07149,  -0.07785,   0.05016,   0.04687,   0.03539,  -0.02862,  -0.01877,   0.01569,  -0.00564,  -0.02698,  -0.05980,  -0.01385,  -0.01549,   0.06000,  -0.03354,  -0.09918,   0.00585,   0.00256,  -0.00892,  -0.05323,   0.00585,  -0.01549,  -0.03354,   0.01733,   0.00913,  -0.03518,  -0.05487,  -0.00072,  -0.00564,   0.01569,   0.01897,   0.01569,  -0.01877,  -0.00892,  -0.07457,   0.02226,  -0.07621,   0.02226,  -0.03846,   0.01405,  -0.01056,   0.01241,  -0.01877,   0.02226,  -0.06144,   0.04195,  -0.05487,  -0.05980,  -0.00236,   0.07149,  -0.04831,  -0.06636,   0.01569,   0.03210,   0.05508,   0.05016,  -0.00892,  -0.06308,   0.09282,   0.02390,   0.06164,   0.00749,   0.00420,  -0.01056,  -0.02041,   0.01569,   0.03046,   0.08462,   0.01077,   0.00913,   0.05508,  -0.04667,   0.06492,   0.03539,  -0.00892,   0.02226,   0.03539,  -0.01221,  -0.00400,   0.01733,  -0.03190,  -0.06636,  -0.03846,  -0.00728,  -0.02369,   0.02062,  -0.01877,  -0.10247,   0.03210,  -0.01056,   0.10595,   0.03703,  -0.00072,   0.04195,   0.02062,  -0.06800,   0.05180,   0.07641,   0.00420,  -0.04175,  -0.06308,   0.08134,   0.03046,  -0.02205,   0.07313,   0.00749,  -0.06308,  -0.05323,   0.03539,  -0.02205,   0.05672,   0.02882,   0.00092,  -0.05652,  -0.00564,  -0.01713,   0.00256,  -0.04503,   0.04687,   0.02882,  -0.03682,  -0.01221,  -0.01549,  -0.02862,  -0.09918,  -0.04339,  -0.03518,  -0.02369,   0.05508,  -0.03846,   0.02882,  -0.01221,   0.00420,  -0.02862,  -0.06308,   0.03210,  -0.04175,   0.01405,   0.00092,  -0.07621,  -0.00728,  -0.04175,  -0.04175,  -0.06800,  -0.06800,   0.07313,  -0.04667,   0.01241,  -0.00564,  -0.02698,   0.00913,  -0.05652,   0.00585,  -0.00564,   0.02226,   0.04523,   0.00913,  -0.03518,   0.04359,  -0.00728,   0.06657,   0.02390,  -0.02369,   0.02062,  -0.02533,   0.05672,   0.02390,  -0.01056,  -0.02862,  -0.04831,   0.01569,  -0.03190,  -0.02862,   0.02062,  -0.03190,  -0.01549,  -0.03026,   0.04195,  -0.03846,  -0.03846,   0.01077,  -0.02862,  -0.01385,   0.04195,   0.00913,  -0.02205,   0.01405,  -0.04010,   0.07805,   0.04359,   0.02226,   0.03046,   0.01405,   0.00749,   0.03210,   0.00420,  -0.02369,  -0.01713,  -0.02533,  -0.00564,  -0.02041,   0.03703,   0.06492,  -0.04995,   0.01733,  -0.02205,  -0.01713,  -0.01713,  -0.12380,  -0.04175,  -0.01221,  -0.03518,  -0.09262,   0.03867,   0.02718,  -0.01056,   0.10923,   0.01405,   0.05508,  -0.02533,   0.03703,  -0.01713,   0.04523,  -0.09426,   0.06000,  -0.00400,  -0.03682,  -0.03846,  -0.02533,   0.04687,   0.02062,  -0.00564,   0.01241,  -0.04175,  -0.01713,  -0.01877,   0.04195,   0.01077,  -0.07785,  -0.02862,  -0.01549,   0.03374,   0.04195,   0.01569,  -0.03190,   0.00585,   0.08790,  -0.00400,  -0.04995,   0.10923,  -0.02862,   0.07149,   0.01241,   0.03374,   0.08790,  -0.02205,  -0.05323,   0.07149,   0.00092,  -0.05980,  -0.06308,  -0.06800,  -0.00728,  -0.05159,  -0.01056,  -0.04995,   0.06000,  -0.01056,  -0.05487,  -0.01056,   0.00092,   0.04195,   0.07477,   0.04031,   0.09118,  -0.01221,   0.04195,  -0.01713,   0.01569,   0.03867,   0.04523,  -0.00400,  -0.04503,   0.02554,  -0.01056,  -0.04175,  -0.05980,  -0.04831,  -0.04831,  -0.02698,   0.00749,   0.08462,  -0.03846,   0.02554,   0.00256,  -0.03354,   0.05508,   0.01569,   0.00256,  -0.04503,  -0.02041,   0.00256,   0.02718,  -0.04667,  -0.04010,   0.01897,   0.04851,   0.04523,  -0.05652,  -0.04010,  -0.05487,   0.00092,  -0.06472,   0.07805,   0.06821,   0.06985,   0.03703,  -0.00072,   0.02390,  -0.06636,   0.00420,   0.00256,  -0.01877,  -0.00728,   0.05836,   0.01569,   0.03374,   0.00256,   0.04359,  -0.04503,   0.01569,  -0.04503,  -0.03190,   0.00420,   0.02554
   0.00420,  -0.03518,  -0.01713,  -0.01877,   0.00420,  -0.05487,  -0.00236,  -0.02205,  -0.00236,   0.01077,   0.00256,   0.02718,   0.01569,  -0.02205,   0.06164,   0.02062,  -0.00564,   0.00585,  -0.00564,  -0.05816,  -0.01549,  -0.04010,   0.01077,   0.00749,  -0.00400,  -0.03190,  -0.02205,   0.03703,   0.02554,   0.02554,   0.02390,   0.03374,  -0.06472,  -0.02698,   0.00749,   0.06492,   0.00585,  -0.03682,   0.01077,  -0.02533,  -0.04995,   0.02062,   0.06821,  -0.02369,  -0.02205,  -0.00236,  -0.13857,   0.05836,   0.07313,  -0.02533,  -0.02205,  -0.01056,   0.01405,   0.00420,   0.01569,   0.02718,   0.06328,   0.04687,  -0.02205,  -0.03354,   0.04031,  -0.07621,   0.04687,  -0.10903,  -0.00564,   0.01241,   0.03374,  -0.01877,   0.06492,  -0.03354,  -0.02698,  -0.02041,   0.03374,  -0.02862,  -0.01549,  -0.01549,  -0.02533,  -0.05816,   0.04523,  -0.02369,  -0.00892,   0.03867,  -0.03026,   0.05508,   0.01733,  -0.00236,   0.03374,   0.06328,  -0.01056,   0.05016,   0.00585,  -0.05652,  -0.01221,  -0.04667,  -0.00564,   0.07313,   0.01077,   0.01241,   0.03374,  -0.06144,   0.06492,  -0.01877,   0.03374,  -0.07949,   0.02718,   0.03539,  -0.02041,  -0.01549,  -0.00728,  -0.01221,  -0.04339,  -0.02533,   0.04523,  -0.04175,  -0.02533,   0.04195,   0.01897,  -0.06800,  -0.00400,  -0.08113,   0.02882,   0.07149,  -0.02533,  -0.02533,   0.05344,  -0.10575,   0.00585,   0.04195,   0.01569,   0.12893,   0.01405,  -0.02862,   0.01569,  -0.05652,  -0.03682,  -0.05159,  -0.01713,   0.01405,  -0.06800,  -0.00236,   0.05672,   0.01733,  -0.00236,   0.05016,  -0.00236,  -0.02533,  -0.03518,  -0.04667,   0.05836,   0.00256,   0.00585,  -0.03846,   0.04359,  -0.01877,  -0.04010,  -0.00400,   0.00256,   0.04031,   0.06492,  -0.04667,   0.02554,   0.01733,  -0.06964,   0.03867,  -0.00892,  -0.04503,  -0.02205,   0.00913,   0.06492,   0.06821,   0.00749,   0.00092,   0.05508,  -0.00728,   0.04523,  -0.02698,   0.07969,  -0.07293,  -0.04010,   0.02062,  -0.02205,   0.01897,   0.03867,  -0.01221,   0.03210,   0.08298,  -0.04667,  -0.00892,  -0.03354,   0.02554,  -0.07949,   0.00256,  -0.01385,   0.03703,   0.03539,   0.01241,   0.02062,   0.02226,  -0.02533,   0.01241,   0.01569,  -0.03846,  -0.02862,   0.05344,   0.10595,   0.00749,   0.01569,   0.06821,   0.01569,  -0.01221,   0.01077,  -0.08770,   0.02226,  -0.04831,   0.06492,  -0.00892,  -0.03518,   0.01241,   0.06985,   0.01897,   0.03374,  -0.03846,  -0.02698,   0.00420,   0.02226,  -0.04831,  -0.03026,  -0.01385,   0.02718,   0.05836,  -0.06144,  -0.01877,   0.08462,  -0.02041,   0.02882,   0.02062,  -0.01549,   0.01077,  -0.00728,   0.01569,   0.04359,  -0.04831,   0.01077,  -0.06472,   0.11908,   0.06985,  -0.01385,  -0.10082,   0.06000,   0.03210,   0.03703,   0.04359,   0.02226,  -0.03354,   0.03539,  -0.03354,  -0.03190,  -0.04503,   0.01569,   0.01569,   0.00749,   0.02718,   0.05672,  -0.01385,  -0.04503,  -0.00892,  -0.02698,  -0.00400,  -0.02369,   0.00749,   0.10431,  -0.03682,  -0.00072,  -0.05980,  -0.03682,   0.03539,   0.02718,   0.01077,   0.02062,   0.08134,   0.00420,   0.03046,   0.04523,   0.01405,   0.05672,  -0.03190,   0.02390,  -0.04175,   0.00256,  -0.08605,  -0.02862,  -0.03354,  -0.02533,  -0.07949,  -0.01549,   0.03210,   0.01733,   0.03210,  -0.01385,  -0.04339,   0.03539,   0.05836,   0.06492,  -0.05159,  -0.01713,   0.00256,   0.03210,   0.00749,   0.00913,  -0.00892,   0.03046,   0.03046,  -0.00400,   0.01241,   0.03374,   0.01733,  -0.00236,   0.01077,  -0.04831,   0.01241,  -0.03026,   0.01733,  -0.05652,  -0.05652,  -0.07457,  -0.02862,   0.01733,   0.01897,  -0.00564,   0.02062,  -0.06308,   0.02554,  -0.01056,   0.02390,  -0.00564,  -0.06800,   0.02718,  -0.00892,   0.02882,   0.02062,  -0.00400,   0.06328,   0.03210,   0.01897,  -0.00728,  -0.00400,   0.01077,   0.00585,  -0.03518,  -0.02041,   0.00092,   0.05836,  -0.03354,   0.02554,  -0.01221,   0.02062,   0.02226,   0.02882,   0.05180,   0.00913,   0.00749,   0.05508,   0.00420,   0.06821,   0.01569,   0.00256,  -0.05159,   0.00256,   0.00585,  -0.06964,   0.04195,  -0.02533,   0.10103,   0.08298,  -0.04995,  -0.00564,   0.04851,   0.03867,  -0.04339,  -0.01385,   0.04851,  -0.02533,  -0.02041,  -0.03190,  -0.05159,   0.00420,   0.02718,   0.05016,  -0.07457,   0.01733,   0.01897,   0.05836,  -0.02698,  -0.05323,   0.00749,  -0.04010,  -0.09098,   0.01897,  -0.04175,  -0.04175,   0.07641,  -0.00728,  -0.01549,   0.00092,   0.00256,  -0.06472,  -0.01713,  -0.01385,   0.00913,  -0.06472,   0.03374,  -0.06964,   0.02062,   0.02554,   0.02390,  -0.04010,   0.01405,  -0.00728,  -0.06964,   0.01241,   0.04031,  -0.03354,  -0.03682,  -0.04010,  -0.00400,  -0.06800,   0.05508,   0.01241,   0.02554,  -0.02205,   0.06164,  -0.00072,   0.02718,  -0.03846,  -0.04010,   0.07313,   0.04359,   0.06657,   0.01897,   0.01897,  -0.01221,  -0.04010,   0.00749,  -0.02698,   0.00092,   0.00256,   0.00749,   0.07641,  -0.04995,  -0.02698,   0.03374,  -0.02205,   0.01569,  -0.02205,   0.02062,  -0.04503,  -0.00728,   0.03703,   0.03210,   0.05344,   0.01241,  -0.05159,  -0.01385,   0.03703,   0.03539,  -0.03026,  -0.04175,   0.10595,   0.02718,   0.07641,  -0.05816,  -0.07293,   0.01241,   0.00585,  -0.02369,   0.00092,  -0.07293,  -0.03682,   0.01077,   0.02226,  -0.02205,  -0.04339,   0.04687,  -0.01221,   0.00420,   0.00256,  -0.02205,  -0.03190,   0.05672,   0.02718,   0.01241,   0.02554,  -0.01713,  -0.02369,   0.01241,   0.01241,   0.04195,  -0.04175,  -0.00564,   0.02554,   0.09775,  -0.01385,  -0.03354,   0.04851,   0.01569,   0.01569,   0.03867,   0.09446,  -0.02533,   0.03539,  -0.04831,   0.06164,  -0.01549,   0.06821,   0.01733,  -0.02862,   0.05016,  -0.01549,   0.03539,  -0.01549,  -0.00236,  -0.01056,   0.05836,  -0.00400,  -0.00072,   0.03703,   0.02390,   0.03210,  -0.00072,   0.03703,   0.08298,  -0.05159,  -0.00236,  -0.06308,   0.03703,   0.04031,   0.00092,  -0.04667,  -0.02862,   0.02718,   0.02226,  -0.03682,   0.06821,  -0.03190,   0.04359,  -0.05816,  -0.01385,  -0.07293,  -0.04831,  -0.02205,   0.00256,   0.06000,   0.03539,   0.04031,  -0.01877,   0.08298,  -0.02533,   0.01569,   0.04523,  -0.05159,  -0.03026,   0.03374,   0.03046,   0.03046,   0.03210,  -0.07621,   0.02882,  -0.00892,   0.07969,   0.03539,   0.02390,   0.02062,   0.04359,  -0.01221,   0.00256,  -0.03190,   0.02226,  -0.01385,   0.09775,  -0.06800,  -0.05323,  -0.00236,  -0.03682,   0.00420,  -0.05159,   0.06492,   0.03374,  -0.08277,   0.04687,   0.00420,  -0.04831,  -0.04995,  -0.01221,   0.02390,  -0.01549,   0.04523,  -0.04995,  -0.02369,  -0.02041,  -0.00236,  -0.00728,   0.02226,   0.02226,   0.01405,   0.02390,   0.00585,   0.02718,   0.01405,  -0.03682,  -0.02369,   0.00913,   0.01733,   0.06164,  -0.00564,  -0.05816,  -0.01877,   0.09282,   0.03703,  -0.04667,   0.00092,  -0.00400,   0.02226,  -0.09098,  -0.02862,  -0.00564,   0.00420,  -0.00728,   0.02554,   0.04851,  -0.00728,   0.03539,   0.04195,  -0.04010,  -0.03190,   0.02882,  -0.04010,  -0.00728,  -0.00236,  -0.00236,  -0.03354,  -0.06308,   0.02226,   0.01077,  -0.07129,  -0.05323,   0.01077,  -0.05487,   0.02390,   0.03539,  -0.00072,  -0.00072,  -0.04503,   0.04687,   0.05016,  -0.06964,  -0.00400,   0.01241,  -0.01877,  -0.01385,   0.03539,   0.01405,   0.06164,  -0.03026,   0.00749,   0.00092,   0.03539,  -0.02205,   0.08134,   0.03374,   0.06985,  -0.02369,   0.02226,   0.00585,   0.02718,   0.02062,   0.06328,   0.00256,   0.04523,   0.04851,  -0.03354,   0.05344,  -0.01713,   0.05672,   0.02062,   0.00585,   0.03539,   0.02554,  -0.01877,   0.00092,  -0.04667,   0.03046,  -0.06964,   0.03046,   0.03046,  -0.06472,  -0.00728,  -0.09262,   0.06000,  -0.03846,   0.03210,   0.03867,   0.01077,  -0.08441,  -0.03354,   0.02226,   0.00420,   0.05836,  -0.00400,  -0.09590,   0.04195,   0.04851,  -0.00564,  -0.08605,   0.05180,   0.05672,   0.00420,   0.03703,  -0.00236,  -0.03682,   0.03210,   0.00420,   0.07641,   0.05672,  -0.06636,   0.03867,   0.08954,   0.04031,  -0.02698,   0.05672,  -0.02533,  -0.02041,  -0.06636,   0.01241,   0.00749,   0.10923,  -0.01056,   0.01077,  -0.04339,   0.08134,  -0.02205,   0.04523,  -0.02369,   0.06492,   0.01077,  -0.01385,  -0.03518,   0.06657,  -0.00728,   0.04195,  -0.04339,   0.01241,  -0.03682,  -0.00728,   0.02882,  -0.04010,  -0.01221,   0.09939,  -0.02369,   0.02062,   0.03867,   0.02882,  -0.05816,  -0.04010,   0.03046,   0.07969,  -0.03518,  -0.07621,  -0.04831,  -0.05323,   0.00256,  -0.04339,  -0.01385,   0.04523,   0.01405,  -0.03354,   0.01569,   0.00420,   0.03867,  -0.03190,   0.00092,  -0.00728,   0.00256,  -0.02698,  -0.00236,   0.00749,  -0.02369,   0.10431,   0.01733,  -0.05652,   0.01733,   0.01733,  -0.08113,   0.05180,  -0.04503,  -0.02369,  -0.02533,  -0.00072,  -0.00236,   0.03539,   0.03046,   0.01569,  -0.01713,   0.04851,   0.02554,  -0.00072,  -0.05159,   0.02390,   0.04031,   0.02226,  -0.00400,   0.03210,  -0.00728,   0.01733,  -0.02205,   0.00585,  -0.04175,   0.01077,   0.06000,   0.02718,   0.03046,  -0.04010,   0.06985,  -0.04667,   0.05016,  -0.00236,  -0.01877,   0.07313,   0.14534,   0.01241,  -0.04339,   0.03046,  -0.05159,  -0.03026,   0.02390,   0.00749,   0.06000,   0.02718,  -0.00892,   0.00585,   0.07641,   0.00256,   0.00092,  -0.05487,   0.06328,   0.02882,  -0.08113,  -0.05487,   0.02062,   0.07477,  -0.02205,  -0.07621,   0.14206,   0.02554,   0.03210,  -0.03518,  -0.00564,  -0.00564,  -0.04667,  -0.04010,   0.11088,   0.02882,   0.05344,  -0.00072,  -0.02369,  -0.01877,  -0.04831,   0.08462,   0.04195,  -0.02041,  -0.07457,   0.03210,  -0.04010,  -0.11559,  -0.05487,   0.08462,  -0.02369,  -0.12708,  -0.02533,   0.02882,  -0.05323,  -0.01549,  -0.01549,  -0.05159,  -0.02698,  -0.02205,  -0.01385,  -0.07457,   0.06328,   0.02226,   0.03374,   0.07969,  -0.01056,  -0.00400,   0.02062,  -0.01056,   0.06657,  -0.02698,   0.10103,  -0.04831,  -0.10411,   0.08298,   0.01569,  -0.01877,   0.02718,  -0.06472,   0.08954,   0.03374,  -0.02698,   0.03046,   0.00585,   0.06657,  -0.00892,  -0.06144,  -0.00728,   0.03210,   0.08626,  -0.02041,   0.00913,   0.00585,   0.00585,   0.04851,  -0.02369,   0.01569,   0.02390,  -0.00072,  -0.00728,  -0.00236,  -0.02533,   0.04523,   0.07969,   0.04195,  -0.08441,   0.01569,  -0.06144,   0.03867,  -0.03682,   0.03539,  -0.03518,  -0.01056,   0.05016,  -0.04339,   0.01569,  -0.01385,  -0.10082,   0.04031,   0.01241,  -0.03026,   0.02390,  -0.05980,  -0.01549,  -0.04339,   0.02390,  -0.01877,  -0.00728,   0.01569,  -0.01056,  -0.04010,  -0.04831,   0.09775,  -0.05652,  -0.06636,  -0.04175,   0.05016,   0.00749,   0.00092,  -0.03682,  -0.00564,  -0.03354,   0.01077,  -0.05487,  -0.07621,   0.10267,   0.03374,  -0.00236,  -0.01713,  -0.00236,   0.03539,   0.06821,  -0.00236,   0.01241,  -0.04010,   0.03046,  -0.00400,  -0.05323,   0.02062,  -0.03026,   0.04687,   0.00913,   0.00749,   0.04195,  -0.00564,   0.01569,  -0.02698,   0.03210,   0.02882,  -0.01385,  -0.03518,   0.05016,   0.11088,  -0.00236,  -0.04995,  -0.00400,  -0.06636,  -0.00564,   0.03210,  -0.03026,   0.01569,  -0.04995,   0.04851,  -0.03846,   0.02062,  -0.00400,  -0.04503,  -0.06964,   0.02882,   0.01569,   0.01077,  -0.01221,  -0.01549,   0.02062,  -0.04503,   0.02554,   0.02718,  -0.04831
   0.12565,  -0.03354,  -0.10575,   0.03539,  -0.01713,  -0.04831,  -0.00728,  -0.02533,   0.03703,   0.00092,  -0.01385,   0.00256,   0.03703,  -0.09262,  -0.05816,   0.00092,  -0.05816,   0.00092,  -0.01221,   0.02226,  -0.05652,   0.04195,   0.03539,  -0.00400,  -0.01221,   0.08954,  -0.11724,  -0.02041,   0.09939,  -0.02698,   0.01569,  -0.04010,   0.01241,  -0.00072,   0.04523,   0.02226,   0.01077,   0.03867,   0.04195,  -0.09918,   0.03046,   0.03210,  -0.02533,  -0.02533,  -0.03518,  -0.05487,   0.03374,   0.07969,  -0.00564,   0.06000,   0.02390,   0.11744,  -0.04339,  -0.07293,   0.01077,  -0.03354,   0.05016,   0.05836,   0.04195,  -0.05816,   0.06657,  -0.02369,  -0.04667,   0.04031,  -0.04175,   0.02718,   0.02062,  -0.09262,   0.00092,  -0.02041,  -0.04667,   0.04195,   0.10923,  -0.04667,  -0.01877,   0.03046,   0.02718,   0.06821,  -0.01713,  -0.00236,  -0.05980,  -0.03682,  -0.02698,  -0.05816,  -0.03846,  -0.08605,  -0.00072,  -0.02205,   0.00420,   0.03703,  -0.01056,  -0.06308,   0.01077,   0.02554,   0.08626,   0.08462,   0.02226,   0.09775,   0.00749,  -0.02698,  -0.01221,   0.03703,  -0.05487,  -0.01713,   0.05508,  -0.04831,   0.02390,  -0.07293,  -0.09590,   0.02554,  -0.03846,  -0.05159,   0.03210,   0.04031,  -0.01221,  -0.04667,   0.06821,   0.06492,  -0.04010,  -0.00564,  -0.02862,   0.03210,  -0.00236,  -0.05159,   0.04851,   0.01569,  -0.09426,  -0.04010,   0.01241,   0.01077,   0.02554,   0.09282,   0.00749,   0.04031,   0.05344,  -0.05980,  -0.00400,   0.00420,  -0.00728,   0.00256,   0.01241,  -0.06472,  -0.07621,   0.00092,   0.03539,  -0.00400,   0.07149,   0.04359,   0.02390,   0.00913,  -0.04503,  -0.05159,   0.00913,  -0.01221,  -0.04667,   0.03210,   0.01897,  -0.05816,   0.03867,   0.03210,  -0.00400,   0.00913,   0.01897,  -0.04995,  -0.00072,  -0.04995,  -0.03682,  -0.04831,   0.09939,   0.01405,   0.05836,  -0.03354,  -0.02698,  -0.02205,  -0.01056,   0.06328,  -0.03682,  -0.08277,  -0.04503,  -0.01877,   0.00913,   0.00256,   0.03210,   0.04523,   0.01405,  -0.00564,  -0.05159,   0.00420,  -0.07785,   0.05180,  -0.04010,  -0.00236,  -0.04339,   0.02554,  -0.05652,   0.03374,   0.02554,   0.02882,   0.02062,   0.00256,  -0.04010,  -0.00400,  -0.08934,   0.01733,  -0.02533,  -0.02698,   0.09282,   0.02062,  -0.02862,  -0.05159,   0.06492,  -0.00728,  -0.02041,   0.07969,  -0.04667,  -0.05487,  -0.03518,   0.05180,  -0.04831,   0.00749,  -0.06800,  -0.02041,   0.03867,  -0.06144,   0.02882,  -0.01877,   0.09939,  -0.04503,  -0.03026,   0.02554,   0.07641,   0.02226,  -0.00072,  -0.03026,  -0.03682,  -0.05487,   0.02062,  -0.00728,  -0.00072,  -0.06964,  -0.01385,  -0.01221,  -0.03026,   0.01569,  -0.08441,  -0.02862,   0.09282,   0.04851,  -0.02041,  -0.04503,  -0.02041,  -0.02862,   0.02718,   0.02718,   0.08462,   0.09282,   0.01077,  -0.05487,   0.03210,  -0.01385,  -0.03518,  -0.02698,  -0.02533,  -0.05980,  -0.00728,   0.03046,  -0.03518,  -0.00072,   0.05180,  -0.03026,  -0.01221,   0.02226,  -0.01713,   0.03046,  -0.01549,  -0.03846,   0.00913,  -0.01385,  -0.01713,   0.02226,  -0.07785,  -0.02698,  -0.02862,  -0.05159,   0.01241,  -0.11395,  -0.02533,   0.04359,   0.01077,   0.01241,   0.00749,  -0.05159,  -0.03682,  -0.03682,   0.02390,   0.01405,  -0.07949,   0.00749,  -0.01713,   0.09446,   0.04523,   0.00913,   0.01569,  -0.07457,   0.00092,   0.02226,  -0.07949,   0.00420,  -0.02862,  -0.01549,  -0.00400,   0.03046,  -0.05323,  -0.00236,   0.02882,   0.02390,   0.07969,  -0.03846,  -0.00892,   0.01405,  -0.03354,  -0.03190,   0.02882,   0.04523,   0.08298,   0.06000,   0.00092,  -0.00236,   0.07313,   0.04523,  -0.03190,   0.05016,  -0.00072,   0.03210,  -0.00072,   0.00749,  -0.00564,   0.02390,  -0.05323,   0.05508,  -0.02205,  -0.01221,  -0.00728,  -0.04831,  -0.02533,  -0.00564,   0.11252,  -0.01221,  -0.06636,  -0.02862,   0.04195,  -0.03682,   0.05672,   0.01733,   0.01733,  -0.03026,  -0.01385,  -0.06144,   0.01077,  -0.00564,   0.08134,   0.05508,   0.02062,   0.08134,   0.01569,  -0.05487,  -0.00892,  -0.06144,   0.08298,   0.00585,   0.08298,  -0.00236,  -0.03354,   0.04195,   0.00913,   0.02554,  -0.05816,   0.03539,   0.09775,   0.02882,   0.06985,   0.08134,  -0.05816,  -0.00564,   0.02718,  -0.04339,  -0.02862,  -0.01385,   0.04195,  -0.02205,   0.02718,   0.00913,   0.03046,   0.02882,  -0.02698,  -0.04010,  -0.01877,   0.00420,   0.00420,  -0.07129,   0.04851,   0.03703,   0.00913,   0.04523,  -0.01056,  -0.00072,   0.05836,   0.05016,   0.02226,  -0.03190,   0.05016,  -0.05323,  -0.08277,   0.04851,   0.01405,   0.05344,   0.03539,  -0.02041,   0.03539,  -0.01221,  -0.04010,  -0.12052,  -0.00400,   0.02390,   0.02062,  -0.00892,   0.10103,   0.01733,  -0.00236,   0.04851,   0.07641,   0.06328,   0.06000,   0.11908,  -0.01713,   0.04523,   0.03703,   0.00420,   0.05672,  -0.04503,   0.03046,  -0.05323,   0.01897,   0.04195,  -0.00400,   0.00092,   0.04687,   0.00585,   0.06328,  -0.00072,   0.05508,   0.02554,   0.05508,  -0.04010,  -0.01877,  -0.04831,  -0.00728,  -0.00892,   0.12072,  -0.10575,  -0.00072,  -0.02533,  -0.02041,   0.04851,  -0.03682,   0.01077,  -0.00400,  -0.10903,   0.07477,  -0.06144,  -0.01713,  -0.01713,  -0.03026,  -0.07293,  -0.03846,   0.04523,   0.03539,  -0.02205,   0.04031,   0.04031,   0.05672,  -0.02862,  -0.03518,  -0.05652,   0.05508,   0.03374,   0.01569,  -0.02862,   0.03867,  -0.01713,  -0.02533,   0.02554,   0.04851,  -0.07457,   0.04687,   0.00420,   0.02882,   0.02226,  -0.01877,  -0.05980,  -0.03846,   0.05180,   0.01241,  -0.00564,   0.01569,   0.08954,  -0.01221,  -0.00236,   0.07313,  -0.01549,  -0.06964,   0.05672,  -0.00400,   0.03374,  -0.08277,   0.05344,  -0.04503,  -0.01221,   0.04523,  -0.01713,   0.01241,  -0.09590,  -0.06144,  -0.05487,  -0.03026,   0.05836,  -0.05652,  -0.06144,   0.01569,   0.12729,  -0.03026,   0.02718,  -0.14513,  -0.02533,   0.00092,   0.04195,  -0.02369,   0.02062,   0.04687,  -0.01221,   0.09118,   0.01733,   0.02554,  -0.03518,   0.02882,  -0.04667,   0.01077,   0.09939,  -0.01549,  -0.09098,   0.05016,  -0.01877,  -0.00400,   0.03046,  -0.02041,   0.05016,   0.01077,   0.00256,  -0.01549,  -0.03846,  -0.07949,  -0.01713,   0.05344,  -0.00400,  -0.02698,  -0.02205,  -0.02369,   0.08790,  -0.01549,   0.05836,  -0.00564,   0.04687,   0.00585,   0.04851,  -0.04503,   0.07477,  -0.01713,  -0.07457,   0.06164,   0.06164,  -0.06636,  -0.01549,   0.07805,  -0.01549,  -0.00400,   0.02554,  -0.01549,   0.04031,  -0.01713,   0.07641,   0.03703,   0.02390,  -0.00728,   0.00420,   0.07149,  -0.04995,   0.03703,   0.01077,   0.09282,  -0.00892,  -0.02041,   0.06164,   0.04031,   0.01569,   0.06328,  -0.06144,   0.04359,  -0.05652,   0.00092,   0.00092,   0.08626,   0.04687,  -0.03354,  -0.04667,   0.02062,   0.04523,  -0.07293,  -0.08113,   0.00256,  -0.00728,   0.07969,  -0.02862,  -0.05816,  -0.04831,  -0.04831,  -0.04010,  -0.04667,   0.05016,   0.03374,   0.12400,  -0.01549,  -0.05652,   0.00585,   0.10759,  -0.01056,   0.04687,  -0.01877,  -0.03190,  -0.05652,   0.16503,   0.01897,  -0.10082,   0.00913,   0.05508,  -0.01713,   0.03703,   0.02554,  -0.04995,  -0.06472,  -0.06308,   0.01897,  -0.07621,   0.07805,   0.03703,   0.06657,   0.02062,  -0.02369,  -0.05487,   0.01241,   0.03867,   0.11416,   0.00420,  -0.02533,  -0.06472,   0.12729,   0.01405,   0.03867,  -0.03190,  -0.04503,  -0.03190,   0.01405,   0.00913,  -0.00564,   0.00256,  -0.05652,   0.00585,   0.00585,  -0.00728,  -0.05487,  -0.02698,  -0.00728,  -0.00236,  -0.00400,   0.08134,  -0.02041,   0.05672,   0.00420,   0.07969,  -0.00236,   0.02390,   0.01897,  -0.01221,   0.00420,   0.00420,  -0.05980,   0.02062,   0.02718,  -0.05323,  -0.04010,  -0.08770,   0.05508,  -0.01385,  -0.01877,   0.01897,   0.04195,  -0.06144,  -0.06472,  -0.03518,  -0.00892,   0.05836,  -0.01549,  -0.05652,  -0.00892,   0.02554,  -0.02369,   0.03046,  -0.07129,  -0.03190,  -0.03518,   0.04031,  -0.02533,  -0.00892,  -0.04667,   0.00092,  -0.02369,  -0.02862,   0.04687,   0.03374,   0.06164,   0.02062,  -0.11724,  -0.03190,   0.01241,   0.02226,   0.00749,  -0.00728,  -0.01056,   0.06492,  -0.01877,  -0.05487,  -0.02369,  -0.01385,   0.00749,   0.06000,   0.01241,  -0.03846,   0.02554,  -0.01056,   0.05508,  -0.03354,  -0.03354,   0.06492,  -0.05816,  -0.02369,  -0.01056,   0.05508,  -0.05980,   0.04195,   0.00092,  -0.05323,   0.07805,  -0.00072,   0.03867,  -0.00072,  -0.00728,  -0.00236,  -0.00564,   0.04687,  -0.05816,   0.02554,  -0.00400,  -0.09098,   0.02390,  -0.00892,   0.01077,  -0.07293,   0.07313,  -0.02041,   0.01569,   0.03539,   0.01405,   0.01733,  -0.01385,   0.05016,   0.00585,  -0.05652,  -0.01713,   0.03374,   0.03867,   0.02226,   0.03046,  -0.05159,   0.05508,  -0.02862,   0.02062,  -0.04175,  -0.01877,   0.03046,  -0.00728,  -0.05159,   0.05016,  -0.02369,   0.01569,  -0.02862,   0.04851,   0.07641,   0.02062,   0.03867,  -0.02862,  -0.04339,   0.04359,  -0.00892,  -0.02041,   0.04523,   0.01077,   0.00749,  -0.01713,   0.00749,  -0.12216,  -0.01549,  -0.00728,  -0.06800,   0.02554,   0.00256,  -0.01549,   0.01569,   0.05344,  -0.02369,  -0.04831,   0.03374,  -0.04503,  -0.06964,   0.00913,  -0.04010,   0.04195,  -0.04667,   0.00749,  -0.11231,  -0.01549,  -0.05652,  -0.05323,  -0.04831,   0.00092,  -0.01056,   0.10923,   0.04851,   0.04359,   0.02718,  -0.00728,  -0.06144,  -0.01056,   0.01897,   0.03374,   0.07313,  -0.04667,  -0.01221,   0.00585,  -0.01056,   0.02226,  -0.04175,   0.00256,   0.06164,   0.05016,  -0.04010,  -0.01056,  -0.05487,   0.03210,  -0.00728,   0.02226,   0.02718,  -0.01221,  -0.03026,   0.03046,  -0.01385,   0.00092,   0.00092,   0.00585,  -0.04175,   0.05016,  -0.03682,  -0.05816,  -0.02533,   0.02062,  -0.00400,  -0.02369,   0.01241,  -0.03518,   0.01569,  -0.06800,   0.04523,   0.04359,   0.07149,  -0.00072,   0.01077,  -0.03682,   0.03539,  -0.02041,   0.01897,  -0.04010,  -0.04995,  -0.01877,  -0.02041,   0.00749,  -0.00072,  -0.04503,  -0.01877,   0.01733,  -0.05323,  -0.00236,   0.03539,   0.06985,  -0.00400,   0.01569,  -0.01877,   0.04523,  -0.00072,  -0.03026,  -0.02205,  -0.06144,   0.01733,  -0.00564,   0.03374,   0.08626,  -0.04175,   0.00585,   0.03703,   0.02062,  -0.03682,   0.00420,  -0.06964,  -0.00236,   0.04523,  -0.04010,  -0.06800,  -0.06144,   0.07149,   0.03210,   0.00092,   0.01733,  -0.02862,   0.03867,   0.02882,  -0.03354,  -0.04831,  -0.04831,   0.00256,   0.00256,  -0.04667,   0.03046,   0.03210,   0.00749,  -0.02369,  -0.02862,  -0.00400,   0.10103,  -0.05980,  -0.04667,   0.01241,  -0.07621,   0.04195,  -0.00400,   0.01733,  -0.05159,  -0.03190,  -0.08770,   0.00585,  -0.02698,  -0.04667,  -0.02698,  -0.04175,  -0.05487,  -0.00072,  -0.01221,   0.04195,   0.02882,   0.04851,   0.00092,   0.02882,   0.01405,   0.01405,  -0.10082,   0.00585,   0.03210,   0.04031,   0.02718,  -0.03682,  -0.03682,   0.03046,  -0.05652,   0.00749,   0.04851,   0.01077,  -0.04339,  -0.01056,   0.01405,   0.01897,  -0.04831,  -0.06308,   0.01405,  -0.01549,  -0.01713,  -0.01221,  -0.03026,  -0.09262,   0.00749,   0.05344,  -0.01877,  -0.09754,  -0.01549,   0.03046,   0.05016,   0.04031,   0.01241,  -0.04175,  -0.00728,  -0.02041,   0.06000,  -0.05652,  -0.05487,   0.01897,   0.04359,  -0.02862,  -0.07621,  -0.02205
  -0.00236,   0.04687,   0.01569,   0.00092,   0.00749,  -0.05323,   0.04851,  -0.02041,  -0.01056,  -0.01221,  -0.03190,  -0.03190,  -0.01549,  -0.02698,   0.00749,   0.02226,   0.02718,  -0.08934,   0.03703,   0.01405,   0.06164,  -0.02205,   0.02718,  -0.00564,  -0.02041,   0.02062,  -0.00892,   0.00256,  -0.00892,  -0.00072,  -0.02533,  -0.09426,   0.05836,   0.05508,   0.06985,   0.01733,   0.00749,  -0.05980,   0.04359,   0.04687,   0.06657,  -0.03682,   0.00585,   0.03046,   0.08298,   0.00092,  -0.02369,   0.02062,   0.07313,   0.03210,   0.01897,   0.01569,  -0.07785,  -0.02205,   0.07313,   0.05508,  -0.05323,   0.00256,  -0.03354,  -0.06964,  -0.09590,  -0.01056,   0.01569,  -0.01713,  -0.02533,   0.01897,  -0.05159,  -0.04339,  -0.04995,  -0.03190,  -0.00564,   0.06821,   0.00420,  -0.04503,   0.00585,   0.02226,   0.02882,  -0.04010,  -0.00728,  -0.07785,   0.01405,   0.00913,  -0.03846,   0.01733,   0.00092,  -0.00400,  -0.04010,  -0.06144,  -0.06472,  -0.02041,   0.02882,  -0.01549,   0.02062,   0.00092,   0.03046,  -0.03190,   0.03867,  -0.06636,   0.04851,   0.07313,  -0.00236,  -0.00892,  -0.03026,  -0.00236,  -0.01549,   0.05016,   0.03374,   0.03210,  -0.01713,   0.07313,   0.01897,   0.06164,  -0.00236,  -0.00400,   0.00913,   0.05016,  -0.01549,  -0.01713,  -0.01877,   0.03374,   0.02062,  -0.08441,   0.06328,   0.03539,   0.07313,   0.01897,  -0.05980,  -0.00400,  -0.04010,   0.04031,   0.05016,   0.04687,   0.04851,   0.02062,  -0.04503,   0.01569,   0.06164,   0.03374,  -0.00892,   0.02226,  -0.07293,  -0.06308,  -0.01221,   0.01405,   0.01569,   0.05672,  -0.01221,   0.02554,  -0.01056,  -0.03026,  -0.00236,  -0.01713,   0.01241,   0.03046,   0.00092,   0.03210,   0.00420,   0.01241,  -0.01385,  -0.04667,  -0.02533,   0.03539,  -0.01713,   0.02062,   0.04523,  -0.02369,   0.05672,   0.04523,  -0.05652,  -0.02533,  -0.03354,  -0.03518,   0.06492,  -0.06144,  -0.03354,   0.02226,  -0.04831,   0.02718,   0.02718,  -0.03354,  -0.06308,   0.02718,   0.00092,   0.01405,   0.02062,   0.08790,   0.00585,   0.04359,   0.00749,  -0.04503,   0.09118,   0.01733,  -0.06144,  -0.05323,  -0.00236,  -0.01056,   0.00913,  -0.03518,  -0.03846,   0.04687,   0.05016,  -0.05980,   0.05672,   0.08134,   0.05016,   0.01405,  -0.03026,  -0.03190,  -0.05323,  -0.04667,  -0.02369,   0.00585,  -0.03026,  -0.00892,   0.04687,   0.01733,  -0.07129,  -0.01221,   0.03210,  -0.02369,   0.04359,   0.05016,  -0.01713,  -0.01877,  -0.02041,   0.07805,  -0.02205,  -0.05980,   0.02882,  -0.03682,  -0.00564,   0.05180,  -0.05159,   0.02554,   0.01569,  -0.00072,   0.04687,  -0.06144,   0.04523,   0.00749,   0.09118,  -0.07129,  -0.02533,  -0.05816,   0.03867,  -0.03026,   0.02226,   0.02226,  -0.04175,   0.00256,   0.02390,   0.00913,  -0.00400,  -0.00072,  -0.03026,  -0.04831,  -0.05323,   0.08626,  -0.05652,  -0.00236,  -0.00728,   0.00092,   0.02554,  -0.07457,  -0.06144,   0.06328,  -0.00728,  -0.03846,   0.02062,  -0.03190,  -0.06964,   0.01405,  -0.06308,   0.04031,   0.00256,   0.00585,   0.04523,   0.01077,   0.02882,  -0.04010,  -0.03354,   0.01405,   0.05016,   0.04031,  -0.04831,  -0.02041,  -0.09262,  -0.04339,   0.01241,  -0.00072,  -0.02533,  -0.01877,  -0.02698,   0.02718,  -0.01877,   0.10431,   0.00420,   0.01077,  -0.05980,  -0.06472,   0.02390,  -0.00072,   0.09118,  -0.00072,  -0.02369,  -0.00564,   0.02882,   0.01897,  -0.05323,   0.06492,   0.00913,   0.06657,   0.01897,   0.02390,  -0.04503,   0.04359,  -0.04503,   0.11580,   0.07641,   0.04031,  -0.05323,   0.09446,  -0.02533,   0.03210,   0.01405,  -0.06800,  -0.00892,   0.04359,   0.03374,  -0.03354,   0.01733,   0.07477,  -0.09262,   0.04523,  -0.05159,   0.08134,   0.02062,   0.03867,   0.00749,  -0.01056,  -0.03190,  -0.02205,   0.06821,   0.06821,  -0.05816,   0.03046,   0.01897,  -0.00400,  -0.01056,  -0.00892,   0.01897,  -0.02698,  -0.03682,   0.02554,   0.01405,  -0.00564,   0.03374,   0.05672,   0.01897,   0.06985,  -0.05323,  -0.03354,  -0.03846,   0.07641,  -0.00400,  -0.04339,  -0.05323,   0.01569,   0.02882,   0.00420,   0.00092,  -0.01877,   0.01733,  -0.03026,   0.01897,   0.01077,   0.03539,   0.03046,   0.00256,  -0.01221,  -0.02369,   0.01405,  -0.03190,   0.01077,   0.00092,   0.06164,   0.05180,  -0.00728,   0.07313,  -0.02533,  -0.03682,  -0.00400,   0.05672,  -0.03518,   0.02882,  -0.01549,   0.09775,  -0.06636,   0.02062,   0.04851,  -0.00236,  -0.03518,   0.10103,  -0.00400,  -0.03518,  -0.07949,   0.01569,  -0.03682,   0.04195,  -0.02041,   0.02062,  -0.02205,   0.08626,  -0.01877,   0.03046,   0.04195,  -0.07457,  -0.00236,  -0.04175,   0.00585,  -0.03190,   0.02554,   0.01241,   0.00420,  -0.06144,  -0.01385,  -0.07457,   0.04523,   0.03374,   0.03867,  -0.03682,   0.02882,   0.05016,  -0.00892,  -0.02369,  -0.04995,  -0.02041,   0.10923,   0.00585,   0.02390,  -0.03026,   0.05180,   0.06821,  -0.07949,   0.00092,  -0.00728,  -0.01713,  -0.04339,  -0.04010,  -0.02041,   0.01733,  -0.05652,   0.06164,   0.06164,   0.07805,   0.07641,  -0.00072,   0.07641,  -0.01056,   0.12236,   0.09611,   0.04523,  -0.00236,   0.03703,   0.04851,  -0.06472,  -0.05323,  -0.07949,  -0.03682,   0.05344,   0.03046,  -0.07129,   0.04031,   0.04359,   0.01077,  -0.01713,   0.04195,  -0.01877,  -0.00892,   0.03374,   0.02390,   0.02882,   0.03703,   0.03703,  -0.04831,  -0.07129,  -0.02205,  -0.00892,   0.00749,   0.10103,  -0.06472,   0.02226,   0.05672,  -0.05652,  -0.06144,  -0.00072,   0.05016,   0.06657,   0.02882,   0.00092,  -0.03026,   0.06164,   0.01241,   0.00585,  -0.03354,   0.01241,   0.03374,   0.00749,  -0.03846,   0.02062,   0.03867,   0.00585,   0.03703,  -0.00072,   0.09775,  -0.00892,  -0.04339,   0.02718,  -0.06144,   0.05016,  -0.00892,   0.03210,   0.03703,   0.03210,  -0.01385,   0.09611,   0.01569,  -0.05323,  -0.02862,  -0.00892,   0.07641,   0.03374,  -0.01385,  -0.09918,   0.00256,  -0.08441,  -0.04667,   0.04359,  -0.06636,   0.00420,   0.04195,   0.01733,   0.02226,   0.00256,   0.01077,   0.01241,   0.03703,  -0.00892,  -0.02205,   0.01569,   0.04523,   0.00585,   0.03374,  -0.03026,   0.10759,  -0.02205,  -0.05159,  -0.00564,  -0.02533,  -0.00728,  -0.06964,  -0.04667,  -0.05980,   0.00585,   0.03539,  -0.00564,  -0.00072,  -0.03846,   0.00092,   0.01733,  -0.03846,   0.04195,  -0.08277,   0.01897,  -0.00564,   0.03210,   0.02554,   0.03867,  -0.03518,  -0.00728,  -0.03026,  -0.04667,  -0.02533,   0.04195,   0.07805,  -0.02041,   0.03046,   0.07477,   0.03046,  -0.01713,  -0.00236,  -0.03518,   0.00585,  -0.00400,  -0.02698,  -0.00400,   0.00749,  -0.08934,   0.00749,  -0.00892,   0.02554,   0.08954,   0.01077,  -0.01385,  -0.00400,   0.00256,  -0.01549,   0.01405,   0.04851,  -0.02533,  -0.04503,   0.00749,  -0.01056,   0.10267,   0.02554,   0.02554,   0.01241,  -0.03518,  -0.06144,   0.00585,   0.08954,   0.07969,   0.01569,   0.07641,  -0.00728,  -0.00564,   0.02062,   0.02718,   0.05180,   0.07149,  -0.00728,   0.05836,  -0.03682,   0.00092,   0.04195,   0.10103,  -0.02698,   0.08790,   0.00585,   0.04195,   0.00092,  -0.00892,   0.02390,  -0.11559,  -0.07949,  -0.00400,  -0.03354,  -0.01877,  -0.06636,   0.00420,   0.00913,  -0.06144,   0.00585,   0.08298,   0.05836,   0.04195,  -0.01877,  -0.06636,  -0.00072,   0.04359,   0.01405,  -0.03682,  -0.10575,   0.02390,   0.00913,   0.00092,  -0.02698,   0.06985,   0.08298,   0.02062,   0.08790,  -0.01221,  -0.00564,  -0.03518,  -0.02041,   0.03374,   0.01241,   0.07149,  -0.00236,  -0.02205,   0.01733,   0.03046,   0.02882,   0.02390,  -0.05323,   0.05016,  -0.02205,  -0.04339,  -0.07129,  -0.02041,  -0.07129,   0.01733,  -0.10082,  -0.04010,  -0.04339,  -0.06308,  -0.03846,  -0.01221,   0.07149,   0.02390,  -0.01385,   0.06000,   0.02390,   0.00420,   0.02062,  -0.00728,  -0.04503,  -0.03354,   0.00913,   0.02718,  -0.02533,   0.00256,   0.00749,   0.00256,   0.07313,  -0.01056,   0.07969,   0.05016,  -0.01056,   0.01405,  -0.00236,   0.01077,  -0.01056,   0.01077,   0.03374,  -0.03354,   0.02390,  -0.01713,   0.01241,   0.05016,  -0.02041,   0.05180,   0.00749,   0.01077,   0.00913,  -0.07785,  -0.00728,  -0.01385,  -0.07785,   0.02882,   0.01405,   0.08954,  -0.00236,  -0.00564,   0.04687,  -0.04339,  -0.05816,   0.02390,  -0.01549,  -0.02698,   0.04687,  -0.00072,  -0.09754,  -0.01713,   0.03374,  -0.03026,  -0.11888,   0.13385,  -0.06472,  -0.06144,  -0.05159,  -0.03846,   0.06164,   0.06164,   0.04523,   0.09775,  -0.06472,   0.01405,   0.00092,  -0.06144,  -0.03518,   0.01569,  -0.02205,  -0.02041,   0.01733,  -0.02533,  -0.05487,   0.06492,  -0.01713,   0.10759,   0.00749,   0.01897,   0.08298,   0.03046,  -0.02862,   0.07477,   0.04687,   0.03210,  -0.01877,  -0.00072,  -0.02698,   0.01733,   0.04359,  -0.00400,  -0.05159,   0.03867,  -0.09590,   0.05180,   0.03867,  -0.00564,  -0.02205,   0.01897,  -0.05159,  -0.05159,  -0.03682,  -0.01056,  -0.05159,   0.02718,   0.00092,   0.05672,  -0.03682,  -0.03026,   0.05672,   0.00256,  -0.04010,  -0.01385,   0.06821,  -0.03026,   0.05508,  -0.02862,   0.00913,  -0.01221,   0.01241,  -0.02533,  -0.06800,  -0.05816,  -0.02205,  -0.09262,   0.02882,  -0.01221,  -0.00892,  -0.00728,   0.01897,  -0.08113,  -0.03354,  -0.00236,   0.09775,   0.02226,   0.01569,  -0.05487,  -0.00564,  -0.00564,   0.00092,   0.00256,  -0.01549,   0.01569,  -0.02698,  -0.00728,  -0.01056,   0.00092,  -0.01877,   0.01405,   0.00420,   0.14370,  -0.02533,   0.03703,   0.16175,  -0.04831,   0.02062,   0.03374,   0.07313,  -0.00236,  -0.00400,  -0.01713,   0.01569,   0.03374,  -0.03846,  -0.02862,   0.06164,  -0.03354,  -0.00400,  -0.03846,   0.00256,  -0.01877,  -0.00892,  -0.00564,   0.03539,   0.02882,  -0.03354,   0.03867,  -0.04503,   0.05016,   0.02226,  -0.08113,   0.03867,  -0.10739,   0.03703,  -0.03518,  -0.02041,   0.01733,  -0.00892,  -0.04667,  -0.07785,   0.00585,  -0.07949,   0.03374,   0.03867,   0.02718,  -0.03518,   0.15354,  -0.03190,  -0.01877,   0.02718,   0.06164,   0.01733,  -0.00236,   0.06164,   0.04359,  -0.00892,   0.09446,   0.02554,  -0.06144,  -0.02205,  -0.03190,  -0.03190,  -0.01549,   0.02554,   0.01077,   0.05344,  -0.08113,   0.02554,  -0.01056,  -0.03682,  -0.03846,   0.04851,  -0.01385,   0.00420,  -0.02533,   0.02390,  -0.02369,   0.00913,  -0.03354,  -0.06800,   0.09939,   0.04523,  -0.03682,   0.06657,  -0.04175,  -0.04667,  -0.00236,   0.00420,   0.03210,   0.00256,  -0.01221,  -0.04339,   0.05508,  -0.05487,   0.02062,   0.03210,  -0.00728,  -0.01877,   0.01569,   0.02718,  -0.00892,  -0.10575,   0.03046,   0.03374,   0.06328,  -0.02698,   0.03374,  -0.05323,   0.01569,   0.00420,   0.00585,  -0.03846,  -0.00236,   0.04523,   0.03539,   0.06164,  -0.04010,  -0.01713,   0.11088,   0.04523,   0.00420,   0.04031,   0.02062,  -0.03190,  -0.04831,   0.04359,   0.05672,  -0.04175,  -0.01713,   0.04687,   0.01405,  -0.01877,  -0.00892,  -0.02698,   0.01897,   0.01569,   0.02554,   0.01241,   0.00256,   0.04523,   0.05344,  -0.03846,   0.08790,   0.06328,  -0.01221,  -0.04010,  -0.02862,   0.03867,   0.08462,  -0.01385,  -0.07785,   0.05016,  -0.03026,   0.00256,   0.03539,  -0.10247,  -0.02533,  -0.00236,  -0.01221,  -0.02041,  -0.03846,   0.02882,  -0.08113,  -0.06144,  -0.02369,  -0.03190,  -0.05159,   0.04195,  -0.01385,  -0.00236,  -0.01221
   0.04195,  -0.04010,  -0.02533,  -0.05980,  -0.06308,   0.00585,   0.03210,   0.01405,   0.03210,  -0.01549,   0.04851,  -0.02041,   0.06492,  -0.00892,  -0.01385,   0.10431,   0.00749,  -0.01056,  -0.00400,   0.06164,   0.00913,  -0.02369,  -0.06800,   0.01405,   0.06164,   0.00092,   0.00749,   0.09118,   0.06492,  -0.01713,  -0.03682,   0.00092,  -0.07457,   0.00749,   0.00585,  -0.03846,   0.03210,   0.05016,   0.02554,   0.06985,  -0.04667,  -0.03190,  -0.00072,  -0.00728,   0.00913,  -0.01713,  -0.00728,  -0.04503,   0.02554,  -0.01877,  -0.05816,   0.05180,   0.02226,  -0.01056,   0.00420,   0.03703,  -0.00564,   0.00913,  -0.02041,   0.01241,  -0.03026,   0.02226,  -0.04831,  -0.00728,  -0.08113,  -0.07785,  -0.00072,   0.01897,  -0.03846,  -0.05323,  -0.12052,  -0.03190,  -0.04175,   0.07477,   0.03539,   0.03046,  -0.01713,   0.00256,   0.03210,   0.01569,   0.03539,  -0.00236,   0.01405,  -0.01056,  -0.00236,  -0.04175,   0.03210,   0.03539,   0.04031,  -0.02698,   0.03046,  -0.01056,   0.04031,  -0.07785,   0.05344,   0.06328,   0.04687,  -0.04339,  -0.04010,  -0.03682,  -0.01056,  -0.04667,  -0.00072,   0.04359,   0.00420,  -0.00236,   0.00749,   0.01241,   0.07641,  -0.01877,   0.01077,  -0.03026,  -0.01713,   0.01733,   0.02718,  -0.00892,  -0.01221,   0.08134,   0.00585,   0.00256,   0.01077,   0.08134,  -0.01056,   0.03374,  -0.02698,  -0.01056,   0.03374,  -0.04831,   0.02226,  -0.01877,  -0.02369,   0.01077,  -0.06472,  -0.01877,  -0.00892,   0.05836,  -0.02369,   0.01569,   0.00092,  -0.01549,   0.01569,   0.01077,  -0.00892,   0.07477,   0.01077,   0.05344,  -0.02369,   0.01077,   0.00749,   0.09118,   0.00256,   0.02882,   0.02554,   0.00749,  -0.02205,  -0.00400,   0.03867,   0.02718,  -0.01056,  -0.00236,   0.01405,  -0.05652,   0.04359,  -0.02698,   0.10595,   0.04851,  -0.08277,   0.05836,  -0.01549,  -0.04831,  -0.02698,  -0.00892,  -0.02041,  -0.07457,   0.05672,   0.01569,  -0.06308,  -0.01877,   0.01569,   0.02554,  -0.09918,  -0.04995,   0.01897,   0.06821,   0.03046,   0.00913,  -0.02698,   0.01733,   0.05180,  -0.02862,  -0.08770,  -0.01385,  -0.05323,  -0.02041,  -0.05323,   0.02226,  -0.03190,   0.01897,   0.02554,   0.02882,  -0.03518,   0.02882,  -0.06800,   0.04851,   0.06328,   0.02226,  -0.06472,   0.00585,  -0.03518,  -0.03190,   0.03374,  -0.04339,   0.00256,  -0.05652,  -0.04667,   0.02554,   0.06164,   0.01405,   0.03867,   0.00256,   0.00913,  -0.00072,   0.03867,  -0.00236,  -0.05980,   0.01241,  -0.01877,   0.03046,  -0.01056,   0.02882,  -0.00892,   0.00749,  -0.07785,  -0.02698,  -0.00072,  -0.02205,   0.11744,  -0.03026,  -0.03190,  -0.03026,  -0.06800,   0.03210,  -0.01385,  -0.08605,  -0.05159,   0.02718,   0.02882,   0.00092,   0.01569,   0.03867,  -0.06472,  -0.02041,  -0.01713,   0.09118,   0.01897,  -0.01877,   0.02226,   0.01733,   0.02718,  -0.04831,   0.00256,  -0.06636,  -0.06472,   0.03867,  -0.00728,  -0.04339,  -0.07457,   0.04851,   0.06328,   0.08954,  -0.01385,   0.03867,  -0.02533,  -0.00072,   0.03867,   0.05344,   0.01077,  -0.00236,  -0.05652,   0.00256,   0.07477,  -0.02698,   0.02390,  -0.02205,  -0.03354,  -0.03354,   0.07805,  -0.11395,  -0.03682,   0.04359,  -0.02698,  -0.00892,  -0.01549,  -0.02862,  -0.01385,   0.00420,  -0.05323,  -0.03518,  -0.00564,  -0.05980,   0.08626,   0.01241,  -0.00892,  -0.05323,   0.04031,  -0.00072,   0.02062,   0.01897,   0.04359,  -0.00564,  -0.02698,  -0.03354,  -0.03682,  -0.02862,   0.02718,   0.02882,   0.02718,  -0.05159,  -0.05487,  -0.03026,  -0.00400,  -0.06472,   0.00420,   0.02554,   0.00256,  -0.02041,  -0.00892,   0.00092,   0.05672,  -0.00236,   0.01733,   0.05672,   0.00913,  -0.03026,   0.02718,  -0.04339,  -0.01713,   0.01077,   0.03703,   0.06164,  -0.00564,  -0.14021,  -0.11067,   0.02882,   0.01897,   0.03703,   0.10759,  -0.02041,  -0.05323,  -0.01221,  -0.04667,  -0.04995,   0.05344,   0.07477,  -0.05652,   0.05344,  -0.02862,  -0.02862,   0.02390,   0.01077,  -0.00892,   0.03539,  -0.02533,  -0.02698,  -0.03026,   0.01241,   0.10595,  -0.02698,   0.00256,   0.01241,  -0.01877,  -0.05652,  -0.01877,  -0.03518,   0.05016,   0.01733,  -0.03354,  -0.04175,   0.03703,  -0.04831,  -0.03354,   0.11252,   0.04523,  -0.02041,   0.10431,   0.06164,  -0.05323,   0.03210,  -0.02369,  -0.02698,   0.02718,   0.03374,  -0.03190,   0.08954,   0.03867,   0.05016,   0.00256,  -0.07785,   0.00585,  -0.02369,  -0.00400,  -0.08277,   0.03703,   0.01733,   0.06164,  -0.04503,  -0.02533,  -0.00728,   0.07313,   0.08462,   0.02062,   0.00256,  -0.05487,   0.00256,  -0.08605,   0.00420,   0.02882,  -0.04339,   0.00420,  -0.03026,   0.00092,  -0.01713,   0.02554,  -0.00236,   0.01241,   0.05180,  -0.00072,  -0.05980,  -0.03846,  -0.02533,  -0.05159,   0.04851,   0.15683,  -0.01877,   0.05508,   0.07477,   0.01241,   0.07313,  -0.01385,   0.06328,  -0.06144,  -0.03518,  -0.02041,   0.04359,   0.02226,  -0.01713,   0.00420,  -0.03518,   0.08134,  -0.04995,   0.02062,  -0.00236,  -0.00728,   0.03703,   0.01077,   0.01569,  -0.04667,  -0.02533,  -0.00564,  -0.05487,  -0.01713,  -0.05323,   0.05672,  -0.04503,   0.07477,   0.03374,   0.00092,  -0.04831,  -0.00564,  -0.00400,   0.00092,   0.03703,   0.01569,  -0.01549,  -0.03354,  -0.01385,   0.02226,   0.10267,  -0.06144,  -0.05816,   0.06657,  -0.03682,  -0.01221,   0.01405,   0.04523,   0.04851,   0.02554,   0.02554,   0.00913,  -0.04010,  -0.03354,  -0.00072,   0.00749,   0.03374,   0.01569,   0.03703,   0.03867,  -0.04503,   0.04851,   0.03539,  -0.04667,  -0.03518,   0.00913,   0.00913,  -0.06964,   0.02226,  -0.00236,  -0.07785,  -0.01221,   0.00913,  -0.06472,  -0.01877,  -0.00728,   0.06328,  -0.04339,   0.02718,   0.06821,   0.03046,   0.03210,   0.08790,   0.02390,   0.10103,  -0.04339,   0.05508,   0.01241,  -0.02533,   0.00256,   0.02390,  -0.01713,  -0.01385,   0.00585,  -0.00892,  -0.08605,   0.05180,   0.01569,  -0.00400,   0.05344,  -0.01056,   0.08462,   0.03210,  -0.06964,  -0.03846,   0.04359,  -0.04175,  -0.03518,  -0.02369,   0.01241,  -0.03354,  -0.08113,   0.02062,  -0.04175,  -0.02369,  -0.01713,  -0.03190,   0.03210,  -0.00400,   0.02718,   0.05016,  -0.00728,   0.04031,  -0.03682,   0.04851,   0.05508,  -0.04010,  -0.05652,   0.02718,   0.05836,  -0.01549,   0.01569,   0.05180,   0.06657,   0.06492,  -0.00236,   0.04195,   0.07969,  -0.00564,  -0.04175,   0.06328,   0.07149,  -0.00892,  -0.01385,   0.02226,   0.05016,  -0.03354,  -0.05323,   0.08954,   0.04031,   0.01569,   0.00092,  -0.02862,   0.05016,  -0.01056,  -0.05487,  -0.03518,  -0.02205,   0.00092,   0.01897,  -0.02698,   0.06328,  -0.02205,   0.02390,   0.00420,  -0.05816,  -0.01385,   0.07313,   0.04359,   0.03539,   0.03374,   0.00256,   0.00913,  -0.01385,   0.00256,   0.04687,   0.00092,   0.00256,  -0.01713,  -0.03026,  -0.04339,   0.00585,   0.00420,   0.08790,  -0.02205,  -0.07129,  -0.00564,   0.00420,   0.02226,   0.00256,  -0.04175,   0.03374,  -0.00400,   0.00913,   0.00585,  -0.00236,  -0.03354,   0.03539,   0.01733,  -0.03026,  -0.04339,  -0.00564,   0.00420,   0.01569,   0.03374,  -0.02205,   0.00585,  -0.05159,   0.03046,  -0.07293,   0.00585,   0.06821,  -0.05816,  -0.01385,   0.03210,   0.07805,  -0.04339,   0.00420,   0.02554,  -0.05323,  -0.03190,  -0.03846,   0.04031,  -0.04503,  -0.04175,  -0.01877,   0.02390,  -0.02205,  -0.01713,  -0.03518,   0.02554,  -0.09590,  -0.00400,   0.00585,  -0.06800,   0.04359,  -0.04339,   0.08462,   0.02554,  -0.08441,  -0.00400,   0.00913,   0.08790,   0.08790,  -0.07949,   0.00913,  -0.00892,   0.04523,  -0.02205,  -0.05980,   0.05672,  -0.02205,  -0.00564,  -0.05323,  -0.00400,   0.04687,  -0.00564,  -0.02205,   0.07805,   0.00749,   0.00749,   0.01733,  -0.05487,   0.00749,   0.06000,   0.07313,  -0.02533,   0.04195,   0.00749,  -0.01221,   0.06164,  -0.05652,   0.02062,   0.06657,   0.00256,  -0.00564,  -0.01713,  -0.00072,  -0.04175,  -0.02369,  -0.00072,   0.00913,   0.04031,  -0.03190,   0.01241,  -0.02369,   0.06492,   0.02062,   0.03046,   0.09939,  -0.02041,   0.05344,  -0.00400,   0.00092,  -0.01385,  -0.00072,   0.06821,  -0.01549,   0.05344,  -0.03026,  -0.02041,   0.08626,  -0.07129,  -0.03026,   0.03210,  -0.02041,  -0.03190,   0.03046,  -0.01221,  -0.04503,   0.01897,  -0.09098,   0.01733,   0.01405,   0.06000,  -0.00892,   0.01569,  -0.04339,   0.00585,   0.05180,   0.00092,   0.02718,   0.01077,   0.04359,  -0.00892,   0.00585,   0.01241,  -0.05816,   0.01077,  -0.02533,  -0.01056,   0.02882,   0.05180,  -0.03682,   0.05508,   0.09282,   0.01897,  -0.02862,   0.03703,  -0.00400,   0.01241,   0.04031,   0.03867,  -0.03026,  -0.04175,   0.02718,  -0.06800,   0.00092,   0.06328,   0.03374,   0.01077,   0.03539,  -0.00236,   0.07641,  -0.04995,   0.10267,  -0.02533,  -0.02533,  -0.00072,  -0.02698,   0.02226,   0.04851,  -0.02533,  -0.02369,   0.04851,  -0.01221,  -0.04831,   0.05016,   0.00092,  -0.06472,   0.03046,   0.04523,  -0.03682,  -0.06964,  -0.01056,  -0.03026,   0.05344,   0.02718,   0.05344,   0.01077,  -0.03518,  -0.00892,   0.00585,   0.06821,  -0.06964,   0.00256,  -0.02533,   0.08462,   0.02226,  -0.08605,  -0.00892,   0.00749,  -0.04831,   0.03210,  -0.07949,   0.02390,   0.03867,  -0.02698,  -0.05487,  -0.02369,   0.03539,  -0.05323,   0.04851,   0.01897,  -0.01549,  -0.00892,  -0.04831,   0.06821,  -0.05159,   0.01241,   0.04195,   0.03046,  -0.01056,  -0.06472,   0.03703,   0.01733,  -0.02041,  -0.05487,   0.04195,  -0.06472,  -0.01549,  -0.03354,   0.00749,  -0.08770,   0.04359,   0.04359,   0.00913,   0.01241,   0.04359,  -0.00892,   0.00092,  -0.04010,  -0.01056,   0.03703,  -0.02041,   0.10431,  -0.00564,  -0.05487,   0.04195,  -0.00892,  -0.00564,   0.01405,  -0.04339,   0.06328,   0.03703,   0.10267,   0.04359,  -0.01056,  -0.07785,  -0.10411,  -0.01549,   0.04851,   0.03867,   0.03210,   0.06328,   0.02226,   0.05508,  -0.00892,   0.01077,  -0.03026,   0.02390,   0.00092,   0.04687,   0.03867,  -0.06636,  -0.00564,  -0.00728,   0.07149,   0.01077,  -0.01549,  -0.00236,   0.02718,  -0.03026,   0.04687,   0.03703,  -0.05816,   0.08462,  -0.03846,  -0.02533,  -0.00892,   0.01897,  -0.01385,   0.05344,  -0.00236,  -0.04010,  -0.02369,   0.00913,   0.05344,   0.02882,   0.03374,   0.01569,  -0.02862,   0.01733,  -0.01877,  -0.05652,   0.06164,   0.03046,  -0.07129,  -0.05159,  -0.00892,   0.00420,   0.06164,   0.02062,   0.07313,   0.02718,   0.00420,  -0.04010,   0.04031,  -0.04995,   0.02226,   0.00585,  -0.00564,   0.02718,   0.00585,  -0.02862,   0.01405,  -0.03518,  -0.02533,  -0.03354,  -0.06800,  -0.06472,  -0.01221,  -0.00236,  -0.05323,   0.05344,  -0.03190,   0.02062,  -0.04831,   0.05344,   0.04687,   0.06985,  -0.04339,   0.06492,  -0.05487,  -0.05159,   0.05016,   0.03210,   0.02882,  -0.00892,   0.03210,   0.02718,  -0.06144,   0.01569,   0.06000,  -0.03354,  -0.01549,  -0.00892,   0.04031,  -0.09426,  -0.01385,  -0.03682,   0.08954,  -0.01221,  -0.02041,  -0.00236,  -0.00728,  -0.00236,   0.05016,   0.07477,   0.02882,  -0.05652,   0.02882,  -0.02369,  -0.02369,   0.04359,  -0.04503,   0.01077,   0.02718,  -0.12380,   0.00256,  -0.02041,   0.00749,   0.03046,   0.00749,  -0.13693,  -0.06308,  -0.01877,   0.02062,   0.00585,  -0.00892,  -0.01385,  -0.08277,  -0.04175,  -0.00400,  -0.06308,   0.04687,   0.02062
   0.05344,  -0.06636,   0.04031,   0.02718,   0.00749,  -0.02698,   0.10759,  -0.00236,  -0.03518,  -0.10411,  -0.04995,  -0.04831,   0.06985,  -0.04175,   0.03210,  -0.02533,   0.06328,  -0.04667,   0.01733,   0.06492,  -0.11395,   0.03539,   0.01077,   0.02226,   0.07313,   0.04359,   0.00092,  -0.10739,  -0.07129,   0.01077,  -0.03846,  -0.03518,  -0.03190,  -0.06800,   0.06821,   0.02554,   0.06821,   0.03046,  -0.01877,   0.05180,   0.04851,  -0.08770,   0.04195,   0.07805,   0.04195,  -0.03682,   0.02062,   0.08790,   0.04851,   0.06328,   0.00749,  -0.04503,  -0.02369,   0.05508,   0.03046,  -0.01056,  -0.00892,  -0.05323,   0.00256,   0.06821,  -0.02533,   0.01405,   0.06000,  -0.01056,  -0.10247,  -0.00892,  -0.08277,   0.04687,  -0.04175,   0.03374,  -0.00236,  -0.06308,   0.03046,  -0.02533,   0.00256,   0.02882,   0.00749,   0.02062,   0.05672,  -0.02862,  -0.00236,  -0.05487,   0.02882,  -0.05487,  -0.03026,   0.01077,   0.00256,  -0.01221,   0.05672,  -0.00072,  -0.03846,  -0.03518,  -0.03846,   0.00256,   0.01241,   0.08626,   0.02390,   0.06821,  -0.02369,  -0.07293,  -0.02205,  -0.02369,   0.03374,   0.02882,  -0.02698,  -0.05980,  -0.01221,  -0.03026,   0.06328,  -0.02862,   0.01241,   0.02718,   0.02882,   0.04031,  -0.04667,   0.08954,   0.07641,   0.03867,  -0.03682,   0.05016,  -0.06308,  -0.02862,  -0.00072,  -0.11395,  -0.04503,   0.05508,  -0.11888,  -0.04339,   0.04851,   0.04359,   0.00913,  -0.01221,  -0.04010,   0.02554,  -0.00892,  -0.06308,  -0.07293,   0.05672,  -0.06636,  -0.01877,   0.00913,  -0.00072,  -0.05487,   0.00913,  -0.02205,   0.04687,   0.03539,   0.00256,   0.08298,  -0.03846,   0.07477,   0.02226,   0.10431,   0.00256,  -0.00728,  -0.04339,   0.01405,  -0.05816,   0.05344,   0.01241,   0.05180,  -0.07129,  -0.01877,  -0.06800,  -0.01549,  -0.05323,  -0.07621,   0.12729,   0.03703,  -0.02533,  -0.03026,  -0.04995,  -0.04010,   0.00749,  -0.01549,  -0.01385,  -0.01877,   0.06164,   0.02390,   0.03374,  -0.00236,   0.00749,   0.03210,   0.02226,   0.06164,  -0.00728,   0.06328,   0.00092,  -0.05487,   0.05836,   0.00585,  -0.00400,   0.05508,  -0.00072,  -0.06472,   0.01897,   0.01405,  -0.03354,  -0.04175,   0.00092,   0.07313,   0.00420,   0.01733,  -0.03354,  -0.01713,   0.10595,   0.06164,  -0.00728,   0.00749,  -0.05487,   0.06000,  -0.03518,   0.00256,   0.02226,  -0.04339,  -0.02862,  -0.00564,   0.10595,  -0.02205,  -0.02533,  -0.03190,   0.04851,   0.00256,  -0.02862,  -0.04667,  -0.03190,   0.07641,  -0.02862,   0.04687,   0.07149,  -0.07129,  -0.01877,  -0.00892,  -0.05816,  -0.09262,   0.02882,  -0.09918,  -0.03354,   0.01241,   0.02882,  -0.05159,  -0.07949,  -0.03682,   0.11252,  -0.01713,   0.00913,   0.06985,  -0.00072,   0.06164,   0.00256,  -0.02369,   0.04687,   0.02226,   0.02226,   0.04687,   0.03867,  -0.02041,   0.00913,   0.01077,  -0.01056,   0.07149,  -0.04667,  -0.01549,  -0.03682,  -0.10411,  -0.04339,   0.07969,  -0.01877,  -0.01549,   0.09775,   0.05672,   0.02882,   0.05344,  -0.02369,   0.07477,  -0.02533,   0.03703,   0.09775,   0.00749,   0.04851,   0.04031,   0.06328,  -0.06144,   0.00913,   0.02882,   0.06164,   0.00913,  -0.04667,   0.05344,   0.03539,   0.01897,  -0.01385,   0.01569,  -0.01221,  -0.00892,  -0.01385,   0.01405,  -0.04339,  -0.04995,  -0.04175,  -0.04503,   0.01897,   0.01569,   0.03046,  -0.02862,  -0.06964,  -0.05323,   0.00256,  -0.03846,   0.02226,  -0.00728,  -0.03190,   0.05508,  -0.06964,  -0.04010,  -0.02533,   0.01733,   0.00420,   0.04851,  -0.03682,  -0.06964,   0.00420,  -0.10411,  -0.10739,   0.02554,   0.01241,  -0.00072,   0.00913,   0.03539,   0.00092,  -0.02533,  -0.01713,   0.04359,   0.02226,  -0.01056,   0.09282,  -0.07949,   0.06821,   0.00256,   0.01733,   0.02554,   0.02062,  -0.01549,  -0.04175,   0.02882,   0.02718,  -0.02533,   0.02718,   0.03046,   0.02226,  -0.00728,   0.01733,  -0.00236,  -0.00236,  -0.02533,   0.03867,   0.02882,  -0.07621,   0.05672,  -0.00236,   0.03210,  -0.02862,   0.03703,   0.01405,  -0.02205,   0.01897,   0.04523,   0.02390,   0.08626,  -0.01056,  -0.01549,   0.00092,   0.03210,   0.00420,   0.08462,  -0.01385,  -0.06308,  -0.11231,  -0.02862,   0.04195,   0.03703,  -0.06472,   0.00913,  -0.06144,  -0.01549,  -0.04339,  -0.03190,  -0.05816,  -0.01549,   0.00913,  -0.02205,  -0.03682,  -0.00564,  -0.00728,  -0.02205,  -0.05816,  -0.09262,   0.06492,   0.00913,   0.01897,   0.10923,   0.02390,   0.03703,   0.07969,   0.07969,  -0.07621,   0.06821,   0.03374,  -0.01713,  -0.04339,   0.06328,  -0.00400,  -0.04667,   0.03046,   0.02554,   0.01405,   0.03867,  -0.04339,  -0.03026,  -0.01056,   0.06164,   0.01569,   0.00585,  -0.09098,  -0.01056,   0.04687,   0.02226,  -0.04175,   0.01241,   0.04523,  -0.06308,  -0.01549,   0.00256,  -0.02862,  -0.03682,   0.03374,   0.02882,   0.02882,  -0.04010,  -0.00892,   0.01569,  -0.00400,  -0.00892,   0.06328,  -0.02533,   0.01241,  -0.00072,   0.01077,   0.01897,   0.07477,  -0.03518,  -0.02205,   0.01733,  -0.00564,   0.06985,  -0.05487,   0.00092,  -0.06636,   0.04031,  -0.02041,  -0.03518,   0.01569,  -0.08605,   0.02718,   0.02062,   0.01897,  -0.03354,  -0.10575,  -0.02533,   0.03374,  -0.00400,  -0.04010,  -0.02205,  -0.06144,  -0.00892,  -0.01877,   0.00256,  -0.05159,   0.00092,  -0.00400,   0.03867,  -0.03682,  -0.04010,  -0.12380,   0.09282,  -0.05323,   0.00092,  -0.04995,   0.04359,   0.09118,   0.02554,  -0.00892,   0.01733,   0.00585,   0.00256,   0.06164,   0.06164,  -0.02369,   0.01077,   0.03374,   0.04687,  -0.10082,   0.01897,  -0.02041,  -0.04995,  -0.01877,   0.03374,   0.01733,   0.05836,   0.03539,  -0.07949,   0.05508,  -0.03518,  -0.00236,   0.02882,  -0.03354,  -0.01549,   0.08626,  -0.00072,   0.04687,  -0.01221,  -0.02533,   0.02718,   0.03867,  -0.02533,  -0.08770,  -0.07621,   0.02882,   0.04687,  -0.00892,   0.01569,   0.05672,  -0.09918,   0.00585,  -0.06636,   0.03703,   0.04359,  -0.01549,  -0.03354,   0.00585,   0.02226,  -0.10903,  -0.00892,   0.04359,  -0.04010,  -0.00892,  -0.01385,   0.06821,   0.01241,  -0.06964,  -0.05323,   0.03539,  -0.00892,   0.03539,   0.05180,   0.00913,  -0.04667,   0.00420,  -0.00236,  -0.04010,   0.02390,  -0.05652,  -0.01056,  -0.03354,   0.05672,   0.00585,   0.03046,  -0.04339,   0.05180,   0.05672,   0.13385,   0.00420,   0.05836,  -0.02698,   0.00749,   0.08134,   0.06821,   0.11580,  -0.02533,  -0.03026,   0.04851,   0.01077,   0.03539,  -0.04831,  -0.03682,  -0.01056,   0.04195,  -0.02862,  -0.01713,   0.03210,   0.00256,  -0.03682,  -0.04667,   0.07477,   0.06000,   0.04687,  -0.04339,  -0.01056,  -0.04339,   0.00585,  -0.05323,   0.05180,  -0.00236,   0.07969,  -0.00564,  -0.02205,  -0.03190,   0.01733,   0.03374,  -0.02698,  -0.01056,  -0.00728,   0.02718,   0.01405,  -0.01385,   0.05836,  -0.04010,   0.04523,   0.01077,   0.05344,  -0.05487,  -0.00728,  -0.00892,   0.04523,  -0.06800,   0.09611,  -0.02698,   0.03867,  -0.02205,   0.08298,  -0.02041,  -0.00400,   0.03539,   0.13385,  -0.01056,  -0.00564,  -0.06472,  -0.00892,  -0.01056,   0.06985,   0.04031,   0.00420,   0.00256,  -0.03846,  -0.02862,  -0.04175,   0.08626,   0.03539,  -0.00072,   0.02718,   0.00420,  -0.02041,   0.06821,  -0.03682,   0.04851,  -0.03354,  -0.01056,   0.04195,   0.01569,  -0.01056,   0.00092,  -0.00400,   0.01569,  -0.00236,  -0.02698,   0.03703,  -0.04175,   0.03210,   0.03374,   0.07641,   0.01733,  -0.01221,   0.03210,  -0.01713,  -0.09426,  -0.06308,  -0.01713,   0.03374,  -0.07129,  -0.09754,   0.02062,  -0.06964,   0.06985,   0.01241,  -0.00892,   0.02554,   0.01241,  -0.04831,   0.01077,  -0.10411,  -0.02533,  -0.10739,  -0.00236,   0.05672,  -0.09426,  -0.00728,   0.05836,   0.11088,  -0.00072,   0.03210,  -0.02205,  -0.06308,   0.06821,   0.08626,   0.04687,  -0.03190,  -0.00892,   0.02390,   0.01897,  -0.04503,  -0.01385,  -0.07785,   0.02882,   0.04851,   0.04687,   0.06328,   0.01569,   0.03703,   0.05508,   0.01569,  -0.04010,   0.04359,  -0.01221,  -0.11724,  -0.01056,   0.06000,  -0.05487,   0.04851,   0.04687,   0.02554,  -0.06308,   0.02718,   0.00913,   0.03046,   0.02882,   0.15683,   0.05672,  -0.02862,  -0.02698,   0.00092,  -0.02862,   0.04031,   0.04031,   0.01897,   0.08626,  -0.08441,  -0.04667,   0.08626,  -0.01056,   0.06985,   0.04851,   0.01897,  -0.09754,  -0.02862,   0.08134,   0.02390,  -0.05816,  -0.03846,   0.01241,  -0.00072,   0.05836,   0.02062,  -0.03682,  -0.02369,   0.04523,  -0.06472,   0.00420,   0.03210,  -0.02041,   0.02390,   0.01241,   0.04359,  -0.03682,   0.04359,   0.00256,   0.02882,   0.02062,   0.03046,   0.03867,  -0.04995,  -0.07129,   0.08134,   0.06164,  -0.04503,   0.01569,  -0.07293,  -0.03682,   0.02226,  -0.01385,   0.09446,   0.02882,   0.05672,  -0.04010,   0.06492,  -0.05487,  -0.06144,  -0.00236,  -0.02205,   0.04687,  -0.03354,   0.07477,   0.07313,   0.04359,   0.05016,   0.00256,   0.05672,  -0.03682,  -0.01549,  -0.02533,  -0.04667,   0.02718,  -0.07457,   0.02554,   0.02390,   0.08298,   0.06000,   0.01897,   0.02882,  -0.04010,  -0.06308,   0.08134,  -0.07293,   0.00585,   0.05180,   0.01405,   0.04195,  -0.05159,  -0.00400,  -0.08934,   0.01241,   0.06985,  -0.02698,  -0.03846,  -0.00400,   0.02718,   0.00913,   0.08954,  -0.04667,  -0.01713,  -0.04995,  -0.06308,   0.10923,  -0.04503,   0.03703,   0.03046,  -0.03518,  -0.00564,  -0.00236,   0.08626,  -0.05980,  -0.03846,  -0.09590,  -0.02698,  -0.05652,  -0.07621,  -0.02041,   0.04523,   0.01733,  -0.06964,   0.01241,  -0.03518,   0.09611,  -0.01056,  -0.01549,   0.05836,  -0.01056,   0.06985,  -0.01877,   0.01569,  -0.05323,   0.04031,  -0.00400,   0.06328,   0.03210,   0.03539,  -0.01385,   0.07313,  -0.03026,  -0.02533,   0.10103,   0.06328,  -0.00400,  -0.05487,  -0.01056,  -0.07949,   0.04031,  -0.05323,   0.02882,  -0.07457,  -0.01549,  -0.02369,   0.04195,  -0.06800,   0.07805,  -0.00728,   0.01077,  -0.02041,  -0.02862,   0.00585,  -0.03354,  -0.04667,  -0.00892,   0.01241,   0.00092,  -0.03026,  -0.04339,   0.01569,   0.11088,   0.00585,  -0.01713,  -0.17139,   0.05672,   0.00585,  -0.06144,  -0.00728,   0.08790,  -0.02862,   0.01077,  -0.01385,   0.03374,  -0.02369,   0.01405,   0.03210,   0.09446,  -0.04831,  -0.00892,  -0.00892,   0.04195,   0.01405,   0.02554,   0.02390,   0.05672,  -0.03682,  -0.04010,  -0.01221,  -0.00892,  -0.05816,   0.04687,  -0.02205,  -0.03026,  -0.02369,  -0.03518,   0.09611,  -0.04503,  -0.00236,  -0.00892,   0.01569,  -0.01549,  -0.03026,   0.11416,  -0.04010,   0.00913,  -0.03354,  -0.00564,  -0.05323,   0.05180,  -0.01056,   0.04031,  -0.05159,   0.05180,  -0.00564,   0.00256,   0.05016,   0.00585,   0.04031,  -0.03190,   0.00749,  -0.02533,  -0.01877,   0.04687,  -0.03518,   0.03539,  -0.05487,  -0.01713,  -0.07129,  -0.03682,   0.02390,   0.02226,  -0.17303,   0.02062,   0.07149,   0.02062,   0.02226,   0.05344,   0.01569,   0.01733,   0.00585,  -0.01385,   0.03703,  -0.01221,  -0.10903,   0.05344,  -0.00892,  -0.01713,   0.00092,  -0.01877,   0.02062,  -0.02041,   0.01241,   0.08790,  -0.01549,  -0.01221,   0.04359,   0.06000,   0.03867,   0.01241,   0.05836,   0.02882,   0.05836,  -0.04010,  -0.04175,  -0.02533,   0.03374,  -0.02041,   0.06164,  -0.04339,  -0.01549,  -0.03190,   0.04195,   0.01569,   0.08462,  -0.08441,  -0.03846,  -0.12216
  -0.03518,   0.02882,  -0.00892,   0.02882,  -0.02533,  -0.02533,  -0.06964,  -0.03026,  -0.02041,   0.01241,  -0.00892,  -0.03682,   0.01241,  -0.01713,  -0.10903,  -0.02041,   0.01569,   0.02554,   0.05344,   0.00256,  -0.00072,   0.01569,  -0.02369,   0.04523,   0.00420,  -0.07293,  -0.02369,  -0.01056,  -0.03190,   0.01569,  -0.09262,  -0.01221,  -0.00236,  -0.02862,  -0.04667,  -0.02369,   0.06000,  -0.05487,  -0.08770,  -0.02862,   0.07313,  -0.07949,   0.01733,   0.02882,   0.02062,  -0.00728,  -0.02698,  -0.04339,   0.03374,   0.05344,   0.06821,   0.03539,  -0.08113,  -0.00236,   0.05836,  -0.03354,  -0.02369,  -0.05652,  -0.03026,  -0.01385,  -0.07621,  -0.02041,  -0.04010,  -0.07293,   0.02062,  -0.00072,  -0.02041,   0.01241,   0.00256,   0.03210,   0.05016,  -0.03682,   0.01405,  -0.02862,  -0.02041,   0.07477,   0.01241,   0.04523,  -0.08113,   0.03539,   0.08790,  -0.00892,  -0.05159,  -0.00072,   0.02062,   0.06000,   0.03374,  -0.03190,  -0.02533,   0.01569,   0.03210,   0.00256,   0.01405,   0.02882,  -0.00728,  -0.05980,  -0.01056,  -0.03682,   0.03867,   0.04359,  -0.06800,   0.02882,  -0.00892,   0.00092,  -0.05980,  -0.00892,   0.01733,  -0.02862,   0.00256,   0.04031,  -0.04010,   0.01077,   0.04523,   0.00420,  -0.05323,   0.02390,   0.02226,   0.00585,   0.04031,  -0.00728,  -0.01221,   0.07641,   0.00913,   0.06164,  -0.00072,  -0.02698,   0.05508,   0.01241,   0.04359,   0.02062,  -0.03846,   0.01405,   0.07477,   0.01733,  -0.03190,   0.02554,   0.05508,   0.00913,   0.03374,  -0.05487,   0.01241,   0.00092,  -0.10082,  -0.07129,  -0.02369,  -0.04503,   0.04359,  -0.00728,  -0.02369,   0.03867,  -0.01713,   0.00420,  -0.01877,   0.05016,   0.02062,   0.02062,   0.05016,  -0.05159,   0.02390,   0.00585,  -0.01549,   0.06000,   0.09118,  -0.03682,  -0.05980,   0.05836,   0.00749,   0.04851,  -0.01713,   0.06492,   0.02226,  -0.00400,  -0.00072,  -0.03682,  -0.05323,  -0.03026,  -0.03190,   0.06328,  -0.00892,   0.02390,   0.00749,   0.01897,   0.00420,   0.01077,  -0.03682,   0.06328,  -0.02205,   0.00913,   0.10103,  -0.05487,   0.04031,   0.00585,  -0.08277,   0.09282,   0.05672,   0.02882,   0.02882,  -0.05159,   0.04687,  -0.04667,   0.06000,   0.02390,   0.00913,   0.08298,   0.04687,   0.03374,  -0.07785,   0.03703,   0.00913,   0.04031,   0.04195,  -0.03518,   0.00256,  -0.02533,   0.00092,   0.00256,  -0.11559,  -0.00564,  -0.00892,   0.02062,   0.00420,   0.01897,  -0.00072,   0.04359,   0.05016,   0.02390,  -0.04010,   0.02554,   0.02226,  -0.05487,  -0.00892,   0.03046,  -0.01877,   0.02554,  -0.02205,  -0.01713,  -0.00728,   0.08626,   0.05180,  -0.04010,  -0.04831,   0.03210,  -0.00236,  -0.00564,  -0.04175,   0.04523,  -0.00072,   0.01733,   0.02226,  -0.01713,   0.00585,  -0.00400,   0.05016,  -0.10575,  -0.01056,  -0.02862,  -0.01713,  -0.01221,  -0.02369,   0.03210,   0.02226,   0.09775,   0.01569,   0.00420,   0.04687,  -0.05487,   0.00585,  -0.03518,   0.02390,   0.01405,  -0.01385,   0.00749,  -0.02533,  -0.01713,  -0.01056,  -0.03846,   0.00749,   0.04359,  -0.02205,  -0.09098,  -0.08605,   0.01733,   0.00749,   0.06164,   0.06164,   0.03046,  -0.00564,  -0.06144,   0.07969,  -0.04339,  -0.00400,   0.00913,   0.08626,  -0.02698,   0.02554,   0.01405,  -0.00728,  -0.06472,   0.11580,  -0.01713,   0.01077,   0.01733,   0.02882,   0.04359,   0.03046,  -0.00400,   0.05672,  -0.12380,   0.03703,   0.06164,  -0.04010,   0.00420,  -0.08934,   0.00585,   0.04523,  -0.03354,  -0.00236,  -0.03518,   0.01241,  -0.02041,  -0.05980,   0.04359,  -0.00728,  -0.01713,  -0.03026,  -0.03846,  -0.01877,  -0.03682,  -0.00236,   0.05672,   0.03210,  -0.00892,   0.12236,   0.03867,  -0.00400,   0.05508,  -0.07621,   0.05180,  -0.01549,  -0.04503,   0.00092,   0.04523,   0.04523,  -0.00564,  -0.01713,   0.06328,  -0.07457,  -0.00892,   0.05836,   0.04687,  -0.07457,  -0.05159,  -0.01056,  -0.01713,   0.02062,   0.02718,   0.07805,  -0.01056,   0.06657,  -0.00400,  -0.03026,  -0.05487,   0.01733,   0.06000,   0.04687,   0.05344,   0.02390,   0.03539,  -0.03846,   0.00420,   0.03867,  -0.00072,  -0.05816,   0.04359,  -0.03518,  -0.00728,   0.08134,  -0.09426,   0.02882,   0.02390,   0.07805,   0.03046,  -0.00400,   0.00092,   0.04851,   0.00092,   0.01077,   0.06657,  -0.03682,   0.00256,   0.05016,  -0.01549,   0.00749,  -0.05159,   0.04851,   0.02226,  -0.01713,  -0.05323,   0.02062,  -0.00072,  -0.00564,   0.04195,  -0.00728,  -0.00400,   0.00092,   0.00913,   0.00256,  -0.00072,   0.02718,  -0.03190,   0.00585,  -0.02698,  -0.01877,   0.04851,   0.07477,   0.02718,  -0.01877,   0.04359,   0.02882,  -0.00236,  -0.06964,  -0.03518,   0.10103,   0.01077,   0.00420,  -0.02698,   0.04195,  -0.01221,   0.00749,  -0.03354,   0.04031,  -0.05487,   0.08298,   0.00913,   0.06657,   0.00913,  -0.04995,   0.00092,  -0.08277,  -0.03354,   0.02062,  -0.01385,  -0.02698,  -0.01713,  -0.01877,   0.00256,   0.00913,   0.06985,   0.02062,   0.04031,   0.07641,  -0.02862,  -0.05487,   0.02554,   0.01405,  -0.00728,   0.08298,  -0.08113,  -0.01385,   0.04687,   0.04687,  -0.01877,   0.03046,   0.01733,   0.00092,  -0.00236,   0.01077,  -0.04339,  -0.01221,   0.08790,  -0.02369,  -0.03846,  -0.06636,   0.01241,  -0.02041,   0.02882,   0.00913,  -0.02205,   0.04031,  -0.02041,  -0.00892,   0.00092,  -0.00400,  -0.01877,   0.07149,   0.02062,   0.04359,  -0.01877,   0.00420,  -0.02205,   0.09446,   0.00585,   0.02062,   0.09611,  -0.06144,   0.01569,  -0.07293,   0.05836,   0.00256,   0.00256,   0.01733,   0.06000,  -0.02862,  -0.02698,  -0.00728,  -0.01713,   0.04195,  -0.02862,  -0.03518,   0.04687,  -0.00236,   0.02226,   0.04031,  -0.04995,  -0.07129,  -0.01549,   0.00256,   0.03703,  -0.04339,   0.00585,  -0.08770,  -0.01385,   0.07477,   0.01897,  -0.02205,   0.02062,   0.08626,   0.03374,  -0.04995,  -0.02369,   0.00256,   0.04523,  -0.01221,  -0.03846,  -0.00236,   0.00092,  -0.03682,   0.01569,  -0.01385,   0.03046,   0.04031,  -0.01877,  -0.01877,   0.05016,   0.00749,   0.01733,  -0.01385,   0.08954,  -0.02205,   0.04359,  -0.07293,   0.00749,   0.04031,   0.06000,   0.05836,   0.04031,  -0.06308,   0.05836,  -0.02533,  -0.00564,   0.00749,  -0.06800,  -0.03026,  -0.01056,   0.06985,   0.00092,   0.00749,   0.03046,   0.07313,   0.04523,  -0.03026,  -0.03354,   0.08462,  -0.02205,  -0.06308,   0.12072,  -0.01056,   0.07969,   0.05672,   0.03703,  -0.01385,   0.00420,   0.01569,   0.03046,  -0.07785,  -0.03190,   0.00256,   0.01897,  -0.04667,   0.03374,  -0.02862,   0.09282,  -0.01221,   0.00420,  -0.04339,  -0.00236,   0.02554,   0.01897,  -0.02698,   0.03374,   0.00092,   0.00092,  -0.04995,  -0.01385,  -0.07457,  -0.00564,   0.04523,  -0.02533,  -0.00236,  -0.03846,  -0.02698,  -0.01385,   0.03539,   0.02882,  -0.00072,  -0.00072,   0.02226,  -0.02205,  -0.00728,   0.09611,   0.02882,  -0.00728,  -0.01877,   0.00256,   0.02718,  -0.00400,  -0.03682,  -0.07785,   0.00585,  -0.08277,  -0.00236,  -0.06308,  -0.03682,   0.05016,   0.01733,   0.00256,   0.05672,  -0.05652,   0.04195,  -0.01056,   0.03703,  -0.04831,  -0.00072,   0.00749,   0.04687,  -0.07129,   0.01241,  -0.04995,   0.05344,   0.06492,   0.03046,   0.01733,   0.07641,  -0.00400,   0.01077,  -0.08113,   0.02062,   0.02882,  -0.05487,  -0.06144,  -0.02698,   0.00913,  -0.07293,   0.00913,   0.01241,  -0.02205,   0.04523,  -0.00728,  -0.00564,   0.01569,  -0.00564,  -0.00400,  -0.01221,  -0.03026,   0.01405,  -0.02205,   0.00749,  -0.01877,   0.05508,  -0.07293,  -0.00728,  -0.08441,  -0.02041,   0.00092,  -0.05487,   0.06000,   0.02718,   0.00913,  -0.03518,   0.05672,  -0.02041,   0.01405,  -0.01877,  -0.01877,  -0.02533,  -0.03354,  -0.01549,  -0.00892,  -0.01385,   0.02718,   0.09118,   0.09118,  -0.05159,   0.05344,   0.00092,  -0.05652,   0.04687,   0.06000,  -0.04831,   0.03374,   0.00749,   0.05180,   0.04195,   0.02882,  -0.06964,   0.03046,   0.02882,   0.03539,   0.05672,   0.01733,  -0.02369,   0.05672,  -0.00236,  -0.03354,  -0.03354,   0.07969,  -0.00400,   0.06492,  -0.03354,   0.02226,   0.05508,  -0.00564,   0.02882,  -0.03354,   0.02390,   0.08298,   0.01241,  -0.03518,   0.00420,   0.02390,  -0.00728,  -0.02205,   0.00256,   0.01897,   0.05180,  -0.03190,  -0.03682,  -0.00236,   0.02226,  -0.04667,  -0.02698,  -0.04175,   0.00913,   0.01077,  -0.02041,  -0.02205,  -0.04831,  -0.00728,  -0.04995,  -0.01056,   0.06492,   0.00585,  -0.00564,   0.02062,   0.04851,  -0.06308,  -0.03190,  -0.02205,   0.03703,  -0.04995,  -0.03190,   0.03703,   0.07313,   0.00092,  -0.01056,  -0.02862,   0.08790,  -0.00728,   0.03374,  -0.03354,   0.06657,  -0.02205,   0.09446,   0.02390,   0.03374,   0.05016,   0.00585,   0.02554,  -0.02205,   0.07969,   0.03046,   0.08954,  -0.02369,  -0.01221,  -0.01056,  -0.01877,   0.03703,  -0.05980,   0.07641,   0.01733,   0.07477,  -0.02862,  -0.00728,  -0.01056,  -0.09590,  -0.00564,   0.01897,  -0.03518,   0.03867,   0.04031,   0.00256,   0.02718,   0.03539,   0.02390,  -0.00892,  -0.00728,  -0.07293,  -0.03682,  -0.03190,  -0.04667,   0.04031,  -0.00892,  -0.01549,   0.04195,  -0.00892,   0.02554,   0.03374,   0.04851,   0.00749,   0.01077,  -0.03846,  -0.07457,   0.06492,  -0.02698,  -0.08113,  -0.02041,  -0.01713,   0.02554,   0.02226,   0.07641,   0.05672,  -0.02041,  -0.01877,   0.03539,  -0.01549,   0.06492,   0.03210,  -0.04667,  -0.07293,   0.01077,   0.05344,  -0.05487,   0.01733,  -0.01549,  -0.04503,   0.03539,   0.06657,  -0.00564,  -0.07129,   0.00749,   0.06492,  -0.00072,   0.07149,   0.00585,   0.03374,  -0.04175,  -0.02205,   0.10923,   0.01241,   0.11088,   0.03867,  -0.01056,  -0.02862,   0.06985,  -0.03846,  -0.07129,  -0.02369,  -0.01221,   0.00092,   0.01077,  -0.07129,  -0.02205,  -0.02369,  -0.05159,  -0.03846,   0.00749,   0.03210,  -0.02041,   0.01897,   0.05836,  -0.05652,  -0.03190,  -0.02369,   0.02390,   0.05016,  -0.03190,  -0.04995,  -0.01221,   0.00913,  -0.01713,  -0.00892,  -0.03518,  -0.04831,  -0.01877,  -0.01221,  -0.02369,  -0.01385,  -0.06636,  -0.03846,  -0.02205,  -0.01549,   0.01241,   0.03046,   0.07149,  -0.04667,  -0.01549,  -0.00072,   0.05016,   0.06328,   0.00913,  -0.03518,   0.01405,  -0.01221,  -0.04010,  -0.03190,  -0.03682,  -0.00236,  -0.00564,   0.00585,  -0.00072,   0.00749,   0.01897,  -0.00564,  -0.03518,   0.00256,   0.04687,  -0.05980,  -0.03682,  -0.04995,  -0.04339,  -0.06964,  -0.07621,  -0.00236,  -0.00236,   0.04523,  -0.04010,   0.01569,   0.03210,   0.02882,   0.00749,  -0.04339,   0.03539,  -0.04503,  -0.02205,   0.00092,  -0.01221,  -0.04339,   0.00749,  -0.04339,   0.03210,   0.03374,  -0.06636,  -0.01385,   0.02390,   0.04851,  -0.01056,  -0.04010,  -0.09098,   0.04031,   0.01569,   0.02554,  -0.03026,   0.03539,   0.01077,   0.00420,   0.03867,  -0.01221,   0.01241,  -0.03682,   0.07805,   0.00092,  -0.01549,   0.00749,  -0.02041,   0.04031,   0.00092,   0.06985,   0.00913,   0.00256,   0.00092,   0.01077,   0.05016,  -0.01385,  -0.01713,   0.06000,   0.03374,   0.03539,   0.04687,  -0.00400,   0.03046,  -0.01877,   0.03046,   0.00256,  -0.04995,  -0.02369,  -0.02205,  -0.02205,   0.01569,  -0.03518,   0.01077,   0.04359,  -0.04175,   0.00092,   0.05672,   0.08134,  -0.06472,  -0.03682,   0.02062,  -0.01877,   0.02226,  -0.06964,   0.00092,  -0.00400,  -0.09098
   0.01569,   0.01405,   0.03046,   0.07641,   0.02062,  -0.06144,   0.00092,   0.00585,  -0.05980,   0.00913,   0.04359,  -0.06308,   0.09446,   0.02226,  -0.02369,  -0.01221,  -0.10082,   0.04195,   0.03374,  -0.03682,  -0.00400,   0.04851,   0.06000,   0.00585,   0.03046,  -0.05816,  -0.06800,   0.01569,  -0.12708,   0.01241,  -0.04831,   0.06492,  -0.00564,   0.01733,   0.03046,  -0.03026,  -0.02041,  -0.05980,  -0.07621,  -0.01385,   0.00420,   0.01733,   0.00749,  -0.04175,  -0.02533,  -0.09754,  -0.02698,  -0.01877,  -0.00728,  -0.11559,   0.03703,  -0.01221,  -0.05487,  -0.04339,   0.00420,  -0.01221,   0.05344,  -0.00728,   0.04851,  -0.02041,   0.07477,   0.02062,  -0.00564,   0.08790,  -0.01549,  -0.00072,  -0.02205,  -0.00728,   0.00913,  -0.02041,   0.07313,   0.00420,  -0.03846,  -0.00564,   0.06000,   0.06164,  -0.02041,   0.03703,   0.00585,  -0.06472,  -0.05487,   0.06328,  -0.05487,   0.01733,  -0.01056,   0.01241,   0.02882,   0.00913,  -0.01713,   0.04195,   0.03046,  -0.02041,   0.03703,  -0.01877,  -0.03026,   0.00256,   0.01077,  -0.09098,   0.00913,   0.06492,   0.00092,   0.06821,  -0.04175,  -0.01056,   0.02882,  -0.04503,  -0.02369,   0.00913,   0.08462,  -0.12052,  -0.04339,   0.05344,  -0.06472,  -0.01056,  -0.04010,   0.01733,   0.00585,  -0.00564,   0.02390,  -0.03518,   0.10267,  -0.03846,   0.01077,   0.02718,   0.07805,   0.04031,  -0.02041,  -0.06636,  -0.04339,  -0.03682,  -0.06308,   0.06492,   0.01241,   0.05836,  -0.04503,   0.01405,  -0.04339,   0.00749,   0.00420,  -0.06308,   0.04031,  -0.07129,  -0.00892,  -0.01385,  -0.01221,  -0.04339,  -0.02862,  -0.00072,  -0.00892,   0.01733,  -0.02698,   0.00749,  -0.02041,  -0.00728,   0.00913,   0.00913,   0.01733,   0.04523,   0.04359,  -0.00728,  -0.06308,  -0.07949,   0.02718,  -0.00236,   0.00585,   0.01733,  -0.04503,   0.00585,  -0.04503,  -0.02533,  -0.01056,   0.01569,  -0.03354,   0.04851,   0.05344,  -0.00400,  -0.04503,   0.05836,   0.01569,   0.04359,  -0.05323,  -0.00728,  -0.02533,   0.02882,   0.01733,  -0.06472,   0.05180,   0.03374,   0.03703,   0.05016,   0.01569,  -0.08441,  -0.01056,   0.01241,   0.03703,  -0.02369,   0.03374,  -0.01713,  -0.06800,   0.01077,   0.01733,  -0.00892,  -0.08277,   0.00092,  -0.00892,  -0.04831,   0.01241,   0.03703,   0.02390,  -0.00564,   0.02390,  -0.05487,   0.04687,   0.02554,   0.05672,  -0.01056,   0.01077,  -0.02698,  -0.02369,  -0.00072,   0.01405,  -0.02533,  -0.06800,   0.04359,  -0.04010,  -0.00072,  -0.03190,   0.05016,  -0.01056,   0.00913,   0.05508,  -0.04503,   0.00256,   0.12236,  -0.06800,  -0.03190,   0.04851,   0.02390,   0.00256,   0.02062,   0.01897,   0.10923,   0.02390,  -0.05159,  -0.10082,   0.04687,   0.00913,   0.02226,   0.02226,  -0.00892,  -0.02698,  -0.01221,   0.01897,  -0.00236,  -0.00892,   0.11744,  -0.05487,  -0.04831,   0.05672,   0.01733,   0.04359,  -0.02205,  -0.00072,  -0.03190,  -0.00072,  -0.03026,  -0.02041,  -0.00236,   0.05508,  -0.00236,   0.02062,  -0.04010,  -0.00728,   0.00749,  -0.04831,   0.01405,  -0.00728,  -0.02041,  -0.01877,  -0.03190,  -0.01385,   0.02554,   0.00585,  -0.04339,  -0.03682,  -0.01221,   0.01241,  -0.07129,   0.00092,   0.01569,   0.01405,  -0.00892,  -0.05980,  -0.04175,  -0.06636,   0.04359,  -0.02698,  -0.01385,  -0.00728,  -0.06308,   0.01733,  -0.02369,   0.04687,   0.04687,   0.00585,  -0.01877,   0.00913,  -0.01877,  -0.02533,  -0.00728,  -0.06800,   0.00256,   0.01077,  -0.01221,  -0.03518,  -0.07621,  -0.00236,  -0.01221,  -0.05159,   0.02718,  -0.02533,  -0.02533,   0.01733,  -0.04995,  -0.07785,  -0.02369,  -0.04175,  -0.05159,  -0.01713,  -0.09098,   0.00256,   0.08462,   0.01569,  -0.00072,   0.01733,  -0.00400,   0.00420,   0.03374,   0.06492,   0.01897,  -0.04503,   0.03703,   0.01733,  -0.00564,   0.00585,  -0.03354,  -0.03518,  -0.02041,  -0.03518,   0.08134,  -0.07129,  -0.04831,  -0.03026,  -0.02205,   0.01405,   0.00749,   0.02718,   0.00585,   0.01733,   0.07313,  -0.02533,   0.06492,   0.02554,   0.03703,   0.04851,  -0.02041,  -0.07293,   0.00749,  -0.05159,   0.02226,   0.01077,  -0.02369,   0.00256,  -0.03190,  -0.01385,  -0.02369,   0.03539,  -0.01549,   0.07641,  -0.06308,   0.08954,  -0.02205,   0.00913,   0.01405,  -0.11395,   0.05016,  -0.02205,  -0.04175,  -0.02041,   0.00749,  -0.04503,   0.06985,   0.00092,  -0.05980,   0.04031,  -0.03518,  -0.04175,  -0.08770,   0.04687,  -0.05980,   0.06164,   0.00749,   0.03867,  -0.04831,   0.01897,  -0.01221,   0.01405,  -0.08441,   0.01241,   0.03046,  -0.03190,  -0.01056,  -0.02041,  -0.01877,   0.04851,  -0.03846,  -0.00236,  -0.04175,   0.03046,   0.04687,   0.11744,   0.07149,   0.02390,   0.02226,   0.04031,  -0.00728,  -0.06636,   0.03374,   0.07641,   0.00420,   0.02390,  -0.07293,  -0.05323,   0.01241,   0.05344,  -0.03846,   0.03210,   0.06000,  -0.03190,  -0.01713,   0.00256,   0.01077,  -0.03354,  -0.01877,   0.05180,  -0.03518,   0.00256,   0.01241,   0.06000,   0.04195,   0.09775,   0.06657,   0.06657,   0.00749,   0.05016,  -0.08113,  -0.03026,   0.01897,  -0.06308,   0.03046,  -0.01056,   0.00256,   0.11088,  -0.02862,   0.07313,  -0.05816,   0.02718,  -0.04175,  -0.05816,   0.00913,  -0.05980,   0.08134,  -0.09262,  -0.01713,  -0.02533,  -0.01549,   0.10103,  -0.03846,   0.04031,  -0.00072,   0.01077,   0.00256,  -0.02698,  -0.03518,   0.06164,   0.03374,   0.07313,   0.01241,  -0.02533,   0.00420,  -0.00728,   0.05672,  -0.01221,   0.05344,   0.02062,  -0.01221,   0.02554,  -0.03518,  -0.08277,  -0.00072,   0.04195,   0.00256,   0.08954,  -0.05323,   0.00092,   0.07149,   0.00913,  -0.01385,  -0.02205,   0.05836,  -0.09426,  -0.01056,  -0.06144,  -0.02533,   0.05344,   0.00092,  -0.04175,   0.00749,   0.05508,   0.01405,  -0.02041,  -0.01221,  -0.00236,   0.01241,   0.07313,  -0.08277,   0.04031,  -0.02369,   0.01569,  -0.04831,  -0.01056,  -0.04010,   0.06492,  -0.09918,  -0.04503,  -0.00072,  -0.02205,   0.06985,  -0.04175,  -0.07293,  -0.10247,   0.00256,  -0.04995,   0.02390,   0.03210,   0.04031,  -0.06308,  -0.00400,   0.00585,   0.03703,  -0.03354,   0.00092,   0.01897,   0.01897,  -0.03682,  -0.05980,  -0.02369,   0.00256,  -0.03026,  -0.00564,   0.01897,  -0.07293,  -0.04995,   0.02554,   0.04031,  -0.01056,  -0.00892,  -0.02041,   0.05836,  -0.02369,  -0.00400,   0.06000,  -0.00400,  -0.06144,  -0.04010,  -0.00400,   0.04851,  -0.03518,   0.01405,  -0.01877,  -0.01221,  -0.05323,  -0.05487,   0.01405,   0.01897,   0.03046,   0.00256,  -0.01221,   0.04523,   0.02062,   0.03210,  -0.02369,  -0.00564,  -0.06636,  -0.03190,  -0.02533,   0.01405,   0.04687,   0.04359,   0.02062,   0.01733,  -0.03846,  -0.06636,   0.02390,   0.00913,   0.01569,  -0.03190,   0.02718,  -0.00728,   0.05016,   0.05016,  -0.06144,   0.06492,  -0.01056,  -0.02533,   0.05344,   0.03046,  -0.01056,   0.01405,  -0.02862,  -0.03354,   0.02882,  -0.02862,  -0.01713,   0.01241,  -0.03682,  -0.03518,   0.00092,   0.01077,   0.00749,  -0.08770,  -0.01056,  -0.05652,   0.06328,  -0.04339,   0.03046,   0.00092,  -0.01877,  -0.02698,   0.02390,   0.06000,   0.02554,   0.00092,  -0.01549,  -0.04503,  -0.03518,   0.06985,   0.02882,  -0.04995,  -0.12708,  -0.06472,  -0.02698,   0.01077,   0.02226,  -0.02205,   0.00913,   0.07313,   0.02062,   0.09775,  -0.01549,  -0.01877,   0.05836,   0.09118,   0.06000,   0.03046,   0.04031,  -0.08441,   0.04031,  -0.00892,   0.01405,   0.04031,  -0.01385,   0.03539,   0.08462,   0.00092,   0.06985,   0.10759,   0.02226,  -0.07621,  -0.09590,  -0.05816,   0.03210,   0.06164,   0.04031,   0.04031,  -0.00892,   0.02062,  -0.00728,   0.01897,   0.00585,  -0.07949,   0.03867,  -0.04010,   0.01241,   0.09939,   0.08298,  -0.01056,   0.02062,  -0.02369,  -0.02369,  -0.03518,  -0.04831,   0.00420,   0.02390,   0.06164,   0.02226,  -0.03682,   0.00256,  -0.03190,   0.03210,  -0.00236,  -0.00728,  -0.03354,   0.00256,  -0.01549,  -0.01221,  -0.00236,  -0.00236,  -0.02369,  -0.02533,   0.00913,  -0.02369,  -0.00400,  -0.06472,   0.05344,  -0.07293,  -0.00072,  -0.03354,  -0.10247,  -0.04831,   0.09611,   0.01897,   0.02390,   0.03539,   0.03046,   0.04523,   0.00420,  -0.04010,   0.02390,  -0.06308,   0.07477,   0.00913,  -0.05816,   0.01405,  -0.01877,   0.05344,  -0.08113,  -0.01713,  -0.06308,  -0.06636,   0.04687,  -0.04667,   0.05344,   0.06000,   0.01897,   0.03867,  -0.05159,   0.02390,  -0.01385,  -0.02041,  -0.04503,  -0.05652,   0.04851,  -0.08113,  -0.02205,   0.07149,   0.00256,  -0.11559,  -0.05652,  -0.04175,  -0.03846,  -0.10411,  -0.04175,  -0.01713,  -0.04995,  -0.04831,  -0.03026,   0.02718,  -0.08441,  -0.05323,  -0.00236,  -0.11231,   0.01733,  -0.02205,   0.01241,   0.00420,  -0.06964,  -0.02698,  -0.00236,  -0.02862,  -0.05159,   0.02390,   0.03539,  -0.01713,   0.04195,   0.04523,  -0.01385,  -0.02533,  -0.01877,  -0.01713,  -0.02369,  -0.01056,   0.03703,  -0.02698,  -0.04503,  -0.02533,   0.01077,  -0.00564,  -0.02205,   0.03867,   0.02554,   0.01569,  -0.02862,   0.01733,  -0.04831,   0.01077,   0.05836,   0.00585,  -0.03846,   0.00749,  -0.01877,   0.00420,   0.02390,  -0.05816,  -0.08770,   0.00420,   0.02882,   0.00749,  -0.08113,  -0.03026,   0.03374,   0.00913,  -0.02533,  -0.03190,  -0.04831,   0.11744,   0.03210,  -0.02862,  -0.04667,   0.03539,  -0.07949,  -0.06636,   0.02718,  -0.04175,  -0.05159,  -0.00236,  -0.02369,  -0.01385,  -0.00400,   0.07805,  -0.03026,   0.09775,  -0.01549,  -0.02041,   0.08298,  -0.00072,   0.03210,   0.04031,  -0.04503,   0.02554,   0.07313,  -0.01221,  -0.02698,  -0.07949,   0.03867,   0.07477,   0.06657,  -0.00072,  -0.04010,  -0.02862,   0.02718,  -0.10575,   0.02062,   0.05672,   0.02062,   0.01241,  -0.06472,   0.09775,   0.06000,   0.02062,  -0.01549,  -0.03026,   0.00913,   0.02554,   0.02390,   0.01897,   0.02226,   0.03867,  -0.02205,   0.03046,  -0.07457,  -0.02533,   0.02226,  -0.03190,   0.05016,  -0.01549,  -0.01056,   0.02390,   0.01569,   0.00256,   0.02390,   0.06328,  -0.02698,   0.02882,   0.02554,  -0.02533,   0.05344,  -0.05652,   0.04523,  -0.04339,   0.04523,   0.05180,  -0.01221,   0.03210,  -0.03354,  -0.02369,   0.10431,  -0.02041,  -0.08277,  -0.04667,   0.09775,   0.03210,  -0.05652,  -0.04010,   0.03867,   0.00749,  -0.02862,  -0.01713,   0.06821,   0.03210,   0.00092,   0.01077,   0.05016,   0.01077,  -0.02041,   0.03539,   0.04195,   0.03539,   0.00585,  -0.02369,   0.04031,   0.03210,  -0.04995,  -0.00892,  -0.06800,  -0.06308,   0.03703,   0.04687,  -0.01385,  -0.01549,   0.03867,  -0.07293,   0.03539,  -0.02369,  -0.04010,  -0.04503,   0.02718,  -0.02205,   0.09282,  -0.00072,  -0.04667,   0.04195,   0.10759,  -0.03846,   0.07805,  -0.01221,  -0.00892,  -0.01056,   0.04031,  -0.05159,   0.01733,   0.06985,  -0.02205,  -0.00728,  -0.00400,   0.00092,  -0.02698,   0.00913,   0.06000,   0.02554,   0.02390,   0.02062,   0.00256,   0.01569,   0.05344,   0.06492,   0.01569,   0.02554,   0.05836,   0.01897,   0.06985,   0.00749,  -0.01056,   0.05016,   0.04195,  -0.07129,   0.01733,   0.06821,   0.04031,   0.00585,   0.06985,   0.05508,   0.00256,  -0.04339,  -0.02205,   0.02554,   0.00749,   0.01569,  -0.04010,  -0.00892,   0.00420,  -0.07785,  -0.01056,  -0.02862,  -0.04831,   0.06000,   0.02718,   0.00256,   0.00749,   0.02718,   0.06000,   0.01569,  -0.04995,   0.04359
   0.05836,  -0.01385,  -0.03026,  -0.01713,   0.05344,  -0.02041,   0.03210,  -0.04831,  -0.00564,   0.00749,   0.07641,   0.01569,   0.01405,   0.02062,   0.05836,   0.01897,  -0.00892,  -0.02205,   0.04195,   0.01569,  -0.03518,  -0.03026,  -0.05816,   0.03539,  -0.02698,  -0.02041,   0.02882,   0.03867,   0.01897,   0.00913,  -0.02205,   0.05672,  -0.00892,  -0.11724,   0.02554,  -0.01877,  -0.01056,   0.05344,   0.01569,   0.01569,   0.03867,  -0.01056,  -0.05487,  -0.00400,   0.05180,  -0.06144,   0.00913,  -0.03190,   0.00256,   0.01405,  -0.01549,  -0.00728,  -0.00072,   0.04195,   0.00749,   0.07477,   0.00913,   0.04031,  -0.00236,  -0.03354,   0.02718,  -0.03846,  -0.00564,  -0.01713,  -0.06636,  -0.02533,  -0.04503,  -0.00892,   0.09118,   0.02390,   0.03867,  -0.00236,   0.00749,   0.04031,   0.01733,   0.07969,   0.01405,  -0.05323,   0.01077,   0.06492,  -0.01385,   0.00092,  -0.02533,  -0.00072,   0.04195,  -0.04995,  -0.04995,   0.01077,   0.02882,  -0.04010,  -0.00728,  -0.05816,  -0.00564,   0.04851,  -0.01549,  -0.01877,   0.08298,   0.02882,  -0.04339,   0.03867,  -0.00236,   0.01733,  -0.00400,  -0.02041,   0.06985,  -0.04339,   0.02226,   0.00092,   0.01569,   0.03703,   0.02882,  -0.03190,   0.04031,   0.06492,   0.02718,   0.00913,   0.01897,   0.00913,   0.01241,  -0.01221,  -0.04503,  -0.05159,   0.05508,  -0.06636,  -0.04339,   0.04851,   0.05672,  -0.04339,  -0.04010,   0.03374,  -0.01877,   0.05508,   0.04195,  -0.00072,  -0.02862,  -0.01221,  -0.03846,  -0.04339,  -0.02369,   0.00420,  -0.00400,   0.03046,  -0.02369,   0.00913,   0.03210,  -0.14842,  -0.02041,   0.05344,   0.01733,  -0.03682,  -0.01877,   0.01897,   0.08134,  -0.05159,  -0.00400,  -0.01221,  -0.00564,  -0.02533,  -0.04995,   0.01897,  -0.02533,   0.13385,   0.03210,   0.04359,  -0.03026,   0.09446,   0.01077,   0.03539,   0.03539,  -0.00400,  -0.02041,   0.03046,   0.00092,   0.06000,   0.03046,  -0.01221,  -0.03026,   0.01569,  -0.03354,   0.05180,   0.00749,   0.02390,   0.04851,  -0.06472,   0.04523,   0.04523,  -0.03190,  -0.07457,  -0.02698,  -0.13201,   0.01405,   0.06492,  -0.01221,   0.04031,  -0.01713,  -0.04175,   0.06492,   0.00092,  -0.00892,   0.00092,   0.04031,   0.07477,   0.01733,   0.01405,  -0.03682,  -0.05816,   0.00420,  -0.07949,  -0.05980,  -0.01549,  -0.04995,   0.02390,  -0.02205,   0.04031,   0.03046,   0.00092,   0.01405,  -0.01056,  -0.03026,  -0.00400,   0.06492,  -0.02698,  -0.06144,   0.02062,  -0.02698,  -0.01385,  -0.05816,   0.01405,   0.00585,   0.05508,  -0.03846,   0.00256,   0.00913,   0.01569,   0.01569,   0.05836,  -0.07293,   0.08298,  -0.01221,   0.04523,   0.03210,  -0.00892,   0.00913,   0.06328,   0.00420,   0.00585,   0.06164,  -0.01221,   0.04359,   0.00256,   0.02062,  -0.07949,   0.10759,  -0.03354,  -0.02698,   0.03374,   0.00420,  -0.05652,  -0.01056,  -0.06144,  -0.00236,   0.02718,  -0.05487,   0.02226,  -0.02862,  -0.05980,   0.02062,   0.05836,   0.00092,   0.00256,  -0.04831,   0.02390,   0.03210,   0.00749,   0.00585,   0.04851,  -0.08934,   0.02226,   0.01897,  -0.00892,  -0.01877,  -0.02533,   0.02062,   0.02718,  -0.01056,  -0.01877,  -0.00400,   0.01077,  -0.03682,  -0.05652,   0.04523,  -0.02369,   0.04687,  -0.06964,   0.02226,  -0.07293,   0.05508,   0.03046,  -0.02698,   0.01077,   0.00585,  -0.02041,  -0.06800,   0.05508,  -0.02698,  -0.02205,  -0.01713,  -0.01549,  -0.01549,  -0.00892,   0.02718,   0.07149,   0.04195,  -0.01549,  -0.00072,  -0.01549,  -0.01713,  -0.00892,   0.02390,  -0.03026,  -0.03518,   0.03374,  -0.02698,   0.13057,  -0.00564,  -0.02862,  -0.02041,   0.00256,  -0.05487,   0.08298,  -0.04667,  -0.07621,   0.02718,  -0.05652,  -0.01221,   0.03867,  -0.02862,  -0.02862,   0.05672,  -0.00728,  -0.00236,   0.03539,   0.06164,   0.01077,  -0.04010,   0.03374,  -0.00400,  -0.03846,  -0.01877,   0.04031,  -0.05487,   0.03867,   0.05016,  -0.01713,   0.06657,   0.02882,   0.04031,   0.03867,   0.01733,   0.05344,   0.03374,   0.02554,   0.03210,   0.11088,  -0.00072,   0.01241,  -0.02205,   0.02718,   0.02226,  -0.08934,   0.06328,   0.00749,  -0.00400,  -0.03682,   0.02062,   0.04687,  -0.01056,  -0.03518,   0.05344,  -0.00728,   0.00749,  -0.01221,  -0.02205,  -0.04503,   0.07805,   0.02882,   0.01897,  -0.02862,  -0.01221,  -0.05980,  -0.02533,   0.00585,  -0.02862,  -0.01713,  -0.04667,  -0.05652,  -0.10575,   0.06164,   0.00092,   0.09611,  -0.08277,   0.05180,  -0.03026,  -0.04339,  -0.08113,   0.05344,  -0.03518,   0.06164,   0.09118,  -0.00564,   0.05508,  -0.04175,  -0.02205,   0.03046,   0.02718,  -0.09754,   0.02226,   0.00420,  -0.00400,  -0.00728,   0.06164,  -0.04339,   0.01241,   0.02882,  -0.03682,   0.02390,  -0.02369,   0.04851,  -0.00564,  -0.00728,  -0.04995,  -0.00728,   0.01077,  -0.02698,   0.03210,  -0.00072,  -0.03518,  -0.01877,  -0.02205,   0.03867,   0.01897,   0.05016,  -0.04831,  -0.09590,  -0.04010,  -0.02698,   0.03539,   0.05836,  -0.04010,  -0.00072,   0.03374,  -0.01221,  -0.01549,   0.01733,   0.01241,  -0.09426,  -0.00236,  -0.00728,  -0.05980,   0.02718,   0.01241,  -0.03846,  -0.03846,  -0.10903,   0.02062,   0.05016,  -0.02205,  -0.04667,   0.00585,   0.00256,   0.07805,  -0.07457,  -0.00072,  -0.08770,   0.02226,   0.04031,   0.01733,   0.04359,  -0.03026,  -0.05652,   0.03703,  -0.05816,  -0.02041,   0.01569,  -0.02041,  -0.06308,   0.00256,   0.04851,  -0.02862,   0.03046,   0.05508,  -0.02862,   0.00585,   0.02554,  -0.00072,   0.02882,  -0.03682,  -0.09590,  -0.01713,   0.03867,   0.01241,   0.00420,  -0.03354,  -0.08605,  -0.02698,   0.00420,  -0.00728,  -0.02533,   0.06164,   0.02718,   0.03210,  -0.00892,   0.04195,  -0.02533,   0.02062,   0.01733,   0.02226,   0.00256,   0.09939,  -0.05816,  -0.03846,  -0.02205,  -0.00400,   0.01241,  -0.05487,  -0.02041,  -0.02041,  -0.01056,   0.01241,   0.07805,   0.02718,   0.00913,   0.02554,   0.04031,   0.09282,   0.04031,  -0.01549,   0.00256,   0.05672,   0.04851,  -0.02041,  -0.01877,   0.05016,  -0.01221,  -0.01713,   0.03374,   0.00256,  -0.03190,   0.02882,   0.02226,  -0.06800,  -0.03354,   0.04359,  -0.03026,  -0.02041,   0.06328,   0.01241,  -0.05323,  -0.00400,   0.05180,  -0.02369,  -0.01713,  -0.01549,   0.06000,   0.03867,  -0.01549,  -0.02041,  -0.03354,  -0.01221,   0.03210,  -0.01549,  -0.01549,   0.03210,   0.03374,  -0.01877,   0.00585,  -0.04503,   0.02554,  -0.05652,  -0.00400,  -0.09754,   0.00420,   0.02226,  -0.01713,  -0.01221,   0.02554,   0.07641,  -0.03026,   0.01241,  -0.04010,   0.05344,  -0.01056,  -0.05323,   0.03867,   0.02390,   0.00913,  -0.01713,   0.03539,   0.01897,  -0.04010,   0.02390,   0.02718,  -0.03354,   0.04031,   0.00585,   0.02718,   0.00913,  -0.03026,   0.04687,  -0.05323,   0.02062,   0.06328,   0.00585,   0.02718,   0.02226,   0.02882,   0.00420,  -0.02205,  -0.06472,   0.00749,   0.01241,   0.09118,  -0.05652,  -0.10575,   0.03539,   0.00092,  -0.05487,   0.03374,  -0.00892,   0.02718,  -0.02698,   0.00913,   0.00420,   0.01405,  -0.05323,  -0.01713,  -0.02041,  -0.02533,   0.03703,   0.05672,  -0.02369,  -0.05159,  -0.03026,   0.00585,   0.03046,  -0.03190,   0.06328,  -0.00400,  -0.04010,  -0.09426,  -0.05816,   0.04195,   0.00749,  -0.04667,   0.09939,   0.07313,  -0.01877,  -0.01056,  -0.03190,   0.00256,   0.00092,   0.08462,  -0.05816,  -0.02041,  -0.00564,  -0.01056,  -0.00072,   0.07149,   0.00092,  -0.06964,   0.05836,  -0.02862,  -0.08441,   0.06000,   0.02226,   0.03867,  -0.01056,   0.06657,   0.02062,  -0.05816,   0.02390,  -0.04339,  -0.09918,  -0.06308,  -0.04995,  -0.03518,   0.04031,  -0.13365,   0.01733,  -0.00564,  -0.02205,   0.12893,   0.01241,   0.01405,  -0.02205,  -0.01549,   0.05508,   0.05672,   0.01733,   0.02882,  -0.04831,   0.01733,   0.06492,  -0.02862,  -0.02369,  -0.04995,  -0.01713,   0.03539,  -0.04010,   0.04031,   0.02062,   0.03703,  -0.01549,  -0.00072,   0.01077,   0.08134,   0.03374,   0.01733,   0.00913,  -0.00236,   0.06657,  -0.01056,  -0.03518,  -0.03518,   0.03374,   0.01733,  -0.00400,   0.00092,   0.04195,  -0.00564,   0.01241,   0.01241,   0.06164,   0.04851,  -0.00236,   0.05672,  -0.05323,   0.01077,   0.03046,  -0.03354,  -0.03846,  -0.03026,   0.01897,  -0.02041,  -0.01221,  -0.04995,  -0.00728,  -0.00892,  -0.06800,  -0.00400,  -0.00400,   0.03374,   0.01077,  -0.04503,  -0.04010,  -0.02533,  -0.03026,  -0.02369,  -0.01549,  -0.04667,  -0.00072,  -0.01385,  -0.02862,  -0.07785,   0.05836,  -0.01549,  -0.00072,  -0.00892,  -0.03354,   0.01241,  -0.00400,   0.00256,   0.02554,  -0.05816,  -0.03846,   0.01569,  -0.01385,   0.02062,  -0.00236,   0.07969,   0.01405,   0.01569,  -0.05323,   0.01241,  -0.01221,  -0.00400,  -0.02533,   0.07641,  -0.00728,  -0.05652,  -0.05323,   0.08954,   0.05508,  -0.04667,   0.04523,  -0.00400,  -0.07129,   0.01077,  -0.04339,  -0.00400,   0.04195,  -0.06144,  -0.07949,  -0.01713,  -0.00400,   0.00420,  -0.03518,  -0.03354,   0.04687,   0.02390,  -0.05980,  -0.04175,  -0.00728,  -0.00400,   0.03539,  -0.03190,   0.04687,   0.02062,  -0.02205,  -0.01549,  -0.00728,  -0.00892,   0.04851,   0.00092,   0.07149,  -0.00072,   0.00092,  -0.02205,   0.03210,  -0.02041,  -0.05487,   0.04687,  -0.01549,  -0.03518,  -0.00564,  -0.01221,   0.00585,  -0.00236,  -0.01877,   0.01733,   0.01569,  -0.07129,  -0.00236,   0.02718,  -0.04175,  -0.02041,  -0.05159,  -0.05323,   0.03210,   0.00092,   0.00256,  -0.03518,   0.06657,  -0.00236,  -0.05487,  -0.00728,   0.00420,  -0.01221,   0.08626,  -0.00728,  -0.03190,   0.03046,  -0.07293,  -0.02698,  -0.02041,   0.07477,  -0.00728,   0.01241,  -0.01713,   0.05016,  -0.01385,  -0.05159,  -0.03846,  -0.02862,  -0.03518,   0.01077,   0.02882,  -0.05652,  -0.03190,   0.07969,  -0.01056,   0.02390,   0.01077,   0.04359,  -0.05323,   0.03210,  -0.04995,   0.03539,   0.01569,  -0.00728,   0.03046,  -0.02862,   0.04031,   0.01405,   0.02718,   0.05836,  -0.01056,   0.03046,   0.01241,  -0.01056,   0.01241,   0.00256,   0.03374,   0.03703,  -0.02862,  -0.00892,  -0.02698,  -0.00400,  -0.05980,   0.02390,   0.03703,  -0.02041,   0.04195,  -0.02533,   0.00420,  -0.01221,   0.03374,  -0.02862,  -0.05159,  -0.00564,   0.01405,   0.00749,  -0.03190,  -0.05487,   0.03046,  -0.00728,   0.00256,  -0.03518,   0.00256,  -0.03846,  -0.01877,  -0.02533,   0.00913,   0.04851,  -0.04175,   0.00092,  -0.06964,   0.02062,  -0.01385,  -0.00400,  -0.00892,  -0.02533,   0.05344,  -0.02041,  -0.01549,   0.03046,  -0.07293,   0.11908,   0.07969,  -0.02205,   0.01569,   0.04195,   0.04687,   0.01733,  -0.02862,  -0.05980,   0.00585,  -0.01877,   0.06164,   0.04523,   0.06328,   0.00749,  -0.03026,  -0.04175,   0.12565,  -0.01385,  -0.03846,   0.06328,  -0.04995,   0.00092,  -0.01385,   0.01733,  -0.01221,   0.04523,  -0.00236,  -0.00072,  -0.06800,  -0.05159,   0.05508,  -0.00728,   0.01405,  -0.02698,  -0.02369,  -0.04995,   0.01897,  -0.00400,   0.00092,  -0.02698,  -0.00892,  -0.00236,   0.06328,   0.08134,   0.01733,   0.06821,   0.00256,  -0.04339,  -0.06308,   0.01897,   0.07313,  -0.03682,   0.05344,  -0.06308,  -0.07621,   0.02882,  -0.04831,   0.09775,  -0.01221,   0.08134,   0.02062,   0.05672,   0.06164,   0.02390,   0.05180,  -0.04503,   0.00256,   0.02882,  -0.04995,  -0.03354,  -0.02862,  -0.03682,   0.00913,   0.00749,   0.02062,  -0.04175
   0.02226,   0.12565,  -0.03682,  -0.01056,   0.01897,  -0.02862,  -0.03846,   0.02554,  -0.01877,   0.03867,   0.02882,   0.04195,   0.06164,  -0.01385,   0.00256,   0.02390,  -0.11559,   0.00585,  -0.00400,   0.00092,   0.01897,   0.03867,   0.00749,   0.05180,   0.07313,  -0.12708,  -0.10739,  -0.05323,  -0.03518,  -0.04010,   0.04687,   0.06821,  -0.02698,   0.14534,  -0.07129,  -0.01877,   0.06164,   0.05016,  -0.01385,   0.02390,  -0.01056,   0.05836,  -0.04175,   0.00749,  -0.04339,  -0.05487,  -0.02698,  -0.02862,  -0.01385,   0.06492,  -0.06800,   0.07149,  -0.00236,  -0.06636,  -0.02205,   0.07313,  -0.03190,   0.01897,   0.11252,  -0.01056,  -0.10247,   0.06000,   0.01241,  -0.01221,   0.00256,  -0.01056,   0.08626,   0.01897,   0.01897,  -0.02369,  -0.00892,   0.00420,  -0.08113,  -0.11395,  -0.04831,   0.03210,   0.01077,   0.06985,   0.02226,  -0.06144,   0.04031,  -0.04831,  -0.03682,   0.06657,  -0.03354,   0.02390,   0.07149,   0.02390,   0.05508,  -0.00072,   0.02882,   0.00420,  -0.04010,  -0.03682,   0.01241,  -0.05816,  -0.00892,  -0.02205,  -0.07621,  -0.02533,   0.01897,  -0.03190,   0.01077,   0.02554,  -0.01713,  -0.02041,   0.05508,  -0.07457,   0.04687,   0.04687,  -0.03354,  -0.02862,  -0.03026,  -0.02698,  -0.03518,   0.06821,  -0.02698,   0.04359,   0.01405,   0.00420,  -0.05323,  -0.04503,  -0.04010,   0.01569,  -0.01056,  -0.07293,   0.06985,  -0.06472,  -0.07129,  -0.06800,  -0.04010,   0.03046,   0.00092,   0.02226,  -0.02533,   0.01077,   0.01897,   0.03703,  -0.02533,   0.01405,  -0.02533,   0.00585,  -0.02369,  -0.02533,   0.00585,  -0.03354,   0.02718,   0.02882,   0.02718,  -0.02369,  -0.02369,  -0.03026,   0.03374,  -0.00236,   0.01897,  -0.02041,   0.05508,  -0.01877,  -0.01056,   0.06328,   0.01897,   0.03046,  -0.04175,   0.02882,  -0.00892,  -0.08441,  -0.00236,   0.05344,  -0.04831,  -0.00400,   0.01733,   0.04523,   0.04195,   0.01569,   0.06657,  -0.04503,   0.06328,   0.02554,  -0.00892,  -0.01877,  -0.04175,  -0.01713,  -0.00400,   0.03703,   0.00913,  -0.04667,  -0.04010,   0.01897,   0.03703,   0.00092,  -0.01385,  -0.01713,  -0.04831,   0.01241,  -0.02533,   0.00585,   0.03867,   0.06492,   0.02390,  -0.04503,   0.04195,  -0.01385,   0.00749,  -0.00400,   0.01077,   0.00585,  -0.04339,  -0.00072,  -0.00728,  -0.04831,  -0.04995,  -0.04831,   0.00749,  -0.09918,   0.08462,   0.02718,  -0.01713,  -0.06144,   0.00092,  -0.01385,  -0.03354,   0.02882,   0.03703,  -0.00400,   0.03867,   0.06164,  -0.07457,  -0.04010,  -0.01221,   0.04031,   0.02062,   0.00256,  -0.00072,  -0.02041,   0.01897,   0.02062,  -0.01056,   0.00749,   0.06164,  -0.00892,   0.03867,   0.00256,  -0.04175,   0.01897,   0.00092,   0.04851,   0.00913,   0.05016,   0.01569,   0.03867,   0.01569,   0.09446,  -0.03846,  -0.01385,   0.02554,  -0.00564,   0.01897,   0.00585,   0.06821,  -0.02369,   0.00420,   0.03046,  -0.05980,  -0.05980,  -0.00400,  -0.04339,   0.11744,  -0.03682,  -0.03354,   0.07641,  -0.02041,   0.06164,   0.02718,   0.01733,   0.00749,  -0.03190,   0.01405,  -0.03354,   0.04523,  -0.01385,   0.00585,  -0.03846,  -0.03682,   0.00913,  -0.02205,   0.01405,  -0.03682,  -0.06144,  -0.05652,  -0.00072,   0.00585,  -0.00236,   0.04687,   0.01241,  -0.05323,   0.06328,   0.00256,  -0.05652,  -0.01056,  -0.12872,  -0.02369,  -0.03682,  -0.02369,   0.02882,   0.02390,  -0.00892,  -0.00236,   0.04523,   0.04195,  -0.04503,  -0.03026,  -0.02862,  -0.06636,  -0.07129,  -0.04503,   0.04687,  -0.03846,   0.01897,   0.02718,   0.02882,  -0.00728,  -0.08113,   0.07477,  -0.04010,   0.01569,  -0.05652,   0.01405,  -0.06144,   0.09282,   0.01405,   0.00092,  -0.01877,  -0.01385,   0.04031,   0.04523,   0.03210,  -0.01877,  -0.00564,  -0.01549,  -0.00728,  -0.02862,  -0.02533,  -0.04503,   0.03374,   0.03374,  -0.01549,   0.07313,   0.05344,   0.01405,   0.06657,   0.00585,   0.04687,   0.01077,   0.04031,  -0.02369,  -0.02369,   0.04195,   0.02882,   0.06328,   0.03374,  -0.01056,   0.06000,  -0.03518,   0.06000,   0.01733,  -0.05323,  -0.01713,   0.01241,  -0.00728,  -0.03846,  -0.06800,  -0.05487,  -0.01221,   0.02718,   0.04523,   0.00585,   0.03703,   0.00256,  -0.02862,   0.01077,   0.03703,   0.02390,  -0.00728,   0.03210,   0.05344,   0.04687,   0.12893,  -0.05487,  -0.07949,   0.00749,  -0.03026,   0.00092,   0.02062,  -0.02041,  -0.00728,  -0.00400,  -0.08113,   0.01897,  -0.04175,  -0.01549,  -0.02862,   0.01569,   0.05672,   0.10923,   0.04523,  -0.01385,   0.00092,   0.03703,   0.05672,   0.02226,  -0.00236,  -0.05652,   0.03046,  -0.02862,   0.00092,  -0.04175,   0.06000,   0.02882,   0.00420,  -0.03026,   0.03374,   0.10431,   0.03867,   0.02882,  -0.00728,  -0.01056,  -0.04831,  -0.03026,   0.02226,   0.00749,   0.03046,  -0.05159,   0.13385,   0.08298,  -0.02698,  -0.07949,   0.03867,   0.03867,  -0.08441,  -0.07949,   0.03374,  -0.01221,   0.00092,   0.08626,  -0.04667,   0.04851,   0.06821,  -0.01713,  -0.01549,  -0.02041,   0.01897,  -0.03026,   0.06164,  -0.03354,  -0.02041,  -0.01221,   0.06657,  -0.02369,  -0.02041,  -0.01221,   0.01733,  -0.09754,   0.10103,   0.13221,   0.05180,   0.08462,  -0.01221,   0.03867,   0.03210,   0.03210,   0.00749,   0.04851,  -0.03354,   0.00256,   0.00749,  -0.02205,   0.03703,  -0.05652,   0.02062,  -0.00564,   0.01077,   0.04031,   0.01077,  -0.10575,  -0.10575,   0.04195,   0.02718,  -0.01221,  -0.08277,   0.01077,   0.04523,   0.05344,   0.05672,   0.00749,   0.02226,  -0.05816,  -0.06144,   0.07969,  -0.03518,  -0.04995,  -0.03354,  -0.00564,   0.01077,  -0.02862,  -0.01713,  -0.00236,   0.08134,   0.01077,   0.05672,   0.02062,  -0.03682,   0.07313,   0.04031,   0.05508,  -0.03190,   0.00256,   0.06821,   0.08462,  -0.01056,   0.01897,   0.08134,  -0.02041,   0.06000,   0.06000,  -0.07785,   0.02718,   0.00749,  -0.03190,   0.00585,  -0.08441,  -0.03190,   0.11088,   0.01733,  -0.01056,   0.11252,   0.01733,  -0.01221,  -0.02369,   0.06328,  -0.02698,  -0.05159,  -0.01713,   0.00913,  -0.01877,   0.01241,  -0.01385,  -0.03682,  -0.02533,  -0.07129,   0.05508,  -0.07621,   0.04523,   0.03867,  -0.06800,  -0.05323,   0.11908,  -0.02205,  -0.01385,  -0.01713,   0.01241,  -0.04831,  -0.02041,   0.05672,  -0.04995,   0.01241,  -0.01221,  -0.04175,   0.04031,  -0.02205,  -0.06472,  -0.06472,  -0.03846,   0.01405,   0.01405,   0.03374,  -0.02041,  -0.03354,   0.00749,  -0.03190,  -0.03354,   0.01897,  -0.06308,   0.00913,  -0.00564,  -0.04995,   0.02226,  -0.01221,  -0.00564,   0.04195,   0.06164,  -0.01221,   0.06492,   0.00420,  -0.06964,  -0.04667,   0.00913,   0.01569,  -0.04175,  -0.00728,   0.00092,   0.01897,   0.00585,  -0.01385,   0.05508,   0.00420,   0.01569,  -0.05487,   0.07641,   0.00749,   0.07313,  -0.01056,   0.03867,   0.04195,  -0.03518,   0.05836,   0.03374,  -0.00728,  -0.06472,  -0.01056,   0.00420,  -0.01713,   0.04687,  -0.03190,   0.03703,  -0.04667,  -0.00564,  -0.07457,   0.01405,  -0.08934,  -0.03354,  -0.01385,   0.00092,   0.04851,   0.00256,  -0.06964,   0.06657,  -0.04831,   0.00092,  -0.00400,  -0.00236,   0.01733,  -0.02041,   0.11416,   0.00256,   0.01733,  -0.01221,   0.06657,  -0.01549,  -0.02698,   0.00749,   0.12072,  -0.09098,  -0.03682,  -0.00564,  -0.08113,   0.07313,   0.02062,   0.02062,  -0.03190,   0.01897,   0.01897,  -0.01385,  -0.07129,   0.02062,  -0.01385,   0.12400,  -0.01056,   0.01241,   0.02554,   0.04523,  -0.07785,   0.06164,   0.04359,   0.03703,   0.01077,   0.00749,  -0.01713,  -0.00236,  -0.02369,  -0.07293,   0.05180,   0.02226,  -0.02041,   0.00256,   0.08626,  -0.07785,   0.02390,  -0.06472,  -0.04010,  -0.00236,  -0.04010,  -0.08441,   0.00585,   0.05508,   0.01569,   0.04195,  -0.00892,   0.02882,   0.00256,  -0.03846,  -0.04503,   0.03210,  -0.09098,  -0.07457,   0.09446,  -0.03846,  -0.04503,  -0.09754,   0.02882,  -0.00892,   0.00420,   0.06164,  -0.06144,  -0.01385,   0.03210,  -0.05487,   0.01077,   0.01241,  -0.01221,   0.06000,  -0.00400,  -0.01549,  -0.07785,   0.03374,  -0.01713,  -0.01221,  -0.02862,   0.00256,   0.02882,  -0.02205,   0.05016,  -0.00564,  -0.02369,  -0.07621,  -0.04995,   0.03539,  -0.03190,   0.00749,   0.02390,   0.03374,  -0.05323,  -0.02862,   0.03210,   0.01897,  -0.00892,   0.08790,  -0.00564,   0.04031,   0.03046,  -0.03846,   0.02226,  -0.03518,  -0.07457,   0.06328,   0.01077,  -0.00728,  -0.03354,  -0.05980,   0.00749,  -0.00400,   0.03539,  -0.00728,  -0.02698,  -0.04010,   0.03210,   0.01405,   0.06657,  -0.02041,  -0.01056,  -0.00564,  -0.01877,   0.06657,  -0.01056,   0.01569,   0.01569,   0.06000,   0.04031,  -0.01056,   0.06000,  -0.01877,   0.08298,  -0.01056,  -0.00236,  -0.07293,  -0.06800,   0.02390,   0.02882,   0.00913,   0.00749,   0.05016,  -0.04175,   0.01241,   0.07969,  -0.02862,  -0.02041,   0.06821,   0.03703,   0.06657,  -0.02205,   0.03867,  -0.05816,   0.07477,  -0.07785,  -0.08605,   0.00092,   0.00749,  -0.00892,   0.02882,   0.02882,   0.01733,  -0.04667,   0.00913,  -0.02369,  -0.01713,  -0.03846,   0.00256,   0.00585,   0.05672,   0.03374,   0.01241,  -0.02533,   0.05344,  -0.02698,  -0.06144,  -0.04503,   0.04523,   0.03867,  -0.00892,   0.01733,  -0.03846,   0.03539,   0.05344,  -0.01877,  -0.03026,  -0.12708,  -0.01385,   0.01897,   0.08298,   0.06000,   0.01405,   0.05180,  -0.03026,  -0.07621,   0.08790,   0.01405,  -0.01877,   0.08134,  -0.01877,   0.03210,   0.01241,   0.00092,   0.02062,   0.03046,  -0.05816,   0.01405,  -0.00892,  -0.00728,   0.03703,  -0.04995,   0.05672,  -0.02205,   0.00749,   0.02062,   0.02226,  -0.00728,  -0.00236,   0.01077,   0.04359,   0.03374,   0.03867,   0.03210,  -0.00728,   0.06821,   0.00420,  -0.09426,   0.01897,   0.05180,   0.00913,   0.01077,   0.01241,   0.03046,  -0.07457,   0.03046,   0.02062,   0.05508,  -0.04667,  -0.01877,  -0.10739,  -0.01549,   0.00913,   0.07805,  -0.03026,   0.02390,   0.04523,   0.03046,  -0.08441,   0.02390,   0.04359,  -0.02698,   0.03210,   0.02718,  -0.02041,  -0.01385,  -0.03846,   0.03374,   0.02062,  -0.00728,   0.02718,  -0.00236,  -0.06800,  -0.09426,   0.10759,   0.02062,   0.03046,  -0.02041,  -0.00072,   0.02882,   0.00749,   0.00913,  -0.03190,  -0.02041,   0.00749,  -0.14185,  -0.09918,   0.01733,  -0.04010,  -0.07457,   0.02718,  -0.00892,   0.01077,   0.04687,   0.01077,  -0.03518,   0.00256,   0.06328,  -0.04339,   0.00092,   0.00913,  -0.02698,  -0.03846,   0.01569,   0.06000,  -0.03682,  -0.00564,   0.06821,  -0.00236,   0.06164,  -0.07785,  -0.03518,   0.08790,   0.14370,   0.14862,  -0.00072,  -0.01713,  -0.00564,   0.02226,  -0.02369,  -0.00728,   0.01733,   0.00585,  -0.04995,  -0.01385,   0.03374,   0.06821,   0.06985,   0.06821,  -0.04667,   0.00913,  -0.03026,  -0.02533,   0.02882,  -0.04010,  -0.02369,   0.00092,  -0.03026,   0.05016,  -0.01877,   0.11088,   0.01569,   0.00749,  -0.01549,  -0.01221,   0.05672,   0.08134,   0.05180,  -0.00236,  -0.06472,  -0.06308,   0.09611,  -0.00072,  -0.02369,   0.01897,  -0.07293,   0.04195,  -0.06636,  -0.01385,  -0.03026,  -0.02205,   0.02062,  -0.01549,   0.00092,   0.05508,  -0.02533,  -0.06144,  -0.01221,   0.00092,   0.03539,   0.00092,   0.03374,  -0.00400,  -0.01877,  -0.02369,   0.04195,  -0.00072,   0.00749,  -0.06964,  -0.00236,   0.02554,  -0.02041,  -0.09754,  -0.03190,   0.00585,  -0.01713,  -0.00236
   0.10103,  -0.02533,   0.01405,   0.00749,  -0.02041,   0.02062,  -0.06964,   0.02882,   0.05344,   0.04523,   0.02062,  -0.00728,   0.02226,  -0.04503,   0.08626,   0.03867,   0.11580,  -0.00892,   0.07149,   0.03046,  -0.07457,   0.05344,  -0.04175,  -0.02205,   0.08298,  -0.04503,  -0.01056,   0.01897,   0.01077,   0.00585,  -0.03846,   0.03210,   0.02882,   0.00749,   0.01405,  -0.01385,   0.06328,   0.03374,   0.03703,   0.05344,  -0.01385,  -0.02698,   0.02226,  -0.00728,  -0.00400,  -0.00728,   0.01897,  -0.02205,   0.02718,  -0.02041,   0.00256,  -0.07949,   0.00585,   0.01405,  -0.03846,   0.07149,  -0.00892,  -0.01221,  -0.03518,   0.03703,  -0.00892,  -0.04667,  -0.04010,   0.01241,   0.00585,  -0.03190,  -0.00236,   0.05016,  -0.01056,  -0.05159,  -0.07621,  -0.04175,  -0.03518,  -0.04503,   0.02882,   0.10267,   0.04359,  -0.02533,  -0.01713,   0.04031,  -0.05159,  -0.00400,   0.05344,  -0.02698,  -0.01056,   0.02226,   0.00256,  -0.03846,  -0.00728,   0.03539,   0.07149,   0.02882,  -0.00400,  -0.02205,   0.07149,  -0.03190,  -0.02205,  -0.04175,   0.01569,   0.03046,   0.00092,  -0.00728,  -0.01056,  -0.04831,  -0.02205,   0.01733,   0.03867,   0.03867,   0.04195,   0.00420,  -0.03190,  -0.01877,   0.02062,   0.00092,  -0.00892,   0.02062,   0.04687,   0.00256,  -0.05323,  -0.03190,  -0.04831,  -0.04339,   0.08298,  -0.04010,  -0.00400,   0.02390,  -0.10247,  -0.04995,  -0.06308,   0.00913,  -0.05159,  -0.03026,  -0.01877,  -0.01549,   0.06492,  -0.02041,   0.02062,  -0.03846,   0.00256,   0.01405,  -0.04995,  -0.02041,  -0.05159,   0.03867,   0.05836,  -0.00564,  -0.00892,   0.07641,  -0.01385,  -0.01713,   0.00749,   0.01733,   0.00256,   0.03374,   0.06985,   0.07477,  -0.03354,   0.03703,   0.09939,  -0.05816,   0.05180,  -0.02698,   0.02062,  -0.00728,  -0.04995,  -0.05323,   0.05508,   0.06000,  -0.00072,  -0.04010,  -0.06144,  -0.01549,   0.11580,   0.07313,  -0.07129,   0.02390,  -0.02698,  -0.04503,   0.08954,  -0.03354,   0.07477,  -0.02369,   0.02390,   0.01569,  -0.10247,   0.04359,   0.05836,  -0.02533,  -0.02698,  -0.01877,   0.02226,  -0.05816,  -0.00400,  -0.01385,  -0.01713,  -0.11067,  -0.09918,  -0.08113,   0.01405,  -0.04667,  -0.05652,   0.01569,  -0.01549,   0.01569,   0.05016,  -0.01056,   0.00420,  -0.06964,   0.02226,   0.06164,  -0.03026,  -0.02205,   0.01405,   0.00256,  -0.01385,  -0.02369,  -0.03518,  -0.08277,  -0.04667,   0.04687,  -0.02041,   0.01077,   0.02718,  -0.05980,   0.03374,   0.00420,   0.02226,  -0.01221,   0.12893,   0.01897,   0.02882,  -0.03518,   0.00420,   0.02226,   0.00092,   0.05836,  -0.09754,  -0.04831,  -0.01056,  -0.04667,  -0.00564,  -0.05487,  -0.01385,  -0.04339,  -0.03026,   0.00585,  -0.09918,  -0.01713,  -0.03026,   0.07641,   0.03703,   0.04851,   0.06000,  -0.09590,   0.05508,   0.03374,  -0.04667,   0.04687,   0.00585,  -0.06964,   0.05344,   0.03539,   0.03374,   0.00420,   0.00585,   0.00749,   0.02390,   0.05344,  -0.02041,   0.13385,   0.07805,   0.02226,  -0.00400,   0.06985,   0.04359,  -0.05159,   0.03539,   0.08298,   0.05344,  -0.03518,  -0.01221,   0.08626,  -0.02041,  -0.00728,  -0.03026,  -0.04831,  -0.01877,   0.07149,   0.03867,   0.05344,   0.04523,   0.02554,  -0.02205,  -0.06308,  -0.06144,  -0.06964,   0.04687,  -0.00728,   0.02226,   0.03703,  -0.03846,  -0.03026,  -0.04010,  -0.03846,  -0.04175,   0.03374,  -0.01221,   0.01569,   0.00749,  -0.01221,   0.00256,   0.09446,   0.00749,   0.04687,  -0.03354,   0.04687,  -0.00072,  -0.00236,  -0.05652,  -0.03518,   0.02390,   0.00913,  -0.04995,  -0.00072,  -0.03846,  -0.07293,   0.00585,   0.00420,   0.00913,  -0.14349,  -0.00564,   0.00256,   0.03046,  -0.01056,  -0.02533,  -0.03518,   0.00749,  -0.05487,  -0.04995,   0.04195,   0.07149,  -0.09426,  -0.00728,  -0.05487,   0.02882,  -0.01877,   0.15518,   0.05508,   0.05016,   0.06985,   0.03703,  -0.01877,  -0.05652,  -0.04175,   0.06657,  -0.04995,  -0.02369,   0.05180,  -0.04339,   0.08954,   0.04851,  -0.03190,   0.05016,   0.03210,  -0.00400,   0.05836,   0.03210,  -0.00564,   0.05672,   0.02882,  -0.03682,   0.00256,   0.02226,  -0.06472,   0.06328,   0.03703,  -0.04339,   0.03374,  -0.08113,   0.08462,   0.03867,  -0.03026,  -0.04995,   0.01077,  -0.05652,   0.00092,  -0.00892,  -0.01221,   0.00585,   0.07477,  -0.00564,   0.00420,  -0.06800,   0.03374,   0.05672,  -0.00892,  -0.03354,   0.01733,   0.00092,   0.02390,   0.01897,   0.07313,  -0.02205,   0.03046,  -0.04503,  -0.00892,  -0.02533,  -0.03026,   0.01241,   0.06657,   0.01077,   0.03867,  -0.08770,   0.03703,  -0.03190,   0.07969,  -0.06800,  -0.01056,   0.02226,  -0.04503,  -0.02205,   0.00420,  -0.02041,   0.01897,   0.04195,  -0.02205,  -0.08605,   0.04195,  -0.04339,   0.02062,  -0.01713,   0.06821,   0.05180,  -0.07457,   0.03867,   0.06985,   0.00749,   0.01569,  -0.00400,   0.04523,  -0.01877,  -0.04995,   0.02226,   0.02554,   0.02882,  -0.03354,   0.00092,  -0.07949,  -0.03846,  -0.00564,   0.01897,   0.10923,  -0.00400,  -0.00400,  -0.02041,  -0.00400,  -0.01549,  -0.06800,   0.03867,   0.03539,   0.01241,   0.01733,   0.00256,  -0.00728,   0.00585,   0.03210,  -0.00728,  -0.07949,  -0.03354,   0.02390,   0.07477,   0.05180,  -0.06964,  -0.03846,   0.05836,   0.05016,   0.00749,  -0.00892,   0.07313,   0.00256,   0.04031,   0.01897,  -0.01221,  -0.10903,   0.05836,  -0.02041,   0.00256,  -0.02533,   0.01569,  -0.03846,  -0.08113,   0.07149,   0.00913,  -0.08277,   0.03210,  -0.04010,  -0.00728,  -0.05980,   0.00092,   0.03046,   0.00585,  -0.00564,  -0.02205,  -0.06800,  -0.03846,  -0.04010,  -0.03354,   0.03867,  -0.03026,   0.06328,  -0.00072,   0.02554,   0.09446,   0.01569,  -0.13201,  -0.00564,  -0.03518,   0.01241,   0.07149,   0.00749,  -0.12216,   0.00585,   0.01733,  -0.00400,  -0.01221,   0.05836,  -0.01056,  -0.03518,  -0.01549,  -0.02205,   0.01897,  -0.04339,   0.00749,  -0.01713,  -0.01877,   0.04523,  -0.06472,  -0.04995,  -0.12872,   0.01077,  -0.00236,   0.04687,   0.01077,   0.00749,  -0.03682,   0.00256,   0.10923,  -0.03518,   0.02554,   0.01405,   0.00585,  -0.00072,  -0.04175,  -0.04995,   0.00256,  -0.03190,  -0.02369,  -0.03518,  -0.08605,  -0.08934,  -0.00892,   0.03210,  -0.07129,  -0.00400,   0.00585,  -0.02205,   0.07641,  -0.05652,  -0.01713,  -0.00400,  -0.03190,  -0.01221,  -0.04339,  -0.01056,   0.04523,  -0.02041,  -0.09098,  -0.04339,  -0.01056,  -0.01385,  -0.01385,  -0.10575,   0.05180,  -0.02369,  -0.04503,   0.01733,   0.07149,   0.01405,   0.02882,  -0.02205,  -0.04995,   0.02554,   0.01405,   0.05672,   0.05344,  -0.08770,  -0.06472,   0.01405,   0.02062,   0.06164,  -0.03846,   0.10431,  -0.03026,  -0.00728,   0.03046,  -0.03846,  -0.07785,   0.01405,   0.03703,  -0.01385,   0.02390,  -0.03682,   0.05016,   0.01405,  -0.03026,  -0.06144,  -0.00072,  -0.04010,   0.04687,  -0.01549,  -0.05487,  -0.03026,  -0.04831,  -0.07129,  -0.05980,  -0.02041,  -0.02533,  -0.07293,   0.08298,  -0.08277,   0.00092,   0.05344,  -0.00728,   0.00585,   0.05344,   0.03703,   0.04359,  -0.04010,   0.01077,  -0.02698,  -0.03682,  -0.04503,   0.03703,   0.06821,  -0.00236,   0.04359,   0.04359,  -0.02041,   0.02062,  -0.02698,  -0.02041,   0.00585,   0.02226,  -0.03846,  -0.01549,   0.02390,   0.02062,  -0.01549,  -0.04831,  -0.06308,   0.01077,   0.02882,   0.07149,   0.01241,  -0.03026,   0.04359,  -0.01713,  -0.02041,   0.00913,   0.01077,  -0.06964,  -0.02205,  -0.03846,   0.04031,   0.04031,   0.05016,  -0.02862,  -0.01713,  -0.08113,   0.05180,   0.00092,   0.00749,   0.03374,   0.01897,  -0.01385,  -0.01385,  -0.04175,  -0.01713,  -0.04995,  -0.01056,   0.00749,   0.01569,   0.00092,   0.01405,  -0.02205,  -0.01385,   0.00256,   0.00420,   0.07149,   0.03867,  -0.03026,   0.00585,  -0.03026,   0.00749,   0.04687,  -0.04667,   0.04851,  -0.00564,   0.04031,   0.06985,  -0.01713,  -0.01877,  -0.03682,  -0.00564,   0.04523,   0.09446,  -0.05487,  -0.08605,  -0.01549,   0.02226,   0.02882,  -0.04175,  -0.00400,  -0.00236,   0.04359,   0.00585,  -0.06144,  -0.03846,  -0.01713,   0.00913,   0.08626,   0.04687,   0.03539,   0.05016,   0.05672,   0.04359,  -0.04175,   0.00092,   0.05016,   0.05180,  -0.07293,  -0.00564,   0.02390,  -0.03682,  -0.01385,  -0.03354,   0.00420,   0.02062,   0.01897,  -0.04503,   0.04359,   0.01569,  -0.00236,   0.00420,  -0.04339,  -0.04831,  -0.09098,   0.06000,   0.02882,   0.05344,   0.05836,   0.02062,  -0.06472,  -0.02533,  -0.05652,   0.01733,   0.07313,  -0.00072,  -0.02862,   0.01897,   0.02718,  -0.05159,   0.02390,   0.01569,   0.02390,  -0.06636,  -0.04339,   0.02718,  -0.04667,   0.04851,   0.02062,  -0.00728,   0.01897,   0.02062,   0.01077,  -0.04010,  -0.00564,  -0.02041,  -0.03026,   0.05344,   0.07641,  -0.05816,  -0.04010,   0.01733,   0.02882,  -0.04503,  -0.04010,   0.03867,   0.02882,  -0.03354,   0.01405,  -0.04010,  -0.01221,  -0.03026,   0.01569,   0.00092,   0.00256,  -0.04503,   0.05672,  -0.04010,   0.01569,   0.00092,  -0.02533,  -0.04339,  -0.00728,   0.03867,   0.03374,  -0.02369,   0.03210,  -0.07129,  -0.02205,  -0.01713,   0.03046,  -0.11395,   0.02718,  -0.07785,  -0.02205,   0.02718,  -0.10247,   0.01897,  -0.00564,  -0.00072,  -0.03354,  -0.04010,  -0.08113,   0.04687,  -0.04995,   0.02718,   0.02554,   0.01405,   0.02062,   0.06164,   0.09775,   0.05344,   0.04523,  -0.02533,   0.01569,  -0.00236,  -0.07621,   0.02882,  -0.02041,  -0.01221,   0.04523,  -0.01877,  -0.00892,   0.04851,  -0.05323,   0.04523,  -0.01877,  -0.03026,   0.05016,  -0.00564,  -0.02862,   0.05344,   0.08298,  -0.01056,   0.00585,   0.01569,   0.05508,   0.08462,  -0.04831,  -0.00564,  -0.02041,  -0.01221,   0.03867,  -0.01385,   0.00256,   0.05180,  -0.10575,   0.04851,  -0.02862,   0.01733,   0.07969,   0.03867,   0.06821,  -0.01056,   0.01241,  -0.01549,   0.02226,  -0.00892,  -0.06308,  -0.05816,   0.02062,   0.00585,  -0.00728,  -0.04010,   0.02390,  -0.03190,   0.05344,  -0.01877,   0.02062,  -0.03190,  -0.03190,  -0.06800,   0.02554,   0.01241,  -0.00236,  -0.07129,   0.00256,  -0.00400,  -0.03846,  -0.04175,   0.01077,  -0.07293,  -0.02041,   0.04195,  -0.00072,  -0.04667,   0.04687,  -0.00072,   0.03046,  -0.02369,   0.00256,  -0.02369,  -0.06144,  -0.00236,   0.02554,  -0.01713,   0.07313,   0.01241,   0.03539,  -0.02369,  -0.04667,   0.00420,  -0.06472,  -0.06308,  -0.07129,  -0.04503,   0.01897,   0.00092,   0.09775,   0.10923,  -0.01549,   0.04851,  -0.05652,   0.07805,  -0.05487,  -0.05980,  -0.00564,  -0.03026,   0.01733,  -0.02205,  -0.03354,   0.02882,   0.05180,  -0.05159,  -0.00236,   0.01077,   0.07805,  -0.02369,  -0.01549,  -0.01549,  -0.04339,   0.03046,   0.05344,   0.04195,  -0.02205,   0.07805,  -0.00564,  -0.01221,  -0.02533,   0.02390,  -0.01877,  -0.07785,   0.00585,  -0.01385,  -0.04995,   0.02226,  -0.00400,  -0.01221,  -0.02369,  -0.01056,  -0.00400,   0.04523,   0.02554,   0.00585,  -0.00400,  -0.02533,   0.02882,   0.01077,  -0.01385,  -0.00564,  -0.04667,  -0.02533,  -0.02041,   0.05016,  -0.02205,  -0.02533,   0.07969,  -0.13201,  -0.04667,  -0.04831,  -0.05816,   0.00092,   0.01077,   0.00092,   0.01733,  -0.04175,   0.01897,  -0.00728,   0.01405,   0.01077,   0.00913,  -0.02369,   0.00420,   0.09611,   0.03210,   0.04195,   0.05016,   0.01077,   0.02062,   0.02882,   0.00913,  -0.05816
  -0.02533,  -0.03354,  -0.01877,  -0.00564,  -0.00236,   0.06164,   0.04687,  -0.02369,   0.04359,   0.07149,   0.01241,  -0.00236,   0.00749,   0.10759,  -0.04010,   0.00420,  -0.00236,   0.02226,  -0.01713,  -0.04995,   0.01897,   0.04195,   0.04523,  -0.05159,  -0.04995,   0.04523,   0.03046,  -0.02369,   0.02390,   0.03210,  -0.01877,  -0.01056,   0.02226,  -0.05323,  -0.00728,   0.00256,   0.02390,  -0.03354,   0.06000,   0.01405,  -0.09918,   0.02390,  -0.09754,   0.04523,   0.00749,  -0.02369,  -0.02862,  -0.03026,   0.03374,  -0.01549,  -0.04175,  -0.01877,  -0.03190,  -0.02862,   0.08134,   0.01241,   0.00749,  -0.02369,   0.02062,  -0.02862,   0.05344,   0.05016,   0.03210,   0.12729,   0.00092,   0.09446,   0.01405,  -0.02698,   0.03374,   0.02882,   0.00420,   0.07969,   0.00092,   0.05016,   0.02226,  -0.04339,  -0.01877,   0.05016,   0.02554,   0.01733,   0.01897,   0.04687,   0.07641,  -0.01713,   0.05344,   0.07313,  -0.01877,  -0.07457,  -0.01877,  -0.01713,  -0.05323,   0.03374,  -0.02698,  -0.03518,  -0.05323,  -0.00564,   0.03046,  -0.04010,   0.03539,  -0.00892,  -0.09918,   0.02062,  -0.04010,  -0.00892,   0.03210,   0.03046,  -0.06800,   0.04031,   0.05180,   0.02882,  -0.01549,  -0.11231,  -0.10082,  -0.03354,  -0.03518,   0.04195,   0.03210,   0.06164,  -0.03026,   0.02226,   0.03046,  -0.02041,   0.03210,  -0.01056,   0.01077,   0.02718,  -0.00728,  -0.02205,  -0.03682,   0.02062,  -0.01713,   0.00749,   0.03374,   0.08298,   0.01405,   0.06657,   0.01897,   0.04851,  -0.02205,   0.01733,   0.14041,   0.02226,  -0.01877,  -0.11231,   0.08462,   0.00585,   0.00420,  -0.02369,  -0.07457,   0.02882,   0.00913,   0.06328,  -0.02862,   0.03539,  -0.03354,   0.06821,  -0.02041,   0.00585,   0.02718,   0.03867,  -0.01877,   0.05016,  -0.02369,   0.00256,  -0.04995,  -0.10575,   0.04523,   0.00092,   0.01405,   0.04195,  -0.01713,  -0.02041,   0.04523,   0.05016,   0.03703,   0.03703,  -0.02862,   0.06164,  -0.05487,  -0.07293,  -0.01385,   0.05836,  -0.03190,   0.03210,   0.02882,   0.04359,  -0.03026,   0.00256,   0.05016,   0.05180,  -0.05980,  -0.03518,   0.03374,  -0.07129,  -0.00728,  -0.02369,   0.04687,   0.02226,   0.03867,  -0.03026,  -0.04503,   0.02554,   0.03867,  -0.00892,  -0.00236,   0.05180,  -0.08113,   0.00092,   0.03539,  -0.01877,  -0.03026,  -0.00236,  -0.01877,   0.08134,   0.00420,   0.06164,   0.06492,   0.01077,  -0.01385,   0.01241,   0.02718,   0.07641,  -0.08605,  -0.00892,  -0.02041,   0.03046,   0.04523,  -0.03190,  -0.06636,  -0.01877,  -0.00564,   0.00913,  -0.04339,   0.01077,  -0.00892,  -0.05487,   0.02226,   0.00256,  -0.05487,  -0.09590,   0.08298,  -0.01385,  -0.03026,  -0.03354,  -0.02698,  -0.02041,   0.03046,   0.06657,   0.02718,  -0.02533,   0.06328,   0.01405,   0.07641,  -0.03190,   0.00420,   0.04359,   0.09282,   0.06492,   0.03539,  -0.02041,   0.05836,  -0.00892,   0.01733,  -0.03518,  -0.08770,  -0.02205,  -0.07785,   0.07149,   0.00913,  -0.00892,   0.00092,  -0.00564,   0.02554,   0.05344,  -0.01221,   0.00256,   0.03374,   0.05836,  -0.03026,   0.02718,   0.03046,  -0.04667,  -0.04831,  -0.05159,  -0.00400,   0.01569,   0.02390,  -0.03026,   0.01241,  -0.02862,  -0.04175,  -0.03682,  -0.04503,   0.00749,  -0.01056,  -0.00892,  -0.02698,   0.05836,   0.00913,  -0.02205,  -0.07129,   0.05016,   0.01569,   0.04523,  -0.01056,  -0.00072,  -0.10082,   0.01897,   0.08626,  -0.02862,   0.01569,   0.04195,  -0.05652,   0.04687,   0.05344,  -0.00892,  -0.04995,  -0.05980,  -0.04831,   0.05836,   0.05344,  -0.04667,   0.12893,   0.04195,   0.01077,   0.01077,  -0.00400,   0.01077,  -0.07129,  -0.02533,  -0.04667,   0.01897,   0.01241,   0.02390,   0.00749,  -0.00236,  -0.06472,   0.05344,  -0.03354,   0.03374,   0.07805,   0.04359,  -0.04175,   0.03046,  -0.00236,  -0.03518,   0.03210,   0.05180,   0.08954,  -0.00400,  -0.00400,   0.03210,  -0.01056,  -0.01385,  -0.06308,   0.04195,   0.05672,   0.02226,   0.01569,   0.01241,   0.01241,  -0.03190,   0.06492,  -0.05816,  -0.00072,  -0.00400,   0.00420,   0.07477,  -0.02533,  -0.02533,  -0.00072,   0.01077,   0.12400,  -0.02041,  -0.00892,   0.04523,  -0.02533,   0.00749,   0.05508,  -0.00236,   0.02226,  -0.03026,  -0.08441,  -0.06144,  -0.04831,  -0.08934,  -0.06472,  -0.07129,   0.05180,   0.03867,   0.04195,  -0.00400,   0.02226,   0.04851,   0.06821,   0.02718,  -0.04667,   0.10103,  -0.00072,   0.02882,  -0.02369,   0.08626,  -0.00892,  -0.06144,   0.02062,   0.01733,   0.11088,  -0.03682,   0.06657,   0.00256,   0.05836,   0.01241,  -0.00236,  -0.00072,   0.01405,  -0.03190,   0.04195,   0.02062,   0.07313,   0.03374,  -0.05487,   0.01897,   0.03374,  -0.02369,  -0.00564,  -0.00072,   0.02554,   0.04687,  -0.00236,  -0.00072,   0.03867,  -0.05652,   0.04359,  -0.01877,   0.03210,   0.01733,  -0.04175,   0.04031,  -0.05816,  -0.10903,  -0.04667,   0.02390,  -0.03518,   0.00092,   0.05180,  -0.04667,  -0.03190,   0.00749,  -0.03682,   0.00420,  -0.01221,  -0.00892,   0.11252,   0.02718,   0.05508,  -0.00564,   0.01405,   0.01077,   0.00420,   0.00585,   0.07641,   0.03374,  -0.00236,   0.03867,  -0.03846,   0.07477,  -0.00728,  -0.05159,  -0.02205,  -0.01713,  -0.06472,   0.02062,   0.01077,  -0.01385,  -0.09262,   0.03210,  -0.04503,  -0.02698,   0.04687,   0.05016,   0.03374,  -0.03190,  -0.02698,   0.04687,  -0.04010,   0.02718,   0.00092,   0.03539,   0.02390,   0.05344,  -0.05816,   0.00092,  -0.00892,  -0.01056,   0.00420,   0.01733,   0.01897,   0.00749,   0.00913,  -0.03354,   0.05016,  -0.03682,   0.00585,   0.08134,  -0.06144,   0.00913,  -0.01713,  -0.03190,  -0.00072,  -0.00564,   0.05016,   0.05344,   0.07313,   0.06164,  -0.01385,  -0.00892,   0.02718,   0.10431,  -0.07129,   0.04031,  -0.01877,  -0.01877,   0.02554,   0.05344,   0.01733,  -0.01385,  -0.02041,   0.04523,   0.01241,   0.00913,   0.05508,  -0.01713,  -0.00236,   0.09282,  -0.02205,  -0.02698,  -0.07457,   0.03867,   0.00585,   0.02882,  -0.01713,   0.05508,   0.02390,   0.00256,   0.04031,   0.05016,  -0.09754,  -0.00400,  -0.04010,   0.00913,  -0.09262,  -0.02698,   0.10595,   0.01569,  -0.00072,  -0.10575,  -0.00236,   0.03374,  -0.04175,  -0.03354,  -0.07293,   0.06000,   0.02554,   0.01897,   0.04523,   0.02554,   0.02554,   0.00092,   0.01733,  -0.06472,  -0.03846,   0.04195,   0.04523,   0.01897,   0.03867,  -0.02205,   0.01077,   0.01241,  -0.06800,  -0.06964,   0.03374,  -0.03026,  -0.06472,  -0.01385,   0.00749,  -0.02698,  -0.02369,   0.02062,   0.06000,   0.02718,  -0.04175,   0.01405,   0.05836,  -0.01549,  -0.02205,  -0.00072,   0.00092,  -0.01877,   0.00585,   0.07477,   0.00585,   0.05180,   0.05672,   0.04195,   0.00256,  -0.00564,  -0.04175,  -0.03518,  -0.01056,   0.00256,  -0.00236,   0.01077,  -0.10247,   0.03539,   0.02882,  -0.06472,   0.00092,  -0.08441,   0.06328,  -0.05816,  -0.02041,  -0.04667,  -0.02533,   0.05836,   0.01569,  -0.05652,  -0.01713,   0.13877,  -0.03190,  -0.02533,  -0.07949,  -0.02369,  -0.03190,  -0.02041,   0.00092,   0.03046,  -0.02698,  -0.07949,   0.02062,   0.01077,  -0.02533,  -0.09098,   0.05508,  -0.01713,   0.00256,  -0.03518,   0.03046,   0.00913,  -0.02369,  -0.07785,  -0.00728,   0.08134,  -0.07457,   0.02390,   0.02226,   0.03046,   0.06000,  -0.04995,  -0.00564,  -0.02041,   0.01405,  -0.01713,   0.03867,  -0.03518,  -0.04010,  -0.03190,  -0.02369,   0.06492,  -0.03354,  -0.04667,  -0.03518,  -0.04175,  -0.06964,   0.02062,  -0.04831,  -0.00236,  -0.01713,  -0.06472,   0.00420,   0.01733,   0.01077,  -0.03354,  -0.00072,   0.01569,  -0.03026,  -0.01877,  -0.07785,  -0.03518,  -0.03518,   0.04031,   0.11908,  -0.01877,   0.05180,  -0.02041,   0.04687,   0.01733,  -0.04175,   0.05508,  -0.03190,   0.02882,   0.05344,  -0.00728,  -0.00892,  -0.00728,  -0.04995,   0.01897,   0.00092,   0.00092,   0.00092,  -0.07129,   0.00420,   0.00420,   0.02718,   0.02226,   0.10595,   0.00749,   0.12565,   0.00092,  -0.04339,   0.02062,   0.03539,   0.00092,  -0.04831,  -0.13365,   0.02554,   0.03539,   0.06328,   0.00913,   0.01405,   0.00749,   0.02062,  -0.01385,   0.02554,  -0.07457,   0.01241,  -0.01221,  -0.03190,  -0.01385,   0.00420,  -0.03354,  -0.01549,   0.00749,  -0.07785,   0.03210,  -0.04010,   0.00420,  -0.06144,  -0.00892,  -0.04667,   0.02226,  -0.02205,   0.02390,   0.04359,   0.00092,   0.03703,   0.03867,  -0.05159,   0.04195,  -0.02205,  -0.00236,   0.08462,   0.00585,   0.05016,  -0.03190,  -0.00236,   0.00092,   0.03374,   0.02226,  -0.04339,  -0.03026,   0.01733,  -0.07785,  -0.00728,  -0.00400,   0.15190,   0.11908,   0.02062,  -0.01056,   0.00092,  -0.01877,  -0.00728,   0.06000,  -0.00072,   0.05672,   0.04195,   0.05016,   0.03703,   0.06000,   0.02718,  -0.07457,   0.07641,  -0.01056,  -0.01221,  -0.01877,  -0.12544,   0.01569,  -0.04831,   0.03539,  -0.01056,  -0.04010,  -0.03518,   0.05344,  -0.02369,  -0.00072,   0.05508,  -0.05323,  -0.04995,   0.05180,   0.00913,  -0.02533,  -0.04175,   0.04031,  -0.00236,   0.03046,  -0.01713,  -0.05980,   0.02718,  -0.03518,  -0.06800,   0.02554,   0.08954,  -0.01385,  -0.02205,   0.00749,  -0.00892,  -0.05652,  -0.08441,  -0.02698,  -0.01549,  -0.06964,  -0.04667,   0.00913,   0.02554,  -0.01056,  -0.00892,   0.01077,   0.02062,   0.00420,  -0.06472,   0.04359,  -0.03190,  -0.02862,   0.14206,   0.03867,   0.03046,  -0.00564,   0.03374,   0.00420,  -0.03354,  -0.03682,   0.00585,   0.10759,   0.03210,   0.01241,  -0.03190,   0.08954,  -0.02205,   0.01897,   0.07641,   0.02882,  -0.00400,  -0.00236,   0.01897,   0.03867,   0.05180,  -0.04503,  -0.03026,  -0.06636,   0.00256,   0.00585,   0.05016,  -0.01549,   0.01241,  -0.04010,   0.10759,   0.01077,  -0.01713,   0.00420,   0.03703,   0.06164,  -0.00564,  -0.01385,   0.04195,  -0.02369,  -0.03190,   0.00585,  -0.09918,  -0.02862,  -0.00236,   0.09118,   0.01077,  -0.04175,   0.00749,  -0.03518,  -0.03190,  -0.04831,  -0.03354,  -0.00236,   0.01241,  -0.00564,   0.01241,  -0.03190,   0.00913,  -0.01221,   0.02062,   0.02390,  -0.04667,   0.00913,  -0.01877,  -0.01385,   0.00256,  -0.03190,   0.02062,   0.01077,  -0.00072,   0.01077,  -0.04175,  -0.03026,   0.11416,   0.04031,  -0.04175,  -0.01221,  -0.04831,  -0.06964,   0.04031,  -0.02041,  -0.04010,  -0.01877,  -0.02205,   0.01897,  -0.01056,  -0.03846,   0.08626,  -0.00236,  -0.04339,   0.01897,   0.04687,   0.00420,  -0.06144,  -0.11888,  -0.09262,  -0.00728,   0.01733,  -0.00728,  -0.03682,  -0.03682,  -0.00728,  -0.03518,  -0.09098,  -0.01713,   0.02390,  -0.03518,  -0.02698,   0.02062,  -0.04831,   0.03703,  -0.04010,  -0.00728,   0.03210,   0.03539,   0.02390,  -0.05652,  -0.05487,   0.03374,  -0.06308,   0.13549,  -0.09754,   0.05180,  -0.00236,  -0.02862,   0.12893,  -0.00892,  -0.01056,  -0.01877,  -0.03190,   0.04031,  -0.08113,   0.00420,   0.06000,   0.00585,  -0.01056,  -0.05487,   0.00256,  -0.03682,  -0.00236,   0.03374,  -0.05652,   0.04687,   0.01405,  -0.05652,  -0.00564,  -0.00072,   0.02062,   0.02226,   0.04359,   0.05016,   0.05344,  -0.00892,   0.03867,   0.02062,  -0.00400,  -0.00236,  -0.02205,   0.03374,   0.06657,   0.00749,  -0.02041,  -0.04667,  -0.02205,   0.04031,  -0.09754,  -0.03190,  -0.05980,   0.04031,   0.04359,  -0.06144,  -0.01713,   0.05836,   0.08298,   0.02882,  -0.02041,   0.04195,  -0.08441,   0.00092
  -0.04831,  -0.05159,   0.02062,  -0.00072,  -0.10575,  -0.00728,   0.04687,   0.02718,  -0.00892,   0.00585,   0.02554,  -0.02041,   0.05016,   0.02718,   0.02718,  -0.04339,  -0.00892,  -0.04339,  -0.05159,   0.00585,  -0.06964,   0.05016,   0.05508,   0.08462,   0.01077,   0.01733,   0.08462,  -0.01877,  -0.02862,   0.02226,   0.00420,   0.07641,   0.06164,   0.01405,   0.03374,   0.02062,   0.06000,   0.02226,  -0.00892,   0.00749,   0.02226,  -0.04831,  -0.04667,  -0.06472,   0.04195,   0.02882,  -0.05652,   0.00420,  -0.01713,  -0.00564,   0.00749,   0.04359,   0.03210,  -0.04995,  -0.05323,  -0.06308,   0.02062,   0.10103,   0.05508,   0.04359,  -0.02041,  -0.09262,  -0.00728,   0.02882,  -0.05652,  -0.05159,  -0.07949,  -0.01221,   0.02554,  -0.02533,  -0.01713,  -0.10247,  -0.07457,   0.03703,  -0.00236,  -0.02205,   0.00585,  -0.04995,   0.00256,   0.03867,   0.02882,  -0.00892,  -0.04339,   0.03539,   0.05016,   0.04195,   0.05180,  -0.01385,   0.08298,  -0.01549,  -0.00072,   0.06164,   0.02062,  -0.07785,   0.03867,   0.00585,  -0.00400,   0.01569,  -0.03682,   0.04523,  -0.00728,   0.04687,  -0.01221,   0.06821,   0.01897,  -0.03026,  -0.03846,   0.03539,   0.01241,  -0.04667,  -0.07949,  -0.06964,  -0.04667,  -0.00892,   0.01077,  -0.02698,  -0.04339,  -0.05980,  -0.03190,   0.06328,   0.01077,   0.00092,   0.07477,   0.02226,   0.06821,  -0.04339,  -0.00728,  -0.04831,   0.03210,  -0.03682,  -0.02041,   0.04523,   0.01405,   0.01241,   0.07477,  -0.01877,   0.00092,  -0.01056,   0.05508,  -0.10575,  -0.00072,   0.01733,  -0.08277,   0.02882,   0.02718,   0.07149,   0.03539,  -0.09754,  -0.08113,  -0.01549,  -0.02533,   0.03539,  -0.01713,   0.06492,   0.00913,   0.03210,  -0.02369,   0.04523,   0.02718,   0.05180,   0.06821,   0.03867,  -0.02862,   0.05508,  -0.00072,   0.04031,  -0.00236,   0.05180,  -0.03354,  -0.01713,  -0.02533,   0.06000,   0.03374,  -0.04339,   0.00256,  -0.03354,  -0.06308,   0.05508,   0.01897,   0.04687,   0.07969,   0.00749,  -0.04175,   0.00420,  -0.00564,  -0.01877,   0.02226,  -0.00400,   0.06985,  -0.03026,  -0.03026,  -0.06144,   0.04359,  -0.00236,   0.04359,  -0.03846,   0.03374,  -0.08770,  -0.00728,  -0.00072,   0.06328,  -0.00564,   0.02554,  -0.02205,   0.00585,   0.01077,  -0.02041,  -0.06144,   0.01405,  -0.03682,   0.02554,  -0.02369,  -0.05980,   0.01569,  -0.00892,  -0.06800,  -0.00236,   0.05508,  -0.09918,  -0.01385,   0.05344,  -0.02041,   0.06985,   0.03867,   0.02062,  -0.01385,  -0.04175,   0.03210,   0.02062,  -0.03026,   0.09775,  -0.02041,  -0.03026,   0.05180,   0.03867,   0.03374,  -0.01549,  -0.00728,  -0.05323,  -0.01877,   0.09775,  -0.00728,  -0.00892,   0.00256,  -0.06144,   0.04031,   0.04687,  -0.04503,   0.02882,   0.07149,   0.01569,  -0.00728,   0.01897,  -0.01713,   0.04851,  -0.02533,   0.04851,  -0.09098,   0.00420,   0.04359,  -0.02698,   0.06000,   0.01077,  -0.01385,  -0.05159,  -0.00728,  -0.04010,   0.03210,   0.06000,   0.06164,   0.04031,  -0.00728,   0.04031,   0.04195,   0.00749,  -0.03518,   0.08954,  -0.02862,   0.07641,   0.04851,   0.03374,  -0.05487,  -0.03518,   0.00256,  -0.02041,  -0.00400,   0.03046,   0.00256,  -0.03682,   0.05016,  -0.01877,  -0.02862,  -0.07621,   0.06657,  -0.03354,   0.02554,  -0.03354,  -0.05487,  -0.01221,   0.05344,   0.06328,   0.01405,   0.03210,   0.04851,   0.06492,   0.02882,  -0.03026,  -0.02369,  -0.01056,   0.06164,  -0.03518,   0.00420,  -0.03190,  -0.05159,  -0.10082,   0.02226,   0.01405,  -0.00400,   0.05672,  -0.06636,   0.06000,   0.04687,  -0.00728,   0.01077,   0.00749,  -0.00072,  -0.05487,  -0.03518,   0.01405,   0.03703,   0.00585,  -0.03518,   0.08790,  -0.04339,  -0.02862,   0.00092,   0.00749,   0.04851,   0.02226,  -0.06636,  -0.04010,   0.06164,   0.05836,  -0.06800,   0.03867,   0.05508,  -0.00728,  -0.04175,  -0.04503,   0.05836,  -0.03190,   0.00585,  -0.05323,   0.05344,   0.04523,   0.02882,  -0.03026,  -0.01713,  -0.00728,   0.07969,   0.03703,  -0.04503,   0.00092,  -0.03518,  -0.01221,  -0.07949,  -0.06472,   0.00092,   0.01077,  -0.02533,  -0.03354,   0.01733,   0.02062,  -0.06144,   0.04851,   0.03374,   0.06164,  -0.04339,  -0.08113,   0.03539,  -0.03846,  -0.00892,   0.04851,   0.05344,   0.04195,   0.04687,  -0.03190,   0.01733,   0.00913,  -0.02533,   0.00749,   0.01241,  -0.03518,   0.07149,   0.07149,  -0.09918,   0.04851,  -0.04503,  -0.00236,  -0.00072,  -0.04995,   0.05016,  -0.02369,   0.03539,   0.04359,   0.03046,  -0.08277,  -0.04995,   0.01077,   0.01405,   0.05344,  -0.02041,  -0.02369,  -0.05816,   0.00420,  -0.00728,  -0.00892,   0.05016,   0.02390,   0.05508,   0.00092,   0.05672,   0.01241,  -0.01385,   0.00749,   0.02718,  -0.05816,   0.06164,  -0.05159,   0.03210,   0.08954,   0.05508,  -0.07457,   0.03046,   0.01897,  -0.05159,   0.04359,   0.02062,  -0.03190,   0.00585,  -0.03846,  -0.02369,   0.02718,   0.00913,  -0.00072,   0.02226,   0.03539,  -0.02862,  -0.02533,   0.01733,  -0.03846,   0.09446,   0.03867,  -0.03026,   0.04851,  -0.07129,  -0.06636,   0.03374,  -0.07293,   0.00092,   0.01897,  -0.02862,  -0.02369,   0.01241,  -0.00400,  -0.02533,  -0.07293,   0.01405,   0.03210,   0.00256,   0.02226,  -0.02369,  -0.05980,  -0.00728,  -0.02369,  -0.02698,  -0.09262,   0.09446,   0.04687,  -0.02533,   0.04195,  -0.05816,   0.04687,   0.06985,  -0.07457,   0.04359,   0.00749,   0.00256,   0.04851,  -0.04339,   0.02062,   0.09775,  -0.06144,  -0.05159,  -0.02698,   0.03210,  -0.04995,  -0.02698,   0.00256,  -0.01549,   0.04031,  -0.05487,   0.00092,  -0.04995,  -0.00236,   0.05508,   0.00585,  -0.11724,  -0.09590,   0.05508,  -0.00072,  -0.06144,   0.03210,  -0.06800,   0.04687,  -0.03354,  -0.01713,   0.04195,  -0.01877,  -0.01877,  -0.02041,   0.08954,   0.06985,   0.04195,  -0.00072,  -0.01549,  -0.01713,   0.00585,  -0.01221,   0.00585,   0.03703,   0.06492,   0.17324,   0.01405,  -0.03846,   0.00585,   0.06000,  -0.01713,   0.07477,  -0.04503,   0.00256,   0.01077,   0.03046,  -0.05980,  -0.01713,   0.01405,   0.02882,  -0.05159,   0.06657,   0.01405,  -0.01056,   0.02062,   0.05016,  -0.04667,   0.00420,   0.06492,  -0.07293,   0.02554,   0.07641,  -0.02205,  -0.06308,   0.00913,  -0.02862,   0.00420,  -0.03846,   0.00585,   0.02390,  -0.02862,   0.02390,  -0.07129,  -0.08934,  -0.02369,   0.03374,  -0.01385,  -0.04831,   0.00256,  -0.03190,   0.05836,   0.00420,   0.01077,   0.03046,   0.06328,   0.02062,   0.02718,   0.02554,  -0.04175,   0.02718,  -0.07785,  -0.03518,  -0.00236,   0.00585,   0.02226,   0.03374,   0.07477,  -0.05487,  -0.06308,   0.00749,  -0.06636,   0.01569,   0.02226,  -0.05487,  -0.00072,  -0.09098,   0.08462,   0.00420,  -0.02533,  -0.03190,  -0.03354,  -0.05652,   0.01569,   0.03374,   0.00256,   0.02062,   0.02718,   0.05016,   0.03374,  -0.02041,   0.03046,   0.00256,  -0.07621,   0.03046,   0.03374,  -0.04339,   0.00585,  -0.03190,  -0.08605,  -0.02041,  -0.02698,  -0.01549,   0.07969,  -0.03682,   0.00092,   0.01405,  -0.00892,   0.02062,  -0.05487,   0.01241,  -0.02862,   0.01569,  -0.02698,   0.00420,  -0.00072,   0.02718,   0.00913,   0.01077,  -0.04503,   0.04851,   0.01405,  -0.04175,   0.10431,  -0.07621,  -0.02041,  -0.03026,  -0.06308,  -0.02698,   0.01733,  -0.04503,  -0.07129,  -0.01877,   0.02554,   0.00585,  -0.00400,   0.08462,   0.02718,  -0.02533,   0.04359,   0.01405,  -0.02205,   0.02882,  -0.02862,  -0.02369,   0.02882,   0.02882,   0.08134,   0.03046,  -0.04831,   0.00256,   0.09118,  -0.04831,   0.02718,   0.01897,   0.01569,  -0.08770,  -0.00236,  -0.07785,  -0.04831,  -0.02041,  -0.03354,   0.02718,   0.10923,   0.00585,   0.04523,  -0.00728,   0.09939,   0.01733,  -0.00072,  -0.01385,   0.09939,  -0.09098,  -0.01056,  -0.00072,  -0.01221,  -0.04175,  -0.01877,  -0.00892,  -0.02533,  -0.05816,   0.04031,  -0.00892,   0.05508,   0.05344,  -0.10411,  -0.01713,  -0.02862,   0.10595,   0.00420,  -0.05980,  -0.07129,  -0.04339,   0.00256,  -0.05323,  -0.06800,   0.01897,  -0.11395,  -0.04667,  -0.00236,   0.01241,  -0.00564,   0.06000,  -0.06308,  -0.00728,   0.01733,  -0.01056,   0.02062,  -0.01221,  -0.03518,   0.03539,  -0.05159,  -0.01385,  -0.04667,   0.09775,   0.00749,   0.08626,   0.02390,  -0.00728,  -0.00892,   0.02226,  -0.10247,   0.06328,  -0.03682,   0.08954,  -0.02533,   0.01405,   0.04851,   0.05836,  -0.01549,   0.05508,   0.01077,   0.08790,  -0.06472,  -0.00400,  -0.06636,  -0.01877,  -0.08605,  -0.00400,  -0.05980,  -0.02205,   0.09446,   0.05672,  -0.06636,  -0.02205,  -0.01713,   0.04851,  -0.00400,   0.05180,   0.06164,  -0.03846,  -0.06800,   0.00749,   0.00092,  -0.01713,  -0.06800,   0.03539,   0.01569,   0.01569,   0.00749,   0.03374,  -0.03682,   0.01897,   0.01897,  -0.05652,  -0.00728,  -0.00236,  -0.00072,  -0.00564,  -0.08441,  -0.01385,   0.01241,   0.00913,  -0.03354,  -0.07457,   0.03210,  -0.03518,   0.02882,  -0.01385,  -0.01385,   0.00420,   0.05508,   0.00256,   0.05672,  -0.00892,   0.04523,   0.04523,  -0.02205,  -0.01877,   0.04851,   0.05672,   0.01733,  -0.00728,  -0.00728,  -0.02698,   0.09446,   0.02226,   0.00092,   0.13877,  -0.03518,   0.04031,   0.04195,   0.04851,   0.06000,   0.01241,  -0.01713,   0.02390,  -0.01877,  -0.03518,  -0.03354,   0.03867,   0.00092,  -0.05487,   0.01733,  -0.00400,  -0.00892,   0.02554,   0.02718,  -0.00400,  -0.03026,  -0.01713,  -0.02205,   0.00913,  -0.07129,  -0.02041,   0.01569,   0.06985,   0.02882,   0.06000,  -0.09590,   0.05344,  -0.00564,  -0.02205,  -0.05816,   0.08626,   0.00585,   0.01897,  -0.02041,   0.10267,  -0.06800,  -0.04995,   0.02718,   0.09775,   0.03703,   0.03867,  -0.01549,   0.07969,  -0.02041,   0.00585,   0.07313,   0.00256,   0.02554,   0.02390,   0.06985,   0.02226,   0.04359,   0.01569,  -0.00400,   0.04851,  -0.03354,  -0.03354,  -0.03190,   0.00092,   0.05508,   0.00585,  -0.03190,  -0.03682,  -0.04995,   0.00749,   0.01241,  -0.01056,  -0.03190,  -0.01056,   0.01569,  -0.00728,  -0.07621,  -0.00564,   0.04359,  -0.00400,  -0.00728,  -0.03354,   0.02062,  -0.07949,   0.01241,  -0.01385,   0.05344,  -0.07457,   0.02390,  -0.00400,  -0.00728,  -0.00400,   0.03046,  -0.00236,   0.02718,   0.01733,   0.02062,   0.00092,   0.04523,   0.08626,  -0.01056,   0.00420,  -0.00892,  -0.02862,   0.00420,  -0.00072,   0.01077,   0.02882,   0.02554,  -0.02369,  -0.14513,  -0.00728,  -0.06964,   0.04359,   0.01077,   0.03210,   0.00256,  -0.01877,   0.00913,   0.00749,   0.06492,   0.04195,  -0.01877,  -0.04010,  -0.03846,  -0.01877,   0.02226,   0.01897,  -0.02533,  -0.07129,   0.07149,  -0.04339,  -0.00400,   0.04523,  -0.04175,  -0.04175,  -0.04175,  -0.05323,   0.05672,   0.00420,   0.01077,  -0.04503,  -0.03190,  -0.02369,   0.01241,   0.03210,  -0.00892,  -0.02041,  -0.00728,  -0.07129,  -0.02205,  -0.02698,   0.02226,  -0.02041,   0.00420,   0.01569,  -0.04339,   0.00092,   0.03374,  -0.10247,   0.00913,  -0.03518,   0.07641,  -0.00892,  -0.13036,   0.13221,   0.06492,   0.11088,  -0.02698,  -0.06964,   0.00913,   0.07149,  -0.01877,   0.07149,   0.02062,  -0.06144,  -0.05652,  -0.01385,  -0.04010,   0.04523,   0.01405,   0.09775,   0.05672,  -0.02041,   0.11416,  -0.01549,  -0.01221,   0.01733,   0.00749,   0.09446,  -0.01713,  -0.00892,   0.02554,   0.01733,  -0.08605,  -0.04667,   0.06164,  -0.01877,   0.03374
  -0.07457,  -0.07457,  -0.01549,  -0.03518,  -0.00072,   0.01897,   0.01897,   0.02390,  -0.00400,   0.09282,  -0.01385,  -0.01713,   0.11088,  -0.02862,   0.00749,   0.04359,   0.01733,   0.03703,  -0.03518,   0.00092,   0.03374,  -0.03190,  -0.03026,   0.02882,   0.07805,  -0.09426,  -0.01385,  -0.01385,   0.00256,  -0.06636,   0.01077,   0.00092,   0.04523,  -0.05652,   0.04031,   0.04851,  -0.00236,   0.00749,  -0.02041,   0.03867,   0.05508,   0.00749,   0.04523,  -0.00072,   0.01733,  -0.08441,  -0.07785,  -0.09426,   0.01897,   0.01733,   0.01733,  -0.01221,  -0.04667,  -0.00728,   0.05672,  -0.00892,  -0.06800,  -0.06800,  -0.03354,   0.07477,   0.00420,  -0.04831,   0.04359,  -0.01713,   0.01569,   0.03210,   0.03539,  -0.04010,   0.07969,  -0.03846,   0.05508,   0.01733,  -0.01221,   0.01733,  -0.01713,  -0.06800,  -0.03026,   0.01569,   0.06657,   0.03374,  -0.04010,   0.12565,  -0.01056,  -0.05323,   0.00256,   0.04195,   0.06492,  -0.01221,   0.00913,   0.10267,  -0.01385,   0.02718,   0.06328,   0.00092,   0.01897,  -0.03846,  -0.05159,   0.02882,   0.01569,  -0.04010,  -0.00728,  -0.02533,  -0.03354,   0.03374,   0.04195,   0.00092,  -0.05159,  -0.00400,  -0.00072,   0.03703,   0.02390,   0.06821,   0.03703,  -0.05323,   0.08462,   0.02226,  -0.02698,  -0.03026,   0.00749,   0.01241,  -0.01056,   0.00749,   0.03046,   0.02390,  -0.02698,  -0.01056,  -0.04339,   0.02062,  -0.01549,   0.06000,   0.04687,   0.02554,   0.01077,   0.02390,  -0.01385,  -0.00236,  -0.01221,  -0.06964,  -0.02533,  -0.05323,   0.04195,  -0.04010,  -0.06308,  -0.02862,  -0.03846,  -0.05487,   0.02390,  -0.03354,  -0.00400,   0.04523,   0.07149,   0.03867,  -0.09426,   0.01241,   0.00585,  -0.07785,   0.01569,   0.04523,  -0.02533,  -0.01549,   0.00913,   0.05016,   0.00420,  -0.00728,  -0.07129,  -0.02369,  -0.08770,  -0.06636,  -0.03682,   0.00256,  -0.10082,  -0.03354,   0.00913,  -0.04503,  -0.01549,  -0.00400,  -0.04175,   0.00420,   0.02554,   0.02062,  -0.00400,  -0.05652,  -0.00236,  -0.01549,  -0.01221,  -0.08113,  -0.02698,  -0.05159,  -0.02533,  -0.03682,  -0.07129,  -0.02041,  -0.06964,  -0.03354,  -0.00236,   0.08790,   0.02390,  -0.02862,   0.04195,  -0.02698,   0.01241,  -0.02369,   0.03374,  -0.05159,  -0.00072,  -0.04175,   0.01241,   0.06492,   0.02062,   0.00749,   0.01733,   0.01569,  -0.02533,  -0.05159,  -0.02041,  -0.01221,   0.02554,   0.03210,   0.03867,   0.00256,  -0.02698,  -0.03846,   0.00256,  -0.01549,   0.09282,  -0.04995,  -0.00564,  -0.06964,   0.04195,  -0.01549,  -0.00892,  -0.01385,  -0.02698,  -0.01385,  -0.09918,  -0.01221,   0.00585,   0.04195,   0.05180,   0.04195,   0.08298,  -0.02533,  -0.03354,  -0.01713,  -0.03354,  -0.03846,  -0.03190,  -0.08605,  -0.05980,  -0.03190,   0.04523,   0.06164,  -0.01385,   0.02390,  -0.01221,  -0.00564,   0.03703,   0.01241,   0.03374,   0.03046,  -0.05159,  -0.01877,   0.01405,  -0.02041,   0.01897,  -0.04995,  -0.01221,  -0.05980,  -0.01056,   0.00420,  -0.08277,  -0.06308,   0.01405,  -0.04503,   0.06657,  -0.03518,   0.05672,   0.02882,   0.01897,  -0.04995,   0.07313,   0.05836,  -0.04831,   0.03210,   0.00913,  -0.02369,   0.02554,   0.01897,  -0.03682,   0.00092,   0.06985,   0.03374,  -0.06308,   0.00092,   0.00585,   0.00749,  -0.05652,  -0.00072,   0.03210,  -0.03682,   0.00913,  -0.04667,  -0.00400,  -0.01549,   0.01241,  -0.04010,   0.00256,  -0.04175,   0.02718,  -0.02041,  -0.04175,  -0.01221,   0.03046,  -0.00728,  -0.00892,   0.00913,   0.00256,   0.01733,  -0.00892,   0.07805,   0.04851,  -0.03190,  -0.03026,  -0.04831,   0.01405,  -0.00400,   0.05508,  -0.03518,  -0.02862,   0.00256,   0.02882,   0.09446,  -0.02369,  -0.03190,  -0.07293,   0.02062,  -0.04503,  -0.02041,   0.00256,   0.00913,   0.09611,  -0.00400,   0.01897,   0.00092,  -0.07293,  -0.03026,  -0.00564,   0.00749,  -0.06144,   0.02390,   0.07969,  -0.01549,   0.02718,  -0.01221,   0.04359,   0.01897,   0.10595,   0.04359,   0.05508,   0.02062,   0.00913,  -0.04175,  -0.02041,   0.05180,   0.04359,  -0.01385,   0.06164,   0.15190,  -0.02041,   0.00092,  -0.12216,  -0.03026,   0.01569,  -0.16483,   0.02554,   0.05672,   0.00092,   0.00092,  -0.03682,   0.04195,   0.03703,  -0.02533,   0.07805,  -0.03190,   0.05672,   0.04195,  -0.08605,   0.01077,   0.01569,   0.00585,  -0.04995,  -0.04667,   0.10267,   0.07969,   0.01569,   0.07805,  -0.05980,  -0.05487,   0.01569,   0.03374,   0.00092,   0.02554,   0.04031,  -0.00892,  -0.02698,  -0.03190,   0.00913,  -0.01713,   0.03703,   0.00749,  -0.05159,   0.04687,   0.02554,  -0.04175,   0.02554,  -0.10903,   0.08462,   0.00420,   0.02062,   0.03210,   0.04359,   0.04523,   0.02390,  -0.05159,   0.03539,   0.00585,  -0.07949,   0.02226,  -0.04503,   0.01897,  -0.00564,   0.02226,  -0.05159,  -0.00072,  -0.08441,   0.05836,   0.02390,  -0.02862,  -0.01385,  -0.07457,   0.03539,   0.00092,   0.01733,  -0.00236,  -0.03026,   0.00420,  -0.03518,  -0.03354,   0.07805,  -0.05487,  -0.02205,  -0.03190,   0.00913,  -0.07457,   0.00585,   0.06985,  -0.00400,  -0.03026,   0.04687,   0.01405,   0.05836,   0.04195,  -0.04995,   0.02226,   0.10923,   0.01241,   0.01241,  -0.03518,   0.00913,   0.05180,  -0.01713,   0.01569,   0.04195,   0.02554,   0.00749,  -0.03682,  -0.00892,  -0.02205,   0.02718,   0.05180,  -0.03518,   0.05016,   0.05180,   0.01077,   0.04851,  -0.01713,   0.01241,  -0.02369,  -0.03846,   0.02554,   0.05672,   0.03703,   0.03867,  -0.04503,  -0.07785,  -0.07621,   0.00585,  -0.02205,   0.03703,   0.00092,  -0.03682,  -0.01713,   0.04687,  -0.04831,   0.00256,   0.02718,  -0.02862,   0.05672,  -0.03190,  -0.05652,  -0.01549,   0.05672,   0.05180,   0.02882,   0.00913,  -0.02205,   0.01405,   0.00256,   0.00585,   0.02226,   0.05016,  -0.04339,  -0.00400,  -0.03354,   0.05672,   0.08134,   0.02062,  -0.06144,   0.00420,  -0.02862,  -0.02533,   0.04687,   0.02062,   0.04523,  -0.01877,  -0.05159,   0.07313,   0.01405,  -0.01221,  -0.00728,  -0.04175,  -0.05487,  -0.01713,   0.03374,  -0.02862,   0.03867,  -0.01385,   0.01077,  -0.01056,   0.02718,   0.06328,   0.04195,  -0.02533,   0.02554,   0.00420,  -0.02041,   0.02226,  -0.00892,   0.00256,   0.02718,  -0.00728,   0.02226,   0.05016,   0.00256,   0.01569,  -0.06308,   0.01569,  -0.02862,   0.02554,  -0.04010,  -0.01549,  -0.04667,   0.00749,   0.00913,  -0.03846,   0.01405,  -0.04503,   0.06328,  -0.03682,  -0.03846,   0.02062,   0.05672,  -0.00728,  -0.04503,   0.05672,  -0.07457,   0.04195,  -0.02862,  -0.00728,  -0.03518,  -0.02369,  -0.00728,  -0.01221,   0.10431,  -0.00400,  -0.03190,   0.01569,  -0.11231,  -0.00564,  -0.06964,   0.02062,   0.04359,  -0.06144,   0.02390,  -0.04667,  -0.01385,  -0.08934,  -0.04010,   0.02554,   0.03867,   0.03539,  -0.08934,  -0.04831,  -0.02369,  -0.03190,  -0.04175,   0.02718,  -0.00564,  -0.03846,  -0.01221,  -0.02041,  -0.01221,  -0.00728,   0.00420,  -0.03682,   0.03867,  -0.03190,  -0.00236,  -0.10575,  -0.02862,  -0.00728,  -0.03518,  -0.00728,   0.00913,  -0.02205,  -0.01221,   0.04687,   0.00749,  -0.03190,   0.04031,  -0.00728,  -0.02041,  -0.05980,   0.00913,   0.00420,   0.01897,  -0.00236,   0.03374,  -0.03518,   0.02882,  -0.06308,  -0.07457,  -0.06800,   0.00913,  -0.01221,   0.02554,  -0.03026,  -0.00072,   0.04359,  -0.02205,  -0.04995,   0.01405,   0.02554,  -0.05159,  -0.01221,  -0.01877,  -0.04667,   0.00585,   0.06164,  -0.01385,   0.00585,  -0.02698,   0.04031,   0.04195,  -0.03518,  -0.03190,   0.02226,  -0.08605,  -0.02533,   0.07149,  -0.02533,   0.00913,  -0.06636,  -0.05652,   0.04523,  -0.04175,   0.03539,   0.08134,   0.04851,   0.06985,  -0.06308,   0.04523,  -0.01221,   0.04195,  -0.03354,   0.03210,  -0.01221,  -0.01221,   0.06328,  -0.01221,  -0.04667,  -0.00728,  -0.03190,  -0.01385,   0.03867,   0.00256,   0.06328,  -0.01056,   0.02062,   0.00749,  -0.06800,  -0.03846,  -0.05487,   0.02882,  -0.03026,  -0.04831,  -0.07949,   0.05344,  -0.08770,   0.04359,   0.00585,  -0.01549,  -0.02041,  -0.05652,   0.04851,  -0.04831,   0.03046,   0.02226,  -0.00892,  -0.05980,   0.04359,  -0.05816,   0.02882,  -0.02698,  -0.07129,   0.00749,  -0.02862,   0.02226,  -0.05323,  -0.04175,  -0.01385,   0.02390,   0.00913,  -0.01549,  -0.00728,   0.06985,   0.01405,   0.07641,  -0.06800,   0.03046,  -0.05323,   0.00092,  -0.04995,  -0.08113,   0.03046,  -0.04175,  -0.05323,   0.05016,  -0.01056,   0.04687,   0.00420,  -0.01056,  -0.00564,   0.04031,   0.00256,  -0.00400,   0.01897,   0.00256,   0.04687,   0.04523,  -0.01713,  -0.00072,  -0.01056,  -0.01385,  -0.01221,   0.04359,   0.01733,   0.02062,  -0.02862,  -0.04339,  -0.03354,  -0.05487,  -0.00564,   0.00256,  -0.02205,  -0.03682,   0.08790,   0.06000,  -0.00072,  -0.09754,   0.02718,   0.03046,   0.01077,  -0.04995,   0.06821,   0.01569,   0.02554,   0.03046,   0.00092,  -0.03682,  -0.01713,  -0.01056,   0.02390,   0.00749,  -0.01713,   0.00420,  -0.01549,  -0.03682,  -0.04667,  -0.00400,  -0.02698,   0.02554,  -0.06800,  -0.02041,  -0.02698,   0.01733,   0.01241,  -0.03026,  -0.05980,  -0.08113,   0.01733,   0.04031,  -0.04175,   0.03210,   0.03210,   0.02062,   0.00092,  -0.03682,  -0.04339,  -0.06308,   0.01405,  -0.06472,   0.03539,   0.02554,   0.03374,  -0.02369,  -0.05323,   0.00913,   0.02718,   0.08298,   0.00585,  -0.12216,  -0.07785,  -0.04339,  -0.03846,  -0.02533,   0.05180,  -0.00236,   0.00913,  -0.06800,   0.02718,  -0.00564,   0.06328,   0.02062,  -0.06800,  -0.00728,  -0.02369,   0.02062,  -0.02369,   0.00585,  -0.03518,  -0.03190,  -0.01056,  -0.00728,  -0.03026,   0.01733,   0.03867,  -0.03026,   0.01733,   0.00585,  -0.00236,  -0.04995,   0.02718,  -0.00072,   0.03210,   0.03046,  -0.05816,   0.06985,  -0.01385,   0.00420,   0.03703,  -0.03026,   0.00256,  -0.01056,   0.00749,  -0.00564,  -0.06800,  -0.04339,  -0.03354,   0.02062,   0.00256,   0.05180,   0.04687,   0.00256,   0.12236,  -0.08277,  -0.02041,  -0.01385,  -0.02205,   0.01077,  -0.07785,   0.00585,   0.01569,  -0.04995,  -0.08770,   0.02718,   0.01241,  -0.02041,  -0.05487,   0.11088,  -0.03682,   0.04523,  -0.01549,   0.00092,  -0.06308,  -0.00892,   0.06492,  -0.02533,  -0.04339,   0.00749,  -0.01385,  -0.01549,  -0.08934,  -0.06472,   0.04523,  -0.03354,  -0.05159,   0.00585,   0.03210,  -0.10739,   0.00420,  -0.04010,   0.00749,  -0.03026,   0.07805,  -0.01877,   0.02390,  -0.04503,   0.00585,   0.07313,   0.00585,  -0.02369,   0.00749,   0.05344,   0.05180,   0.04195,  -0.03682,  -0.01385,   0.04359,   0.04851,   0.05016,   0.03539,  -0.04667,  -0.06144,   0.02226,   0.02390,   0.10923,  -0.08605,  -0.02205,  -0.00072,  -0.05652,   0.09282,   0.02226,   0.02390,   0.02226,   0.00749,   0.00092,   0.07313,   0.01897,  -0.02533,  -0.02369,  -0.03518,  -0.03190,   0.05836,   0.03046,  -0.05980,  -0.04995,  -0.05159,  -0.14185,   0.02062,   0.01077,  -0.03518,  -0.00728,  -0.02533,   0.00913,  -0.08113,  -0.01713,  -0.11067,   0.00585,  -0.05323,  -0.00728,   0.03046,   0.00092,  -0.02369,  -0.01549,   0.01569,  -0.08277,   0.03210,  -0.00236,  -0.00072,   0.00420,  -0.02533,   0.01569,   0.02062,   0.07805,   0.00749,  -0.07621,  -0.00728,   0.06985,  -0.02205,  -0.01056,  -0.07293,   0.01241,  -0.06144,  -0.06144,   0.01077,  -0.05323,   0.01569,   0.05016,   0.03539,   0.11744,   0.02882,   0.03046,   0.02882
  -0.03354,   0.03867,  -0.01221,  -0.01549,  -0.02369,  -0.02862,   0.04359,  -0.01056,   0.01241,  -0.04831,   0.01077,   0.04523,   0.01897,   0.06657,   0.03703,   0.00913,   0.00585,  -0.06472,  -0.03354,   0.00420,   0.03046,  -0.04831,   0.03703,  -0.07785,  -0.01713,   0.03867,  -0.04831,   0.02718,   0.00092,   0.00749,  -0.04503,  -0.04010,  -0.11888,   0.05836,  -0.10247,   0.09939,  -0.00400,  -0.03190,  -0.00728,  -0.05816,   0.02882,   0.01077,   0.01241,   0.00585,   0.03046,   0.02226,   0.04195,   0.05508,   0.03046,  -0.03846,  -0.05159,  -0.02698,  -0.03682,   0.00092,   0.00420,  -0.00564,   0.10595,  -0.02533,  -0.02698,   0.02226,  -0.05323,  -0.01877,  -0.04503,  -0.03190,  -0.07457,  -0.01713,   0.02718,  -0.04010,   0.00092,  -0.05159,  -0.00728,  -0.09426,   0.00913,   0.01897,  -0.04503,   0.00092,   0.09611,   0.01897,   0.01897,  -0.02205,   0.06328,  -0.03682,   0.03046,  -0.02698,   0.01733,  -0.04503,   0.01569,  -0.04503,  -0.02369,   0.06821,   0.03867,   0.02882,  -0.02862,  -0.06472,  -0.03518,   0.01569,  -0.00564,  -0.01056,  -0.10739,  -0.06800,  -0.02041,   0.02062,  -0.04175,  -0.02533,  -0.00728,   0.03210,  -0.01221,   0.08298,   0.03210,   0.00585,  -0.01385,  -0.02205,   0.07477,  -0.01385,   0.04031,  -0.08770,   0.02226,  -0.07293,  -0.07457,  -0.04995,  -0.00892,   0.02882,   0.00749,   0.01077,  -0.04010,  -0.04503,  -0.05652,   0.00256,  -0.04175,   0.00585,  -0.01549,   0.03703,   0.01077,  -0.08770,   0.02390,   0.03374,   0.01077,  -0.01056,  -0.00564,   0.01897,  -0.01221,  -0.01713,  -0.00400,   0.02554,   0.00913,  -0.03026,  -0.02533,  -0.01221,   0.02718,  -0.03682,  -0.05159,  -0.03846,  -0.04175,  -0.01877,  -0.07785,  -0.06636,   0.03210,   0.00585,  -0.03190,   0.00749,  -0.02369,  -0.04503,   0.00585,  -0.00728,  -0.02698,  -0.00728,   0.00256,   0.01569,   0.08626,   0.03703,  -0.00892,  -0.05487,  -0.04010,  -0.02862,   0.00256,   0.01241,  -0.00892,  -0.00728,   0.03374,   0.01897,   0.01077,  -0.06636,  -0.02205,   0.06985,   0.06492,  -0.01549,  -0.02369,  -0.03846,  -0.02041,   0.03703,  -0.06636,   0.01077,  -0.03682,  -0.04175,   0.00092,   0.01733,  -0.01056,   0.01897,   0.09446,  -0.00236,  -0.01221,   0.01733,   0.00913,   0.00749,   0.02882,  -0.03354,  -0.01056,   0.04687,  -0.01221,  -0.00400,  -0.01221,   0.03703,  -0.07457,  -0.02369,   0.03539,  -0.03026,  -0.02698,  -0.02698,  -0.02369,  -0.01549,  -0.00072,   0.02718,   0.06328,   0.04195,   0.01897,   0.03374,  -0.04667,   0.04523,  -0.01713,  -0.03846,   0.01241,   0.05672,  -0.06308,   0.03703,   0.07641,   0.02226,   0.02554,  -0.05816,  -0.01549,   0.05016,  -0.05652,  -0.03354,   0.01405,   0.01241,  -0.04175,   0.00585,  -0.06144,  -0.02533,   0.04031,   0.00749,   0.01405,   0.02718,  -0.00236,  -0.02533,  -0.01056,  -0.02041,   0.00092,  -0.03354,   0.01077,  -0.08441,  -0.01877,   0.03210,   0.02882,   0.02882,  -0.06144,  -0.01385,  -0.02369,  -0.02041,  -0.07293,  -0.02369,   0.02390,   0.05836,  -0.02533,  -0.02533,   0.00092,  -0.06308,  -0.01877,  -0.03518,  -0.02533,   0.00256,  -0.00564,   0.00585,  -0.03190,   0.03046,   0.01405,   0.04359,   0.00913,   0.01733,   0.00256,  -0.05980,   0.04031,   0.02554,  -0.02369,  -0.03682,  -0.06472,  -0.00236,  -0.04995,   0.00585,  -0.06144,  -0.02533,   0.03210,   0.07641,   0.02554,   0.02554,  -0.03682,   0.05016,   0.00256,   0.05180,  -0.00072,  -0.06308,  -0.04010,  -0.03846,   0.02554,  -0.05652,  -0.05652,   0.00913,   0.01077,  -0.00564,   0.00092,  -0.00892,   0.02390,   0.01897,  -0.04995,   0.05344,  -0.06144,   0.03539,  -0.05159,  -0.04010,   0.08134,   0.00420,   0.03374,  -0.03026,  -0.03190,  -0.01713,  -0.01056,   0.00420,  -0.01877,  -0.01221,   0.01733,   0.01241,  -0.05652,   0.09282,   0.05672,   0.04031,  -0.02698,  -0.01877,  -0.11724,  -0.01056,  -0.04010,  -0.00072,   0.00749,   0.10759,   0.06985,   0.01405,   0.03210,   0.04359,   0.01241,  -0.02533,  -0.01549,  -0.02205,   0.05836,   0.03867,  -0.01056,   0.02390,   0.03867,   0.04031,  -0.01713,  -0.01221,   0.06657,  -0.03518,   0.06164,  -0.03846,  -0.03190,   0.01077,  -0.09590,   0.08134,  -0.03354,   0.00749,  -0.03354,   0.04031,   0.04359,   0.00420,   0.02718,  -0.04831,  -0.00072,  -0.10411,   0.03046,  -0.01385,  -0.01385,  -0.00728,   0.03867,  -0.03682,  -0.00564,   0.04195,   0.01569,   0.00585,  -0.04339,   0.02718,  -0.06308,  -0.03354,   0.01077,   0.02554,   0.00256,  -0.05652,   0.01569,  -0.06308,  -0.00072,   0.04195,  -0.06472,   0.01569,   0.04195,  -0.09262,   0.03703,  -0.06308,  -0.01549,   0.01897,   0.03210,  -0.00072,   0.04031,   0.01077,  -0.00564,  -0.04339,   0.05508,   0.02554,   0.00585,   0.06000,  -0.05159,   0.00256,  -0.03846,   0.01077,  -0.02698,  -0.00072,  -0.02041,  -0.01385,  -0.03682,  -0.11067,  -0.04831,  -0.00072,   0.02226,  -0.06308,  -0.04010,   0.04523,   0.00420,   0.03374,   0.05180,   0.02390,  -0.04175,  -0.06144,  -0.03354,   0.06164,   0.06000,   0.06657,  -0.04010,  -0.04667,   0.02062,  -0.00400,   0.02390,  -0.03026,  -0.05487,  -0.00728,  -0.00728,  -0.05487,   0.07313,   0.05180,   0.02226,  -0.04995,  -0.00728,   0.02062,   0.01733,   0.03703,   0.02390,   0.01241,   0.07149,   0.01569,   0.03046,  -0.01549,   0.02226,   0.03210,  -0.05816,   0.02226,   0.04851,  -0.02533,   0.00256,   0.02226,   0.01077,   0.02882,   0.01077,   0.02718,   0.03210,  -0.00728,  -0.05487,   0.00256,   0.05508,  -0.00892,   0.00092,   0.03703,  -0.08934,  -0.03846,  -0.01221,  -0.01385,   0.02554,  -0.05816,  -0.06308,   0.01241,   0.00585,   0.07477,  -0.05816,  -0.05487,  -0.02369,  -0.00892,  -0.11559,  -0.03682,   0.11416,  -0.00564,   0.01241,   0.04851,   0.03539,  -0.01385,   0.05672,   0.02390,  -0.03354,  -0.04175,  -0.02205,  -0.02698,  -0.01385,   0.01077,  -0.00892,  -0.04995,   0.05508,  -0.01385,  -0.02369,  -0.01221,  -0.08113,   0.04687,  -0.03846,  -0.02041,  -0.02041,  -0.04831,   0.04359,  -0.04831,   0.00585,  -0.04339,   0.00092,   0.00585,  -0.05652,  -0.01549,  -0.05980,   0.01077,  -0.08441,  -0.00728,   0.04195,   0.11088,  -0.05159,   0.03867,   0.01733,   0.03703,   0.09446,   0.02226,   0.01569,   0.01241,   0.03046,  -0.01877,   0.01241,  -0.03518,   0.05016,   0.01077,   0.08134,   0.11580,  -0.01221,  -0.01221,   0.02062,  -0.01221,  -0.05159,   0.01405,  -0.03846,  -0.00072,  -0.00892,  -0.00564,  -0.01549,   0.01241,  -0.01877,   0.07149,   0.00420,   0.00420,   0.00749,  -0.01713,  -0.01877,  -0.04667,  -0.00892,   0.01241,  -0.04995,  -0.05816,  -0.08277,   0.02226,  -0.04175,   0.00913,  -0.02041,   0.01405,  -0.01385,   0.05836,  -0.04995,  -0.01221,  -0.04503,  -0.01713,  -0.00892,  -0.01713,   0.04523,  -0.02533,  -0.03682,  -0.00728,  -0.01385,   0.04031,  -0.05652,   0.03210,  -0.03190,  -0.02698,  -0.04503,  -0.08934,  -0.04175,   0.02718,  -0.01549,  -0.00564,   0.05180,   0.02718,  -0.05159,  -0.02369,   0.01569,  -0.00892,  -0.05816,   0.01077,   0.04851,   0.03374,   0.01405,  -0.02533,  -0.10411,  -0.00072,   0.04687,   0.03210,  -0.03518,   0.09611,  -0.01221,  -0.03682,   0.02390,   0.02718,  -0.03682,   0.00913,   0.02226,  -0.01385,   0.03046,  -0.00236,  -0.05652,  -0.03190,   0.02718,  -0.00728,  -0.02698,  -0.04667,   0.01569,  -0.03846,   0.03210,   0.01569,   0.02390,  -0.01877,  -0.07457,   0.10759,   0.02390,  -0.11559,   0.03046,  -0.04175,   0.05508,   0.02226,   0.03046,   0.00913,   0.02718,  -0.05159,  -0.03026,   0.07641,   0.03867,  -0.01221,   0.07477,   0.05508,   0.02226,  -0.00728,  -0.02862,  -0.04995,   0.00256,   0.02390,   0.08954,   0.00913,   0.00092,  -0.05487,   0.04851,   0.04523,  -0.04010,  -0.00892,   0.04687,   0.01897,  -0.00236,  -0.00236,  -0.02369,  -0.07129,  -0.05487,   0.05180,   0.04359,   0.06164,  -0.01056,  -0.01385,   0.07313,  -0.04831,  -0.00892,   0.01733,   0.02718,  -0.01056,   0.02062,   0.03374,   0.03374,  -0.03846,   0.02226,   0.00420,  -0.02533,   0.01405,   0.03046,   0.03374,  -0.04010,  -0.05323,   0.06821,   0.02718,   0.06164,   0.02062,   0.09939,  -0.04010,   0.04851,  -0.07785,   0.04687,   0.00913,  -0.00564,   0.04523,   0.01569,   0.03046,   0.10267,   0.01241,   0.03046,  -0.02698,  -0.06800,  -0.02369,  -0.03354,   0.04851,  -0.00728,   0.07313,  -0.10411,   0.01405,   0.03046,  -0.01713,  -0.01549,  -0.05487,  -0.00892,   0.00585,   0.02882,   0.09939,   0.05016,   0.02554,   0.03703,   0.00585,  -0.00728,   0.00092,  -0.08113,   0.00256,   0.04687,   0.00749,   0.08626,   0.00092,   0.04851,   0.09611,   0.03374,   0.01569,  -0.01877,  -0.06964,  -0.04831,   0.02882,  -0.04995,   0.03539,   0.05344,   0.01241,  -0.02205,  -0.05159,  -0.01385,   0.00420,  -0.00236,  -0.03026,   0.00585,   0.03210,  -0.01221,  -0.00400,   0.07477,  -0.07129,  -0.01221,  -0.02698,  -0.02698,  -0.01221,  -0.03026,  -0.04503,   0.02554,   0.04687,  -0.00072,   0.03539,  -0.00072,  -0.08113,  -0.00892,  -0.01056,   0.02390,   0.01897,  -0.02205,   0.02882,  -0.03518,   0.01241,  -0.04667,  -0.04503,  -0.00892,  -0.06964,   0.06985,   0.02882,  -0.00400,  -0.01877,  -0.15170,  -0.06472,   0.01897,  -0.06964,   0.00749,   0.03539,   0.04195,   0.03046,   0.03046,   0.00092,  -0.01056,  -0.00564,   0.02226,  -0.01549,   0.01241,   0.05016,   0.07149,  -0.05487,   0.01569,  -0.02698,   0.04195,  -0.02533,  -0.01056,  -0.06308,  -0.02862,   0.04359,   0.07805,   0.00256,  -0.02698,   0.01077,  -0.02698,   0.03539,   0.05180,   0.01569,   0.02062,   0.00585,  -0.01877,   0.03539,   0.01077,   0.02226,   0.00092,   0.01405,  -0.03518,   0.01405,  -0.07457,  -0.01056,   0.01569,   0.02718,   0.01405,   0.05016,  -0.02533,  -0.02533,   0.06985,  -0.08113,  -0.00236,   0.01241,   0.03046,   0.02390,  -0.00236,   0.06821,  -0.05652,  -0.05816,  -0.05159,  -0.00892,   0.08626,  -0.00072,   0.04031,  -0.02041,   0.01897,   0.01569,   0.02390,  -0.04010,  -0.03518,  -0.07949,  -0.02533,  -0.06144,   0.02226,  -0.02698,   0.01405,  -0.02698,   0.02390,  -0.07949,  -0.04503,  -0.00236,  -0.01713,   0.00420,  -0.00236,  -0.04175,   0.03210,   0.05344,   0.05180,  -0.06800,   0.04031,  -0.02698,   0.08626,  -0.00072,  -0.01713,   0.03374,   0.01569,   0.02390,  -0.01056,  -0.02041,   0.01733,   0.01569,   0.04031,  -0.02205,  -0.01877,   0.03374,  -0.03846,  -0.00892,  -0.00728,   0.00420,  -0.00236,  -0.08934,  -0.01056,   0.01077,   0.06821,  -0.03026,   0.00256,   0.02390,   0.02882,   0.00749,  -0.00728,  -0.03190,   0.04031,   0.01405,   0.02062,  -0.01549,   0.00749,   0.02882,   0.02882,  -0.01713,  -0.02533,  -0.01549,  -0.00728,  -0.01877,   0.01733,  -0.00564,   0.01241,   0.03867,  -0.03026,  -0.00236,   0.04359,   0.01897,   0.01733,   0.02390,  -0.05816,  -0.05159,   0.04851,  -0.01221,   0.00585,  -0.08277,  -0.08277,  -0.01221,   0.01897,   0.03046,  -0.02205,   0.04359,  -0.03026,  -0.02698,  -0.02862,  -0.01221,   0.06492,  -0.07949,   0.02062,   0.01077,   0.05508,   0.01569,  -0.05487,  -0.06800,   0.03374,  -0.00236,   0.03210,  -0.03682,   0.01733,  -0.00564,  -0.00072,  -0.02041,  -0.03026,   0.04195,   0.01405,  -0.07457,   0.03210,   0.00256,  -0.00072,   0.03703,   0.03046,  -0.03190,   0.01897,  -0.01549,  -0.01549,   0.00420,   0.08462,  -0.04831,   0.04359,  -0.03190,   0.02718,   0.03210,   0.03210,  -0.04175,   0.02718,   0.05180
  -0.02369,   0.03046,   0.06000,   0.04195,   0.01405,   0.01405,  -0.07785,   0.01405,  -0.04831,   0.03867,   0.03703,  -0.05323,   0.06492,  -0.04831,  -0.00564,   0.02062,  -0.04831,   0.05180,  -0.02533,   0.08298,   0.04031,   0.02226,   0.05836,  -0.00400,  -0.04175,   0.02390,  -0.02862,  -0.03026,   0.02390,   0.07805,  -0.00564,  -0.00564,   0.01733,  -0.01056,   0.05016,   0.05016,  -0.03518,  -0.07293,   0.00092,  -0.02698,   0.05344,   0.00420,   0.09282,  -0.01056,   0.00256,   0.02882,  -0.04831,   0.04687,  -0.05159,  -0.05652,   0.02718,   0.00256,  -0.01221,   0.01733,  -0.03190,   0.03539,   0.02554,  -0.06636,   0.03539,  -0.04339,   0.02718,  -0.02041,  -0.02862,   0.00092,   0.01405,   0.00585,  -0.00236,  -0.00400,  -0.03682,  -0.06308,  -0.03026,   0.00256,  -0.00892,  -0.02205,  -0.00400,   0.06657,  -0.02698,   0.02390,  -0.00236,  -0.02041,   0.01897,   0.01569,   0.02882,   0.01897,  -0.00072,  -0.02205,   0.05672,   0.01405,   0.03703,  -0.07785,   0.10431,   0.00913,   0.05508,  -0.03354,  -0.01549,  -0.01549,  -0.02533,   0.03374,   0.02226,  -0.02205,  -0.06144,  -0.03354,  -0.00072,   0.02390,  -0.03846,   0.05672,  -0.03518,   0.01733,   0.00749,   0.05672,   0.08462,  -0.00400,  -0.01549,  -0.04175,  -0.00728,   0.01077,  -0.05159,  -0.01713,   0.04359,   0.03046,  -0.01221,   0.05180,  -0.07457,  -0.06636,  -0.02041,  -0.09918,  -0.03190,  -0.05159,  -0.06144,  -0.02698,  -0.01056,   0.00913,   0.03046,  -0.05652,   0.02882,   0.03703,  -0.00564,  -0.00892,  -0.04175,  -0.03518,  -0.02369,   0.00749,   0.10103,  -0.00728,   0.02062,  -0.05323,   0.05344,   0.02554,   0.00749,   0.01405,  -0.00892,   0.00092,   0.03539,   0.07805,  -0.00400,  -0.04175,  -0.05816,  -0.04995,  -0.08605,  -0.05980,  -0.04010,  -0.00564,  -0.00236,  -0.01877,  -0.01549,   0.01241,   0.03210,  -0.06308,  -0.07293,   0.06821,   0.06000,  -0.04339,   0.03867,   0.00092,  -0.00564,   0.03046,  -0.01221,   0.06328,   0.03703,  -0.04667,  -0.00236,   0.06328,   0.02226,   0.04359,   0.02882,  -0.00728,   0.02226,   0.02390,  -0.03190,  -0.00236,   0.02062,   0.05508,  -0.06472,   0.02882,   0.03374,  -0.01221,  -0.05487,   0.06985,  -0.02698,   0.09446,   0.02062,   0.01733,   0.07641,   0.05508,  -0.00236,   0.04031,  -0.05487,  -0.06472,  -0.00564,  -0.02041,   0.00256,  -0.05652,   0.01897,   0.01733,  -0.02533,   0.01241,  -0.01549,   0.00420,   0.06000,  -0.04010,  -0.00236,  -0.00400,   0.04195,  -0.00236,   0.04687,   0.01897,   0.00092,  -0.04339,   0.00585,   0.05344,   0.01733,   0.10103,  -0.04995,   0.00092,   0.04687,   0.00420,  -0.05816,  -0.06636,   0.03703,  -0.07785,  -0.04175,  -0.02698,   0.02882,  -0.01221,   0.02554,  -0.05159,  -0.05323,  -0.00892,   0.00585,  -0.02041,   0.04195,  -0.07785,   0.04359,  -0.00892,  -0.03190,  -0.03518,  -0.03190,   0.04195,   0.08790,  -0.00400,  -0.01549,  -0.00236,  -0.05816,   0.05672,  -0.06800,   0.06657,   0.00585,   0.04195,  -0.02205,  -0.02041,  -0.03518,  -0.04010,   0.08134,   0.05672,   0.00585,  -0.04995,   0.05672,   0.01077,  -0.01713,   0.02554,   0.09611,  -0.00728,   0.00749,   0.00256,  -0.01877,  -0.01221,  -0.08441,  -0.02698,  -0.03682,  -0.00728,  -0.05980,  -0.00072,  -0.04175,   0.00092,  -0.03354,  -0.01056,   0.01897,   0.05180,   0.02718,   0.07149,  -0.00564,   0.01077,  -0.02862,  -0.02205,  -0.00236,  -0.02205,  -0.00564,   0.02554,  -0.03682,  -0.03354,  -0.05487,  -0.03190,  -0.04010,  -0.02041,   0.03703,   0.00913,  -0.03518,   0.02390,   0.01897,   0.06000,   0.02882,   0.00913,  -0.03190,  -0.04995,  -0.02369,   0.05836,  -0.04339,   0.02226,   0.04031,  -0.00236,  -0.04995,  -0.05980,   0.06164,  -0.04503,   0.00749,   0.00913,  -0.02041,   0.03046,   0.04851,  -0.00072,  -0.01056,  -0.04175,   0.02718,  -0.03354,   0.00420,   0.00256,   0.00585,   0.00585,  -0.02862,   0.02882,  -0.14677,  -0.00236,  -0.08277,  -0.01713,   0.00256,  -0.04995,  -0.00728,   0.02882,   0.07805,   0.00749,  -0.07457,  -0.08113,  -0.03354,  -0.01056,  -0.01549,  -0.00072,   0.03867,   0.01897,  -0.03682,  -0.04667,  -0.02533,  -0.02698,   0.03374,   0.04031,   0.04851,   0.01405,   0.06492,  -0.00728,   0.06492,   0.01077,   0.00256,   0.00585,  -0.06636,   0.00913,  -0.03026,   0.06000,   0.05836,   0.01077,   0.00420,   0.04851,   0.03374,  -0.01221,   0.01405,   0.00420,  -0.03026,  -0.01056,  -0.05487,  -0.03682,   0.06492,  -0.00892,   0.01077,  -0.06308,  -0.02533,   0.04359,  -0.00564,  -0.01385,  -0.07949,   0.03867,   0.05016,  -0.07785,   0.06000,  -0.05323,   0.03046,  -0.04010,  -0.04995,  -0.05652,  -0.01056,  -0.01221,   0.00913,  -0.06144,  -0.01713,  -0.03846,   0.03539,  -0.03354,   0.04359,   0.00092,  -0.01713,   0.08790,   0.06657,   0.02226,  -0.04831,  -0.05980,  -0.11231,   0.01569,  -0.04175,   0.00256,  -0.01385,  -0.07949,   0.00256,  -0.03846,   0.04359,  -0.01713,   0.01241,   0.01733,  -0.04995,  -0.06800,   0.02390,  -0.03682,  -0.00564,   0.05672,   0.00420,   0.03210,  -0.06964,   0.02554,   0.04523,   0.01897,  -0.00728,   0.00256,   0.04523,   0.06492,  -0.10411,   0.00092,  -0.01056,   0.03539,   0.00256,  -0.03846,  -0.01385,  -0.01221,  -0.03026,  -0.04995,  -0.06636,  -0.03682,   0.07477,  -0.01877,   0.08790,  -0.03518,   0.01077,  -0.00400,   0.04687,   0.04359,   0.04195,   0.04523,  -0.00564,   0.00585,   0.02882,  -0.00728,   0.00585,  -0.04175,  -0.02369,  -0.07293,  -0.03026,  -0.07949,  -0.04175,  -0.03354,  -0.07457,  -0.00564,  -0.04503,  -0.04010,   0.00749,  -0.01713,   0.05836,  -0.04667,   0.03539,   0.06000,   0.00585,   0.06492,   0.04523,   0.03046,   0.00913,   0.03539,   0.01405,  -0.02698,   0.08298,  -0.08605,   0.04523,   0.06000,   0.00585,  -0.01385,  -0.01056,   0.03046,   0.01733,  -0.02862,  -0.00728,   0.08462,   0.01077,   0.02390,   0.00092,   0.04687,   0.00256,   0.03046,   0.03867,  -0.05159,  -0.00236,   0.06492,   0.04359,   0.00420,   0.01733,   0.00749,   0.07313,   0.00256,   0.02062,   0.00585,  -0.00728,   0.04523,   0.00585,   0.06000,   0.00749,   0.01241,  -0.01221,   0.05672,   0.02882,   0.11744,   0.00092,   0.00585,   0.01241,  -0.02698,  -0.05980,   0.00256,  -0.00564,  -0.04831,  -0.03846,  -0.00728,   0.02390,   0.03210,  -0.00564,  -0.01877,  -0.01877,   0.02882,   0.00749,  -0.03026,  -0.02041,  -0.00236,   0.06000,  -0.05816,   0.09446,   0.03046,  -0.07785,   0.01405,   0.02718,  -0.11231,   0.06985,  -0.02369,   0.00420,   0.04523,   0.08134,  -0.00072,   0.06164,   0.07313,  -0.00728,   0.00749,   0.06164,   0.04195,   0.06164,   0.00749,   0.06164,  -0.09918,  -0.04175,  -0.05487,   0.02062,   0.00585,  -0.03846,   0.01405,  -0.03190,   0.04031,   0.02718,   0.06821,  -0.08770,  -0.00400,  -0.00564,  -0.01056,  -0.10247,   0.01405,  -0.03846,  -0.04339,  -0.04339,  -0.00892,  -0.00728,   0.01733,   0.01569,  -0.07457,   0.02062,   0.00585,  -0.05323,   0.00256,  -0.04503,   0.01897,   0.02718,  -0.01877,  -0.10575,  -0.02862,  -0.08441,  -0.04175,   0.03867,  -0.04175,  -0.04503,   0.02554,   0.03703,   0.01241,   0.04031,  -0.09262,   0.02062,   0.08462,   0.01405,   0.08134,   0.00749,  -0.01385,   0.08298,   0.01733,  -0.00072,  -0.05159,  -0.06144,  -0.05159,  -0.07293,   0.03703,   0.05344,  -0.00072,  -0.01221,   0.00092,   0.02718,  -0.01877,  -0.04503,  -0.01549,  -0.02862,  -0.02041,  -0.03354,   0.01405,  -0.12216,  -0.09426,   0.02226,  -0.03518,  -0.07129,   0.09118,   0.04687,  -0.05159,  -0.01549,   0.08134,  -0.04010,   0.01569,  -0.00892,   0.02882,  -0.00728,   0.00420,  -0.07129,   0.03703,   0.01897,  -0.01877,   0.05836,  -0.01385,  -0.00728,  -0.00400,  -0.02862,   0.02882,   0.03867,   0.00585,   0.01405,   0.05016,  -0.05159,  -0.03846,   0.02882,  -0.03846,  -0.04831,  -0.06144,   0.04359,   0.01569,   0.04195,   0.01241,   0.06985,   0.01077,  -0.07785,   0.00749,  -0.09590,   0.06657,   0.02062,   0.01077,   0.00092,   0.03374,  -0.02369,  -0.04503,   0.00420,   0.01241,   0.06985,  -0.01221,  -0.04667,  -0.01221,  -0.02698,   0.03374,  -0.00728,  -0.08605,  -0.06636,   0.03210,  -0.06144,  -0.02041,  -0.00400,   0.10103,   0.03210,   0.00420,  -0.04995,   0.04851,   0.03210,   0.05508,   0.03867,   0.09611,  -0.00892,  -0.01877,  -0.06308,   0.07313,  -0.00892,   0.04523,   0.03374,  -0.02698,   0.05672,   0.06492,  -0.05487,   0.03374,  -0.11724,   0.01077,   0.02718,   0.03046,   0.02226,  -0.02533,  -0.08770,  -0.02533,  -0.06308,   0.09118,   0.02718,  -0.03026,   0.01569,  -0.03354,   0.01077,   0.03703,  -0.01221,   0.02718,  -0.06800,  -0.05487,   0.01897,   0.06328,  -0.00400,  -0.02862,  -0.05652,   0.03539,  -0.03682,   0.03046,  -0.04503,  -0.03682,   0.01897,   0.00913,  -0.08934,   0.02226,   0.05344,   0.05016,   0.04523,   0.06821,  -0.04339,  -0.04503,  -0.03682,   0.08954,  -0.01385,   0.01077,  -0.04503,   0.02882,  -0.00236,  -0.04667,  -0.00892,   0.00913,  -0.00072,  -0.04667,   0.00256,  -0.08277,  -0.00400,   0.01241,   0.05672,   0.03867,  -0.06800,  -0.07949,  -0.02533,  -0.04995,   0.00585,   0.00256,   0.01733,   0.01405,   0.00913,   0.06985,  -0.00728,   0.01241,   0.02554,  -0.02698,   0.01733,   0.02390,   0.00913,   0.02062,   0.00749,   0.01569,   0.03867,   0.01897,  -0.02205,   0.02718,  -0.03518,   0.01569,   0.01405,   0.03374,   0.03703,   0.02718,   0.13549,   0.00256,   0.03046,  -0.01056,   0.04851,  -0.06144,  -0.04175,   0.05344,  -0.06636,  -0.04667,   0.06000,   0.04195,  -0.06472,   0.02554,   0.02226,  -0.02369,  -0.00892,  -0.07621,  -0.01713,   0.06492,   0.03046,  -0.08113,  -0.00236,  -0.04831,  -0.01385,   0.02390,   0.06164,  -0.00236,   0.00420,  -0.04175,  -0.02205,  -0.02533,   0.00749,   0.05672,  -0.03190,   0.00420,  -0.02698,  -0.03518,  -0.04010,  -0.00564,  -0.01877,  -0.01877,   0.01077,  -0.04339,  -0.02369,  -0.02862,   0.00913,   0.04359,   0.05180,   0.01733,  -0.04010,  -0.01549,   0.00256,   0.03046,   0.04687,  -0.08277,   0.02554,   0.03374,   0.00256,   0.00092,  -0.04995,  -0.00072,   0.02226,   0.05344,   0.03374,   0.03703,  -0.03190,  -0.01056,   0.04031,   0.04523,  -0.09426,   0.03867,   0.01733,   0.01733,   0.10103,   0.03867,   0.01897,  -0.03354,  -0.07457,   0.00420,  -0.00400,   0.02554,  -0.04010,   0.01569,  -0.07129,   0.04523,   0.01405,   0.06492,   0.03374,   0.03867,   0.02882,   0.03539,  -0.01221,   0.04195,  -0.01713,  -0.03190,   0.01241,   0.00585,   0.00913,  -0.03518,  -0.04667,  -0.00400,   0.07477,   0.06164,  -0.06472,   0.08954,   0.09282,  -0.01385,  -0.06308,   0.08954,   0.01733,   0.01405,  -0.03026,  -0.00728,   0.01897,   0.05180,  -0.00072,  -0.03190,  -0.05652,   0.01897,   0.01897,   0.02718,  -0.02698,  -0.00236,  -0.07621,  -0.01056,   0.05508,  -0.02862,  -0.01385,  -0.04667,   0.07969,  -0.02862,  -0.05980,  -0.00072,  -0.07293,   0.05180,   0.07969,  -0.04010,  -0.04175,  -0.06308,  -0.00728,   0.03703,  -0.04995,   0.02390,  -0.00564,  -0.00072,  -0.04503,   0.01569,   0.03210,   0.10267,   0.01897,  -0.05323,  -0.02862,  -0.03518,  -0.04831,  -0.00400,   0.04359,  -0.02205,   0.02554,   0.02554,  -0.04667,  -0.01056,   0.02718,  -0.01549,   0.06492,   0.01897,   0.01077,  -0.04175,   0.05016,  -0.03354,   0.01241,   0.05016,  -0.01713,  -0.00728,   0.04523,   0.03539,   0.00256,   0.00420,  -0.00400,   0.00913,  -0.01385,   0.05508
   0.07149,   0.01733,   0.05836,  -0.04339,   0.06328,   0.02882,   0.00749,   0.03210,  -0.05816,   0.00420,   0.03374,  -0.04339,  -0.01385,   0.00585,  -0.01385,   0.00913,  -0.04339,  -0.04339,  -0.05980,  -0.04503,   0.00092,   0.09118,   0.02062,  -0.00564,   0.01569,  -0.02369,  -0.00892,   0.08462,  -0.01056,  -0.04995,   0.01405,  -0.04995,   0.03539,   0.07969,   0.07313,  -0.07949,  -0.03682,  -0.01056,   0.00913,   0.06328,   0.03046,  -0.01549,  -0.00400,  -0.05487,  -0.07949,   0.04523,  -0.07129,  -0.05816,   0.01897,  -0.04010,  -0.02041,  -0.06636,   0.02718,   0.09775,   0.00749,   0.00256,   0.04031,   0.01077,  -0.03682,  -0.04995,  -0.03518,  -0.02205,  -0.03354,  -0.03190,   0.04851,   0.01569,  -0.03190,   0.03539,  -0.05487,  -0.03518,  -0.02369,   0.00420,   0.02882,   0.08790,   0.04031,   0.05672,  -0.00236,   0.06164,   0.01405,  -0.04010,   0.05672,   0.03539,   0.04359,   0.00749,  -0.01221,  -0.00072,   0.01569,  -0.06308,  -0.05980,   0.01405,  -0.01877,  -0.01385,   0.08954,  -0.00072,  -0.01713,   0.03046,   0.04195,   0.02226,   0.02226,  -0.01549,  -0.01877,  -0.05323,   0.04523,  -0.09262,   0.00256,   0.02390,  -0.03026,  -0.04339,  -0.02533,  -0.02041,  -0.02205,   0.00256,   0.00913,  -0.00728,  -0.06144,   0.01897,  -0.00400,  -0.00400,   0.06328,   0.01241,   0.05344,   0.02554,   0.01241,   0.07641,   0.05672,  -0.01549,   0.07477,   0.02882,   0.05016,   0.08298,   0.01077,  -0.06800,  -0.04831,  -0.01713,  -0.06636,  -0.00236,  -0.06800,  -0.03354,  -0.06308,  -0.05159,  -0.01713,  -0.00072,   0.05344,   0.04195,   0.01897,   0.06164,   0.07313,   0.10431,   0.00420,  -0.06144,  -0.02698,   0.00420,  -0.00564,  -0.02369,   0.01241,  -0.04010,   0.01077,   0.04359,   0.02226,  -0.00728,   0.05016,   0.03539,   0.01733,  -0.05980,   0.02390,  -0.01056,  -0.03518,  -0.01877,  -0.03682,  -0.03026,   0.02882,   0.02226,  -0.00400,  -0.03026,   0.04851,   0.00256,   0.04031,  -0.03518,  -0.00400,   0.00749,  -0.01221,  -0.02205,  -0.03354,  -0.01713,   0.08462,   0.00420,  -0.00400,  -0.00072,   0.01897,  -0.05323,  -0.08277,  -0.04010,   0.01733,  -0.02041,   0.00749,   0.01405,  -0.00892,  -0.01877,   0.07969,   0.01241,  -0.00892,  -0.01221,   0.02226,   0.11580,   0.04687,   0.04687,   0.01569,  -0.01877,   0.07313,   0.01405,  -0.04667,  -0.04831,   0.01733,  -0.04995,   0.02882,  -0.01056,  -0.01549,  -0.04831,  -0.06144,   0.01241,   0.06821,   0.01733,  -0.00236,   0.02226,   0.01241,   0.00256,   0.00749,  -0.09426,  -0.07293,   0.02882,  -0.03354,   0.00913,   0.02554,   0.06328,  -0.00236,  -0.04503,   0.00092,   0.01733,   0.04359,   0.09939,   0.05508,   0.01569,   0.03539,  -0.02698,   0.10759,  -0.03026,   0.01733,   0.06328,  -0.05323,  -0.03518,   0.03374,   0.12565,   0.04851,   0.06328,  -0.05980,  -0.02369,   0.03703,  -0.00564,   0.03539,  -0.05323,  -0.09262,  -0.07457,   0.05180,   0.00585,   0.03046,  -0.05159,   0.04687,  -0.01877,   0.06164,   0.04523,   0.04687,   0.00256,  -0.07785,  -0.01549,   0.01733,   0.01405,   0.03703,  -0.06964,   0.04851,  -0.05816,  -0.00728,  -0.07293,  -0.04831,   0.02226,  -0.05816,  -0.07129,  -0.02698,  -0.06308,   0.05344,  -0.07457,  -0.02533,  -0.06144,   0.00585,  -0.03682,  -0.04995,  -0.04503,   0.02226,   0.04031,  -0.09098,  -0.03354,   0.00749,  -0.01549,  -0.04667,   0.01405,   0.04687,  -0.04667,   0.02718,   0.02062,  -0.00236,   0.01241,   0.02226,   0.01733,  -0.00892,  -0.01056,   0.02226,   0.00913,   0.00092,  -0.02041,   0.02226,   0.09446,   0.00749,   0.00913,   0.01733,  -0.00892,   0.03210,  -0.02369,  -0.00564,  -0.03846,   0.02554,  -0.02698,  -0.05980,   0.02718,   0.03867,   0.00749,   0.01897,   0.03046,   0.03210,   0.02226,  -0.03026,   0.04031,   0.03210,  -0.03026,  -0.02369,   0.00585,   0.09611,   0.06164,  -0.00892,  -0.07129,  -0.00236,   0.05180,  -0.05323,  -0.07621,   0.01077,   0.00749,  -0.03846,   0.00092,  -0.06964,   0.00092,   0.05508,  -0.02369,  -0.01221,   0.05836,   0.05508,  -0.03190,  -0.00728,   0.02718,   0.02390,  -0.04667,   0.00092,  -0.07785,   0.02718,   0.00420,   0.05508,   0.01569,  -0.06800,   0.03210,  -0.00400,   0.08298,   0.02390,  -0.02533,  -0.01385,  -0.04339,   0.01241,  -0.03190,  -0.02041,  -0.00400,  -0.07785,  -0.08277,  -0.02205,  -0.02041,  -0.07293,   0.01077,  -0.04010,  -0.04339,   0.00913,   0.00913,  -0.01385,   0.03867,   0.01569,  -0.07621,   0.05672,  -0.02862,  -0.04010,  -0.00400,   0.06000,   0.11088,   0.06492,   0.02062,  -0.02205,   0.02226,   0.00749,   0.07149,   0.02226,  -0.00728,   0.03210,  -0.00236,  -0.03026,   0.04195,  -0.03682,  -0.02533,  -0.01549,  -0.04831,  -0.02205,   0.01897,  -0.01877,   0.05836,  -0.03190,  -0.04339,   0.01241,  -0.05652,  -0.02369,   0.04359,  -0.02698,  -0.09918,  -0.00072,  -0.04175,  -0.04010,   0.01733,   0.00749,  -0.02369,  -0.01056,  -0.08441,  -0.01877,   0.03539,  -0.01056,  -0.02862,   0.03703,   0.03374,  -0.00892,  -0.02205,   0.03046,   0.00256,  -0.00236,   0.02718,  -0.00400,   0.00256,   0.02062,   0.01077,   0.00585,   0.00092,  -0.03518,   0.08298,  -0.01056,  -0.01385,   0.00749,   0.01569,   0.00092,  -0.00564,   0.03539,  -0.07293,   0.01405,  -0.00564,   0.00092,   0.06821,   0.05016,   0.04031,   0.01733,   0.05672,  -0.03846,  -0.00400,  -0.08277,   0.03539,   0.05836,   0.00092,   0.01077,  -0.02205,  -0.05159,  -0.04667,   0.00585,   0.05016,  -0.04010,  -0.04175,  -0.01549,  -0.05816,  -0.02041,   0.01733,   0.07641,   0.11744,  -0.05323,   0.01733,  -0.05816,  -0.00400,  -0.02533,  -0.01877,   0.05016,   0.02718,  -0.02698,   0.01569,   0.03703,   0.00749,  -0.01056,   0.01405,  -0.00892,  -0.06308,  -0.00236,   0.01077,   0.05016,  -0.02369,  -0.04667,  -0.03190,   0.07641,   0.01733,   0.01733,   0.03046,   0.04523,   0.05016,   0.02882,  -0.09262,   0.03539,  -0.04503,   0.03374,  -0.01549,  -0.03190,  -0.00564,  -0.02533,   0.03046,   0.01897,  -0.04667,  -0.06308,  -0.02205,  -0.06308,  -0.01221,  -0.00564,  -0.02862,   0.09939,  -0.04831,   0.02226,   0.09775,   0.06000,   0.00420,   0.00749,   0.05344,   0.02062,  -0.00072,  -0.02205,  -0.07129,  -0.01056,  -0.02205,  -0.05652,   0.10431,  -0.00236,   0.02062,  -0.04175,  -0.06308,  -0.03026,   0.02226,  -0.02862,  -0.02369,  -0.04010,   0.06985,  -0.00400,  -0.00892,  -0.00892,  -0.05159,  -0.05487,  -0.03846,   0.02062,  -0.07621,  -0.03518,   0.00585,   0.05836,  -0.00728,  -0.03682,   0.00585,  -0.01877,   0.02062,  -0.03518,  -0.03354,   0.08626,  -0.06636,   0.01569,  -0.00728,   0.04687,   0.08298,  -0.01221,  -0.04667,  -0.06800,  -0.01056,  -0.02205,   0.03210,  -0.04010,   0.04687,   0.04195,  -0.01549,   0.03210,  -0.01549,  -0.06800,  -0.01385,   0.04359,  -0.01056,  -0.00728,   0.02554,  -0.03026,  -0.03518,  -0.01056,  -0.00072,   0.05016,  -0.00400,   0.02554,   0.02390,   0.02390,  -0.01713,   0.00420,  -0.01385,   0.03867,   0.07477,   0.00092,   0.00749,   0.03703,  -0.04995,  -0.02205,  -0.01713,   0.00913,  -0.00236,   0.03374,   0.01569,  -0.03518,  -0.02862,   0.01569,   0.03703,   0.03867,   0.02882,   0.07969,  -0.04010,  -0.00400,   0.00256,  -0.06144,  -0.00728,   0.00420,   0.01897,  -0.02041,  -0.04175,  -0.09098,  -0.04667,   0.04195,   0.00256,  -0.03026,  -0.01221,   0.03539,   0.05672,  -0.04010,   0.06492,  -0.02698,  -0.06144,  -0.01713,  -0.00892,  -0.02041,   0.02062,  -0.02369,   0.07313,  -0.01713,  -0.06964,   0.01405,   0.01405,   0.01897,  -0.03518,  -0.04503,  -0.00728,  -0.04995,   0.05344,  -0.03518,   0.03867,   0.00420,   0.03374,   0.07313,   0.03539,  -0.05487,  -0.01056,   0.02554,   0.07477,  -0.01385,  -0.03026,  -0.02041,  -0.00072,   0.06000,  -0.03846,   0.02554,  -0.04503,   0.00913,  -0.04831,   0.02226,   0.03374,  -0.05323,  -0.05652,  -0.02533,  -0.06636,  -0.04175,   0.01569,  -0.07129,  -0.01713,   0.01897,   0.07805,   0.03046,   0.05016,  -0.00892,   0.00256,  -0.00400,  -0.01221,  -0.04175,   0.06821,   0.01569,  -0.06144,   0.00256,  -0.00564,  -0.06800,   0.02062,  -0.01877,   0.00913,  -0.04175,  -0.02369,   0.06328,  -0.02533,  -0.02533,  -0.04175,  -0.01549,  -0.01221,  -0.07785,   0.06657,  -0.06636,   0.00585,  -0.03518,  -0.01549,   0.01405,  -0.02533,  -0.04339,   0.00585,   0.03210,  -0.08770,  -0.02041,   0.04031,  -0.02862,  -0.08770,   0.04195,  -0.08770,   0.00749,   0.00585,   0.00749,   0.05344,   0.00913,   0.03867,   0.00913,   0.01077,   0.01733,   0.00420,  -0.02698,   0.03374,  -0.03354,  -0.04339,   0.00420,  -0.02533,  -0.04667,   0.00913,  -0.07949,   0.01733,   0.04359,  -0.05980,  -0.04503,   0.04523,   0.02718,  -0.01056,  -0.03026,  -0.08277,  -0.00892,  -0.04339,  -0.04010,   0.00913,   0.01241,   0.00585,   0.07313,  -0.03846,  -0.08113,  -0.02369,  -0.00400,  -0.03354,  -0.06964,   0.01405,   0.04195,  -0.01877,   0.05016,  -0.05652,   0.01733,  -0.03190,  -0.04010,   0.00585,  -0.01056,  -0.03354,   0.02554,   0.09282,  -0.04339,   0.01897,  -0.02369,  -0.01385,  -0.02698,   0.02390,  -0.03518,  -0.01385,   0.04687,  -0.06144,  -0.09262,  -0.02533,  -0.01877,  -0.05487,  -0.01713,   0.03539,   0.01733,   0.07969,  -0.02533,  -0.05487,   0.02062,  -0.01385,   0.03374,  -0.00400,   0.03046,   0.08134,  -0.03354,  -0.00072,  -0.00072,   0.01897,  -0.10903,   0.02882,   0.01897,   0.03867,   0.01241,  -0.02698,  -0.08113,  -0.01877,  -0.03354,   0.02226,   0.00913,  -0.03190,   0.01077,   0.00585,  -0.04831,  -0.00072,   0.00420,  -0.00400,   0.01405,  -0.06472,   0.00913,   0.04687,  -0.01713,  -0.05652,  -0.02369,  -0.00072,  -0.03026,  -0.03846,   0.04359,  -0.01221,   0.00913,  -0.05159,   0.00256,  -0.00564,   0.00092,   0.01897,  -0.00728,   0.04195,  -0.09262,   0.07149,  -0.02205,  -0.12872,  -0.04831,   0.02226,  -0.03846,  -0.00400,   0.01897,  -0.04339,  -0.04010,  -0.00728,   0.03374,   0.07641,   0.04851,   0.05016,  -0.04667,   0.03867,   0.02882,  -0.00400,  -0.05487,   0.01077,   0.00256,   0.00092,  -0.00892,  -0.03026,   0.00585,   0.04359,   0.02554,   0.08462,   0.01405,   0.00420,   0.03539,   0.00092,   0.01569,   0.01897,   0.04687,   0.02554,   0.02226,  -0.03190,   0.00749,   0.02062,   0.09611,   0.06164,  -0.04503,  -0.06800,  -0.02533,  -0.05487,  -0.04667,   0.01733,   0.02554,   0.03867,  -0.00728,  -0.01549,   0.00420,   0.07969,  -0.06636,   0.04195,  -0.08441,   0.06328,   0.01569,  -0.02698,  -0.00564,   0.02390,   0.03374,   0.01077,  -0.03026,   0.01733,   0.09446,  -0.01221,  -0.01549,   0.08954,   0.02226,  -0.02862,  -0.02533,  -0.02533,  -0.04503,   0.01405,  -0.00236,  -0.01549,   0.02554,  -0.01056,  -0.03026,  -0.03190,  -0.01385,   0.04195,   0.03046,   0.00420,   0.03867,   0.04851,  -0.03518,   0.07149,  -0.06472,   0.03374,   0.00585,   0.06657,  -0.00892,  -0.09098,  -0.03846,   0.03210,  -0.01549,  -0.00564,  -0.03354,  -0.01713,   0.03374,  -0.01056,  -0.00728,   0.00256,  -0.02041,  -0.03682,  -0.04831,  -0.06144,   0.03046,   0.00420,   0.08626,   0.07969,   0.02062,  -0.02041,   0.04031,   0.04359,  -0.05980,   0.10595,  -0.04667,  -0.05816,   0.01569,  -0.02698,  -0.02205,  -0.03518,  -0.01549,  -0.03354,  -0.02041,   0.02882,  -0.03190,   0.02554,  -0.01549,  -0.01713,  -0.02862,   0.00092,   0.01405,   0.00092,  -0.01877,  -0.04667,   0.00585,  -0.00728,   0.01241,   0.03210,   0.00420,   0.02882
  -0.02862,  -0.00236,  -0.03190,  -0.02369,  -0.03354,   0.00420,   0.04851,   0.02718,   0.00749,   0.02062,  -0.01385,  -0.06472,   0.02062,   0.06821,  -0.04010,   0.04687,   0.02226,   0.08134,  -0.06800,   0.02390,  -0.01056,  -0.00236,  -0.03190,  -0.04667,  -0.04175,  -0.01056,   0.00420,   0.04523,  -0.07129,   0.01733,   0.02062,  -0.05323,  -0.02041,   0.10595,  -0.03026,   0.02062,   0.06492,  -0.01713,  -0.07293,  -0.01549,  -0.02533,   0.06164,  -0.03354,   0.00256,  -0.10739,  -0.02205,  -0.05652,   0.06000,  -0.05816,  -0.05816,   0.00092,  -0.08770,  -0.03682,   0.04031,   0.00913,  -0.01549,   0.02718,   0.06657,  -0.04503,  -0.00728,   0.09939,   0.01077,  -0.02698,   0.06164,  -0.08605,  -0.01549,  -0.04339,  -0.01221,  -0.04010,  -0.01221,   0.00092,  -0.07129,  -0.02533,  -0.00236,   0.01405,  -0.05323,   0.00749,  -0.00236,   0.00420,  -0.06800,  -0.00892,   0.02062,   0.00420,  -0.04995,   0.03046,   0.02226,  -0.05323,   0.01405,   0.01405,  -0.00892,   0.06985,   0.03046,   0.02718,  -0.06964,  -0.01056,  -0.08605,   0.02390,  -0.06308,  -0.03846,  -0.04503,   0.00256,  -0.00072,  -0.00400,  -0.03682,  -0.04667,   0.00913,   0.03867,  -0.03190,  -0.00728,  -0.00072,  -0.04667,  -0.03846,   0.02718,   0.00256,   0.02882,   0.05508,  -0.04339,   0.05180,  -0.06964,  -0.01056,  -0.01221,   0.04687,  -0.06800,   0.02554,   0.03210,   0.00420,   0.03539,   0.02554,  -0.02533,   0.05508,   0.00420,  -0.00892,   0.04523,   0.02882,   0.00256,   0.03374,  -0.02369,  -0.02533,   0.00092,   0.03210,  -0.04667,  -0.06800,   0.11252,   0.03374,  -0.02369,   0.04195,  -0.05323,  -0.03190,   0.01405,  -0.03190,   0.03867,   0.03703,   0.02718,   0.06657,   0.01077,  -0.01549,   0.03703,   0.03046,  -0.02041,   0.02390,  -0.01549,   0.00913,   0.01241,   0.02882,   0.04031,  -0.01549,  -0.01877,   0.02226,  -0.09426,  -0.01385,   0.06821,   0.09446,  -0.00400,  -0.05652,   0.01733,   0.00913,   0.02390,  -0.01385,   0.02882,  -0.05323,  -0.01549,   0.03210,  -0.04667,   0.02062,   0.02390,   0.03867,   0.09939,   0.02390,  -0.04339,  -0.05652,  -0.01713,   0.03867,   0.05836,   0.00420,   0.00092,  -0.01056,  -0.00564,  -0.05816,  -0.07949,   0.02554,   0.01077,  -0.02205,   0.04851,  -0.00892,  -0.01056,  -0.02862,  -0.02533,   0.00256,  -0.05323,  -0.04831,   0.04195,  -0.03354,  -0.01221,   0.02718,  -0.03846,  -0.03354,  -0.03354,  -0.11395,  -0.05816,   0.01569,   0.02062,  -0.00892,  -0.01385,  -0.01549,   0.00749,   0.00749,  -0.00892,   0.02882,  -0.08770,   0.00256,  -0.04339,   0.04687,  -0.02041,  -0.03518,   0.06492,  -0.02205,   0.02554,   0.08298,   0.02226,   0.06164,   0.07641,   0.06657,  -0.01221,  -0.03190,   0.02882,  -0.00728,  -0.03846,  -0.00400,   0.00256,  -0.02533,  -0.05980,  -0.05487,   0.00092,  -0.03846,   0.05344,  -0.04339,  -0.00892,  -0.04995,   0.02062,   0.02554,  -0.03026,  -0.05159,   0.00092,  -0.05323,   0.01897,   0.02554,   0.04195,   0.00749,  -0.01221,  -0.00728,   0.02882,   0.04523,  -0.04010,  -0.05323,  -0.01056,   0.07477,   0.01077,  -0.01877,   0.04031,   0.10431,   0.02226,  -0.03518,   0.03046,  -0.00072,  -0.06144,  -0.05487,  -0.05159,  -0.02369,  -0.02041,  -0.02533,  -0.02205,  -0.03682,   0.03046,  -0.10575,   0.06000,   0.03539,   0.00913,   0.00420,   0.05836,  -0.05487,  -0.00892,  -0.05323,   0.03046,   0.07477,   0.05672,  -0.00236,  -0.01549,  -0.10411,  -0.02205,  -0.05652,   0.01405,   0.01897,   0.15847,   0.08298,  -0.09590,   0.02062,   0.04195,   0.01241,  -0.02205,   0.01897,   0.03703,  -0.06308,   0.03539,  -0.01877,  -0.07621,  -0.05652,  -0.09754,  -0.02862,  -0.02533,   0.00420,  -0.00728,   0.05016,   0.10759,   0.03539,   0.07149,   0.01569,  -0.02369,   0.03374,   0.05344,   0.05016,   0.03703,   0.03703,  -0.00236,  -0.03518,  -0.04339,  -0.00564,   0.00585,  -0.06308,  -0.06308,   0.01897,  -0.01221,  -0.01221,   0.07969,   0.09118,  -0.00564,   0.03046,   0.04359,   0.07969,  -0.01221,   0.07641,   0.02718,   0.01405,  -0.01877,   0.00256,   0.01241,  -0.03518,   0.01733,   0.03210,   0.02062,   0.00256,   0.02882,  -0.01549,   0.00749,   0.01733,  -0.01877,   0.03539,  -0.00728,   0.02390,  -0.04010,   0.02882,  -0.04995,  -0.01056,   0.04687,  -0.02533,   0.03210,  -0.01385,  -0.04339,  -0.12708,  -0.03190,  -0.05159,  -0.06472,  -0.00236,  -0.00892,  -0.04010,  -0.02041,  -0.01877,   0.00092,   0.01241,   0.02554,  -0.00892,  -0.01056,  -0.01549,  -0.02862,  -0.00400,  -0.04339,   0.02226,   0.00585,  -0.04010,   0.02718,  -0.01713,   0.00585,  -0.03354,   0.00913,   0.00585,   0.00092,  -0.04339,   0.13385,  -0.02369,   0.03703,  -0.02369,   0.00749,  -0.02698,   0.01569,  -0.01385,  -0.05323,  -0.01056,   0.02882,  -0.08770,   0.05836,   0.01241,  -0.01385,  -0.02533,   0.01733,   0.04851,  -0.01549,   0.05016,   0.12236,  -0.00728,   0.01569,   0.05672,  -0.01549,   0.02554,   0.05672,   0.01569,  -0.00728,   0.02226,   0.03867,  -0.03682,  -0.01056,  -0.05816,   0.02390,  -0.02862,  -0.05816,   0.06657,  -0.05487,  -0.02862,  -0.00072,   0.00092,   0.02718,   0.03210,  -0.06308,   0.02226,   0.01241,  -0.02698,   0.11580,   0.02062,   0.03703,   0.02390,   0.02882,   0.05180,   0.00420,  -0.03026,   0.02882,  -0.02533,  -0.05652,  -0.05323,   0.08626,  -0.05159,  -0.01549,  -0.03026,   0.06328,  -0.04503,  -0.03354,   0.03539,   0.04359,   0.03210,   0.00256,  -0.02369,  -0.04831,  -0.07293,   0.04687,   0.04195,   0.05180,  -0.01877,  -0.01713,   0.00420,  -0.00892,  -0.08113,   0.03867,  -0.01385,  -0.01221,   0.00420,   0.06492,  -0.03682,  -0.06472,  -0.04667,   0.05508,   0.00585,  -0.00236,   0.02062,   0.09282,   0.03374,   0.01897,  -0.02205,  -0.05323,  -0.00892,  -0.04503,  -0.01877,   0.07149,  -0.04010,   0.03210,  -0.06308,   0.00420,   0.02062,   0.01241,   0.01405,  -0.02205,   0.01077,   0.03374,   0.01569,   0.03046,   0.06821,   0.03703,  -0.04339,  -0.05159,  -0.01056,  -0.05159,  -0.00564,   0.01733,   0.01405,  -0.01549,  -0.04339,   0.03703,   0.01569,   0.04031,  -0.02533,   0.04851,   0.01733,   0.01733,  -0.11559,   0.07477,  -0.00400,   0.07313,  -0.03518,  -0.03846,   0.02390,   0.05836,   0.07477,  -0.05980,  -0.07129,  -0.08441,  -0.05323,   0.02882,  -0.04667,   0.06821,  -0.02205,   0.04687,   0.00420,   0.04851,  -0.03518,  -0.03518,   0.01405,  -0.00400,   0.05180,   0.04195,  -0.00236,  -0.00236,   0.05016,   0.01897,   0.04031,  -0.01221,  -0.02205,   0.02554,   0.07149,  -0.01221,   0.03703,  -0.00236,   0.02718,   0.05508,  -0.02041,   0.01405,   0.01241,   0.01569,   0.08626,   0.05344,  -0.07293,   0.05836,  -0.02369,   0.00749,  -0.04010,  -0.01221,  -0.04831,   0.11088,   0.01733,  -0.01056,  -0.04175,   0.03374,   0.07641,  -0.04175,   0.06000,  -0.02041,   0.01569,   0.04031,   0.02390,   0.00256,  -0.08441,  -0.01713,  -0.01056,  -0.02533,  -0.08605,   0.02718,  -0.05816,  -0.08770,  -0.00072,   0.00420,   0.00913,  -0.00072,  -0.02698,   0.01897,  -0.05652,   0.00256,  -0.00564,   0.02882,  -0.04667,  -0.01713,   0.00092,   0.00749,   0.02554,   0.01733,   0.05672,  -0.05487,  -0.02041,  -0.06144,  -0.05816,   0.00913,  -0.02862,   0.01733,  -0.05487,  -0.02041,   0.00585,  -0.05816,   0.02718,  -0.02369,   0.00420,  -0.02041,   0.00749,  -0.05652,  -0.03518,   0.02226,  -0.04667,  -0.03190,  -0.05487,  -0.00728,  -0.00400,  -0.03682,  -0.02205,   0.04195,  -0.07293,  -0.03518,   0.04851,   0.02882,   0.03867,  -0.03354,  -0.03026,   0.04851,  -0.00892,  -0.00728,   0.01569,   0.02718,  -0.12380,  -0.00892,  -0.01877,  -0.02862,   0.08462,   0.01077,   0.04359,   0.02390,   0.02062,   0.06000,   0.05672,  -0.02205,   0.02062,  -0.02041,  -0.00236,   0.05016,   0.06657,  -0.01056,   0.00092,   0.03867,  -0.04010,   0.06657,  -0.02369,  -0.04339,   0.02718,   0.02062,  -0.09918,   0.01241,  -0.03846,   0.01405,   0.03703,  -0.06144,  -0.01056,   0.00092,   0.05508,  -0.07457,   0.04031,   0.00585,  -0.02862,   0.00913,   0.05180,   0.06492,   0.09446,   0.02554,  -0.01549,   0.01569,  -0.02698,  -0.01221,   0.00585,  -0.10082,   0.04523,   0.02718,  -0.06964,   0.02882,  -0.03518,   0.02062,   0.02882,  -0.01877,   0.02718,   0.01733,   0.03539,   0.00092,   0.01405,   0.03867,   0.00585,  -0.01385,  -0.04995,   0.00913,   0.02718,  -0.01713,  -0.05816,  -0.04339,   0.03046,   0.11744,  -0.02041,  -0.03190,  -0.02533,  -0.02533,  -0.07129,   0.05836,  -0.01549,   0.04687,   0.05016,  -0.05980,   0.02390,  -0.07293,   0.02554,  -0.02533,  -0.05323,  -0.01056,  -0.07129,  -0.05816,   0.04851,   0.06821,  -0.00564,  -0.04995,  -0.07785,   0.05344,  -0.04010,  -0.07457,   0.07641,  -0.00564,   0.04687,   0.06985,   0.08462,  -0.05980,   0.04359,   0.05836,  -0.04667,  -0.11395,   0.05672,  -0.02205,   0.01733,   0.01569,  -0.03354,   0.01897,  -0.04995,   0.04359,  -0.03354,  -0.04503,   0.01733,  -0.03518,   0.00256,  -0.05323,  -0.04010,  -0.05323,  -0.05159,   0.06164,   0.04523,   0.00420,   0.09611,   0.01897,  -0.02369,  -0.04175,   0.04523,  -0.04010,   0.01405,   0.03046,   0.00913,  -0.03682,  -0.00564,  -0.01385,   0.00256,   0.02882,  -0.00236,  -0.02698,  -0.02041,   0.00420,  -0.02533,   0.04031,   0.01077,  -0.04010,  -0.03026,   0.01241,   0.07313,  -0.04831,   0.00092,   0.03210,  -0.10082,  -0.03354,   0.04359,  -0.00728,   0.04359,  -0.00564,  -0.01713,  -0.02698,  -0.01713,  -0.05159,   0.02554,  -0.01549,   0.03703,  -0.03190,  -0.06964,   0.01405,   0.02882,  -0.03846,  -0.01056,   0.04851,  -0.02041,  -0.07621,   0.00420,   0.09118,  -0.04667,  -0.01877,  -0.05159,   0.02062,  -0.04503,  -0.01549,   0.09282,   0.03703,  -0.04175,   0.01405,  -0.02862,   0.03374,   0.00420,  -0.03026,  -0.03846,   0.06492,   0.09939,   0.02718,  -0.01221,   0.00913,   0.06821,   0.05672,  -0.06472,  -0.04010,  -0.09918,  -0.01221,  -0.03190,   0.01077,  -0.02862,   0.01405,   0.00585,   0.03539,  -0.00564,   0.09775,  -0.03682,   0.03867,   0.01077,  -0.06800,  -0.01385,  -0.00072,  -0.00072,  -0.00892,  -0.00728,   0.08790,   0.00256,   0.03867,  -0.06800,  -0.04010,  -0.04175,   0.00585,  -0.02205,  -0.00072,   0.01897,   0.04523,   0.00256,   0.02226,   0.00092,  -0.02369,   0.00585,  -0.02205,  -0.00236,  -0.06964,  -0.00564,  -0.09590,  -0.03846,  -0.01877,   0.03539,   0.04359,  -0.00564,   0.03539,  -0.01221,  -0.00728,  -0.00236,  -0.01056,  -0.11559,   0.04195,  -0.05980,  -0.00564,  -0.01877,  -0.01221,  -0.10082,   0.07313,   0.02390,   0.01733,  -0.08605,  -0.01713,  -0.02205,  -0.00236,   0.01241,   0.04195,   0.04195,  -0.04339,   0.01569,   0.04523,  -0.04175,   0.00420,   0.03703,  -0.05487,  -0.00072,  -0.02698,   0.04031,   0.05180,   0.04687,  -0.03190,   0.00256,  -0.01056,   0.03867,   0.04851,  -0.07949,   0.00256,   0.02554,  -0.01385,   0.03867,  -0.03026,   0.02390,  -0.02041,  -0.07949,  -0.02862,  -0.02205,  -0.03846,  -0.01549,   0.04031,   0.00092,   0.04359,   0.08298,  -0.04175,   0.00749,   0.00092,  -0.02369,  -0.05652,  -0.04010,   0.03867,   0.02062,   0.07805,   0.12729,  -0.00072,  -0.04175,  -0.03026,  -0.04503,  -0.02533,  -0.03026,  -0.01056,  -0.05487,  -0.00728,  -0.02369,  -0.02205,  -0.04175,   0.05016,   0.00256,   0.00585,  -0.05816,   0.00585,   0.01733,   0.04195,   0.01077,   0.04195,  -0.01221,   0.01569,  -0.00400,   0.03867,   0.10595,  -0.02862,  -0.04175
   0.02390,  -0.03682,   0.00585,  -0.01056,  -0.06472,  -0.03190,  -0.02205,   0.00585,  -0.02533,  -0.07949,  -0.01056,   0.00585,  -0.00728,   0.04687,   0.02554,   0.03703,   0.00585,   0.01733,  -0.03190,   0.05016,  -0.01385,  -0.00728,  -0.07457,   0.03703,  -0.04339,  -0.00564,  -0.04995,   0.01569,  -0.01221,   0.01569,   0.03374,  -0.04667,  -0.01877,   0.02390,  -0.01877,   0.06328,  -0.04175,   0.02554,   0.03703,   0.04687,  -0.02041,  -0.05980,   0.00420,   0.03374,   0.03703,   0.04687,  -0.05487,  -0.00400,   0.02390,  -0.03682,   0.02882,   0.02718,   0.04687,  -0.02533,   0.05344,   0.01241,   0.05180,   0.02718,  -0.02369,  -0.07129,   0.00256,  -0.08277,   0.07805,   0.01897,  -0.00072,   0.00585,  -0.02041,   0.07149,   0.01241,   0.03046,   0.00420,  -0.02533,  -0.03190,  -0.04175,   0.01569,  -0.02369,  -0.01549,  -0.04503,   0.00749,   0.06657,   0.05180,  -0.04667,  -0.03682,   0.03867,  -0.00892,  -0.03354,   0.02226,   0.01405,  -0.00728,  -0.06964,  -0.01549,   0.03210,   0.02882,  -0.02862,   0.05672,  -0.04339,  -0.09098,  -0.05323,   0.00256,  -0.04667,  -0.04831,   0.10431,   0.01897,  -0.00564,  -0.01385,   0.04523,   0.01733,  -0.00892,   0.02226,   0.01241,   0.03703,  -0.01221,  -0.04995,  -0.02698,   0.01733,   0.02718,  -0.05980,   0.08790,   0.05180,  -0.00400,   0.00585,  -0.01385,   0.02226,  -0.03026,  -0.00072,  -0.05652,   0.01733,   0.00420,   0.01077,  -0.06636,   0.03703,   0.01241,   0.03210,  -0.03190,   0.07477,  -0.00564,  -0.00728,  -0.07621,   0.05836,   0.04523,  -0.01385,   0.04359,   0.03539,  -0.00892,   0.05836,   0.01897,  -0.01713,  -0.00400,   0.00092,  -0.04010,  -0.00892,   0.01241,   0.02226,   0.07477,  -0.00728,  -0.06964,   0.03374,   0.02718,  -0.00236,   0.03210,   0.00092,   0.00749,  -0.04503,   0.06657,  -0.00728,   0.00913,   0.09282,   0.02554,   0.02390,   0.07805,  -0.05652,   0.01733,  -0.01221,  -0.00400,   0.04687,  -0.04339,   0.01405,  -0.04667,   0.04031,   0.00749,   0.08790,  -0.01713,  -0.00564,   0.10267,   0.01405,  -0.01385,  -0.01056,   0.00585,   0.02718,   0.02554,   0.00092,  -0.02041,   0.05672,  -0.02369,   0.02062,   0.01733,  -0.01877,   0.02718,   0.03867,  -0.04339,  -0.04175,  -0.03190,  -0.06800,  -0.01385,  -0.00072,  -0.06636,   0.00092,   0.04687,  -0.06472,  -0.03354,  -0.01549,   0.03046,   0.00420,  -0.04831,   0.01405,  -0.00400,  -0.01549,   0.02718,  -0.01385,   0.06985,   0.06657,   0.02226,  -0.03846,  -0.00564,  -0.00072,  -0.01877,  -0.02533,   0.00585,   0.04359,   0.01405,   0.02554,  -0.02041,  -0.00072,  -0.03846,   0.03374,  -0.03846,  -0.11067,  -0.01877,   0.00913,   0.08790,  -0.04831,  -0.00072,  -0.01385,  -0.02533,   0.05180,  -0.02205,  -0.07293,   0.04687,  -0.00564,  -0.00400,   0.07313,   0.01405,   0.05672,  -0.01549,  -0.05323,  -0.00892,  -0.02698,   0.00585,  -0.00728,   0.00256,  -0.03190,  -0.05652,   0.00749,   0.00585,   0.08626,   0.05344,  -0.03354,   0.00585,   0.04359,  -0.05487,  -0.02862,  -0.01221,  -0.08277,   0.06000,   0.02554,   0.02882,  -0.02698,  -0.02041,  -0.01549,   0.02882,  -0.00236,   0.06492,   0.03046,  -0.00400,   0.01405,   0.00420,   0.01569,  -0.00400,   0.01569,  -0.02041,  -0.03846,  -0.03846,   0.00420,  -0.03026,  -0.06472,   0.03046,  -0.04010,   0.01241,  -0.07129,   0.00092,   0.06164,  -0.00728,   0.04195,   0.00420,   0.00256,   0.01241,   0.00913,  -0.06800,  -0.01385,  -0.01056,   0.02554,  -0.04503,  -0.00400,  -0.01549,   0.03046,  -0.04831,   0.06328,  -0.05159,   0.03374,   0.00913,   0.06985,   0.00092,  -0.01221,  -0.00400,  -0.00400,  -0.03846,   0.00585,   0.06492,  -0.01549,   0.00420,  -0.01385,  -0.01877,   0.05836,  -0.07129,   0.04851,   0.03703,   0.00092,  -0.06308,   0.02062,  -0.05159,   0.02718,   0.00749,  -0.05652,  -0.03354,   0.04523,   0.02718,  -0.02698,   0.01897,  -0.04667,   0.00913,   0.08790,   0.01405,  -0.03682,  -0.02369,   0.03210,  -0.01221,  -0.01056,   0.05344,  -0.02205,   0.08626,   0.01569,   0.00420,  -0.00564,  -0.01221,  -0.04667,  -0.04339,   0.07313,   0.05672,  -0.01713,   0.01077,   0.01405,  -0.01056,   0.05016,  -0.03190,  -0.06636,   0.05836,   0.05016,   0.00749,  -0.04831,   0.00420,  -0.03026,   0.03046,  -0.02041,  -0.01877,  -0.05323,   0.04523,  -0.05487,  -0.01056,  -0.10903,  -0.01713,   0.02718,   0.02226,  -0.06636,  -0.02862,   0.03539,  -0.04339,   0.00420,   0.05344,   0.07313,   0.07149,  -0.01877,   0.02882,   0.04195,   0.04687,  -0.04010,   0.02882,  -0.03190,  -0.08277,  -0.06964,   0.06821,  -0.01221,  -0.00236,  -0.04339,   0.03046,  -0.01877,   0.01077,   0.01405,  -0.10082,   0.09775,   0.01077,   0.00256,  -0.02862,  -0.02369,  -0.05323,  -0.02698,  -0.00072,   0.04687,   0.02226,   0.01569,   0.03046,   0.01241,  -0.02205,   0.02062,  -0.03190,  -0.00728,  -0.03354,   0.08134,   0.04359,   0.02554,   0.06657,  -0.05980,  -0.05323,  -0.03026,  -0.04667,   0.01733,   0.07313,   0.04851,  -0.02533,  -0.00728,   0.00913,   0.00749,   0.02718,  -0.00564,  -0.01877,   0.06821,   0.00420,  -0.03026,   0.03210,  -0.06472,   0.00585,   0.00585,   0.00749,  -0.05816,   0.06328,   0.06985,  -0.01549,  -0.02369,   0.07969,   0.02226,  -0.03846,  -0.10903,  -0.01877,  -0.05159,  -0.07785,  -0.00564,  -0.02041,  -0.09262,   0.05672,  -0.01877,  -0.08934,   0.02718,   0.06000,  -0.02369,  -0.00072,   0.00585,   0.01241,  -0.04995,  -0.04503,  -0.00892,  -0.04667,  -0.03354,   0.02718,   0.00420,  -0.04667,   0.03867,  -0.00728,   0.00420,  -0.00564,   0.00092,   0.01241,  -0.00728,  -0.01056,   0.08462,  -0.00400,  -0.02698,   0.01077,  -0.01221,   0.08462,  -0.05816,   0.00256,  -0.01877,  -0.01713,  -0.02041,   0.00092,  -0.02369,   0.07805,  -0.04831,   0.00749,   0.02718,  -0.01221,   0.01569,   0.03539,  -0.01221,   0.01897,   0.01897,   0.00256,  -0.02205,   0.06164,  -0.02369,  -0.10082,  -0.10247,   0.01241,   0.02226,   0.09775,  -0.01549,  -0.02205,  -0.01713,  -0.00072,   0.02062,   0.02882,  -0.00564,   0.08134,  -0.01056,  -0.03354,   0.03046,  -0.04995,   0.09282,  -0.00728,   0.01405,   0.06328,   0.03539,  -0.01221,   0.03046,  -0.02205,   0.00585,  -0.01877,  -0.01385,   0.01733,  -0.01877,  -0.01713,   0.08134,  -0.04010,   0.03210,  -0.01549,  -0.08934,   0.01569,   0.08462,  -0.00564,  -0.01385,  -0.04995,   0.02718,  -0.00072,   0.02554,   0.01897,   0.08954,  -0.00728,  -0.03026,  -0.02369,  -0.00400,  -0.03026,   0.06328,   0.01897,   0.03210,  -0.04503,  -0.02369,  -0.00400,  -0.01549,  -0.04175,   0.03867,  -0.04339,  -0.03518,  -0.01056,   0.03703,   0.01241,  -0.04667,  -0.07785,  -0.00728,   0.02390,  -0.02533,  -0.06472,  -0.00236,   0.07313,   0.04687,   0.05344,  -0.01221,   0.00913,   0.00092,   0.00585,  -0.01877,  -0.02369,   0.01897,   0.03374,   0.03374,   0.00256,   0.01569,   0.09939,   0.00420,   0.00256,  -0.01549,   0.01569,  -0.05487,   0.04523,  -0.05980,  -0.06308,  -0.03190,   0.07149,  -0.04175,   0.05836,  -0.00400,  -0.00892,   0.07313,   0.01405,   0.00256,  -0.10082,  -0.05487,  -0.02862,   0.03867,   0.01897,  -0.00072,  -0.00564,  -0.00400,  -0.00564,  -0.00236,  -0.01221,  -0.03026,   0.05344,   0.02390,   0.02554,  -0.11231,  -0.03518,   0.01897,  -0.04503,   0.01077,  -0.05159,   0.05508,   0.03046,  -0.02041,   0.05672,  -0.05487,   0.03539,  -0.00892,  -0.08770,   0.01241,   0.03210,  -0.01877,  -0.03682,  -0.00564,  -0.04995,   0.02554,   0.02390,  -0.01056,   0.03703,   0.00749,   0.01077,  -0.01877,   0.00913,  -0.00072,  -0.00072,  -0.02698,  -0.01221,   0.02226,  -0.00236,  -0.02862,   0.04851,   0.04687,  -0.05980,   0.02554,   0.03539,  -0.07457,   0.07805,   0.00749,  -0.00892,   0.07477,  -0.00236,  -0.08441,   0.03703,  -0.01713,  -0.04339,  -0.01221,  -0.00072,   0.02062,  -0.00892,  -0.00236,   0.03210,  -0.04831,   0.03539,  -0.03190,  -0.04339,  -0.00072,   0.00749,   0.01569,   0.07313,   0.02554,  -0.02205,   0.01897,  -0.07457,   0.00585,  -0.03026,  -0.00400,   0.01405,   0.07805,   0.03374,  -0.00236,  -0.03682,  -0.02698,  -0.01056,  -0.06308,  -0.06472,  -0.03518,   0.02226,  -0.04010,  -0.00892,   0.01897,   0.03210,  -0.03682,  -0.00892,   0.03046,   0.04359,  -0.03026,   0.03867,  -0.09262,  -0.00564,   0.03046,   0.02226,  -0.00400,   0.03374,   0.01897,   0.03539,  -0.07621,   0.01569,   0.06657,  -0.00400,  -0.02205,   0.03539,  -0.04503,   0.00749,   0.00092,   0.00585,   0.03703,  -0.01385,   0.04851,  -0.04503,   0.06328,   0.04851,  -0.07457,  -0.04010,   0.06985,  -0.08605,   0.03539,   0.05508,  -0.02369,  -0.00728,  -0.00072,   0.02554,  -0.03190,   0.04195,   0.07313,   0.01241,   0.02554,   0.04687,  -0.13693,  -0.00072,   0.06164,   0.00420,  -0.00236,   0.01733,  -0.04995,   0.07805,  -0.00892,  -0.00892,  -0.01549,   0.06985,   0.00256,   0.03867,   0.01405,   0.00749,   0.01241,  -0.11559,   0.03374,   0.00585,  -0.06308,  -0.05816,  -0.05323,   0.02390,  -0.05487,  -0.04010,  -0.00236,  -0.00892,   0.03210,   0.00256,  -0.00400,  -0.05816,   0.07313,  -0.03518,  -0.01713,   0.00585,   0.00092,  -0.04995,   0.02390,  -0.01056,   0.02554,   0.00749,  -0.00728,   0.03374,  -0.06472,   0.04031,  -0.00892,  -0.02533,   0.00092,   0.02226,  -0.02041,  -0.01385,  -0.01713,  -0.09262,  -0.06800,   0.03210,  -0.03190,  -0.02369,   0.05836,  -0.01549,  -0.01056,  -0.01221,   0.06328,   0.02226,  -0.01221,   0.02062,  -0.00400,   0.02390,   0.01077,  -0.05487,  -0.00892,   0.02226,  -0.01221,   0.05836,  -0.11559,  -0.08605,   0.05344,  -0.02041,  -0.04831,   0.03210,   0.06164,   0.08790,  -0.02862,   0.00092,  -0.03190,   0.03539,  -0.00728,  -0.04831,  -0.04995,   0.03210,   0.00585,   0.01897,   0.05836,  -0.03026,   0.00420,   0.04359,  -0.04995,  -0.03354,   0.04359,   0.06985,   0.06000,   0.03046,  -0.00728,   0.05508,   0.01733,  -0.00564,   0.10759,  -0.02698,   0.01897,  -0.07293,   0.01405,  -0.02862,  -0.01713,   0.07313,   0.05508,  -0.00236,   0.02718,   0.00420,  -0.02041,  -0.02369,  -0.05816,  -0.00564,  -0.01221,  -0.02369,  -0.03518,   0.06657,  -0.04010,  -0.03682,  -0.08605,   0.05672,   0.04523,  -0.04503,   0.01733,  -0.02533,  -0.01549,  -0.01221,   0.00913,  -0.03354,  -0.00236,  -0.04339,  -0.00564,  -0.03190,   0.00585,  -0.03190,   0.01077,   0.04523,  -0.00236,  -0.00728,   0.05672,  -0.08441,  -0.06636,  -0.02862,   0.02390,  -0.02698,  -0.01549,  -0.04503,   0.06164,  -0.05816,  -0.00564,   0.00256,  -0.06308,   0.01077,  -0.04339,  -0.03026,   0.01733,  -0.05323,  -0.03846,   0.05836,   0.03539,  -0.02533,  -0.02205,   0.03046,   0.00420,   0.02390,  -0.00236,   0.02718,  -0.04831,   0.10759,  -0.07785,   0.07969,   0.03539,   0.07805,  -0.09426,   0.04851,   0.03703,   0.04031,  -0.02698,   0.00913,  -0.09754,  -0.02369,  -0.02205,  -0.01549,   0.06657,  -0.02369,  -0.00892,   0.00420,  -0.06472,  -0.01877,   0.11744,  -0.01056,   0.05180,   0.04195,   0.12400,  -0.04667,   0.03703,  -0.01549,   0.04523,  -0.01056,   0.01405,   0.03046,   0.03046,  -0.05323,  -0.00728,  -0.02533,  -0.04503,   0.03046,   0.03374,   0.03703,   0.00420,  -0.13857,   0.00256,   0.02882,   0.09775,  -0.03026,   0.02554,   0.01569,  -0.05323,  -0.00400,  -0.06308,  -0.03354,   0.06164,   0.00913,   0.01405,   0.00092,   0.03210,   0.05836,   0.01897,   0.04851,  -0.02533,   0.00256,   0.03210,  -0.07129,   0.01405,  -0.04667
   0.06985,  -0.00728,   0.06328,  -0.01713,  -0.06800,  -0.02533,  -0.05487,   0.01405,   0.04687,  -0.04667,   0.01241,   0.03210,  -0.08277,   0.00585,  -0.00400,   0.03867,  -0.01713,   0.01241,   0.08298,  -0.00728,  -0.01056,  -0.04010,  -0.00236,  -0.04831,  -0.07785,   0.01569,  -0.03518,   0.07969,  -0.05323,  -0.01877,  -0.02862,   0.02882,  -0.07129,  -0.06636,   0.07641,  -0.00564,  -0.02698,   0.02554,  -0.04175,  -0.00564,   0.00913,   0.01733,  -0.00564,  -0.01056,   0.03210,  -0.03682,  -0.03026,   0.01405,  -0.05159,  -0.01549,  -0.02862,   0.03374,  -0.00072,  -0.01713,   0.01733,  -0.10575,   0.00585,  -0.01056,  -0.00564,  -0.03026,  -0.04175,  -0.01056,  -0.03026,   0.02226,   0.04031,   0.02718,   0.02226,   0.05672,   0.01897,  -0.01385,   0.02718,  -0.00564,  -0.00236,  -0.08770,   0.00092,  -0.09426,  -0.03518,   0.11744,   0.05836,  -0.01549,   0.03867,   0.00749,  -0.06308,   0.03867,  -0.07785,   0.08462,  -0.05323,   0.04523,  -0.01056,   0.00256,   0.00256,  -0.04339,  -0.00728,   0.09939,   0.06328,   0.00092,  -0.04995,   0.06492,  -0.05816,  -0.00400,  -0.10411,  -0.01877,   0.04851,  -0.00236,   0.09118,   0.00420,   0.00420,   0.01733,   0.00092,  -0.07621,  -0.07457,  -0.06308,  -0.04831,   0.03867,  -0.02205,   0.06492,   0.02554,   0.13713,   0.01077,  -0.05323,  -0.05323,  -0.01056,  -0.00236,  -0.06472,   0.00749,  -0.06308,   0.02226,  -0.00892,  -0.00072,   0.00092,   0.02390,   0.00420,   0.04851,  -0.01549,  -0.05487,  -0.01221,   0.01241,  -0.10411,   0.04195,   0.00585,   0.02882,   0.02554,   0.02390,   0.03867,   0.00420,   0.00913,  -0.01385,   0.03867,  -0.00728,  -0.05652,   0.07477,   0.03374,   0.01897,   0.01077,  -0.00400,  -0.02533,   0.06492,  -0.00236,  -0.01056,   0.00749,   0.06164,  -0.02862,   0.01897,  -0.01549,  -0.03190,   0.03046,  -0.04175,  -0.04175,  -0.06308,  -0.07621,  -0.01549,  -0.04339,   0.02718,   0.01241,  -0.03026,   0.00420,   0.04851,   0.03046,  -0.03846,  -0.06964,   0.00749,  -0.00072,  -0.02862,   0.01897,  -0.04667,   0.03867,  -0.02533,  -0.00236,  -0.01056,   0.08298,  -0.00564,  -0.02862,   0.05672,   0.02882,   0.04195,   0.02062,   0.00256,   0.07477,   0.01405,  -0.02698,  -0.00400,   0.02390,   0.05180,   0.03539,   0.01077,   0.04031,   0.03046,   0.01569,  -0.07949,   0.00749,  -0.00072,  -0.00236,   0.05508,   0.07149,  -0.01221,   0.01077,  -0.06964,   0.00749,   0.03867,   0.03867,  -0.00400,  -0.03026,  -0.03682,   0.06821,   0.01897,   0.00256,   0.01077,  -0.04503,  -0.02369,  -0.02205,   0.09611,   0.02226,   0.00913,   0.02062,  -0.02533,  -0.05816,  -0.03846,   0.02718,  -0.00728,   0.09611,  -0.07129,  -0.05980,   0.05016,   0.03539,   0.03046,   0.03539,   0.02882,  -0.05652,   0.01897,  -0.04667,   0.02882,   0.01241,  -0.05323,  -0.03682,  -0.04339,   0.04687,  -0.02862,   0.05672,   0.02882,  -0.02533,  -0.03846,  -0.02698,  -0.00892,   0.05344,   0.09939,   0.07805,   0.00256,  -0.06800,   0.09118,  -0.07293,  -0.08934,  -0.00236,   0.07313,   0.00585,  -0.01385,   0.05344,  -0.02533,  -0.02369,  -0.09754,   0.02390,  -0.12544,  -0.06964,   0.03539,   0.02062,  -0.01385,   0.02062,  -0.02041,   0.01241,   0.01897,  -0.05487,  -0.02041,  -0.04339,  -0.11231,  -0.04831,   0.01733,  -0.04339,  -0.05816,  -0.05487,   0.05508,   0.04031,   0.04523,  -0.03026,  -0.06636,  -0.01877,  -0.06964,  -0.01877,   0.02554,   0.06328,   0.03374,  -0.02041,  -0.08113,   0.07805,  -0.02533,  -0.01221,  -0.05816,   0.02390,   0.03046,  -0.03682,   0.03374,   0.03539,  -0.00564,   0.00749,   0.04851,   0.09282,   0.08462,   0.06000,  -0.11067,   0.02226,  -0.05487,  -0.03190,   0.01897,  -0.09098,   0.07313,   0.00913,   0.01569,   0.07641,  -0.01713,   0.05344,  -0.04667,   0.01733,   0.03539,   0.04359,   0.08954,   0.00092,   0.10103,  -0.00728,   0.02390,  -0.01385,  -0.03518,  -0.01877,   0.01569,  -0.00728,  -0.03518,  -0.02698,  -0.00400,   0.01569,  -0.02698,   0.01077,  -0.08113,  -0.04339,  -0.07457,   0.06164,   0.02554,   0.02226,   0.12729,   0.04031,   0.06492,   0.01241,  -0.03682,  -0.03190,  -0.00236,   0.04031,   0.00092,  -0.03026,  -0.01549,  -0.03026,   0.07805,  -0.00892,  -0.01221,   0.00256,  -0.01056,  -0.04667,  -0.00564,   0.01405,  -0.06144,  -0.05487,  -0.06308,   0.06164,   0.04359,   0.02062,   0.01569,  -0.01056,   0.10431,   0.04359,   0.13057,   0.05016,   0.05344,   0.05016,  -0.01713,  -0.03518,   0.03867,  -0.03846,   0.03703,   0.08626,  -0.01549,   0.01241,   0.03539,  -0.06308,  -0.02205,   0.00913,  -0.08277,   0.00256,  -0.11067,   0.00749,   0.05836,   0.01897,  -0.10575,   0.08626,   0.00092,  -0.02041,   0.07641,   0.04851,   0.01241,  -0.02698,   0.02390,  -0.04175,   0.01569,  -0.02698,   0.04031,  -0.07129,   0.00256,   0.00913,  -0.02205,  -0.14021,   0.01897,  -0.05816,  -0.03354,   0.00420,   0.01077,  -0.04831,  -0.05323,  -0.01385,   0.05672,   0.00256,   0.04195,   0.02062,   0.04851,   0.04195,  -0.03026,  -0.06636,  -0.00400,  -0.00072,   0.01569,  -0.00892,  -0.01877,  -0.05652,  -0.02698,  -0.00892,   0.03210,   0.04687,   0.02554,  -0.00564,   0.00585,   0.05180,  -0.04503,   0.01569,  -0.06472,  -0.07293,   0.02390,   0.02554,   0.03374,  -0.07129,  -0.02369,  -0.02533,  -0.05323,   0.11088,  -0.04667,  -0.01877,  -0.01056,  -0.06636,  -0.02369,   0.07149,  -0.01221,   0.07969,  -0.01056,  -0.03354,  -0.02369,   0.00092,  -0.02041,  -0.01549,   0.05508,   0.06328,   0.02554,  -0.03682,  -0.05487,  -0.11395,  -0.02533,  -0.01056,   0.04687,  -0.02862,   0.06985,  -0.06144,   0.04195,   0.00913,  -0.01221,  -0.05816,  -0.02041,  -0.01713,   0.00913,  -0.04175,   0.02390,  -0.05323,  -0.02041,  -0.04175,   0.00092,  -0.04010,   0.01733,  -0.11559,  -0.01549,   0.06657,  -0.05487,  -0.04010,   0.05344,  -0.03682,   0.02882,   0.03703,  -0.02533,   0.02882,   0.05508,   0.09775,  -0.01549,  -0.08605,   0.05836,  -0.02041,   0.01733,   0.01569,  -0.00728,  -0.01385,  -0.02369,   0.03539,   0.06985,   0.06000,   0.06328,   0.01405,   0.02062,   0.08298,  -0.03026,  -0.04175,   0.03867,  -0.13201,  -0.02533,   0.00256,   0.01733,   0.00913,  -0.02205,   0.00420,  -0.03682,  -0.00564,   0.04031,   0.02226,  -0.02862,  -0.03190,   0.01897,   0.11252,   0.00092,  -0.05323,   0.00913,   0.05016,  -0.00728,  -0.09754,  -0.00400,   0.06492,   0.01241,   0.02390,   0.06985,  -0.02369,  -0.04503,  -0.03190,   0.06328,  -0.02205,  -0.04175,  -0.03026,   0.00749,   0.02062,   0.02390,  -0.07129,   0.04195,   0.04687,  -0.09426,   0.03374,   0.04851,  -0.05652,  -0.03190,  -0.09426,  -0.07293,   0.07805,   0.05016,  -0.01056,  -0.03846,   0.00092,   0.02718,  -0.00236,   0.01241,  -0.03846,  -0.03682,  -0.01549,  -0.01713,  -0.02205,  -0.02698,   0.02554,  -0.02533,  -0.02533,   0.04195,   0.03703,   0.04359,  -0.02862,   0.01733,   0.09118,  -0.05323,   0.06492,  -0.02041,  -0.07129,   0.01405,  -0.01385,  -0.06308,   0.00585,   0.00092,  -0.00564,  -0.02041,  -0.11888,  -0.01713,  -0.02369,  -0.01056,  -0.01385,  -0.00564,  -0.01221,  -0.00892,  -0.04010,   0.06328,  -0.00728,  -0.02369,  -0.04339,   0.03539,  -0.05323,   0.02062,  -0.03026,   0.01897,   0.08462,  -0.05323,   0.03867,   0.04523,  -0.00400,   0.00256,   0.02226,   0.01897,  -0.04339,  -0.05487,   0.02718,  -0.00564,  -0.00564,  -0.01713,  -0.01549,   0.01077,   0.06164,   0.03046,   0.01733,   0.03703,   0.07149,  -0.02369,  -0.02369,   0.01241,  -0.04175,   0.00092,   0.00585,  -0.05159,   0.06000,   0.00585,  -0.01221,   0.09775,   0.02390,   0.01405,  -0.01549,   0.06985,  -0.00564,  -0.01056,  -0.06308,  -0.04667,   0.01241,  -0.02205,  -0.00892,  -0.05487,   0.02062,   0.03210,  -0.05159,   0.02062,  -0.07621,   0.02226,   0.01241,  -0.01056,   0.03703,  -0.00400,   0.01897,   0.07149,   0.02390,   0.03703,  -0.04667,  -0.08441,   0.06492,   0.01897,   0.00420,  -0.03846,  -0.00400,   0.04031,  -0.07949,  -0.03518,  -0.01385,  -0.03846,   0.06657,  -0.01056,   0.03539,  -0.04175,  -0.00400,  -0.01713,   0.04031,  -0.07621,   0.02718,  -0.04503,  -0.01221,  -0.10575,  -0.04175,   0.04359,   0.04851,  -0.01549,  -0.04667,  -0.03682,   0.02718,  -0.02862,   0.05016,   0.03539,   0.05180,  -0.01549,   0.04359,  -0.01549,  -0.05980,  -0.04339,  -0.04010,  -0.04831,   0.01241,  -0.02205,   0.02554,  -0.00072,   0.07149,  -0.03190,   0.04687,   0.04687,   0.02882,  -0.05816,  -0.06800,   0.00913,   0.05016,  -0.06636,   0.03210,  -0.02862,   0.05344,   0.07969,   0.04195,   0.01733,   0.01241,  -0.01713,   0.02226,   0.00585,   0.01733,   0.03703,   0.00749,  -0.03354,   0.00092,  -0.03518,  -0.01221,   0.11088,   0.03210,   0.08954,   0.00092,   0.03046,   0.04851,   0.04359,  -0.01549,  -0.01221,   0.02390,   0.00749,  -0.10082,   0.03210,  -0.00564,  -0.00892,  -0.04995,  -0.04667,   0.01569,   0.03539,  -0.01713,   0.11252,  -0.02205,   0.02882,   0.06821,   0.05344,  -0.05980,   0.01733,  -0.02205,  -0.04995,   0.01733,   0.04851,   0.05672,   0.05180,  -0.04667,   0.07969,  -0.06472,   0.05508,  -0.01056,  -0.07129,   0.02718,  -0.02698,  -0.08277,   0.03210,  -0.06308,  -0.00236,  -0.02862,  -0.00892,  -0.05980,  -0.02369,  -0.04995,  -0.09098,  -0.08605,   0.02062,  -0.02041,   0.03867,  -0.01385,   0.03210,  -0.02041,  -0.02862,  -0.00892,   0.01405,   0.06492,  -0.05652,   0.05180,  -0.04503,  -0.06472,   0.05508,   0.07149,  -0.01056,   0.02390,  -0.00236,  -0.01385,   0.00749,   0.03374,   0.05672,  -0.07129,  -0.00564,   0.00092,   0.04031,  -0.00564,  -0.03190,  -0.02369,  -0.04831,   0.05836,  -0.04831,  -0.04503,  -0.04010,  -0.00728,   0.01241,  -0.00728,  -0.03354,  -0.03026,   0.06821,  -0.05652,  -0.07129,   0.10103,   0.05344,   0.02062,  -0.04339,   0.03703,   0.00256,  -0.00892,  -0.03026,   0.02062,   0.03539,   0.02554,  -0.03190,  -0.03190,  -0.04831,   0.00092,  -0.00400,   0.07805,  -0.03190,  -0.00236,   0.01569,  -0.08277,   0.02062,  -0.03354,   0.00092,   0.02390,  -0.00236,  -0.01385,  -0.03518,  -0.01221,   0.05672,   0.02882,  -0.07621,  -0.01549,   0.04195,  -0.04503,   0.01241,   0.02062,  -0.01056,   0.00913,  -0.04995,  -0.13529,  -0.00892,   0.02882,   0.00092,   0.01733,   0.03703,  -0.01877,   0.05672,   0.07149,   0.00420,  -0.07785,   0.01733,  -0.03518,   0.02062,  -0.03026,  -0.03354,   0.02226,   0.08134,   0.04687,   0.00585,  -0.03682,  -0.09262,   0.01405,   0.10759,  -0.07129,  -0.03354,   0.08298,   0.01897,  -0.01877,   0.09118,  -0.01877,  -0.01385,  -0.00400,  -0.01221,   0.01569,   0.09611,  -0.07129,  -0.03026,  -0.00564,   0.04195,   0.01241,   0.02882,   0.01077,  -0.04667,   0.01733,  -0.02862,   0.04687,  -0.03518,  -0.05816,   0.06821,  -0.02205,  -0.02041,  -0.05487,   0.04195,   0.06000,   0.00420,  -0.03026,  -0.01221,  -0.08277,  -0.01877,  -0.03682,  -0.01713,   0.03703,   0.06657,   0.01897,  -0.06636,   0.06492,   0.03867,  -0.01549,   0.11088,   0.00256,   0.04687,  -0.02205,   0.01405,  -0.00400,   0.01733,  -0.08770,   0.04195,   0.00256,  -0.00728,  -0.04175,   0.03210,  -0.04503,   0.01241,   0.00585,   0.03703,   0.00256,  -0.05652,  -0.01385,  -0.00236,  -0.05487,   0.03374,   0.01569,   0.02390,  -0.02369,  -0.00400,  -0.00728,  -0.02533,   0.03867,  -0.01713,  -0.03682,   0.03867,   0.08462,  -0.08934,  -0.07293,  -0.06636,  -0.00236,   0.07477,   0.01405,   0.03703,   0.12729
  -0.01713,  -0.00072,   0.02554,  -0.01877,   0.04031,  -0.00892,  -0.06144,  -0.01385,  -0.04667,   0.03539,   0.02062,  -0.03518,   0.07149,  -0.07293,   0.01077,  -0.01549,   0.01897,  -0.02862,  -0.02862,   0.06985,  -0.00072,  -0.03518,   0.03703,   0.03046,   0.00092,  -0.00072,  -0.06308,   0.04523,  -0.07293,   0.11580,  -0.00236,  -0.03354,  -0.04667,   0.04359,  -0.00728,   0.01569,   0.01405,   0.02226,  -0.06308,   0.00420,   0.01077,  -0.00892,   0.02554,   0.06492,  -0.00564,  -0.00892,  -0.00728,   0.01733,  -0.04339,  -0.00236,   0.01897,  -0.01549,  -0.00892,  -0.05487,   0.00749,   0.02062,   0.00420,   0.07313,   0.00749,  -0.07785,  -0.00892,   0.02390,   0.06821,   0.01569,  -0.01877,   0.02718,  -0.03846,  -0.00400,  -0.02533,   0.01405,   0.02718,   0.09282,   0.01569,  -0.03518,   0.07969,  -0.00728,   0.01569,   0.04687,  -0.00072,   0.01897,  -0.04831,   0.09446,   0.01569,   0.03374,  -0.03354,  -0.03518,   0.00913,  -0.07129,  -0.05159,   0.00420,   0.05508,  -0.01713,   0.02390,  -0.05816,   0.00420,  -0.02533,   0.03374,  -0.03026,   0.00420,   0.05344,   0.04359,  -0.00892,  -0.02533,  -0.04339,   0.04031,   0.01897,   0.01569,  -0.03190,   0.03210,   0.01241,   0.02390,   0.05672,   0.03210,  -0.06636,   0.00585,   0.01569,   0.02718,   0.05344,   0.01897,   0.04031,   0.01241,   0.01077,  -0.01549,   0.04359,  -0.01877,   0.01897,  -0.04010,  -0.03682,  -0.14349,   0.00092,   0.03046,  -0.02041,  -0.01056,  -0.02533,   0.04523,   0.05016,   0.01569,   0.04851,  -0.03518,  -0.03354,   0.02390,   0.08626,   0.00256,   0.00749,  -0.06964,  -0.02862,   0.07969,   0.06985,  -0.01221,  -0.01877,   0.01077,  -0.04995,  -0.01549,  -0.02205,  -0.04995,   0.02718,   0.04687,  -0.02862,   0.01405,  -0.02862,  -0.00892,  -0.05816,   0.01241,  -0.00236,   0.02062,  -0.01056,   0.06657,  -0.00892,  -0.02533,  -0.01549,  -0.05980,   0.00585,   0.01897,  -0.00236,  -0.00728,  -0.02041,  -0.03026,   0.02062,  -0.02862,   0.01897,  -0.03354,   0.01733,   0.01241,  -0.02205,  -0.07457,   0.00420,  -0.00564,  -0.04010,  -0.02698,  -0.02369,   0.02718,  -0.02205,   0.01569,  -0.02533,   0.01241,   0.00420,  -0.00072,  -0.02533,   0.06164,  -0.02369,   0.02226,  -0.05159,  -0.04831,   0.04851,  -0.08770,   0.01569,   0.02882,  -0.03682,  -0.01713,   0.06164,  -0.06472,  -0.02205,   0.05508,   0.05344,   0.03374,  -0.04995,  -0.01713,   0.01241,  -0.02698,   0.01897,   0.01241,   0.02226,  -0.06144,  -0.00892,  -0.03354,   0.01077,   0.00585,  -0.02205,   0.01569,  -0.06144,   0.05508,  -0.04995,   0.06164,   0.01241,  -0.02369,   0.00420,  -0.02862,   0.04195,   0.06821,  -0.00400,   0.00092,  -0.00400,  -0.02369,  -0.01056,  -0.00564,   0.07805,   0.04523,   0.00092,   0.04851,   0.02062,  -0.01056,   0.04523,   0.02390,  -0.03846,  -0.00236,  -0.01056,   0.03046,  -0.02205,   0.02554,   0.10103,  -0.06636,  -0.01713,   0.03867,  -0.02862,  -0.01713,  -0.02862,   0.00749,   0.07477,   0.02226,   0.01733,  -0.03518,   0.01733,   0.01733,  -0.00892,   0.06492,  -0.04175,   0.01897,  -0.01549,  -0.01877,  -0.01385,  -0.04995,   0.02390,  -0.08277,   0.00256,  -0.01221,  -0.00400,  -0.02205,  -0.01549,  -0.03518,   0.05016,  -0.08605,  -0.03190,  -0.01713,   0.06821,  -0.04339,  -0.02862,  -0.01221,   0.00420,   0.00420,   0.06328,   0.07477,  -0.00892,  -0.03026,  -0.00728,   0.03867,  -0.05487,  -0.00564,  -0.05159,  -0.02698,  -0.05487,   0.00749,  -0.02533,   0.02718,   0.01405,   0.00092,   0.01405,  -0.08113,   0.02062,  -0.04831,   0.11580,   0.04195,   0.06328,   0.01897,  -0.00892,   0.06328,  -0.05652,   0.00092,   0.00092,   0.02062,  -0.08605,  -0.01877,  -0.06964,   0.02718,   0.03374,  -0.00728,  -0.00892,   0.01241,  -0.04995,   0.01405,  -0.02862,   0.06000,  -0.06144,  -0.07621,  -0.01877,   0.07477,  -0.04503,   0.01241,   0.04687,   0.03210,  -0.00892,   0.06328,   0.00749,  -0.04010,   0.04031,   0.02062,  -0.01713,  -0.04831,  -0.00072,   0.03539,  -0.03190,   0.12072,  -0.10082,   0.01733,   0.09282,  -0.03026,  -0.05487,   0.01405,  -0.08441,   0.05672,   0.03539,   0.00420,  -0.03518,   0.06164,   0.01405,   0.06328,  -0.01877,  -0.01877,  -0.06308,   0.00585,  -0.04831,  -0.01385,  -0.03682,  -0.00236,  -0.00728,   0.08298,  -0.02862,  -0.01056,   0.00585,   0.04359,  -0.05487,  -0.00728,  -0.12052,  -0.02533,  -0.07457,  -0.00728,  -0.08770,   0.04687,  -0.03190,   0.02062,  -0.03190,  -0.05652,  -0.04010,   0.04687,   0.03539,  -0.02533,  -0.00728,  -0.04503,  -0.09918,   0.02554,   0.01733,   0.02390,   0.02390,  -0.01221,   0.07313,   0.04195,   0.03046,  -0.04503,   0.04523,   0.01241,   0.00256,   0.04687,  -0.01221,  -0.02205,   0.01897,  -0.00236,  -0.00564,   0.02554,   0.02882,   0.03046,   0.03374,   0.05180,   0.08134,  -0.03846,   0.06328,  -0.04010,  -0.04503,  -0.04831,  -0.00072,  -0.03026,   0.01241,   0.03867,  -0.08277,  -0.04339,  -0.02533,   0.02062,   0.04687,   0.03374,  -0.00892,  -0.02533,  -0.00236,   0.01569,  -0.01877,  -0.04831,  -0.04667,  -0.04503,   0.01569,   0.04851,  -0.00564,   0.03374,   0.02554,  -0.00728,   0.04031,   0.06000,  -0.06472,   0.02718,   0.02226,   0.00256,   0.05344,   0.07477,  -0.00236,   0.04195,   0.02718,   0.03867,   0.02882,   0.00092,   0.04851,  -0.05487,  -0.02698,   0.00092,   0.02062,   0.01241,   0.00420,   0.05836,   0.11088,  -0.02533,  -0.03682,  -0.03026,   0.00585,  -0.12544,   0.07805,  -0.00072,  -0.05159,   0.02390,  -0.02862,  -0.02369,  -0.04175,  -0.00892,   0.04523,  -0.00728,   0.02226,   0.03703,   0.10267,   0.01733,  -0.00728,  -0.03026,  -0.01056,   0.03867,   0.04359,  -0.08934,   0.00420,  -0.03026,  -0.00072,   0.00913,   0.06492,  -0.02041,   0.04851,  -0.04339,  -0.04503,   0.06985,   0.01405,   0.00913,   0.01733,  -0.02533,   0.08134,  -0.05980,   0.01241,   0.03539,   0.08298,   0.05180,   0.00256,  -0.02698,  -0.03190,  -0.02533,  -0.00236,  -0.00236,  -0.02041,   0.00256,   0.02882,   0.00749,   0.03703,  -0.00400,   0.04031,  -0.03846,   0.00420,   0.02390,   0.02062,   0.03210,  -0.00400,   0.03210,  -0.01221,   0.04031,   0.00749,  -0.02205,   0.01077,   0.05016,  -0.06800,   0.11416,   0.00256,   0.04523,   0.02882,  -0.02698,   0.05016,  -0.05323,  -0.05652,   0.01405,  -0.04667,   0.04195,  -0.02041,  -0.02698,   0.00256,  -0.01549,   0.06328,   0.06657,   0.01077,   0.02718,   0.10595,  -0.00072,   0.01569,   0.05672,   0.01241,   0.11416,   0.01241,  -0.05816,   0.02554,  -0.03354,  -0.00892,  -0.14185,  -0.00564,   0.06164,   0.02718,   0.02718,   0.03374,   0.03539,  -0.03518,   0.00092,   0.01241,   0.08626,   0.00585,  -0.03026,   0.05508,   0.03703,  -0.03354,  -0.04995,   0.01405,   0.00585,  -0.03682,  -0.02862,  -0.00728,   0.00585,  -0.01385,  -0.02533,   0.01077,  -0.01385,  -0.05323,  -0.00400,  -0.01385,  -0.04831,  -0.04503,   0.01733,   0.01077,   0.05672,   0.03703,   0.05016,  -0.01549,   0.03046,   0.02882,  -0.07785,  -0.01549,   0.02554,  -0.05816,   0.04851,   0.00256,   0.02226,   0.06657,  -0.01056,   0.05836,  -0.03190,  -0.01056,   0.03374,  -0.00564,   0.06000,  -0.00400,  -0.03026,  -0.04010,  -0.01549,  -0.04339,   0.02226,   0.01569,  -0.02205,  -0.07293,   0.04359,  -0.09262,  -0.05816,   0.04523,  -0.01221,   0.01405,  -0.00564,  -0.00072,   0.01897,  -0.04339,   0.07969,   0.12565,   0.00749,  -0.05652,   0.08462,   0.04359,  -0.01549,  -0.02041,  -0.01385,   0.05016,   0.03539,   0.00585,  -0.03026,   0.05672,  -0.00236,   0.04523,  -0.02041,   0.04031,   0.05508,  -0.00072,   0.01241,   0.01405,   0.06164,   0.00913,   0.05344,   0.02226,   0.02390,   0.00256,  -0.00728,   0.03867,  -0.00892,   0.02554,  -0.00400,  -0.04667,   0.00420,   0.00420,  -0.04503,   0.03374,   0.04359,  -0.00236,   0.01569,   0.04851,   0.00913,  -0.04831,   0.01897,   0.01405,   0.02390,   0.01241,  -0.01056,  -0.00728,  -0.04667,   0.01897,   0.02882,  -0.00564,  -0.00728,   0.03867,  -0.04175,  -0.08605,  -0.00236,   0.01569,  -0.00564,  -0.09918,  -0.01385,   0.03374,  -0.01385,  -0.00564,   0.05344,  -0.00892,  -0.00564,  -0.00400,   0.04031,   0.03374,   0.03539,   0.00913,  -0.01877,  -0.06636,   0.05508,   0.04687,   0.04031,   0.03374,   0.00256,   0.00256,   0.07149,  -0.02862,  -0.04667,   0.02226,   0.00256,  -0.02533,   0.02718,  -0.00236,   0.00256,  -0.00072,  -0.00892,   0.03703,   0.04359,  -0.08605,  -0.03190,  -0.04667,   0.00749,   0.00749,   0.00092,  -0.04010,   0.02554,   0.06821,   0.01241,   0.03210,   0.08134,   0.01733,   0.01897,  -0.02698,   0.03703,  -0.04175,   0.08954,  -0.01056,  -0.10247,  -0.03026,  -0.07457,  -0.02041,  -0.06472,   0.05508,   0.00913,  -0.01385,   0.00585,   0.00913,   0.07969,  -0.06800,  -0.07129,   0.02390,  -0.00728,   0.05836,  -0.04339,  -0.04503,   0.05672,  -0.02862,  -0.07949,  -0.05980,   0.04359,   0.03539,   0.04359,   0.04687,  -0.01877,  -0.03026,  -0.00072,   0.02718,  -0.14842,   0.00913,   0.03046,   0.00092,  -0.02862,  -0.00892,  -0.01221,   0.03374,  -0.00892,   0.04687,  -0.06472,  -0.02041,  -0.00728,   0.03210,  -0.03190,   0.02882,   0.00092,  -0.07457,   0.02882,  -0.03190,   0.00585,   0.05672,  -0.06308,   0.00585,   0.02882,  -0.09754,  -0.04503,  -0.01056,  -0.05323,   0.00913,  -0.03026,  -0.04667,  -0.05159,  -0.00892,   0.02882,   0.03374,  -0.08770,  -0.04010,   0.01405,  -0.05487,  -0.02533,  -0.00564,  -0.09426,   0.05180,  -0.01549,   0.00420,   0.01733,  -0.00892,  -0.00728,   0.07149,   0.01241,   0.00256,   0.01733,   0.02554,   0.05344,   0.04523,   0.01897,  -0.00564,  -0.02698,  -0.02533,  -0.01221,  -0.10082,  -0.07621,   0.02554,  -0.10411,   0.01241,   0.03210,  -0.07621,   0.00420,  -0.09754,   0.01405,   0.01405,  -0.00400,   0.01897,  -0.01385,  -0.01385,  -0.00400,   0.01405,  -0.00400,  -0.03518,  -0.07293,   0.03867,   0.06657,  -0.03518,   0.01569,   0.03374,  -0.05652,   0.05836,   0.02718,  -0.00564,   0.01733,  -0.02369,  -0.02862,  -0.03026,  -0.01549,  -0.06308,  -0.00564,   0.02226,   0.05508,   0.00913,  -0.02533,   0.00913,   0.05344,  -0.03026,   0.04687,  -0.00564,  -0.03354,   0.04359,  -0.03026,  -0.04010,   0.02062,   0.00749,  -0.03682,   0.01405,  -0.07129,  -0.00892,  -0.02862,   0.02226,   0.05836,  -0.01549,   0.03374,   0.05508,   0.02062,   0.02554,   0.01733,   0.03703,  -0.01221,   0.03210,   0.00420,   0.04359,  -0.03682,   0.06985,   0.06328,   0.05836,   0.03539,  -0.07293,  -0.01221,  -0.01221,  -0.05652,   0.01569,   0.04687,  -0.06144,   0.01897,   0.06492,   0.02554,  -0.02533,   0.00749,   0.07149,  -0.02862,   0.03374,   0.01241,   0.00749,   0.06985,   0.08134,   0.07313,  -0.01056,   0.00749,   0.02718,  -0.03190,   0.00420,   0.05344,  -0.03190,  -0.01056,  -0.00400,   0.06328,   0.01077,   0.02226,   0.02554,   0.04195,   0.04031,   0.01241,   0.05016,  -0.00072,   0.02226,   0.01077,   0.05836,   0.01733,   0.02062,   0.03539,   0.14534,   0.04687,  -0.07293,   0.06000,  -0.07621,  -0.06472,  -0.01549,   0.06492,  -0.00400,  -0.03354,  -0.00728,  -0.00236,   0.05016,   0.01077,   0.06492,  -0.03846,  -0.02369,   0.00092,  -0.08441,   0.02390,  -0.01221,   0.04031,  -0.02533,   0.07805,   0.08134,  -0.05980,   0.01405,  -0.00236,   0.06985,   0.05672,  -0.06636,  -0.03190,   0.08298,   0.00913,   0.03046,   0.05016,   0.00913,   0.04851,  -0.01877,   0.04359,   0.06328
  -0.04175,  -0.02041,   0.07969,   0.02390,   0.08298,  -0.02533,  -0.05980,   0.03046,  -0.01056,   0.01569,   0.04687,  -0.02369,   0.06164,   0.02226,   0.03046,  -0.00892,  -0.03846,   0.00092,  -0.11559,   0.06985,   0.02718,   0.06657,  -0.01549,  -0.02369,  -0.02205,   0.01241,   0.01405,   0.03046,   0.02554,  -0.05323,  -0.06964,   0.04031,   0.01569,   0.02062,   0.04523,   0.02554,   0.01077,  -0.00236,   0.03210,   0.06000,   0.08462,   0.03867,  -0.04175,   0.02718,   0.01897,  -0.04667,  -0.03846,  -0.01385,  -0.05159,   0.02062,   0.06821,   0.03539,  -0.06144,  -0.10903,   0.05508,  -0.00072,  -0.03518,   0.00585,   0.04687,  -0.03354,  -0.01385,   0.03374,   0.01241,   0.01077,  -0.05652,   0.01569,   0.00749,   0.07969,   0.04195,   0.02062,  -0.05652,  -0.00236,  -0.05159,  -0.01877,   0.01569,   0.00420,   0.03210,   0.07149,   0.10431,   0.02882,   0.06000,   0.03703,   0.02554,  -0.03518,  -0.07785,   0.10431,   0.06657,  -0.03846,  -0.01877,   0.01077,  -0.02698,   0.01897,   0.03703,  -0.01713,  -0.03682,  -0.00400,   0.04359,  -0.07457,   0.01897,  -0.03354,  -0.04667,  -0.03190,   0.03374,  -0.00072,   0.04195,   0.05016,   0.00585,   0.00420,   0.08790,   0.01897,  -0.02041,   0.07149,  -0.00564,  -0.00072,   0.00585,  -0.02205,   0.00256,  -0.03026,  -0.02698,   0.00420,   0.04031,   0.02882,  -0.03026,   0.02390,  -0.08770,   0.02554,   0.01569,  -0.02041,   0.03210,   0.01077,  -0.02041,  -0.01877,   0.06985,  -0.06964,   0.07149,   0.02882,  -0.04175,  -0.04503,   0.06164,  -0.01385,  -0.08605,  -0.02369,   0.01733,  -0.00892,   0.06821,   0.02554,   0.02554,   0.02226,  -0.02862,  -0.06144,   0.00913,  -0.02533,  -0.03518,  -0.07293,   0.00256,  -0.03846,   0.01077,   0.06000,   0.12236,  -0.01221,   0.05016,  -0.02041,   0.02882,  -0.02205,  -0.07293,  -0.04667,  -0.02041,  -0.00072,  -0.04503,   0.02390,  -0.05980,  -0.00400,   0.01077,  -0.06800,  -0.06144,  -0.07785,   0.06000,   0.04359,  -0.02369,   0.02062,   0.00092,  -0.00564,   0.03539,   0.03374,  -0.07457,  -0.04175,  -0.00892,   0.00749,  -0.01877,   0.05016,  -0.06964,   0.00585,  -0.02041,   0.02554,   0.00913,   0.00585,   0.00913,   0.06328,  -0.09098,   0.02554,   0.04195,  -0.01056,   0.03374,   0.02226,   0.02882,  -0.11888,   0.06821,  -0.05159,   0.00092,  -0.02369,  -0.06636,  -0.01385,   0.02390,   0.05344,   0.04359,  -0.02205,  -0.00892,   0.06000,   0.02226,  -0.05159,  -0.01713,  -0.04831,   0.01897,   0.05508,  -0.01221,   0.08626,   0.07641,   0.06492,  -0.00892,   0.03210,  -0.05980,  -0.06472,  -0.05816,   0.00420,   0.03867,   0.00420,  -0.02041,   0.07477,   0.04195,   0.01405,   0.01405,   0.01733,  -0.00728,   0.05180,   0.06985,  -0.00400,  -0.00400,   0.00585,  -0.03682,   0.02390,  -0.01385,   0.01077,  -0.02862,  -0.01221,  -0.03682,  -0.02041,  -0.02369,  -0.02041,   0.02062,   0.02882,  -0.00400,   0.02226,   0.01733,  -0.02698,   0.00585,   0.07477,   0.02882,   0.00092,   0.04851,  -0.03354,   0.01733,   0.03539,  -0.02862,  -0.04175,   0.01897,  -0.00728,  -0.03354,  -0.02369,  -0.01549,  -0.04175,  -0.02369,  -0.00728,  -0.02041,   0.01405,  -0.07129,   0.04523,   0.02390,  -0.02041,   0.00749,  -0.00072,  -0.01877,   0.04851,  -0.03682,   0.00092,  -0.02698,  -0.03354,   0.01077,   0.02718,  -0.01056,  -0.03354,   0.03210,  -0.03190,  -0.02698,  -0.03518,   0.00585,  -0.06636,  -0.03354,   0.06328,  -0.00728,  -0.03518,  -0.06144,   0.03703,  -0.06144,  -0.03190,   0.02718,   0.03539,   0.02718,  -0.09918,  -0.07457,  -0.01549,  -0.08934,  -0.04503,  -0.01549,   0.01241,  -0.04175,   0.02882,   0.02718,   0.01733,  -0.01385,  -0.04667,   0.01077,  -0.00564,  -0.02533,   0.05180,   0.00092,  -0.03190,   0.05016,   0.04359,  -0.01713,   0.00092,   0.04851,   0.01897,  -0.00892,  -0.02205,  -0.00564,   0.04851,  -0.01056,  -0.00728,   0.09118,  -0.09098,  -0.09754,   0.01405,   0.04031,   0.04359,   0.00256,  -0.12708,  -0.02533,  -0.07293,  -0.03518,  -0.00892,  -0.05323,  -0.02369,  -0.01549,   0.05836,  -0.03026,  -0.05159,  -0.01385,   0.00256,  -0.01385,  -0.00072,  -0.04010,  -0.03190,   0.00092,  -0.05652,   0.01405,   0.02062,  -0.01877,   0.00420,  -0.04010,  -0.12872,   0.01569,   0.03046,   0.06657,   0.00913,  -0.01056,  -0.05159,   0.00585,   0.05508,  -0.10903,  -0.01713,  -0.06636,   0.04687,  -0.04995,  -0.08113,   0.03210,   0.04195,  -0.03026,  -0.04503,   0.01405,   0.01569,  -0.01056,   0.06492,   0.03210,  -0.03190,   0.07149,  -0.05323,   0.02554,  -0.02533,  -0.03026,  -0.00400,  -0.02369,   0.00749,   0.01077,   0.02226,   0.02226,   0.04851,  -0.02041,   0.06328,   0.02882,   0.04359,   0.03703,   0.00585,  -0.01877,   0.00749,   0.07149,   0.04851,  -0.00728,   0.03703,   0.09446,  -0.07293,   0.04031,   0.02226,  -0.01221,  -0.06308,   0.02718,   0.02882,   0.03539,  -0.00400,  -0.06800,  -0.03846,   0.00913,  -0.07621,  -0.04831,  -0.01549,  -0.01549,   0.00585,   0.03046,   0.04031,  -0.01549,  -0.04995,  -0.00564,   0.00420,   0.08626,  -0.11559,  -0.08605,   0.00256,  -0.05980,  -0.02533,   0.08298,   0.00256,  -0.04995,   0.05508,   0.07641,   0.02226,  -0.03026,   0.01241,  -0.03026,   0.01897,   0.04195,   0.00420,  -0.00564,   0.00749,   0.07477,  -0.00728,  -0.04667,  -0.01221,   0.07477,  -0.05652,   0.00913,   0.01733,   0.05672,   0.01733,  -0.04667,   0.00092,  -0.01056,  -0.02205,  -0.01056,  -0.07621,  -0.08441,   0.00913,  -0.02698,   0.03703,  -0.04503,   0.05508,  -0.10082,   0.04523,   0.00749,   0.01733,  -0.04010,   0.04851,  -0.03026,  -0.04831,   0.03539,   0.01897,   0.00256,  -0.01385,   0.01405,  -0.01549,   0.00585,  -0.03190,   0.07313,   0.10267,   0.06492,   0.00749,  -0.08605,   0.05836,   0.00420,   0.01077,   0.06821,   0.01241,  -0.02862,  -0.01713,   0.01569,   0.04687,  -0.01877,   0.02882,   0.04359,  -0.02369,  -0.03190,   0.00913,   0.00913,   0.06657,   0.02554,  -0.04995,  -0.00400,  -0.02862,   0.04031,   0.06985,  -0.01221,  -0.03518,   0.02062,   0.01077,  -0.03026,  -0.04503,   0.04031,   0.01241,   0.00913,  -0.00236,  -0.03518,   0.06657,  -0.01713,   0.04687,   0.09446,  -0.08441,  -0.01056,   0.00092,  -0.06308,   0.01077,   0.02226,  -0.07949,   0.02062,   0.01733,   0.02390,  -0.02369,  -0.03026,  -0.01713,  -0.06308,   0.06985,   0.05180,   0.06164,  -0.02533,  -0.07293,   0.03867,   0.06164,  -0.01877,  -0.00564,   0.03046,   0.01077,   0.00749,   0.07477,   0.02554,  -0.07129,  -0.00072,   0.03867,   0.00256,   0.00749,  -0.04339,   0.05016,   0.02390,  -0.03354,  -0.07621,   0.01077,  -0.02041,   0.02062,  -0.03846,   0.00256,  -0.02698,  -0.00072,  -0.03682,   0.03374,   0.02718,  -0.00892,   0.04031,   0.03374,  -0.06308,   0.02882,   0.03374,  -0.01549,   0.06821,   0.08954,  -0.02041,   0.01405,   0.07805,  -0.04503,   0.04195,  -0.09754,   0.01733,  -0.02205,   0.00749,  -0.02862,   0.07149,  -0.01385,   0.01569,   0.06328,  -0.00236,   0.02062,  -0.00892,  -0.02698,  -0.00236,   0.05836,  -0.03518,   0.05016,  -0.04503,   0.02390,  -0.00564,   0.03703,   0.04851,  -0.03518,   0.05180,  -0.00728,  -0.00400,  -0.00892,  -0.01713,  -0.01385,   0.00420,   0.03539,  -0.04010,   0.00420,   0.05508,   0.02226,  -0.06800,   0.02882,  -0.00564,   0.02062,  -0.01385,   0.05672,  -0.03682,  -0.04995,   0.00092,  -0.05816,  -0.04339,  -0.06472,  -0.03026,   0.04359,  -0.01713,  -0.02533,  -0.00236,   0.02554,   0.02882,   0.03703,  -0.03026,   0.00749,   0.04851,  -0.03354,  -0.06308,   0.09446,   0.06164,  -0.02698,   0.03374,  -0.01385,  -0.00892,  -0.01549,   0.01733,   0.06164,  -0.01056,   0.04687,  -0.00564,   0.02226,   0.10759,   0.01733,  -0.02533,  -0.03682,   0.02554,   0.05836,   0.01733,  -0.01713,   0.01569,  -0.00400,  -0.04339,  -0.07457,  -0.06800,   0.12729,  -0.04175,  -0.04831,  -0.02862,  -0.03026,   0.02390,  -0.00236,  -0.04339,   0.06985,  -0.02698,   0.02882,   0.04031,  -0.00400,  -0.01713,  -0.05652,  -0.05159,  -0.01385,  -0.03026,   0.07477,   0.01077,   0.04851,   0.03539,  -0.06964,  -0.03846,   0.04687,  -0.04175,   0.05508,  -0.05652,  -0.06308,   0.04851,  -0.00400,  -0.06636,   0.02390,  -0.07621,  -0.03190,   0.06492,  -0.01877,  -0.02533,   0.00092,  -0.00728,   0.01405,  -0.06800,  -0.01549,   0.05016,   0.03539,  -0.02205,  -0.00892,  -0.04339,   0.04687,  -0.01221,   0.01077,  -0.03682,  -0.00400,   0.06821,   0.06657,  -0.04175,  -0.00236,   0.01405,   0.03046,   0.03539,  -0.01877,  -0.04175,   0.04687,  -0.00236,   0.02718,  -0.03846,   0.02226,   0.05672,  -0.02369,  -0.02533,   0.02226,   0.04687,   0.02882,   0.02226,  -0.02205,  -0.02369,  -0.05652,   0.02062,  -0.05980,   0.07805,   0.00913,  -0.02041,  -0.08277,  -0.01056,  -0.00400,  -0.01056,  -0.04503,   0.00420,   0.01077,   0.03539,   0.04195,  -0.01877,   0.03703,   0.03374,  -0.01549,   0.01897,  -0.04831,   0.07313,   0.12072,  -0.04831,  -0.03354,   0.03374,  -0.08277,  -0.01385,   0.04031,   0.04031,   0.05836,   0.03210,   0.00749,  -0.01713,   0.08462,  -0.07457,   0.03867,  -0.03354,   0.00420,  -0.06144,  -0.01549,   0.10759,  -0.11231,   0.05016,  -0.01056,  -0.01221,   0.04851,  -0.04175,   0.00256,   0.06000,  -0.06636,   0.03539,  -0.04175,  -0.03682,   0.04851,   0.03703,   0.02718,  -0.03354,  -0.04010,   0.03703,  -0.05980,  -0.03846,   0.00256,  -0.04175,  -0.02369,   0.02062,   0.06985,   0.02226,  -0.04175,   0.01733,  -0.00236,   0.06492,  -0.00400,  -0.00728,  -0.03354,   0.10103,  -0.04339,   0.09775,  -0.02698,  -0.03518,   0.05180,  -0.03190,   0.03374,  -0.01549,  -0.00892,   0.07149,  -0.00072,   0.00420,  -0.04175,  -0.00236,   0.01077,   0.08954,   0.03539,   0.07313,  -0.08277,  -0.03354,   0.01077,  -0.02533,   0.05180,   0.04359,  -0.00400,   0.05508,   0.02226,   0.03867,   0.00913,  -0.06800,   0.00913,   0.03210,   0.02226,   0.00585,  -0.04503,   0.04851,   0.03046,  -0.02533,  -0.07293,  -0.02041,   0.03210,  -0.01877,  -0.00892,   0.01897,  -0.04175,   0.02718,  -0.02205,   0.02554,   0.04687,   0.01897,   0.00585,   0.00420,   0.02226,  -0.02698,   0.01241,  -0.01713,  -0.01877,   0.03210,   0.03703,  -0.04175,  -0.01877,  -0.01713,   0.06657,  -0.01549,  -0.02862,  -0.04667,   0.02390,   0.03539,  -0.01056,   0.01897,  -0.03518,  -0.01877,  -0.06800,  -0.03190,   0.01897,   0.00749,  -0.04995,   0.06000,  -0.00400,  -0.05652,  -0.03682,  -0.04339,  -0.05816,  -0.00236,   0.01077,   0.00913,   0.02062,  -0.00892,  -0.03354,  -0.04175,  -0.02205,  -0.01385,   0.02390,  -0.03354,  -0.00728,   0.00256,   0.05180,  -0.00072,   0.11252,  -0.01549,  -0.06800,   0.02390,   0.06821,  -0.06800,  -0.03026,  -0.01056,  -0.00892,  -0.03190,   0.05016,   0.03867,  -0.02369,  -0.00236,   0.00420,  -0.02533,  -0.02533,  -0.00892,  -0.03518,   0.08298,  -0.01549,  -0.00072,  -0.02041,  -0.06472,  -0.00400,   0.00749,   0.06985,   0.03046,   0.01241,  -0.05159,   0.06164,   0.02390,  -0.01221,  -0.02369,   0.05180,  -0.01713,  -0.00564,   0.00585,  -0.00892,  -0.00564,   0.06821,  -0.03190,   0.02718,  -0.00728,  -0.00564,  -0.02698,  -0.06800,   0.00749,  -0.02205,   0.05016,   0.05016,  -0.01385,  -0.02205,   0.00913,  -0.02698,  -0.00236,  -0.04503,  -0.04175,  -0.00892,  -0.05816,  -0.01056,  -0.00892,   0.07477,   0.00256,   0.00256,  -0.05816,   0.09282,  -0.00072,  -0.04339,  -0.01385,   0.03210,   0.02882,  -0.01877
  -0.03026,  -0.00728,   0.01405,  -0.09754,  -0.04995,  -0.07293,  -0.01385,   0.03703,   0.03210,  -0.04667,   0.00256,  -0.02205,  -0.02205,  -0.01877,  -0.04995,   0.05344,  -0.04831,   0.02718,   0.09446,   0.06000,  -0.00400,  -0.00072,  -0.02862,   0.00585,   0.02718,   0.00585,  -0.02205,   0.02882,   0.07805,   0.04031,   0.02882,   0.02226,  -0.00728,   0.00092,   0.01569,  -0.00236,   0.03539,   0.01733,  -0.11888,  -0.01877,  -0.03846,   0.02882,  -0.01221,  -0.01713,   0.00749,  -0.07129,  -0.04995,   0.00749,   0.00420,   0.00420,  -0.00564,   0.02062,   0.02390,  -0.03026,  -0.02862,  -0.09918,  -0.01056,  -0.01549,  -0.06636,   0.03539,   0.03210,  -0.04010,   0.03539,   0.11252,  -0.00892,   0.05508,  -0.01056,   0.06985,  -0.03190,   0.05344,  -0.03190,  -0.07129,  -0.03190,  -0.01056,  -0.01877,  -0.05159,  -0.03518,   0.05016,  -0.00564,  -0.03518,  -0.10739,   0.02226,   0.06985,  -0.03682,   0.06492,  -0.04831,   0.06328,   0.04359,  -0.02205,   0.04851,   0.00585,  -0.00236,   0.07149,   0.03046,  -0.02041,  -0.10903,   0.10103,   0.08790,   0.03867,   0.07313,  -0.02862,  -0.03846,   0.03046,  -0.02205,  -0.05980,  -0.01549,   0.04687,   0.05016,   0.01077,   0.01569,  -0.00400,   0.04851,  -0.01385,   0.05672,  -0.02041,  -0.00564,   0.02882,   0.00420,  -0.12380,  -0.05980,   0.03210,   0.08134,   0.02554,  -0.04995,  -0.03354,   0.04031,  -0.05159,   0.00420,  -0.02041,   0.01733,  -0.00400,   0.02390,   0.05672,   0.02554,  -0.05816,   0.03374,   0.03703,   0.03703,   0.03374,  -0.07129,   0.02226,   0.02390,  -0.00892,  -0.01056,   0.05180,   0.05344,  -0.01877,  -0.05816,   0.02226,  -0.00072,   0.00092,   0.05180,  -0.06472,  -0.01221,   0.01733,   0.03210,   0.06821,  -0.02041,   0.08462,  -0.03026,  -0.03190,   0.07805,  -0.01713,  -0.02698,   0.00420,   0.06657,  -0.00892,  -0.00236,  -0.02533,   0.00749,   0.04851,  -0.01549,  -0.02862,  -0.03026,   0.01733,  -0.05816,   0.06985,   0.05836,   0.01733,   0.04359,  -0.00728,  -0.01877,   0.04359,   0.01077,   0.01241,   0.02718,  -0.00236,   0.00913,  -0.00236,   0.03703,   0.00585,   0.02062,  -0.03190,   0.02390,   0.04195,   0.09775,   0.03539,   0.04851,   0.02226,  -0.00236,   0.00092,   0.00913,   0.01077,   0.04687,   0.03210,   0.02226,  -0.03190,  -0.07785,  -0.05323,  -0.04010,   0.01733,   0.06492,   0.00749,   0.02554,   0.04359,   0.01897,   0.08298,  -0.00400,   0.02226,   0.02226,  -0.07293,   0.04523,  -0.01549,   0.03867,  -0.00728,   0.00092,  -0.03354,  -0.06144,   0.02226,  -0.03354,  -0.01549,  -0.02041,  -0.00236,  -0.04175,  -0.02041,   0.02390,  -0.02862,   0.01077,   0.05508,   0.01405,  -0.00892,  -0.02369,   0.04851,   0.01569,   0.03374,  -0.03846,  -0.02862,  -0.00564,  -0.02369,  -0.07293,   0.01733,  -0.03354,   0.02062,  -0.01877,  -0.01549,   0.02226,   0.06164,   0.00256,   0.03703,   0.06985,  -0.00400,  -0.00728,   0.01241,   0.05344,   0.00749,  -0.00400,   0.04523,  -0.04995,  -0.07621,  -0.10082,  -0.01385,   0.04031,   0.02062,  -0.00728,  -0.03026,   0.07969,  -0.06472,   0.07477,   0.02554,   0.05016,  -0.03518,   0.03046,  -0.02698,  -0.08605,   0.00913,   0.02390,   0.05508,   0.04359,  -0.01385,   0.00913,   0.02882,  -0.04339,  -0.06636,  -0.04503,  -0.02205,   0.01897,   0.00585,   0.02718,  -0.00564,   0.00256,  -0.01056,   0.02226,  -0.04995,   0.05672,  -0.01056,  -0.00728,  -0.02205,   0.00420,   0.04687,  -0.03846,  -0.05159,  -0.02698,  -0.04831,  -0.05487,  -0.04175,  -0.04339,   0.00256,  -0.00400,   0.03374,   0.03703,  -0.01056,   0.00092,  -0.00892,   0.01077,  -0.04339,  -0.04010,  -0.00400,  -0.06144,  -0.06308,   0.01241,  -0.04667,  -0.02041,   0.02554,  -0.01385,  -0.06308,  -0.03190,  -0.06800,  -0.03354,  -0.00400,  -0.03354,  -0.03190,  -0.07949,  -0.00236,   0.00749,   0.08790,   0.04195,   0.06657,  -0.05816,  -0.03846,  -0.03190,  -0.04667,   0.03867,  -0.07293,  -0.02369,   0.04687,  -0.02041,   0.00585,  -0.02041,   0.00585,  -0.05652,   0.00749,   0.04031,  -0.03518,  -0.08113,  -0.08113,  -0.03026,   0.01241,  -0.00728,   0.02554,  -0.03518,  -0.02862,   0.00256,  -0.05980,   0.06985,  -0.03190,  -0.00236,   0.04359,  -0.00400,  -0.01056,   0.03046,   0.01569,  -0.04010,  -0.02698,  -0.05323,  -0.04339,   0.03210,   0.00256,   0.10759,   0.05180,  -0.04667,   0.01077,   0.05344,  -0.03682,   0.01405,  -0.00564,   0.01241,  -0.04831,  -0.01221,  -0.06144,  -0.04995,   0.03539,   0.04031,  -0.12380,  -0.01877,  -0.00728,   0.01405,  -0.13365,   0.11908,   0.00256,   0.00420,   0.00749,  -0.00892,  -0.01713,  -0.01713,  -0.03354,  -0.00072,   0.09611,   0.05836,   0.01569,  -0.03682,   0.01077,   0.01077,   0.03374,  -0.03682,  -0.02533,   0.03046,   0.06000,   0.08134,   0.01241,  -0.00236,   0.02882,  -0.07621,  -0.01713,  -0.04010,  -0.07621,   0.02390,  -0.06964,   0.00585,  -0.03026,  -0.00236,   0.01077,   0.09118,  -0.00400,   0.02226,  -0.05652,  -0.01385,  -0.02862,   0.04031,   0.04851,  -0.03190,   0.09446,   0.00585,  -0.01056,  -0.01877,   0.00585,   0.06328,   0.03046,   0.00256,  -0.04995,   0.02062,   0.01569,  -0.03026,  -0.04995,  -0.00892,  -0.03846,  -0.03354,   0.01241,   0.02226,  -0.00400,   0.06492,   0.00092,  -0.05816,   0.03046,  -0.01713,  -0.05652,   0.06000,  -0.01385,   0.00913,  -0.04010,   0.06492,   0.03539,  -0.06472,   0.05508,  -0.07457,  -0.00072,   0.00420,   0.00913,   0.06164,   0.03867,  -0.06800,   0.02882,  -0.04503,   0.00092,  -0.03190,   0.03046,  -0.03190,   0.01077,  -0.07621,  -0.04831,   0.01569,  -0.02533,  -0.06144,   0.09118,  -0.03190,   0.01077,   0.01241,  -0.01056,  -0.01385,  -0.01713,   0.03046,  -0.00236,   0.03046,   0.04195,  -0.00400,   0.02062,  -0.05487,  -0.02041,   0.04523,  -0.00564,  -0.05323,   0.06492,   0.02718,   0.00585,   0.05508,  -0.00564,  -0.00072,  -0.00728,  -0.05652,   0.12893,  -0.01385,   0.02390,  -0.06144,  -0.06144,   0.04687,  -0.00564,   0.02226,   0.02062,  -0.03518,   0.02226,  -0.03518,   0.07149,  -0.06964,  -0.00236,  -0.01056,  -0.01056,  -0.00892,  -0.03682,   0.01897,   0.03046,  -0.07293,  -0.04831,  -0.07785,   0.04195,   0.01569,   0.03046,  -0.03518,  -0.03026,  -0.05159,  -0.00400,  -0.03518,  -0.00728,   0.03210,  -0.00728,  -0.04175,  -0.04667,  -0.01056,   0.04359,   0.05180,   0.00256,  -0.01877,  -0.01713,   0.03046,  -0.07785,   0.03046,   0.05344,   0.01733,   0.04031,  -0.00728,   0.06328,  -0.03190,   0.05836,   0.07477,   0.08954,  -0.01877,   0.04851,   0.01241,  -0.01385,  -0.05816,   0.01733,  -0.08277,   0.03046,   0.03374,   0.04031,   0.02718,   0.00585,  -0.09262,   0.07969,  -0.02698,   0.05672,   0.00585,  -0.00072,  -0.00400,   0.04195,   0.00256,   0.02062,  -0.01221,   0.07641,  -0.02369,  -0.02862,  -0.02369,  -0.00236,  -0.01549,  -0.02862,  -0.00400,   0.05344,   0.08134,  -0.00236,   0.07313,   0.00749,  -0.01549,   0.01405,   0.08790,   0.00749,  -0.02698,   0.03210,   0.00092,  -0.06144,   0.04031,  -0.04010,   0.00913,  -0.03682,   0.00420,   0.01405,  -0.07949,   0.07969,   0.03046,   0.02554,   0.00585,   0.04851,   0.05016,   0.11908,  -0.06308,   0.00092,  -0.04503,   0.00420,  -0.03682,   0.03210,   0.02882,  -0.02205,  -0.00728,  -0.08113,   0.00749,  -0.02533,   0.01569,   0.06000,   0.00749,   0.02226,  -0.04010,  -0.02533,  -0.03190,   0.00092,   0.08626,  -0.00892,  -0.07621,  -0.03846,   0.09939,   0.00256,  -0.01221,   0.01077,   0.04195,  -0.02533,  -0.03190,  -0.06964,  -0.07129,   0.00256,   0.03210,   0.00420,  -0.04995,   0.05344,  -0.05816,   0.09282,   0.01569,  -0.03026,  -0.02533,   0.00749,  -0.00564,   0.08954,   0.11252,   0.02882,   0.01405,   0.05180,   0.01241,   0.05180,  -0.00728,   0.01405,  -0.04503,  -0.02533,   0.04359,  -0.03190,   0.04851,   0.04195,  -0.00400,  -0.02369,   0.00420,  -0.04010,  -0.00236,   0.00092,  -0.01056,   0.01897,  -0.02533,   0.01897,   0.03374,   0.03210,   0.06000,   0.00092,  -0.01877,   0.02062,   0.03539,  -0.00728,   0.01733,  -0.02533,   0.00256,   0.00420,   0.04195,   0.00585,  -0.05980,  -0.01221,  -0.03846,  -0.01221,  -0.02369,  -0.01549,  -0.08277,  -0.06144,  -0.00728,  -0.05487,   0.08298,  -0.03026,  -0.00236,   0.01241,   0.02062,   0.06000,  -0.00400,  -0.01877,  -0.04831,  -0.00400,   0.06821,  -0.08770,   0.08462,   0.05836,  -0.03518,   0.07641,   0.05508,   0.02062,   0.02062,   0.01897,  -0.00400,   0.13713,  -0.00400,  -0.03026,   0.05344,   0.02226,  -0.03354,  -0.01877,  -0.00072,   0.00256,   0.01077,  -0.00236,  -0.04339,  -0.02698,   0.08954,  -0.03026,   0.02390,   0.05344,   0.01077,   0.00420,   0.03867,  -0.05159,   0.00256,   0.00913,  -0.01877,   0.00092,   0.00420,  -0.03190,   0.00256,  -0.02041,   0.01405,  -0.07621,   0.00913,   0.04031,   0.06328,  -0.03026,  -0.01713,  -0.05323,  -0.04010,  -0.02369,  -0.04503,   0.05016,   0.01077,  -0.04667,   0.05180,   0.03210,   0.05344,   0.04687,   0.05344,   0.05344,   0.00913,   0.03210,  -0.03518,   0.04851,   0.06657,  -0.02041,  -0.01549,  -0.00400,   0.04031,  -0.01056,   0.02718,   0.06985,   0.02226,  -0.06800,   0.05836,   0.00913,   0.02062,   0.01077,  -0.00728,   0.09611,   0.03046,  -0.03190,  -0.00400,  -0.07621,  -0.01056,   0.03867,   0.00749,  -0.01056,   0.06328,   0.00256,   0.07313,   0.05672,   0.02718,   0.07969,   0.02882,  -0.03518,   0.05836,  -0.06472,   0.02062,   0.00585,  -0.01549,   0.02062,   0.01897,  -0.05816,  -0.07949,  -0.04667,   0.00749,  -0.01056,  -0.01877,   0.01733,  -0.00728,   0.00913,   0.04523,  -0.01221,   0.02390,  -0.05159,   0.04687,  -0.07129,  -0.02533,  -0.06308,  -0.03518,  -0.04010,   0.05836,   0.11252,  -0.04831,   0.00749,  -0.03518,   0.03374,   0.00585,  -0.04010,  -0.01877,  -0.02533,  -0.09590,  -0.01713,  -0.07785,  -0.03682,  -0.02698,   0.02882,   0.02390,  -0.01221,   0.07805,  -0.03846,  -0.04995,  -0.02205,   0.01405,   0.03374,   0.00585,  -0.02369,   0.03539,  -0.00728,  -0.06472,  -0.01221,   0.02882,  -0.01056,   0.00256,   0.02062,  -0.00728,   0.01897,  -0.00400,   0.05508,  -0.03354,   0.05836,   0.05180,   0.05508,  -0.02369,  -0.01056,  -0.07621,   0.09611,   0.02390,  -0.01056,   0.01241,  -0.03026,  -0.04995,  -0.06636,   0.02554,  -0.01056,   0.04851,  -0.04995,  -0.00892,  -0.08770,   0.00913,   0.01077,   0.01897,   0.01405,   0.02882,   0.00420,  -0.00072,   0.03374,   0.03046,  -0.01221,  -0.01056,  -0.00236,  -0.00892,   0.03539,  -0.01713,   0.02226,   0.02718,   0.00749,   0.00092,   0.03046,   0.03374,  -0.03190,  -0.05323,  -0.03026,  -0.07293,   0.01897,  -0.01549,  -0.00072,   0.01405,   0.00585,  -0.03026,  -0.04175,   0.02390,  -0.03354,  -0.05652,  -0.02369,   0.03210,  -0.05323,   0.05508,   0.00585,  -0.05323,  -0.01549,  -0.01221,   0.06657,  -0.01056,  -0.02205,   0.00585,  -0.03518,   0.05016,   0.11252,   0.00585,  -0.01385,   0.04031,   0.06821,  -0.06964,   0.01405,  -0.04339,  -0.06472,   0.07641,   0.00420,   0.02226,  -0.01549,   0.04031,  -0.04175,  -0.02205,  -0.00564,   0.02390,  -0.00236,  -0.00728,   0.03374,   0.02390,   0.04195,   0.00749,   0.05016,   0.03046,  -0.00564,   0.00585,  -0.01713,   0.02882,  -0.05980,  -0.01713,  -0.02205,   0.00092,   0.03703,  -0.05159,   0.00420,   0.04687,   0.01897,  -0.10247,  -0.01221,  -0.01877,  -0.01549,  -0.02369,  -0.03190,   0.00913,   0.02882,  -0.04010,   0.04687,  -0.02369
  -0.00564,   0.07313,   0.02882,   0.03210,  -0.00564,   0.02882,  -0.03354,   0.01077,   0.06492,   0.02718,   0.01569,   0.06492,   0.00256,   0.00420,  -0.00072,  -0.05652,  -0.04339,   0.03374,   0.02390,   0.15354,   0.00420,  -0.03846,  -0.06308,  -0.02533,   0.06657,  -0.03518,   0.06492,   0.00749,   0.04359,   0.00256,   0.04031,  -0.02041,  -0.03190,  -0.06800,  -0.01877,  -0.06472,   0.03210,   0.03210,  -0.00072,  -0.05980,  -0.02698,  -0.00564,   0.03539,  -0.04339,  -0.08113,  -0.02369,  -0.02533,  -0.05816,  -0.01221,   0.08298,  -0.04503,   0.05508,   0.00256,   0.01241,   0.00913,  -0.00564,   0.01077,  -0.01713,   0.00749,  -0.04995,  -0.04995,   0.02226,  -0.01877,   0.02554,   0.01241,  -0.11067,   0.09118,   0.07477,   0.04523,  -0.05159,   0.02062,  -0.03518,   0.01241,   0.02554,  -0.01385,   0.00913,  -0.09918,  -0.01385,   0.03703,   0.02226,  -0.01385,   0.05180,   0.00749,  -0.00072,   0.05508,  -0.04667,   0.02718,   0.00420,   0.05672,   0.00749,  -0.00400,   0.01241,  -0.00400,  -0.00400,   0.00092,  -0.03354,   0.04359,   0.06492,  -0.04175,  -0.04995,  -0.03846,  -0.03682,   0.02390,  -0.03354,  -0.03190,   0.04523,   0.00913,   0.02390,  -0.01221,  -0.06800,   0.01405,   0.05180,   0.01405,  -0.07785,  -0.10903,   0.01733,  -0.06308,   0.04359,   0.00913,  -0.07129,  -0.00072,   0.05180,   0.00256,  -0.01877,   0.05672,  -0.03518,   0.00585,   0.05016,  -0.02862,   0.03539,  -0.08770,   0.02554,  -0.02205,  -0.01549,   0.00420,   0.00585,  -0.05652,  -0.03354,   0.05016,  -0.03682,   0.00092,  -0.03846,   0.03703,   0.05672,  -0.05980,   0.06657,  -0.01385,  -0.01056,  -0.04339,  -0.00728,  -0.04010,   0.03867,  -0.04831,   0.04687,  -0.02862,  -0.10575,  -0.00728,   0.00420,  -0.03190,  -0.01877,   0.06821,  -0.06472,  -0.00400,   0.01241,   0.04851,   0.01897,   0.01733,   0.05180,   0.02390,   0.01405,   0.06985,  -0.05159,   0.02718,  -0.01713,  -0.00728,  -0.03026,  -0.13857,   0.04195,  -0.00564,   0.08790,   0.04359,  -0.00400,   0.02226,  -0.02698,   0.08462,  -0.00072,   0.05836,   0.00585,   0.04687,   0.01405,  -0.09754,  -0.02698,  -0.08770,  -0.05323,  -0.07457,   0.01077,  -0.01549,   0.08626,   0.03703,  -0.05487,  -0.02862,   0.05016,  -0.03026,  -0.00728,  -0.04995,  -0.05652,   0.00256,   0.04359,  -0.02369,  -0.09590,  -0.02533,   0.02062,   0.01405,   0.04359,  -0.02041,   0.00585,   0.05016,  -0.00400,  -0.02862,   0.02390,   0.00749,   0.00092,   0.09446,  -0.00400,   0.00585,  -0.06964,  -0.06800,   0.00749,   0.07477,  -0.04175,  -0.11559,  -0.03682,   0.01569,  -0.02205,   0.01405,  -0.05323,   0.04687,  -0.02533,   0.08954,  -0.09426,  -0.01221,   0.02390,   0.03374,  -0.00072,  -0.02205,  -0.00728,   0.01569,  -0.03518,   0.01897,   0.01077,   0.05836,  -0.01713,  -0.07785,  -0.03846,   0.03046,  -0.00072,   0.01897,  -0.02533,   0.03867,  -0.01549,  -0.00400,  -0.06636,   0.01733,  -0.00400,   0.03539,   0.05672,   0.04031,  -0.01713,   0.01241,   0.01077,  -0.06144,   0.01241,  -0.00892,   0.00420,   0.02718,   0.03703,  -0.08605,  -0.01221,  -0.05159,  -0.01713,   0.04359,  -0.05487,  -0.06144,  -0.02205,   0.02390,   0.00092,  -0.03682,   0.08134,   0.03046,  -0.04831,  -0.02205,  -0.01056,   0.00420,   0.01897,   0.03539,   0.01241,   0.02390,  -0.03682,   0.01897,  -0.02369,   0.00913,  -0.00892,   0.05508,  -0.03190,   0.00420,   0.01897,  -0.04503,  -0.04503,  -0.04010,  -0.05323,  -0.04667,   0.10923,  -0.02041,   0.07641,   0.04359,  -0.00072,   0.03703,   0.03539,   0.02882,   0.02062,  -0.02369,  -0.03682,   0.05672,  -0.06308,  -0.03190,  -0.02369,  -0.06964,  -0.03846,   0.06985,   0.02882,  -0.03354,   0.02882,  -0.01713,  -0.03518,  -0.00236,   0.01733,   0.03703,  -0.03026,  -0.01713,  -0.00564,  -0.01549,  -0.01385,   0.05836,   0.01077,   0.03210,   0.02882,   0.01897,  -0.03682,  -0.00564,  -0.04667,  -0.03846,  -0.10575,   0.03374,   0.05344,   0.06000,   0.06492,   0.00256,   0.05180,   0.00420,   0.03210,  -0.04010,  -0.01221,   0.04031,  -0.05159,   0.01077,   0.05180,  -0.01549,   0.05672,  -0.02533,   0.04851,   0.04687,   0.00585,  -0.01877,  -0.01549,  -0.06144,  -0.01056,  -0.02533,  -0.07293,   0.04687,   0.07969,  -0.02533,  -0.01385,  -0.06964,  -0.04339,   0.06821,   0.03539,   0.09939,  -0.02369,   0.03046,   0.03703,  -0.04010,  -0.01713,   0.00092,  -0.08770,   0.08462,   0.01733,   0.02882,  -0.03682,   0.03539,   0.01405,  -0.00564,   0.02390,   0.00913,  -0.07457,   0.05836,   0.00420,   0.06164,  -0.03026,  -0.03026,   0.06328,   0.01569,  -0.01385,  -0.03518,  -0.09098,  -0.00564,   0.12400,   0.04359,   0.03210,   0.04523,  -0.04831,   0.00420,   0.03046,   0.03210,  -0.02698,   0.05508,  -0.02698,   0.01897,   0.03046,  -0.02533,   0.03210,  -0.00564,   0.00256,  -0.03846,   0.04031,   0.03046,  -0.03026,  -0.03354,  -0.02369,   0.05508,  -0.05816,  -0.08605,  -0.06964,  -0.00892,  -0.02862,   0.07969,   0.04523,  -0.06144,  -0.01713,  -0.00564,   0.00585,   0.04851,  -0.04339,   0.03703,  -0.00072,  -0.01221,   0.04687,   0.01733,  -0.03518,  -0.07785,   0.00585,  -0.07949,  -0.02862,  -0.00236,   0.01405,   0.01733,   0.03374,   0.05508,  -0.01385,   0.03703,   0.06492,   0.01897,   0.08298,  -0.03026,   0.03046,  -0.00728,  -0.04667,   0.01241,  -0.06144,  -0.01056,   0.03867,  -0.00892,   0.06657,   0.04359,   0.06328,   0.00256,   0.01569,   0.03703,  -0.02533,  -0.01056,  -0.09590,  -0.01056,  -0.04175,   0.06657,   0.00256,  -0.00400,  -0.03026,   0.00585,   0.03374,  -0.00564,   0.01405,   0.00913,   0.07641,  -0.00236,  -0.01056,   0.01733,   0.02226,   0.01733,  -0.11724,   0.04359,  -0.01877,   0.04031,  -0.07785,   0.04523,   0.00585,   0.02226,  -0.10903,  -0.05980,   0.03703,  -0.00728,   0.00749,   0.00585,   0.02390,  -0.00072,  -0.00564,  -0.04175,  -0.00892,  -0.00564,  -0.03026,  -0.01056,   0.07641,   0.05836,  -0.07129,   0.02062,   0.05016,  -0.02533,  -0.01221,  -0.01713,   0.08134,   0.09611,  -0.00728,   0.02882,  -0.05323,   0.00913,  -0.04175,   0.11252,   0.04031,  -0.02369,  -0.00564,  -0.10247,  -0.01877,   0.03867,   0.06821,  -0.05816,   0.06328,   0.04687,  -0.03354,   0.00585,   0.00913,   0.09282,   0.07641,   0.03867,  -0.08441,   0.03703,   0.01897,  -0.01221,  -0.01221,   0.02554,   0.01405,  -0.02862,  -0.01877,   0.02226,  -0.01221,   0.05016,  -0.00072,  -0.02533,   0.05016,  -0.08277,  -0.00400,  -0.06800,  -0.00236,   0.04523,  -0.02205,   0.01569,   0.02062,   0.01077,   0.02226,   0.01897,  -0.04503,   0.00913,   0.00913,  -0.06800,   0.09775,   0.03867,   0.01241,  -0.01385,   0.03374,   0.04851,   0.02226,   0.01405,   0.02554,  -0.05980,  -0.00400,   0.08298,  -0.05980,   0.04687,  -0.01056,   0.08790,   0.01569,   0.03046,  -0.03190,   0.02390,   0.06328,  -0.01713,  -0.02862,   0.00585,   0.04687,   0.00420,   0.09118,   0.02390,  -0.01385,  -0.04503,  -0.07621,   0.02554,  -0.02698,  -0.03682,  -0.00728,  -0.02698,   0.00092,   0.05672,  -0.02698,   0.06985,  -0.01056,   0.01897,   0.01077,   0.03210,   0.05672,   0.01241,  -0.01056,   0.01733,   0.05344,  -0.02862,   0.00256,   0.04359,   0.00585,  -0.00892,  -0.03190,   0.03374,   0.00420,  -0.08441,  -0.02205,   0.10431,  -0.01221,   0.02062,  -0.01221,   0.00913,   0.06328,   0.00256,  -0.03190,  -0.03354,  -0.06472,   0.00256,  -0.03682,  -0.07949,   0.00256,   0.01077,   0.00092,  -0.04010,  -0.02369,   0.05508,  -0.04667,  -0.00728,   0.01077,   0.02882,  -0.07785,  -0.02533,   0.01733,  -0.01713,  -0.00236,  -0.02698,   0.03210,  -0.03354,  -0.00400,   0.03539,  -0.00728,   0.05180,  -0.03518,   0.00749,   0.01733,  -0.04010,  -0.03518,   0.06000,   0.00256,  -0.01221,  -0.00564,   0.05508,   0.03210,   0.03374,   0.01405,   0.00749,  -0.02533,   0.01241,   0.00420,   0.01241,   0.05344,  -0.03846,  -0.02533,  -0.06964,  -0.02369,  -0.07129,   0.01733,   0.01733,  -0.00564,   0.05508,  -0.04339,  -0.01221,   0.01897,   0.01077,  -0.05816,   0.06492,  -0.00728,  -0.07785,  -0.05487,  -0.08605,   0.03867,   0.02554,  -0.00564,   0.03703,   0.05180,  -0.04010,  -0.04831,   0.04523,  -0.06964,   0.00913,  -0.06636,  -0.02862,   0.09446,  -0.03354,  -0.10411,  -0.07949,   0.00749,   0.02062,   0.08954,  -0.01877,  -0.01877,  -0.02041,   0.04687,  -0.04831,   0.05016,   0.09939,  -0.07457,  -0.02369,  -0.02369,  -0.04339,  -0.04175,   0.05836,   0.01897,   0.07313,   0.02390,  -0.05159,  -0.01385,   0.03703,  -0.08113,  -0.04339,  -0.00564,   0.02062,  -0.03682,  -0.03026,  -0.02041,   0.01569,  -0.01221,  -0.02369,  -0.07785,  -0.01056,  -0.01713,   0.01897,   0.04195,   0.07149,   0.05180,  -0.03682,  -0.00236,  -0.01877,   0.00256,  -0.01549,   0.01733,   0.00420,  -0.07785,  -0.02698,   0.03210,   0.01077,   0.01733,  -0.00072,   0.05344,  -0.03682,   0.02226,   0.00749,  -0.02205,   0.03539,   0.03539,   0.08954,  -0.01549,   0.05672,  -0.01549,  -0.03682,  -0.04831,   0.07313,   0.00585,  -0.03518,   0.08954,   0.03374,   0.01077,  -0.00728,   0.00585,   0.01733,  -0.04831,   0.02390,  -0.01221,   0.08298,  -0.01877,  -0.01056,   0.01733,  -0.01713,   0.01241,   0.00749,  -0.01549,   0.05344,  -0.05816,   0.02882,  -0.07949,  -0.02369,   0.05344,  -0.03518,  -0.00564,   0.06985,   0.03867,   0.00092,  -0.01549,  -0.06636,  -0.03190,   0.08298,   0.01733,  -0.02205,   0.00913,   0.00913,  -0.02533,  -0.04503,   0.01405,  -0.00728,  -0.04831,  -0.08441,  -0.05652,  -0.02698,   0.05836,   0.04031,   0.03539,  -0.02533,   0.08462,  -0.05487,  -0.04010,   0.00913,   0.00913,   0.01897,   0.03703,  -0.06964,  -0.07621,  -0.00400,   0.04523,  -0.04995,  -0.00400,  -0.03026,  -0.00564,  -0.10903,  -0.04831,  -0.02533,  -0.12544,  -0.00728,  -0.06144,   0.02882,   0.07969,  -0.02533,  -0.03846,   0.02062,   0.07313,   0.04195,   0.01077,   0.03210,  -0.03682,   0.01569,  -0.07293,   0.01897,   0.05344,   0.00585,  -0.02369,  -0.01549,   0.05508,   0.01733,   0.06985,   0.00256,   0.00092,  -0.06308,  -0.03026,  -0.02698,   0.01241,  -0.04339,  -0.01385,  -0.04339,   0.02390,   0.02062,   0.01241,   0.01569,  -0.02205,   0.00256,   0.02390,   0.02718,  -0.00728,  -0.03682,   0.02226,  -0.00564,  -0.04503,   0.04851,  -0.03846,  -0.00236,   0.00585,   0.09118,  -0.01385,  -0.00564,  -0.01385,  -0.03026,  -0.03026,  -0.09426,  -0.07949,  -0.02205,   0.03539,   0.02554,  -0.09426,  -0.03026,   0.07805,  -0.03846,  -0.03682,  -0.03190,  -0.04175,  -0.02862,   0.04359,  -0.03682,  -0.05323,   0.09939,   0.03703,   0.01241,   0.02390,   0.00913,   0.00420,  -0.03682,  -0.02205,  -0.00892,   0.03867,   0.11744,  -0.01056,  -0.08441,  -0.03190,   0.02226,   0.00256,   0.01733,  -0.02041,   0.00749,  -0.01385,  -0.00400,   0.01077,  -0.04995,  -0.03518,   0.00585,   0.04851,  -0.07621,  -0.05487,  -0.05980,  -0.01713,  -0.05652,  -0.01221,   0.02226,   0.01241,   0.02062,   0.08626,   0.01405,  -0.00728,  -0.04010,  -0.01221,   0.00913,  -0.06964,   0.00749,  -0.01877,   0.02390,   0.05016,  -0.01221,  -0.04995,   0.13057,  -0.01385,  -0.04010,   0.04687,   0.02882,  -0.10739,   0.01733,  -0.01056,  -0.04667,  -0.01221,   0.05180,   0.00749,   0.06164,   0.04031,  -0.03518,  -0.03354,  -0.00892,   0.04851,   0.02882,  -0.01221,  -0.06636,  -0.01385,  -0.02533,  -0.00236,  -0.05159,   0.02554,  -0.00564,   0.04851,   0.02718,  -0.02862,  -0.04010,   0.04195
   0.05016,  -0.05980,   0.01405,   0.00913,   0.01077,  -0.01713,   0.00256,   0.04851,  -0.02698,   0.00585,   0.03046,   0.04195,  -0.04667,  -0.01549,   0.07313,   0.02554,   0.00420,  -0.02205,  -0.00236,   0.02554,  -0.00236,  -0.01221,  -0.01385,  -0.01713,  -0.07293,  -0.06800,  -0.02205,  -0.01056,  -0.04339,  -0.08934,  -0.06144,  -0.00236,  -0.06964,   0.01897,   0.01569,  -0.06472,   0.03374,   0.02390,  -0.01056,  -0.01549,   0.04195,  -0.03682,   0.01241,   0.03374,   0.03703,  -0.01877,   0.04687,   0.01405,   0.01733,  -0.00564,  -0.05487,   0.00256,  -0.00564,  -0.00728,  -0.01385,  -0.03682,   0.04195,   0.06164,   0.02062,   0.00913,   0.01241,  -0.01385,   0.00913,   0.06492,   0.06328,  -0.00728,  -0.00400,  -0.03354,   0.10595,  -0.03354,   0.02882,   0.02390,  -0.01713,   0.06000,  -0.01877,   0.02882,  -0.09590,  -0.03354,  -0.04667,   0.01897,  -0.00072,   0.03374,  -0.00728,  -0.01221,  -0.02862,   0.04359,   0.05672,   0.01733,  -0.02369,   0.00256,   0.08134,   0.04851,   0.05672,  -0.01056,   0.00585,  -0.06800,   0.12236,   0.02390,  -0.03682,  -0.02862,  -0.05652,   0.04359,   0.09282,   0.11416,  -0.09098,   0.12236,  -0.04010,   0.01733,   0.03210,   0.04195,  -0.01877,  -0.06800,   0.00256,   0.01405,  -0.01877,   0.03539,  -0.08770,   0.02554,   0.04851,  -0.00236,   0.01897,  -0.07129,   0.04195,   0.04195,  -0.00728,  -0.00728,   0.06164,  -0.11888,   0.01241,   0.01569,   0.00092,   0.05180,   0.01569,   0.00092,  -0.02205,   0.00092,  -0.03682,  -0.01056,  -0.03026,  -0.02698,  -0.00072,   0.00749,   0.04195,  -0.02205,   0.03046,   0.00092,   0.01569,   0.06164,   0.05672,  -0.00564,   0.03703,  -0.01713,  -0.00400,   0.04031,   0.02718,  -0.03026,   0.03539,  -0.02205,  -0.03518,   0.05672,  -0.01549,   0.06985,   0.03046,  -0.04339,  -0.02369,   0.08954,   0.00749,  -0.05816,   0.01405,  -0.00892,  -0.01221,  -0.03190,   0.01405,  -0.08605,   0.04687,  -0.03846,  -0.03026,  -0.06964,   0.00749,   0.06657,   0.00749,   0.01897,   0.03867,   0.01897,  -0.02862,   0.04359,  -0.03846,   0.03046,   0.03539,   0.01241,  -0.04831,   0.06821,   0.03210,  -0.09426,  -0.00236,  -0.03354,   0.01241,  -0.01385,  -0.03026,  -0.02041,  -0.02369,  -0.01385,   0.03703,   0.05836,  -0.02533,  -0.03846,   0.00256,  -0.03026,  -0.05816,   0.06000,  -0.01877,   0.05344,  -0.09754,  -0.01877,  -0.04667,   0.03046,  -0.00400,   0.00749,   0.03374,  -0.03682,   0.01733,   0.07313,  -0.00072,   0.07477,  -0.02369,  -0.04995,   0.00256,   0.03374,  -0.09590,   0.00913,   0.04195,   0.02718,   0.00585,  -0.00564,   0.01405,  -0.02698,  -0.01713,  -0.00236,   0.00585,  -0.01385,  -0.00236,   0.02062,  -0.06144,   0.07641,   0.03046,   0.00092,   0.07313,  -0.02698,  -0.02041,  -0.04010,   0.05836,  -0.01877,  -0.07621,  -0.05652,  -0.06472,   0.03703,   0.02062,   0.05508,   0.07969,   0.09118,  -0.03846,   0.04031,   0.01733,   0.02062,   0.00256,   0.06328,   0.00913,  -0.01056,   0.02226,  -0.02041,  -0.04175,  -0.00892,  -0.08277,   0.00420,   0.04195,   0.00092,  -0.06144,  -0.00072,  -0.06144,   0.02718,   0.04359,  -0.02369,  -0.03846,   0.03703,   0.02390,  -0.00892,   0.00420,   0.08790,   0.01569,  -0.02205,   0.00913,  -0.07293,   0.01241,   0.01405,   0.02226,  -0.06636,   0.05180,  -0.02369,   0.02554,   0.01897,   0.03703,  -0.04339,   0.06000,  -0.00072,  -0.04831,   0.05180,  -0.04339,   0.02718,  -0.00564,   0.04031,  -0.01877,  -0.04175,  -0.07293,   0.00913,   0.01897,   0.02062,   0.00585,  -0.06636,  -0.05323,  -0.00236,  -0.01713,   0.03867,  -0.08605,  -0.04339,   0.06985,  -0.02205,  -0.03026,  -0.02862,  -0.00564,   0.01569,   0.01405,  -0.00400,   0.01405,   0.02062,  -0.00400,   0.03703,   0.03046,  -0.01385,  -0.02862,   0.04031,  -0.00400,   0.05180,  -0.00072,  -0.02041,   0.01897,  -0.07457,   0.07149,   0.00256,   0.00749,   0.00256,  -0.02369,   0.01077,   0.00749,   0.00585,   0.03210,  -0.01549,   0.04523,   0.01897,  -0.00236,  -0.03026,   0.00749,  -0.02862,  -0.06636,   0.02062,   0.01241,   0.00420,  -0.00728,   0.02554,   0.06657,   0.02226,   0.09282,   0.00256,  -0.02533,  -0.00236,  -0.02698,   0.06985,  -0.02533,   0.09446,  -0.03190,   0.02554,   0.00585,   0.03374,   0.00256,  -0.02698,   0.00256,   0.06821,   0.00585,  -0.03354,   0.07641,   0.04195,   0.03374,  -0.09590,  -0.02698,   0.02882,  -0.03682,   0.01733,   0.00256,   0.00256,   0.02718,   0.03539,  -0.01549,  -0.05159,  -0.04339,  -0.04339,  -0.05159,   0.00092,  -0.01056,   0.01241,  -0.01056,  -0.01221,   0.01897,  -0.02533,   0.00749,   0.04359,   0.01569,  -0.01549,  -0.11231,  -0.04010,   0.04195,   0.06328,   0.00749,  -0.01549,   0.02882,  -0.00728,   0.05016,  -0.03026,   0.05016,   0.01241,   0.01569,  -0.01056,  -0.08441,   0.00420,   0.03539,   0.01897,   0.00749,   0.01897,  -0.02041,  -0.05980,   0.09939,   0.02882,  -0.04831,  -0.05159,  -0.00728,  -0.04667,   0.01077,   0.00420,   0.04359,  -0.04175,  -0.00892,  -0.01549,   0.00913,   0.06821,   0.05672,  -0.00072,   0.03210,   0.04851,  -0.07293,   0.06657,  -0.02698,  -0.03026,   0.01241,   0.01241,  -0.06472,   0.05180,   0.02718,   0.05016,   0.01405,  -0.07785,  -0.09098,  -0.04503,  -0.08113,  -0.10739,  -0.11559,  -0.00892,  -0.04503,  -0.03354,   0.08134,  -0.00892,  -0.02533,   0.01241,  -0.08770,  -0.01877,   0.04031,   0.04195,  -0.01713,   0.06492,   0.08626,   0.00420,   0.01241,   0.04195,   0.01733,   0.02062,   0.04523,  -0.09918,   0.01241,   0.04359,  -0.00564,  -0.00400,  -0.06964,   0.01405,  -0.02698,  -0.05159,   0.06821,  -0.01221,  -0.01056,   0.00420,  -0.00236,   0.01405,   0.00749,  -0.07621,  -0.00236,  -0.00728,  -0.02205,   0.00585,  -0.00892,  -0.01877,   0.00256,   0.07149,   0.00585,  -0.01385,   0.06000,  -0.02369,  -0.03682,  -0.04175,   0.01897,  -0.00400,  -0.00892,  -0.01877,   0.00585,   0.06657,   0.02226,   0.06000,  -0.00564,  -0.10903,  -0.01221,   0.02062,  -0.05816,   0.03539,   0.00913,  -0.02041,  -0.07785,  -0.01549,   0.07149,   0.05180,  -0.04667,   0.01405,  -0.03518,  -0.04667,  -0.02698,   0.00585,  -0.01713,   0.00585,  -0.03354,  -0.03682,   0.01405,  -0.04175,  -0.00072,  -0.05652,  -0.00236,   0.01733,  -0.01713,  -0.02041,   0.02062,  -0.01549,   0.04359,  -0.01549,   0.05508,   0.03867,  -0.02369,   0.07805,  -0.01549,  -0.02369,   0.02882,  -0.02533,  -0.04339,   0.04195,  -0.01877,  -0.02205,   0.04851,  -0.01713,   0.06985,  -0.02205,  -0.04667,   0.03539,  -0.00072,  -0.01221,  -0.02862,  -0.01385,  -0.02205,  -0.04667,  -0.02533,   0.06000,  -0.05323,   0.06000,  -0.00728,   0.02554,   0.02882,  -0.02041,   0.04195,   0.01405,   0.00585,   0.03374,   0.03210,   0.02390,  -0.04339,   0.00420,   0.02226,   0.01241,  -0.01877,  -0.04503,   0.04687,   0.04195,   0.00913,   0.02718,  -0.02533,   0.00256,   0.02390,  -0.02369,   0.00585,   0.00585,   0.06000,  -0.01221,  -0.02369,   0.03210,   0.05344,   0.00749,  -0.04995,  -0.03026,   0.04195,  -0.04831,  -0.00728,  -0.03682,  -0.03846,   0.03046,   0.01241,  -0.05816,   0.07641,   0.02390,  -0.01221,  -0.01056,  -0.12544,  -0.04667,  -0.10247,   0.00256,  -0.01877,   0.02062,  -0.11231,   0.06164,  -0.01385,   0.08954,  -0.00236,  -0.00400,   0.03703,  -0.01713,  -0.05816,   0.02390,  -0.04995,  -0.02205,   0.01897,   0.03539,   0.00585,   0.04523,   0.02718,   0.04359,   0.04687,   0.03374,   0.09446,  -0.03682,  -0.01221,   0.01241,   0.00256,  -0.05487,  -0.04175,  -0.05323,  -0.03026,   0.00256,  -0.05323,   0.03374,  -0.02533,  -0.03354,  -0.01056,  -0.05980,   0.03867,  -0.04175,   0.00585,  -0.00728,  -0.07621,   0.03046,   0.10267,   0.07149,   0.09611,   0.00256,  -0.00400,  -0.04995,   0.04359,   0.00913,  -0.09262,  -0.04667,  -0.07621,  -0.08113,   0.00092,  -0.01221,   0.04687,  -0.02369,   0.04031,  -0.04503,   0.00913,  -0.04503,  -0.02698,  -0.06636,  -0.04667,  -0.00728,  -0.02533,  -0.05159,   0.04195,  -0.08934,   0.00420,  -0.02698,  -0.02041,  -0.03682,  -0.02533,   0.01569,   0.01241,   0.10431,   0.08790,   0.04031,  -0.04175,  -0.00892,   0.06000,  -0.01056,   0.05344,  -0.03190,  -0.03518,   0.02882,  -0.02533,   0.06000,  -0.04667,   0.00913,  -0.02041,   0.03867,   0.05836,   0.04523,  -0.03682,   0.00092,  -0.01056,   0.00092,   0.17324,   0.04031,  -0.00564,  -0.03518,  -0.00892,   0.06821,   0.01569,  -0.01549,   0.04851,  -0.01877,  -0.00400,   0.07149,   0.06328,   0.06164,   0.00913,  -0.04995,  -0.05816,  -0.02369,  -0.06144,  -0.04175,   0.02882,  -0.02041,   0.00585,   0.05836,   0.03703,  -0.07621,  -0.02533,   0.04359,  -0.03518,   0.04851,   0.06985,  -0.04667,   0.01897,  -0.00400,   0.00256,   0.02226,   0.01733,  -0.00564,  -0.04503,   0.04851,   0.05180,  -0.02698,   0.01241,   0.05180,   0.04359,  -0.00072,   0.00913,  -0.01877,   0.04523,   0.01733,   0.01077,  -0.02205,  -0.01713,  -0.01056,  -0.02369,   0.00092,  -0.08770,   0.06164,  -0.04010,  -0.02041,  -0.05323,   0.08134,   0.01733,  -0.15006,   0.06657,   0.03867,  -0.06636,   0.00256,   0.02226,   0.09446,   0.02062,  -0.02205,   0.04359,  -0.01221,  -0.00236,  -0.03846,   0.05344,   0.04523,   0.00092,   0.04523,  -0.00728,  -0.07129,   0.00092,   0.07313,   0.01405,  -0.00400,   0.00420,   0.03539,  -0.01221,  -0.03354,   0.03046,  -0.05323,  -0.03190,  -0.00728,   0.03703,  -0.03518,   0.02718,   0.02718,   0.00420,   0.03703,   0.00092,   0.01405,  -0.04831,  -0.01056,  -0.00892,  -0.03354,   0.04523,  -0.00728,  -0.00892,  -0.01385,   0.05344,   0.01077,   0.05508,  -0.05159,   0.06821,   0.04851,   0.00585,   0.04359,  -0.04010,   0.02226,  -0.02205,   0.07149,   0.03703,  -0.03190,   0.02882,  -0.02533,  -0.08441,  -0.06308,   0.02062,  -0.00400,  -0.02369,  -0.03354,  -0.04339,  -0.00236,  -0.09754,  -0.06144,   0.02882,  -0.05159,  -0.02698,   0.02390,   0.04195,  -0.04175,  -0.00400,   0.00585,  -0.01549,   0.03210,   0.04851,   0.04195,  -0.04667,   0.06000,   0.08462,  -0.03026,   0.00913,  -0.00072,  -0.02205,   0.03374,  -0.04667,   0.00256,  -0.00728,   0.02390,   0.06000,  -0.01056,   0.11088,   0.05016,  -0.06636,   0.00585,  -0.01221,  -0.03846,  -0.04831,  -0.09262,   0.04359,  -0.02698,  -0.03846,  -0.05487,  -0.04175,   0.01569,   0.03210,  -0.03354,  -0.05652,  -0.08934,   0.09611,  -0.03354,  -0.10903,   0.01569,   0.03703,  -0.01056,  -0.03518,   0.00749,   0.01405,  -0.05323,  -0.07949,  -0.04831,  -0.04010,  -0.01877,   0.04031,   0.09939,   0.04851,   0.03210,   0.03867,  -0.02041,   0.01405,   0.06328,   0.00749,  -0.00892,   0.02226,   0.07641,   0.00749,   0.03867,  -0.01056,  -0.04995,  -0.03518,   0.04687,  -0.01713,   0.02062,  -0.00892,   0.05016,  -0.01221,  -0.01221,  -0.00072,  -0.01385,  -0.02862,  -0.02041,   0.00420,   0.01077,  -0.03846,  -0.00564,  -0.02041,  -0.00236,  -0.01056,  -0.03354,  -0.00072,  -0.03190,   0.09446,   0.00585,  -0.03682,  -0.00236,   0.02882,   0.03703,   0.02062,  -0.02205,  -0.06308,   0.01733,  -0.01385,  -0.04010,  -0.03682,  -0.02041,  -0.00892,  -0.02862,   0.05836,  -0.03518,  -0.04503,   0.01241,  -0.01713,   0.03374,   0.04031,  -0.00728,   0.04687,  -0.01056,  -0.03026,   0.02882,   0.06492,  -0.04831,   0.03046,  -0.05159,   0.00585,   0.02226,   0.05672,  -0.04831,   0.00256,   0.02390,  -0.01056,   0.00256,   0.06164,   0.02882,   0.06000,  -0.01056,  -0.05323,  -0.06144
  -0.03354,   0.02718,   0.02554,  -0.09590,   0.02226,  -0.02533,   0.00749,  -0.00072,   0.03867,   0.01733,  -0.04175,  -0.00236,  -0.00400,   0.05344,   0.04687,   0.09775,  -0.02369,  -0.03026,  -0.00564,  -0.03026,   0.01733,   0.00585,   0.04523,  -0.01713,   0.05672,   0.00913,  -0.01221,  -0.00728,  -0.04831,   0.00420,  -0.00892,   0.00420,  -0.04339,  -0.03354,   0.04523,   0.04031,  -0.03190,  -0.06636,  -0.03518,   0.02226,  -0.02369,   0.00420,   0.03210,  -0.01549,   0.01897,  -0.01056,  -0.01385,   0.03374,  -0.02533,   0.00913,   0.03374,   0.02718,   0.01405,  -0.10575,   0.04523,   0.01897,   0.01897,   0.04359,   0.03210,  -0.04831,   0.04687,  -0.04831,  -0.02041,  -0.00892,  -0.04339,   0.00913,   0.01733,  -0.02369,   0.00092,   0.05508,   0.07477,   0.03210,   0.01897,  -0.00236,   0.06492,  -0.05323,   0.02554,   0.04851,  -0.00236,  -0.02862,  -0.04503,  -0.05487,  -0.01549,   0.08626,  -0.03518,  -0.03518,  -0.02041,   0.00913,   0.03703,  -0.02698,   0.02882,   0.00913,   0.06000,   0.00585,   0.04359,   0.01897,  -0.01385,   0.04195,   0.10267,  -0.01877,   0.02554,   0.01077,   0.05672,   0.04687,   0.06492,   0.07477,   0.06657,   0.00585,   0.00749,   0.05672,   0.01241,  -0.03682,  -0.01877,   0.03046,   0.01077,   0.05836,   0.03210,   0.03539,   0.01077,   0.01405,  -0.01385,  -0.04175,   0.05180,   0.01569,  -0.05652,  -0.02041,  -0.02205,  -0.04831,   0.05836,  -0.00892,  -0.03190,  -0.04995,   0.02554,   0.02882,  -0.02698,   0.00092,  -0.06308,  -0.04010,   0.01405,   0.04687,  -0.06636,  -0.04503,   0.01241,  -0.01877,   0.00585,  -0.03846,  -0.05980,   0.00585,  -0.00564,  -0.09918,   0.05672,   0.05836,   0.00092,  -0.02041,  -0.04995,  -0.02533,  -0.01877,  -0.00892,   0.05180,  -0.02862,   0.06328,  -0.00892,  -0.00400,   0.01077,   0.04195,  -0.00892,   0.00913,   0.03210,   0.05344,  -0.01549,   0.00256,   0.02554,  -0.06308,   0.07149,   0.00420,   0.02226,  -0.00564,  -0.03190,   0.06328,   0.06492,  -0.06144,  -0.00728,  -0.01713,  -0.03354,  -0.03518,  -0.01385,  -0.04175,  -0.02205,  -0.00564,   0.02390,  -0.00892,   0.02718,  -0.05652,   0.07969,  -0.02205,   0.06492,   0.01405,  -0.01221,   0.06985,  -0.01549,   0.07641,  -0.04503,  -0.00236,   0.04687,   0.05180,   0.04195,   0.08298,  -0.05487,   0.05016,   0.00749,  -0.03846,   0.00913,   0.03539,  -0.03354,  -0.02698,  -0.01221,  -0.01713,  -0.10247,   0.01077,   0.00749,  -0.03518,   0.06657,  -0.04010,  -0.05323,   0.04195,  -0.06308,  -0.00892,   0.01733,   0.02882,  -0.01056,  -0.03518,  -0.06964,  -0.06800,   0.01733,  -0.05652,   0.05016,  -0.05816,   0.05672,  -0.00072,  -0.00236,   0.01897,  -0.07457,  -0.06308,   0.01241,   0.02226,  -0.06964,   0.00256,   0.08790,   0.04523,   0.02882,  -0.03190,   0.05836,  -0.02862,   0.00256,  -0.01221,  -0.03190,   0.06000,   0.02062,   0.00256,  -0.00728,  -0.07785,   0.02062,   0.03374,   0.05180,   0.00256,   0.01897,  -0.02041,   0.09118,  -0.03354,  -0.00072,  -0.01549,   0.03703,   0.01405,   0.06328,   0.04687,   0.01569,  -0.01221,   0.00420,   0.01241,  -0.01221,   0.00420,   0.01405,  -0.02369,  -0.05980,   0.00749,  -0.00892,   0.00256,   0.05836,  -0.03846,   0.09282,   0.06821,  -0.05652,   0.03374,  -0.00400,   0.04687,   0.04359,  -0.02041,  -0.05323,  -0.01221,   0.02554,  -0.05323,   0.01241,  -0.03354,  -0.00236,   0.04031,  -0.03354,  -0.02862,   0.05344,   0.04195,  -0.03026,   0.00092,   0.02062,   0.02062,   0.04851,   0.03046,   0.04195,   0.04851,   0.03703,   0.05016,  -0.02205,  -0.03026,  -0.04010,  -0.04175,   0.03374,  -0.02862,  -0.03026,  -0.02533,   0.01897,   0.05180,   0.03539,  -0.00400,   0.00585,  -0.01549,  -0.04010,  -0.04010,   0.00585,  -0.02862,  -0.00236,  -0.03846,  -0.12872,  -0.06636,   0.05836,  -0.03026,   0.00913,  -0.02698,  -0.00728,   0.02554,  -0.01549,  -0.00072,  -0.06800,  -0.03682,   0.07477,   0.06328,   0.02390,  -0.03026,   0.02882,  -0.04010,  -0.04339,   0.02554,   0.06164,  -0.00564,  -0.02369,   0.06164,   0.00256,   0.05836,  -0.01713,  -0.07129,  -0.03682,   0.02882,   0.08462,   0.00585,  -0.06144,   0.08298,  -0.04010,  -0.00400,   0.05344,  -0.09754,   0.02882,  -0.00892,  -0.02205,  -0.00236,  -0.04175,  -0.02041,   0.01405,  -0.06144,  -0.10411,   0.00420,  -0.01877,  -0.00728,  -0.04339,  -0.00728,  -0.03354,   0.01897,   0.01077,   0.08134,  -0.01549,  -0.02369,   0.05016,  -0.01713,  -0.02369,   0.02390,  -0.07293,   0.05344,   0.00256,  -0.00892,  -0.05652,   0.01733,   0.06657,   0.03046,   0.01733,   0.11252,  -0.02369,  -0.01056,  -0.00728,   0.05508,   0.01241,   0.00913,  -0.03518,   0.02062,  -0.04503,  -0.01713,   0.00749,   0.03374,   0.02718,  -0.00400,   0.10923,  -0.10082,  -0.11067,   0.02226,   0.01405,  -0.04010,  -0.00400,   0.06821,  -0.01549,  -0.02533,  -0.02698,   0.04359,  -0.06144,  -0.04667,  -0.02041,   0.05016,   0.02554,  -0.02205,   0.09611,   0.03210,  -0.04831,   0.02554,   0.00913,   0.06657,  -0.06472,   0.00420,  -0.05652,   0.01077,   0.02390,  -0.03682,   0.00913,  -0.02041,  -0.02698,   0.00749,   0.04687,  -0.04995,  -0.02533,  -0.01385,   0.01405,  -0.07621,   0.06164,  -0.02862,   0.07805,   0.02226,  -0.02041,   0.01733,  -0.03846,   0.03539,  -0.00564,   0.02882,   0.00420,   0.02390,  -0.04831,   0.00420,  -0.02205,  -0.03682,  -0.02369,  -0.00564,   0.01897,  -0.01056,  -0.05652,  -0.01877,  -0.03026,   0.00092,  -0.01877,   0.01569,   0.06821,   0.02226,   0.02390,   0.02226,  -0.00892,  -0.03026,  -0.00400,   0.04031,   0.07641,  -0.03026,   0.02226,  -0.04995,  -0.02369,  -0.00072,   0.05508,  -0.02862,   0.00420,   0.01405,   0.07149,  -0.00236,  -0.00892,  -0.03682,  -0.04175,   0.04523,  -0.02369,  -0.04667,  -0.03026,   0.00913,  -0.03190,   0.00913,   0.00913,  -0.06800,   0.00256,  -0.01877,   0.00420,  -0.01385,   0.03703,  -0.02698,  -0.03190,  -0.05159,  -0.01385,   0.04523,   0.00092,  -0.01221,  -0.02205,   0.12236,   0.03867,  -0.00892,   0.02882,  -0.05323,  -0.03846,   0.04031,   0.03539,  -0.03190,  -0.01385,  -0.03026,   0.00585,  -0.07129,  -0.04175,   0.12400,  -0.04831,   0.03210,   0.02554,  -0.04503,  -0.00564,  -0.03354,  -0.03026,  -0.02862,   0.01897,   0.03374,  -0.00072,   0.01241,  -0.03354,   0.02718,   0.05180,   0.01733,   0.08298,   0.05180,   0.00256,   0.01733,  -0.00564,   0.08462,   0.01569,  -0.06472,   0.06328,  -0.05323,  -0.00072,   0.05672,   0.04523,   0.04195,  -0.00236,  -0.03190,  -0.10247,  -0.02698,  -0.03518,  -0.02041,   0.06821,  -0.00892,   0.05016,   0.00256,  -0.03518,   0.06657,  -0.07293,  -0.01385,  -0.00400,   0.04851,   0.01897,   0.00256,   0.10267,   0.01569,   0.03046,   0.04523,   0.05344,  -0.04175,  -0.02205,  -0.07293,   0.03046,  -0.03026,  -0.04995,   0.01405,   0.11744,   0.02062,  -0.04831,  -0.04995,   0.08626,   0.01897,  -0.00072,   0.02554,  -0.03846,  -0.02533,  -0.03682,  -0.01877,  -0.00236,  -0.03354,   0.00256,   0.11088,   0.01077,  -0.02533,   0.00256,   0.03374,   0.04851,   0.04687,   0.01241,   0.00256,   0.00585,   0.03539,  -0.06144,  -0.05816,   0.03703,  -0.02533,   0.00585,  -0.01056,  -0.00072,   0.02390,  -0.01221,   0.02554,   0.02554,   0.00913,   0.02554,  -0.02205,   0.02390,   0.00585,   0.03867,  -0.10575,  -0.05159,   0.02718,   0.03046,   0.00585,   0.06657,   0.04851,  -0.05487,  -0.04339,  -0.06800,  -0.04667,   0.01077,   0.02718,   0.02226,  -0.01549,  -0.06308,   0.01077,   0.02226,   0.00420,  -0.06964,   0.01241,   0.02554,   0.00913,   0.00420,   0.01569,   0.06000,   0.00256,   0.05180,  -0.04503,  -0.05487,  -0.05487,  -0.01713,  -0.01221,  -0.08441,   0.05672,   0.00913,  -0.01056,  -0.01549,   0.00585,   0.00256,   0.02882,  -0.00072,  -0.05980,   0.02390,   0.01405,   0.00749,  -0.02205,   0.06164,   0.02390,   0.03703,   0.02062,   0.00913,   0.00585,  -0.06144,  -0.05816,   0.05508,   0.07149,   0.04523,   0.00913,  -0.11395,  -0.03846,   0.02390,  -0.02862,  -0.03190,  -0.02698,   0.05672,  -0.06800,   0.02390,  -0.00892,  -0.03026,   0.03374,   0.00749,   0.00256,  -0.06308,   0.00749,  -0.06472,  -0.08113,  -0.03518,   0.00092,  -0.01877,  -0.03846,   0.04851,   0.02062,   0.00585,   0.00749,   0.04195,  -0.07785,  -0.00400,  -0.03846,   0.05180,  -0.03026,  -0.08770,  -0.01713,  -0.01056,  -0.01877,  -0.00400,  -0.00072,   0.06164,  -0.00072,   0.07641,   0.01733,   0.04195,  -0.06144,  -0.01877,   0.07149,  -0.03518,   0.01569,   0.06164,   0.03210,   0.01733,   0.03539,  -0.00072,  -0.08113,   0.04359,  -0.05159,   0.04523,   0.01733,   0.03046,  -0.01713,   0.05180,   0.05180,  -0.05652,  -0.06636,   0.01077,  -0.02205,  -0.00072,  -0.02862,   0.01077,  -0.02041,   0.00585,  -0.02698,   0.01405,  -0.07621,   0.04359,   0.01569,   0.01733,   0.02062,  -0.04667,   0.02882,  -0.01385,  -0.01713,  -0.04831,  -0.05816,  -0.08770,   0.03703,   0.02718,   0.00256,   0.01569,  -0.05159,  -0.01385,   0.03867,  -0.00564,  -0.02698,  -0.06800,  -0.02533,  -0.06308,   0.03210,   0.00913,  -0.03846,  -0.02205,  -0.08605,   0.01569,  -0.06800,  -0.04339,  -0.05159,   0.03539,  -0.01877,   0.00913,  -0.00072,  -0.02698,   0.04523,  -0.04339,   0.00092,  -0.04175,   0.02554,   0.05836,   0.08790,  -0.01221,   0.02390,  -0.00400,  -0.00892,   0.06985,   0.01569,  -0.02205,   0.02062,  -0.00236,   0.03867,   0.02882,  -0.03026,  -0.01056,  -0.05487,   0.02062,  -0.00728,   0.00092,  -0.03682,  -0.01713,  -0.01877,   0.01405,  -0.01713,   0.01241,   0.02226,  -0.06308,  -0.05816,   0.02554,   0.00749,  -0.00072,   0.06985,   0.04687,   0.05016,   0.00420,  -0.03026,  -0.03026,   0.04195,   0.01077,  -0.03354,  -0.03026,   0.06657,  -0.00072,  -0.01549,  -0.02862,  -0.00400,  -0.05159,   0.07149,  -0.06308,   0.01241,  -0.00564,   0.06328,   0.00092,  -0.05159,  -0.05323,  -0.06472,   0.06492,   0.05672,  -0.01877,  -0.00236,  -0.03518,   0.01241,   0.01405,  -0.02533,   0.00256,  -0.00236,  -0.06964,  -0.03354,  -0.04831,   0.00420,  -0.00564,  -0.00564,  -0.04831,   0.00749,   0.04687,  -0.00236,  -0.00400,  -0.03190,   0.00585,  -0.03354,  -0.04831,  -0.02862,  -0.05652,   0.03539,  -0.00564,  -0.04339,   0.01897,  -0.08605,   0.01241,  -0.01877,   0.00092,   0.03046,   0.10431,   0.07313,   0.05344,  -0.01056,  -0.13529,   0.00585,   0.01569,  -0.02369,   0.00749,   0.03210,   0.02882,  -0.05652,  -0.04503,  -0.05487,  -0.02698,   0.05016,  -0.07457,   0.00585,  -0.10903,  -0.00728,  -0.06800,  -0.01385,  -0.00400,   0.04359,   0.00585,   0.01241,  -0.01877,   0.01077,  -0.07785,   0.04523,   0.02062,   0.01405,  -0.02698,   0.03046,  -0.06472,  -0.04667,   0.01897,  -0.02041,  -0.03846,   0.03046,   0.00585,  -0.00236,  -0.01549,  -0.06964,   0.01569,  -0.03026,   0.03210,  -0.04339,   0.00749,  -0.01221,  -0.04339,   0.05836,  -0.03354,   0.02718,   0.08298,   0.09611,   0.02062,  -0.03682,   0.08790,  -0.05159,  -0.02862,   0.04687,   0.04523,  -0.07457,  -0.01877,   0.04359,  -0.01385,   0.02718,   0.00420,   0.07805,  -0.04339,  -0.00236,  -0.01056,  -0.05323,  -0.01549,  -0.02205,  -0.01877,  -0.00072,  -0.03682,  -0.02698,  -0.05159,   0.06000,  -0.04339,  -0.02041,  -0.00072,  -0.05980,   0.06000,   0.01077,   0.02718,  -0.06636,   0.06985,  -0.01549,  -0.00236,  -0.01221,  -0.06636,   0.04195,  -0.06472,  -0.02205,   0.01241,   0.00420,  -0.03682,   0.03046,  -0.03190
  -0.03026,  -0.07785,  -0.01549,  -0.07457,  -0.04010,  -0.02698,  -0.01713,   0.03867,   0.04359,   0.07805,  -0.05487,   0.03867,  -0.02533,   0.03703,  -0.00728,   0.02718,   0.01733,   0.01405,   0.04851,  -0.06636,   0.01569,   0.01077,   0.03539,   0.00749,   0.00913,   0.04851,  -0.02369,  -0.06308,   0.06164,   0.03539,  -0.04831,   0.08298,  -0.01385,   0.01077,  -0.02862,  -0.05980,  -0.02533,   0.00256,  -0.05159,   0.01897,   0.04851,   0.07805,   0.03210,  -0.01056,   0.03867,   0.05508,  -0.07457,  -0.01221,  -0.03026,   0.00913,  -0.00728,   0.06821,   0.01897,  -0.00892,  -0.02205,   0.07149,   0.02226,   0.00585,   0.01241,   0.03210,   0.04359,  -0.00564,  -0.02698,   0.00585,  -0.01713,   0.01077,   0.01733,  -0.01056,   0.03374,  -0.06636,   0.08134,   0.08134,   0.03046,   0.03867,  -0.01549,  -0.03518,   0.01897,   0.01897,   0.05836,  -0.04503,  -0.00728,   0.03210,  -0.01713,  -0.05323,  -0.01221,   0.04195,  -0.04667,  -0.01056,   0.00092,   0.06328,   0.00092,  -0.00892,   0.03703,   0.05836,  -0.00892,   0.10759,  -0.00728,  -0.00564,   0.03703,  -0.01385,  -0.03026,  -0.03026,   0.03539,  -0.03682,  -0.03190,   0.02718,  -0.02533,   0.08134,  -0.03026,   0.08790,   0.03539,   0.02062,   0.01077,  -0.02533,   0.00585,  -0.02205,   0.08462,  -0.01713,   0.01405,  -0.02369,  -0.03190,  -0.00400,   0.02062,  -0.05323,   0.01241,   0.04523,   0.04523,  -0.01549,  -0.04831,  -0.03026,   0.01077,   0.01569,   0.00913,   0.00256,  -0.07293,   0.01077,   0.04687,   0.02554,   0.02390,   0.01241,   0.02882,   0.07805,   0.00420,   0.06821,  -0.01385,  -0.04339,  -0.03354,   0.00749,  -0.01549,  -0.02041,   0.01405,  -0.07293,  -0.00728,   0.00420,   0.02554,   0.04359,   0.02390,  -0.02698,  -0.00892,   0.00585,  -0.05323,   0.00913,   0.03374,   0.01241,   0.08134,   0.02062,  -0.03846,  -0.04503,   0.01569,   0.04359,   0.00749,   0.01241,  -0.00400,  -0.01056,   0.02390,  -0.02533,  -0.02205,   0.01733,  -0.03026,  -0.06308,  -0.02205,   0.06492,  -0.04503,  -0.00072,   0.01405,   0.01569,  -0.03354,   0.05508,   0.04031,  -0.01385,  -0.02862,   0.03210,   0.02226,  -0.07129,  -0.01221,  -0.02698,   0.03374,  -0.04010,  -0.03682,   0.00256,   0.02554,  -0.03026,  -0.01713,   0.02554,  -0.00892,   0.06328,   0.02882,   0.00913,   0.02226,  -0.01713,  -0.01877,  -0.02533,   0.02718,   0.03703,   0.00256,   0.05016,   0.00420,   0.04687,  -0.01877,  -0.05980,   0.05672,   0.03539,  -0.04175,   0.01241,  -0.00400,   0.01405,   0.06000,  -0.05652,   0.02718,  -0.00236,  -0.05159,   0.02554,  -0.02862,   0.02062,   0.00913,  -0.06472,  -0.06144,   0.02882,   0.00256,   0.00585,   0.01077,   0.07313,   0.00420,   0.09611,   0.02882,  -0.04010,   0.06000,   0.00420,   0.04359,  -0.02041,  -0.06636,   0.01897,   0.01077,  -0.02533,   0.06821,   0.03046,   0.05016,  -0.02205,   0.01733,   0.01569,  -0.07785,  -0.06800,   0.04195,  -0.04010,   0.01405,  -0.01877,   0.00913,  -0.02369,   0.07969,  -0.02533,  -0.00564,  -0.00072,  -0.00236,   0.01569,   0.00092,   0.03210,  -0.02369,  -0.00400,  -0.04175,   0.07149,  -0.02862,  -0.00728,   0.01077,   0.02882,  -0.02205,  -0.00236,   0.05672,   0.04687,   0.00749,   0.04031,   0.03539,   0.00256,   0.00420,  -0.03682,   0.04031,   0.00092,   0.05344,  -0.02041,  -0.01056,  -0.05816,  -0.05159,  -0.08934,  -0.01877,  -0.09426,   0.05016,  -0.00400,  -0.06800,  -0.00728,   0.00092,  -0.01385,   0.04523,   0.02226,  -0.00072,   0.05836,  -0.03026,   0.03703,  -0.02205,  -0.02862,   0.01077,   0.02226,  -0.02369,   0.03703,   0.02882,  -0.03682,  -0.04667,   0.06985,   0.01569,  -0.04995,  -0.03682,  -0.00236,   0.04687,   0.00585,  -0.00236,   0.04359,   0.04031,  -0.01877,   0.01077,  -0.01056,   0.04359,   0.04359,   0.00256,   0.01569,  -0.03354,   0.01077,   0.01077,  -0.01713,  -0.00236,   0.06328,  -0.04503,  -0.01549,   0.00913,  -0.02369,  -0.04503,   0.01897,  -0.03354,  -0.00892,   0.02390,   0.00749,  -0.02698,   0.00092,   0.01405,   0.00092,   0.01077,   0.00913,   0.04523,  -0.02862,  -0.07129,   0.03374,   0.03046,   0.00420,  -0.05652,  -0.01385,  -0.08277,   0.04195,  -0.00072,  -0.05980,   0.00256,  -0.08934,   0.01733,  -0.00564,  -0.00400,   0.03703,   0.01077,   0.08462,  -0.02698,   0.06492,  -0.03190,   0.05508,   0.00256,  -0.08770,   0.01733,   0.02554,   0.00585,  -0.01056,   0.03210,  -0.01713,  -0.01549,  -0.02698,  -0.00892,  -0.02862,  -0.00892,  -0.05652,  -0.02205,  -0.02041,  -0.03354,   0.02882,   0.02718,   0.04031,   0.06000,  -0.00072,   0.02226,  -0.07129,  -0.04010,  -0.00892,  -0.01877,  -0.03846,   0.08298,   0.05672,  -0.02698,  -0.01713,   0.01241,  -0.05816,  -0.03682,  -0.03354,   0.03374,  -0.01877,  -0.02862,   0.01405,   0.06492,  -0.03354,  -0.03518,   0.03374,   0.02062,  -0.03026,   0.01569,   0.02062,  -0.07457,  -0.01877,  -0.07457,   0.02226,   0.00092,  -0.02698,   0.04031,  -0.04339,   0.08134,  -0.01713,   0.09939,   0.04687,   0.04031,  -0.00728,  -0.01713,  -0.03190,  -0.02698,  -0.05487,   0.02554,  -0.02369,   0.02554,  -0.02533,   0.01733,  -0.07457,  -0.03846,  -0.13365,   0.07969,  -0.02369,   0.01733,   0.05508,  -0.04995,  -0.04339,  -0.00236,  -0.01713,  -0.04175,   0.04523,   0.00092,  -0.03354,  -0.01221,   0.01733,  -0.00236,  -0.00236,   0.00585,   0.00913,  -0.00892,   0.00749,   0.00585,  -0.01385,   0.00749,  -0.04175,   0.02554,  -0.01877,  -0.07457,  -0.01549,   0.02226,   0.06657,   0.00749,  -0.00564,   0.01897,  -0.06308,  -0.03190,   0.03867,   0.00092,  -0.02041,   0.03046,   0.03867,   0.02718,   0.03046,   0.00256,  -0.07621,   0.00256,  -0.00564,   0.00092,  -0.02041,   0.03703,  -0.08934,  -0.00728,   0.07477,  -0.02862,  -0.01549,  -0.01713,  -0.00728,  -0.03026,  -0.08113,  -0.01056,  -0.12872,  -0.01385,   0.00913,  -0.03026,   0.04359,   0.04359,  -0.03190,   0.03867,   0.05016,   0.06164,  -0.02205,   0.05672,   0.01569,  -0.01877,  -0.05652,  -0.04339,   0.00420,   0.04687,   0.04031,   0.01241,   0.00749,  -0.02041,  -0.01713,   0.02718,  -0.02041,  -0.01056,   0.01077,  -0.00728,  -0.01549,  -0.03026,   0.04195,   0.04195,  -0.01877,   0.03046,   0.03867,  -0.05159,   0.02062,  -0.02862,   0.06821,  -0.02041,   0.05344,  -0.00072,  -0.05323,   0.01405,  -0.04010,  -0.11559,  -0.01549,   0.09939,  -0.04503,   0.01405,   0.04851,  -0.03846,   0.01897,   0.00092,   0.05016,   0.06657,   0.03046,  -0.02862,  -0.04175,  -0.05323,   0.02554,  -0.06144,  -0.02698,  -0.01221,   0.05180,   0.01405,   0.08790,   0.02062,  -0.00892,   0.04523,   0.00749,   0.04851,  -0.01549,   0.00749,   0.06328,  -0.06308,   0.00585,   0.06985,  -0.00564,   0.00749,   0.01077,  -0.04010,  -0.06308,  -0.01385,  -0.06800,  -0.04175,   0.06000,  -0.02533,   0.06492,  -0.00892,   0.08790,   0.00420,   0.02554,  -0.01877,  -0.00892,  -0.00072,   0.03046,  -0.04995,   0.00092,   0.02062,   0.05016,  -0.04339,  -0.06472,  -0.09426,   0.00913,  -0.02698,  -0.02862,   0.01241,  -0.04175,   0.03703,  -0.06964,  -0.02369,   0.06492,   0.00585,   0.08462,  -0.06800,   0.03374,  -0.01549,   0.11088,  -0.02369,   0.01569,   0.00420,   0.00749,   0.01897,  -0.07293,  -0.00728,  -0.03846,  -0.01877,  -0.02205,  -0.03846,  -0.01056,  -0.01385,  -0.03026,   0.04359,   0.02390,   0.05672,  -0.04831,  -0.01877,   0.02226,  -0.00236,   0.01733,  -0.03026,  -0.03846,  -0.02041,   0.00092,   0.00256,  -0.08441,  -0.06472,  -0.03190,   0.00256,   0.01569,  -0.07293,   0.00585,  -0.00072,   0.00913,  -0.06472,  -0.01221,   0.01405,  -0.02205,   0.04359,  -0.04175,   0.04031,   0.00256,   0.01733,  -0.00892,   0.02718,  -0.04995,   0.02554,  -0.03518,   0.00913,   0.06000,  -0.01385,   0.08462,  -0.03682,  -0.00892,   0.00420,   0.01405,   0.00585,   0.09775,  -0.02862,  -0.01221,  -0.02369,   0.01077,   0.01077,   0.01241,   0.06657,  -0.01221,   0.07477,  -0.05980,  -0.01877,   0.00749,  -0.00892,  -0.06144,   0.05508,  -0.02533,   0.03210,  -0.03354,   0.07805,  -0.02369,  -0.05652,   0.00420,   0.04031,  -0.05652,   0.04523,  -0.05323,  -0.03518,   0.00749,  -0.04339,  -0.04667,   0.00749,   0.01897,  -0.04503,   0.01405,   0.00092,  -0.02533,   0.05836,  -0.01221,  -0.04339,  -0.03846,  -0.05323,  -0.00400,   0.01569,   0.02882,   0.01405,   0.06821,   0.01733,   0.02062,  -0.04995,   0.05508,   0.03046,  -0.05159,   0.06821,   0.07149,  -0.02205,  -0.00072,  -0.03354,  -0.05159,  -0.04010,   0.01897,  -0.03190,   0.03046,   0.02718,   0.07641,   0.06985,  -0.05487,   0.04031,  -0.04175,   0.02882,   0.00585,   0.01569,   0.02390,  -0.00728,   0.06821,  -0.00400,   0.01569,   0.00749,  -0.03190,  -0.03846,   0.00585,   0.00092,  -0.06144,   0.08954,   0.07477,  -0.03518,  -0.04503,   0.03539,  -0.04831,   0.05016,   0.02882,  -0.05323,  -0.01713,  -0.06144,   0.03539,   0.00256,  -0.09262,  -0.04010,  -0.02533,   0.01077,   0.01733,  -0.00892,   0.06657,   0.04687,  -0.01877,  -0.02369,  -0.11724,  -0.06636,   0.00256,  -0.01877,   0.02390,   0.04687,  -0.02698,   0.00256,  -0.02862,  -0.09262,   0.01569,  -0.06964,   0.06985,   0.07477,   0.10431,   0.06985,  -0.03518,   0.07641,  -0.03190,  -0.02533,   0.01897,  -0.00564,   0.04523,  -0.01221,  -0.00400,   0.01241,  -0.02698,  -0.00072,  -0.00236,  -0.01056,   0.00256,  -0.03682,   0.04031,   0.05180,   0.02062,   0.03374,   0.01733,   0.00420,  -0.04010,   0.00913,  -0.08770,   0.04359,  -0.07785,  -0.00236,  -0.00400,  -0.05980,  -0.05323,   0.00913,  -0.01056,  -0.09590,  -0.01221,  -0.00892,  -0.01713,  -0.04503,  -0.05159,  -0.04010,   0.01077,  -0.01549,   0.00092,  -0.05487,   0.05672,   0.01569,   0.10267,  -0.01385,  -0.06472,  -0.05980,  -0.00728,  -0.02369,  -0.03682,   0.01077,   0.08626,   0.03374,  -0.05652,  -0.05816,  -0.05980,  -0.06800,   0.03703,  -0.04175,   0.03867,   0.01733,  -0.05487,   0.00092,  -0.06800,  -0.01549,   0.01897,   0.10267,  -0.00400,  -0.00728,   0.03374,   0.04687,  -0.00072,  -0.04010,  -0.02041,  -0.02369,  -0.05980,   0.02226,   0.04687,  -0.02698,  -0.07457,   0.00749,   0.05016,   0.00420,   0.03210,   0.00749,  -0.07129,   0.01405,   0.02062,   0.02718,   0.00585,   0.03703,   0.03046,  -0.01221,   0.01897,  -0.01877,   0.00749,   0.06328,   0.05344,   0.05180,  -0.08934,  -0.04339,   0.00256,   0.00749,   0.06657,  -0.03190,  -0.00728,  -0.02533,  -0.00072,   0.10431,   0.03046,  -0.04010,   0.06821,   0.01733,   0.05344,  -0.00072,  -0.01385,  -0.00400,  -0.01056,  -0.00892,  -0.02369,   0.00092,  -0.01385,   0.07149,   0.08134,   0.01241,   0.04359,   0.00749,  -0.00400,   0.01241,  -0.02862,  -0.02698,   0.06985,   0.00256,  -0.01713,  -0.07457,   0.04851,  -0.05980,   0.05672,  -0.03846,  -0.00072,  -0.01549,   0.04031,   0.04195,   0.02390,  -0.03682,  -0.00400,  -0.04339,   0.05180,  -0.01549,  -0.00728,  -0.02041,   0.01241,  -0.03846,   0.06821,  -0.05323,  -0.04010,   0.04195,   0.00585,   0.02226,   0.12072,   0.01405,  -0.01056,  -0.03518,   0.03867,   0.04851,  -0.00728,  -0.03026,   0.00092,   0.12400,  -0.04995,  -0.00236,  -0.00564,   0.00749,   0.00420,   0.03539,   0.03374,   0.04359,   0.10431,   0.03374,  -0.03026,   0.02882,  -0.00892,  -0.02698,  -0.01549,   0.02718,   0.03210,   0.04195,   0.03703,  -0.03354,  -0.01713,  -0.02533,   0.01733,  -0.00400,  -0.07129,  -0.01549,   0.00256,  -0.00892,  -0.00892,  -0.03518,   0.01405
  -0.02698,   0.05180,   0.06985,  -0.00728,  -0.07949,  -0.01385,  -0.01877,   0.05016,  -0.00728,  -0.03682,   0.02390,   0.01405,  -0.06144,  -0.01877,  -0.00236,   0.09611,   0.03374,  -0.03682,  -0.01877,  -0.08113,   0.03703,   0.02554,   0.03374,  -0.02369,   0.00420,   0.02882,   0.01241,  -0.01549,   0.01897,  -0.05159,   0.00749,   0.00585,   0.05344,   0.03374,  -0.04995,   0.06492,  -0.04667,  -0.01221,  -0.04503,   0.01569,  -0.01877,  -0.05159,   0.05344,  -0.03682,  -0.06472,  -0.05323,  -0.01713,  -0.05487,  -0.01549,   0.02554,  -0.10247,   0.02226,   0.01241,  -0.03026,  -0.08605,  -0.01221,   0.04359,   0.02882,   0.01405,  -0.03354,  -0.04339,   0.02062,   0.01897,  -0.00400,  -0.08441,   0.01569,   0.06492,  -0.00728,  -0.02369,   0.00749,  -0.03026,   0.04195,  -0.01713,   0.00585,  -0.08113,   0.03046,  -0.01221,  -0.03026,  -0.01877,  -0.04339,   0.05180,  -0.00728,   0.00585,   0.12729,   0.01733,   0.06164,   0.04523,  -0.02698,   0.02554,   0.04031,   0.00256,  -0.03518,  -0.02041,   0.06985,  -0.02698,   0.04851,  -0.06636,  -0.05816,   0.04523,   0.01241,   0.08790,  -0.00564,  -0.04010,  -0.01385,  -0.02205,   0.05836,  -0.05816,  -0.03190,   0.09282,  -0.02205,   0.00256,  -0.00400,   0.04031,   0.03374,  -0.01385,   0.02226,   0.01241,   0.02882,  -0.05323,  -0.00236,   0.03210,   0.04359,   0.01241,  -0.04995,   0.03867,   0.04359,  -0.00400,   0.02882,  -0.04667,  -0.00892,  -0.00400,  -0.02369,   0.08134,  -0.07949,   0.05836,  -0.00400,   0.00092,  -0.05323,  -0.09426,  -0.03518,  -0.05652,   0.04851,  -0.02698,   0.02718,  -0.04995,  -0.02698,  -0.03354,  -0.01549,   0.08462,  -0.06308,   0.04523,   0.02554,  -0.04010,   0.10431,  -0.08441,  -0.04339,   0.00092,   0.06985,   0.01077,  -0.01877,  -0.00400,  -0.00892,   0.05508,   0.00749,   0.00585,  -0.00400,   0.02062,   0.04359,  -0.13365,   0.00913,   0.00749,  -0.01877,  -0.00400,   0.02062,   0.05180,   0.05672,  -0.02205,   0.03374,   0.04851,   0.03046,   0.02390,   0.01241,  -0.01385,   0.04523,   0.03046,   0.02882,  -0.02205,   0.05180,  -0.00236,   0.02718,  -0.07621,  -0.02862,  -0.03518,  -0.01056,  -0.06144,  -0.04503,  -0.03518,  -0.00892,   0.00256,  -0.03518,  -0.02369,  -0.05159,  -0.03190,  -0.02041,  -0.01713,  -0.00072,   0.07477,  -0.03026,  -0.03682,  -0.01385,   0.01733,  -0.02862,   0.05344,  -0.03518,  -0.09426,  -0.02533,  -0.06636,  -0.06308,   0.01405,   0.04523,   0.05344,   0.05180,   0.05508,   0.06657,   0.09446,   0.03374,  -0.00728,  -0.00236,   0.02062,  -0.00400,  -0.02533,  -0.04010,   0.04851,  -0.01549,   0.02062,  -0.06800,  -0.03354,  -0.04339,   0.03210,  -0.03190,   0.02554,  -0.06800,  -0.04175,   0.00749,  -0.01549,   0.01569,  -0.08441,   0.00256,  -0.03682,  -0.07621,   0.06328,   0.06000,  -0.07457,  -0.05487,  -0.00236,  -0.05980,  -0.09262,   0.07641,  -0.00564,   0.01569,  -0.10903,  -0.01713,  -0.03518,   0.07477,   0.02390,   0.06000,   0.06164,   0.00420,   0.02062,  -0.05816,   0.01897,  -0.00236,   0.00913,  -0.04831,   0.00585,   0.01241,   0.02554,  -0.04339,   0.12400,  -0.01221,  -0.04831,   0.00092,  -0.00072,   0.00420,  -0.03190,   0.06000,   0.02882,  -0.03518,  -0.00236,  -0.01549,   0.00749,   0.01733,  -0.06308,   0.11252,  -0.04831,   0.01241,  -0.00892,   0.03867,  -0.02533,   0.02882,  -0.05159,   0.00420,   0.03374,  -0.03682,  -0.02041,   0.01569,  -0.00236,  -0.05323,  -0.00564,   0.00092,  -0.04831,  -0.00236,  -0.04503,   0.01733,  -0.03518,   0.01405,   0.01733,  -0.02205,  -0.00072,  -0.00728,   0.02554,  -0.05487,  -0.00728,  -0.04175,   0.05508,   0.03867,   0.00913,  -0.02041,   0.07477,   0.02226,  -0.01549,   0.03539,   0.00256,   0.01897,   0.01405,   0.05508,   0.04523,   0.01405,   0.03046,   0.03374,  -0.01713,   0.02718,   0.00092,   0.04195,  -0.03682,  -0.02041,   0.01897,   0.05508,   0.01733,  -0.12708,   0.01733,   0.02554,  -0.01713,   0.04195,   0.06492,   0.05672,  -0.02533,   0.02062,   0.04687,  -0.00236,  -0.02041,   0.01077,  -0.07621,   0.00092,   0.05508,   0.03210,  -0.02698,   0.05180,  -0.07129,  -0.00728,  -0.01221,   0.00420,   0.04687,  -0.07621,  -0.00400,   0.02062,  -0.06964,  -0.03846,   0.03867,   0.01241,  -0.04010,  -0.01385,  -0.02533,   0.00913,  -0.03026,  -0.07457,  -0.05323,   0.03703,  -0.03354,   0.00913,  -0.07129,  -0.05159,  -0.04175,   0.06985,  -0.02369,  -0.01385,  -0.01713,   0.04523,   0.05180,   0.05180,   0.02554,   0.06164,   0.10103,   0.08954,   0.01077,  -0.09426,   0.01241,  -0.07621,   0.00092,   0.09282,   0.07149,   0.06492,  -0.02205,  -0.03026,  -0.04339,   0.02062,  -0.05323,  -0.00400,  -0.04339,  -0.09754,  -0.04667,   0.06000,  -0.04995,  -0.02533,   0.05180,   0.05180,  -0.04175,  -0.01877,  -0.03190,  -0.03682,  -0.00236,  -0.03846,  -0.00564,   0.01405,   0.02882,  -0.01221,   0.02062,  -0.00728,   0.10759,  -0.07621,   0.05508,  -0.00892,  -0.02862,   0.00913,   0.00913,  -0.00892,   0.02554,   0.07805,  -0.00728,   0.01569,  -0.02698,  -0.03518,   0.01241,  -0.05816,   0.07641,   0.01241,   0.09611,  -0.04339,  -0.06144,  -0.03026,  -0.01385,   0.02062,  -0.04667,   0.01241,   0.08134,  -0.07129,  -0.04010,  -0.00400,  -0.00400,  -0.03846,  -0.03354,   0.00585,  -0.01385,   0.00420,   0.03703,  -0.07129,   0.03867,  -0.01056,   0.03046,  -0.00236,  -0.02533,  -0.02698,  -0.03682,  -0.04175,   0.03046,   0.08462,   0.01077,   0.00913,  -0.07293,   0.01405,   0.01733,   0.09282,   0.03374,   0.02226,   0.01897,   0.02718,   0.02554,   0.01569,   0.00092,   0.05180,  -0.01713,  -0.00072,   0.05836,  -0.05652,  -0.01221,  -0.02698,   0.02062,   0.03046,  -0.02533,  -0.03026,   0.06164,  -0.00072,  -0.01713,   0.03374,   0.01405,   0.06000,  -0.03518,   0.02062,   0.01897,  -0.01549,   0.02554,  -0.03518,  -0.07457,   0.02554,   0.00420,  -0.02041,  -0.09426,  -0.05652,   0.04359,   0.04687,   0.03867,   0.02882,  -0.07293,   0.00585,   0.00913,  -0.05652,   0.00092,  -0.00236,  -0.03846,  -0.02369,   0.02718,  -0.00072,   0.08462,  -0.00072,   0.00913,   0.07477,   0.03046,  -0.01713,  -0.02698,  -0.00236,   0.05836,  -0.04010,   0.07969,  -0.01713,   0.03374,   0.01897,   0.06492,  -0.06472,  -0.03518,   0.00913,  -0.10247,  -0.02041,   0.05344,   0.06000,  -0.03190,  -0.01549,  -0.02205,   0.00420,  -0.00892,  -0.04503,  -0.06144,  -0.02205,   0.02882,  -0.03026,  -0.01056,   0.12236,  -0.04339,   0.02554,   0.02554,   0.07641,  -0.03190,  -0.00236,   0.01241,   0.02226,   0.03867,  -0.04503,   0.03867,  -0.01877,  -0.00072,   0.00256,  -0.07621,   0.00585,   0.04851,  -0.02698,   0.06000,  -0.05159,  -0.00072,   0.04523,  -0.06636,  -0.04175,  -0.02369,   0.05508,   0.00585,   0.02882,  -0.03354,  -0.03846,   0.01897,   0.03210,  -0.01549,  -0.03026,   0.05672,  -0.00564,   0.00913,   0.01733,  -0.02698,  -0.00400,  -0.01877,  -0.02205,  -0.04503,  -0.02041,  -0.02205,  -0.03846,  -0.02041,  -0.04175,  -0.01877,   0.02718,   0.00913,  -0.07293,   0.00420,  -0.04831,   0.00585,   0.04851,   0.04195,   0.04359,   0.06492,  -0.04503,   0.05672,   0.07477,  -0.00400,   0.04359,  -0.05159,   0.02062,  -0.03846,   0.00256,  -0.00400,   0.00092,  -0.05323,  -0.03354,  -0.03682,   0.02718,  -0.00892,   0.03374,  -0.02862,   0.00749,  -0.04831,   0.01241,   0.03539,  -0.00892,  -0.01221,   0.06328,   0.00092,  -0.06144,   0.01897,   0.05508,   0.05344,   0.01897,  -0.01713,  -0.03846,  -0.00072,  -0.00236,   0.05508,  -0.04339,   0.03374,   0.02390,  -0.01385,   0.03210,  -0.03026,   0.05672,   0.00092,   0.00749,   0.06328,   0.05508,  -0.00236,   0.03374,  -0.12052,   0.11744,   0.02390,  -0.01713,   0.02718,  -0.05323,  -0.00072,  -0.00072,  -0.00892,   0.02718,  -0.04339,  -0.01056,   0.01241,  -0.00564,  -0.02041,  -0.00236,  -0.03518,   0.06000,  -0.01713,  -0.04175,   0.01733,  -0.03354,   0.03046,  -0.12708,   0.03539,   0.03539,  -0.06308,  -0.01549,   0.00420,  -0.09262,  -0.06636,   0.07641,   0.02062,  -0.00892,  -0.03682,  -0.04831,   0.03703,  -0.00236,  -0.03026,  -0.00564,   0.02226,  -0.00892,  -0.03354,   0.00256,  -0.03518,  -0.05816,  -0.04667,   0.03374,   0.00585,  -0.00072,   0.00749,  -0.01385,  -0.02369,  -0.02698,  -0.01713,   0.01569,  -0.01221,   0.07313,  -0.03846,   0.07477,  -0.01713,  -0.07949,  -0.11067,  -0.06964,  -0.00072,   0.05508,   0.01077,  -0.04175,  -0.01549,   0.03703,   0.01733,  -0.02533,  -0.04175,  -0.00728,  -0.03846,   0.02390,  -0.08770,  -0.02369,  -0.03190,   0.01733,  -0.07293,  -0.04995,  -0.00728,   0.02718,   0.04031,  -0.00892,  -0.04010,   0.00749,  -0.00564,   0.02554,  -0.02533,  -0.02533,   0.01241,   0.04031,  -0.04175,   0.04687,   0.01897,   0.04031,   0.00256,   0.02554,  -0.07129,  -0.04995,  -0.05487,   0.04523,   0.04195,   0.07641,   0.07149,   0.00092,   0.00420,  -0.03682,  -0.02205,   0.03374,  -0.05652,  -0.05816,   0.00585,   0.05672,  -0.00236,   0.04195,   0.00256,  -0.01385,  -0.00564,  -0.06144,   0.04195,  -0.04010,   0.00420,   0.02226,  -0.05323,  -0.03190,   0.02062,   0.07641,   0.00256,   0.09282,  -0.02698,  -0.05159,  -0.01713,  -0.03354,  -0.00236,  -0.08934,  -0.00400,  -0.02041,  -0.05652,  -0.02533,  -0.05487,   0.01733,  -0.01056,  -0.07457,   0.06164,   0.04195,  -0.05487,  -0.04010,   0.03374,  -0.04503,  -0.05159,  -0.04831,  -0.05159,  -0.00728,  -0.01221,  -0.06308,  -0.04339,   0.01077,   0.11252,   0.05016,   0.01569,  -0.00072,   0.02390,  -0.03026,   0.07149,   0.00585,  -0.02041,  -0.01385,  -0.00236,   0.01077,  -0.00728,  -0.02041,  -0.02533,  -0.00072,  -0.08770,   0.03046,   0.03703,  -0.01385,   0.03374,  -0.03026,  -0.06800,   0.03210,  -0.04010,   0.01241,   0.06328,   0.01405,   0.03867,   0.03046,  -0.02533,   0.01405,   0.02390,   0.05508,   0.01733,   0.03867,  -0.02533,  -0.00892,  -0.02862,   0.01733,   0.01897,  -0.03846,   0.04195,   0.01077,  -0.02533,   0.03046,  -0.02041,  -0.08113,  -0.05487,  -0.02698,   0.00420,   0.03867,  -0.03682,  -0.04667,  -0.00564,   0.03210,   0.02554,   0.01733,  -0.00892,   0.01241,   0.02882,  -0.01549,  -0.03518,  -0.01221,  -0.01549,   0.02390,   0.05180,  -0.01877,  -0.02698,   0.01733,  -0.00564,   0.06492,   0.01569,  -0.05487,  -0.00728,   0.01733,   0.03539,   0.04851,  -0.02041,  -0.07785,  -0.00564,   0.01241,  -0.03190,   0.00913,  -0.04503,   0.00913,  -0.01713,  -0.04339,   0.04523,  -0.04503,   0.00420,   0.01897,   0.04031,  -0.05159,   0.04523,   0.01241,  -0.03682,  -0.07129,  -0.02533,  -0.05487,  -0.05159,  -0.00892,  -0.01549,  -0.01713,  -0.05652,   0.01077,   0.00420,   0.02554,  -0.00728,   0.00913,  -0.02862,   0.07805,   0.01077,  -0.01713,   0.03867,  -0.07457,   0.00585,  -0.01221,  -0.05323,   0.04031,  -0.03190,   0.01241,   0.03210,  -0.01056,  -0.01221,  -0.07293,   0.13221,  -0.05652,   0.03046,   0.07969,  -0.03682,  -0.04503,  -0.02698,  -0.02533,  -0.08605,   0.04359,   0.05016,  -0.01221,  -0.04339,  -0.03026,  -0.03026,   0.03539,  -0.03190,  -0.05487,   0.00256,  -0.03190,  -0.01221,   0.03046,  -0.01221,  -0.03354,  -0.05159,   0.07477,  -0.00236,  -0.03354,   0.03703,   0.04359,  -0.00892,  -0.01385,  -0.03682,   0.04031,  -0.06144,  -0.01056,   0.01897,  -0.01221,  -0.02369,  -0.04175,   0.01897,   0.02390,  -0.01385,  -0.08113,   0.01733,   0.05508,  -0.01713,   0.00585,  -0.06636,   0.04359,  -0.02205,  -0.00728,  -0.07293,  -0.03354
   0.08626,  -0.03682,   0.06328,  -0.00400,   0.00749,   0.06000,  -0.01056,   0.00256,   0.00092,  -0.02533,  -0.01877,   0.04851,   0.00420,  -0.03518,  -0.00236,   0.09446,   0.03210,  -0.02041,   0.02062,  -0.05980,   0.06492,   0.01405,   0.03867,   0.07149,   0.05344,  -0.04995,  -0.05159,   0.09611,   0.05672,  -0.01877,   0.04031,  -0.01877,  -0.00400,  -0.01385,   0.01405,   0.02226,   0.00420,  -0.01549,  -0.03682,   0.04687,  -0.03190,   0.04851,   0.01733,   0.04195,  -0.00564,  -0.00892,  -0.01877,   0.04687,   0.03046,   0.01569,   0.04031,   0.00585,   0.02062,  -0.10082,   0.00585,  -0.04831,   0.03703,   0.00749,   0.03046,   0.01077,  -0.04010,   0.02390,   0.03703,  -0.00400,  -0.07621,  -0.08441,  -0.01221,   0.00913,  -0.02862,   0.00749,  -0.00072,  -0.00072,  -0.02205,  -0.00728,  -0.02533,   0.00913,   0.01405,   0.00585,   0.00092,   0.04687,   0.02718,   0.03703,  -0.00236,  -0.04010,   0.03374,   0.02554,   0.01733,  -0.04831,  -0.06636,   0.00585,   0.00092,  -0.02698,  -0.07457,   0.01241,   0.00913,   0.00256,   0.01897,   0.00749,   0.05016,   0.05672,  -0.06472,  -0.00564,   0.14370,   0.04687,   0.00420,  -0.04995,  -0.05323,   0.02390,   0.03210,   0.00749,  -0.02533,   0.02882,   0.04195,   0.01733,   0.07805,  -0.05816,  -0.04831,  -0.03846,  -0.06472,   0.00913,  -0.01549,   0.03210,  -0.00400,   0.02226,  -0.03354,   0.02554,   0.04687,   0.01569,   0.03374,   0.01077,  -0.04995,  -0.00564,   0.02390,   0.01077,  -0.01385,   0.02554,   0.00092,  -0.00564,  -0.01713,  -0.02205,   0.01077,   0.01077,   0.02718,  -0.01385,   0.01569,  -0.01549,   0.00092,   0.00092,  -0.03354,   0.02390,   0.00092,  -0.00728,   0.04687,  -0.01385,   0.07641,  -0.01221,   0.02226,  -0.01713,  -0.05323,  -0.04175,  -0.10739,  -0.01385,  -0.02205,  -0.01549,   0.03539,   0.01241,   0.03867,   0.00749,  -0.06800,  -0.00728,  -0.03026,   0.00913,   0.05508,  -0.04175,  -0.00728,  -0.06144,  -0.03190,  -0.03846,   0.00256,   0.01733,  -0.02862,   0.07805,   0.02554,  -0.00728,  -0.00072,   0.01241,   0.01897,   0.04195,  -0.05159,  -0.02369,  -0.00728,   0.02226,  -0.00400,  -0.02698,   0.01077,  -0.06636,  -0.06144,   0.02062,  -0.02533,  -0.02041,  -0.01385,   0.03374,  -0.03026,   0.02226,  -0.04831,  -0.06964,   0.05672,  -0.04175,   0.03374,   0.03374,  -0.06308,   0.04523,  -0.07949,  -0.01713,  -0.04339,   0.01241,  -0.04667,  -0.04175,   0.06000,  -0.08770,   0.04195,   0.00256,   0.01077,  -0.09590,  -0.01713,   0.04523,  -0.05487,   0.06164,   0.05016,   0.03374,   0.01733,   0.00256,  -0.00564,   0.02062,   0.02226,  -0.03846,  -0.00728,   0.02882,   0.01569,  -0.05652,   0.03374,   0.02062,   0.02882,  -0.02698,  -0.01877,  -0.08441,   0.05836,   0.03867,  -0.05816,  -0.01549,   0.01733,  -0.00564,  -0.05323,  -0.03354,   0.00420,  -0.02041,  -0.08934,   0.01897,   0.03210,   0.04523,  -0.04831,   0.02718,   0.03210,  -0.05816,  -0.04667,   0.01569,  -0.00072,   0.00092,   0.00913,   0.02718,  -0.02041,   0.03539,   0.00092,  -0.00564,  -0.00728,   0.02226,  -0.04010,  -0.04503,   0.03210,   0.03867,  -0.01549,   0.00092,  -0.00236,   0.03703,  -0.02862,  -0.06472,   0.04523,   0.01897,  -0.06472,  -0.02205,  -0.10082,  -0.09590,  -0.05159,   0.00092,  -0.04667,  -0.04175,   0.00256,  -0.00564,  -0.05323,  -0.03682,   0.05508,  -0.05487,  -0.03026,  -0.03846,  -0.04667,   0.04359,   0.02882,   0.04523,   0.02226,  -0.01877,  -0.00400,   0.06000,  -0.00400,   0.00749,  -0.01877,   0.02554,   0.03703,   0.02390,  -0.00564,  -0.00892,   0.02062,   0.05672,   0.05344,   0.04195,  -0.02533,   0.06821,   0.01405,  -0.02862,   0.00420,  -0.01221,   0.00585,  -0.00400,   0.11744,   0.03046,  -0.09590,   0.02882,   0.08462,   0.02062,  -0.03682,   0.01569,  -0.02205,   0.04687,   0.02718,  -0.04175,   0.01569,   0.02882,   0.00092,  -0.08770,  -0.03354,   0.00420,  -0.01877,  -0.05652,  -0.07621,   0.02226,  -0.04503,   0.06492,   0.02390,   0.03046,   0.04031,  -0.04995,   0.04523,  -0.01221,  -0.01056,  -0.00236,  -0.02205,   0.03374,   0.03210,   0.02882,   0.02882,   0.05672,   0.03374,  -0.05487,  -0.00072,  -0.02041,  -0.07949,  -0.00072,   0.04359,  -0.01549,  -0.03846,   0.02718,  -0.03026,  -0.04503,   0.01077,   0.01241,   0.00092,  -0.06308,  -0.00728,   0.06000,  -0.03026,  -0.06308,  -0.00400,   0.00256,  -0.01877,  -0.05816,  -0.02205,   0.00913,  -0.00728,   0.01569,  -0.01385,   0.06657,   0.01077,   0.00092,  -0.03354,   0.01077,   0.00913,  -0.05980,  -0.06472,  -0.05323,   0.01241,   0.06164,   0.01733,   0.01405,   0.05344,  -0.03682,  -0.00236,  -0.00564,  -0.03682,   0.03210,   0.03539,   0.03867,  -0.08605,  -0.01385,  -0.00072,   0.02062,  -0.02205,   0.01077,   0.03867,  -0.04503,  -0.08113,   0.06657,  -0.04667,   0.04195,  -0.05980,  -0.01385,  -0.03682,   0.03046,  -0.04995,   0.01897,  -0.03846,  -0.09918,  -0.02369,  -0.00236,  -0.06144,  -0.08605,  -0.03026,   0.00256,   0.04359,   0.01897,  -0.00728,   0.06985,   0.03703,  -0.08113,  -0.07293,   0.01077,  -0.04339,   0.08626,   0.00749,   0.00585,  -0.01385,  -0.05980,  -0.07621,   0.01077,  -0.04995,   0.01569,  -0.06308,  -0.03190,   0.05344,   0.02226,   0.08954,  -0.07949,  -0.05816,  -0.02369,  -0.00728,  -0.00892,  -0.01056,   0.00585,   0.06821,  -0.03518,  -0.06800,  -0.01549,   0.04195,   0.06328,  -0.04339,   0.08298,  -0.07293,  -0.01056,   0.01405,   0.09118,   0.06328,  -0.00728,  -0.03354,   0.01405,  -0.07129,  -0.00400,  -0.03846,   0.00749,  -0.00728,  -0.05816,   0.01241,   0.02226,   0.04687,   0.00092,   0.05180,  -0.01385,  -0.08113,  -0.02041,   0.06821,   0.00092,   0.04031,  -0.02862,   0.00256,  -0.00400,   0.00256,   0.00913,  -0.03518,  -0.01877,  -0.01056,  -0.01877,   0.11580,  -0.01713,   0.01077,  -0.00892,   0.05672,   0.00092,  -0.08277,  -0.02533,   0.08298,   0.00420,  -0.05323,  -0.05652,   0.01077,  -0.03682,  -0.01877,   0.06000,  -0.04667,  -0.03190,  -0.03354,  -0.05323,   0.03210,  -0.07129,  -0.01877,   0.00256,  -0.03518,   0.06328,   0.08790,   0.00749,  -0.01385,   0.01897,  -0.01549,   0.08626,  -0.04175,  -0.00072,  -0.01385,   0.02718,  -0.04503,  -0.10739,  -0.05323,   0.02554,   0.04687,   0.06164,  -0.05816,   0.01733,   0.00585,  -0.00892,   0.01733,   0.00420,  -0.02533,   0.04195,  -0.07293,   0.03703,  -0.04339,   0.02062,   0.01569,   0.06821,   0.02882,  -0.04175,   0.02718,   0.03867,  -0.00400,   0.05672,   0.05672,  -0.04175,   0.04851,   0.02554,  -0.04831,   0.02554,   0.04523,   0.00585,  -0.01713,   0.08790,  -0.05652,  -0.06964,   0.05672,  -0.08441,   0.01569,   0.02390,  -0.00400,  -0.07293,  -0.06964,   0.01733,  -0.05816,  -0.06636,  -0.02041,   0.01241,   0.01077,   0.02718,   0.01897,   0.04687,  -0.00236,   0.00585,   0.03703,   0.00420,  -0.04010,  -0.00564,  -0.00072,  -0.02862,  -0.00400,  -0.00236,   0.02390,   0.04687,  -0.02533,  -0.04831,  -0.04010,  -0.01877,   0.01897,  -0.03190,   0.03046,  -0.04503,   0.00256,   0.02554,  -0.01056,  -0.01056,   0.00420,  -0.00072,   0.00913,  -0.03190,  -0.01056,   0.01897,   0.03210,  -0.01221,  -0.03354,   0.03703,   0.01733,   0.00913,  -0.00728,  -0.08770,  -0.06636,  -0.04995,  -0.00728,   0.13877,  -0.00728,   0.04523,  -0.00728,  -0.04010,   0.01733,  -0.00728,  -0.06308,   0.05016,  -0.07293,  -0.02041,   0.05508,  -0.03190,   0.05016,  -0.04010,   0.06164,   0.03867,   0.05344,   0.00749,  -0.02862,   0.00749,   0.06000,  -0.05487,   0.01077,   0.05344,   0.03539,  -0.03354,   0.03703,   0.04851,   0.02226,   0.02226,   0.02390,  -0.03846,  -0.03026,   0.01077,   0.02390,  -0.00236,  -0.01385,   0.02390,   0.08790,  -0.01877,  -0.02698,   0.06000,   0.05344,   0.03374,   0.11580,   0.05836,   0.04195,   0.10595,  -0.06308,   0.06164,   0.04687,  -0.06472,   0.05180,   0.00749,  -0.01221,  -0.00400,   0.02554,  -0.03190,  -0.02205,   0.03210,   0.00256,  -0.01713,   0.00092,  -0.01385,   0.00256,   0.02718,   0.10759,   0.06000,   0.00420,   0.00913,  -0.02369,  -0.00236,  -0.02369,   0.03046,   0.01405,   0.09282,  -0.00400,   0.04687,   0.04359,   0.00092,   0.00256,  -0.06964,   0.01405,  -0.02041,   0.05508,  -0.04010,   0.00420,   0.04523,   0.02718,   0.03539,  -0.02369,   0.02390,   0.03046,  -0.03846,  -0.09262,  -0.07129,   0.02882,  -0.01221,   0.00749,   0.03539,  -0.00728,   0.00420,   0.05672,  -0.06472,  -0.00236,   0.03539,  -0.02369,   0.01077,   0.01897,   0.10923,  -0.04995,   0.09611,   0.02390,   0.05180,   0.09446,   0.01733,   0.02062,   0.06492,   0.04359,   0.08954,  -0.03190,   0.05016,  -0.02369,   0.04523,   0.00749,   0.03867,  -0.00728,  -0.03682,  -0.01385,   0.02226,  -0.01549,  -0.04831,   0.04851,   0.02718,   0.02882,  -0.02205,  -0.06144,   0.00913,   0.04523,  -0.08605,  -0.03518,  -0.03026,  -0.04339,   0.02882,  -0.03518,   0.07969,   0.00256,  -0.03026,  -0.00564,   0.06657,  -0.05652,   0.07149,  -0.04175,  -0.04667,  -0.01221,   0.04523,  -0.09262,  -0.05816,  -0.01056,  -0.01713,  -0.00892,  -0.00072,   0.02226,  -0.01056,  -0.05980,   0.01241,  -0.04503,  -0.01056,  -0.06144,  -0.00892,  -0.03026,  -0.00564,   0.04031,  -0.03846,   0.06328,  -0.04831,   0.07313,   0.05016,   0.03046,  -0.02698,  -0.02862,  -0.05323,  -0.08441,   0.05180,   0.04523,  -0.00236,  -0.00072,   0.01897,   0.02718,   0.01733,  -0.00236,   0.02226,   0.03867,   0.00256,  -0.01549,  -0.07129,   0.03867,   0.03374,   0.02062,   0.06985,   0.02718,  -0.06636,   0.06164,   0.02882,   0.00256,  -0.05159,   0.08954,  -0.00892,   0.01405,   0.01733,  -0.01056,   0.05016,   0.04523,  -0.04831,   0.05508,  -0.00400,  -0.00072,  -0.04995,   0.04359,  -0.02533,  -0.03026,  -0.02533,  -0.00728,   0.01077,   0.03703,  -0.00236,   0.04031,   0.05508,  -0.00072,   0.04851,   0.05016,  -0.01056,   0.02226,  -0.02862,   0.04359,   0.05016,   0.08954,   0.07641,   0.00256,  -0.00236,   0.04687,  -0.02369,   0.00585,   0.05508,  -0.01385,   0.00913,   0.00585,  -0.01221,   0.01405,   0.02062,   0.01405,  -0.00892,  -0.00728,  -0.05816,  -0.02862,  -0.04010,  -0.06472,  -0.04339,  -0.05652,   0.04851,  -0.07457,   0.05016,   0.01241,  -0.01385,  -0.10739,  -0.04339,   0.04031,  -0.01549,  -0.04010,  -0.01549,  -0.00400,   0.04195,  -0.00400,   0.06985,   0.06000,  -0.03354,   0.06657,  -0.01549,   0.04359,  -0.03846,  -0.05323,   0.01405,  -0.03026,   0.03374,   0.02062,  -0.06472,  -0.05980,  -0.00728,   0.04031,   0.04523,  -0.05652,   0.05180,   0.07313,  -0.00236,  -0.01713,   0.01733,   0.05508,   0.06328,  -0.07129,  -0.02205,  -0.05652,   0.00585,   0.03046,  -0.02205,  -0.01385,  -0.00400,  -0.02533,  -0.00400,   0.00092,  -0.01877,  -0.02698,  -0.01056,  -0.01056,   0.00092,   0.03374,   0.00092,   0.01077,  -0.07293,  -0.07949,  -0.00072,  -0.03354,  -0.03354,  -0.00236,  -0.03026,   0.01241,  -0.00072,  -0.01056,  -0.01056,  -0.06800,  -0.01385,   0.03703,   0.02390,  -0.05487,   0.03046,   0.06657,   0.03046,   0.01897,   0.00913,   0.01405,   0.02226,  -0.00564,  -0.07949,   0.12565,  -0.00400,   0.02390,   0.00913,  -0.06636,  -0.05159,   0.02718,  -0.00072,   0.03046,  -0.06308,   0.00913,  -0.07457,   0.04359,  -0.00728,   0.03867,   0.06821,  -0.03026,  -0.05652,  -0.04995,   0.03703,  -0.05159,   0.03374,   0.01897,   0.02718,   0.03867,   0.01241,   0.00749,   0.01405,   0.05508,  -0.00728,   0.05508,  -0.01221
  -0.02205,  -0.00892,  -0.04339,  -0.04995,   0.01077,   0.01569,  -0.02862,  -0.01056,  -0.05323,   0.08954,   0.00420,  -0.01549,   0.00585,  -0.00400,  -0.02205,   0.03046,  -0.06800,   0.00092,  -0.01056,  -0.02698,   0.01897,   0.04031,  -0.01385,   0.01569,   0.02554,  -0.02862,   0.01077,   0.00585,   0.01897,  -0.02205,   0.07805,  -0.05980,  -0.02862,   0.03703,   0.02882,   0.00420,   0.03867,   0.00256,   0.00913,  -0.01549,  -0.05980,   0.07477,  -0.00072,  -0.00400,   0.04523,   0.03046,   0.00420,  -0.03354,  -0.01221,   0.02226,  -0.05323,  -0.02862,  -0.04667,   0.00256,   0.03210,   0.03539,   0.02718,  -0.00236,   0.00585,  -0.02205,   0.04359,   0.08954,   0.02226,  -0.00400,  -0.03190,   0.00420,   0.00749,  -0.09754,   0.01405,  -0.01221,   0.05344,   0.01897,  -0.02041,   0.04523,   0.03210,   0.03867,   0.03046,   0.00256,   0.00913,   0.02390,  -0.01877,   0.02226,   0.02226,  -0.02041,   0.02554,   0.00256,  -0.03026,  -0.07785,  -0.02205,   0.01405,  -0.01221,  -0.03846,   0.07149,  -0.05487,  -0.00236,   0.08134,  -0.04175,  -0.05652,   0.01733,   0.01569,   0.03867,  -0.02369,  -0.00400,   0.03703,  -0.02862,  -0.01221,  -0.01877,  -0.10739,   0.10103,   0.00092,   0.01241,   0.01733,  -0.04503,   0.00585,  -0.07293,   0.00256,   0.06985,   0.02062,   0.01569,   0.04523,  -0.00892,   0.05344,  -0.03354,   0.03374,  -0.07129,  -0.03682,   0.06492,  -0.01221,   0.01897,  -0.05652,   0.02554,  -0.00072,   0.02226,   0.03539,  -0.02862,  -0.01221,  -0.07785,   0.06657,  -0.02041,  -0.11395,   0.02882,  -0.02369,   0.06328,   0.00585,  -0.04995,   0.00749,  -0.05159,   0.07477,   0.02062,   0.01569,  -0.02533,  -0.07949,  -0.07949,   0.02062,   0.09118,   0.01897,   0.07313,  -0.02698,   0.02882,  -0.06472,  -0.00728,  -0.03846,   0.00256,   0.02554,  -0.03354,  -0.03026,  -0.04175,   0.02882,   0.06657,   0.03539,   0.04359,  -0.04995,  -0.02698,   0.04031,  -0.01549,  -0.06800,  -0.08441,  -0.06472,  -0.05980,   0.05508,  -0.03682,  -0.01877,  -0.00564,   0.01897,   0.11580,  -0.00072,  -0.05652,   0.00092,   0.00585,  -0.04995,  -0.02205,   0.00256,  -0.08934,   0.07313,   0.01241,  -0.05816,  -0.02862,   0.00420,   0.06328,   0.01405,   0.11908,  -0.04503,  -0.07457,  -0.05652,  -0.01549,   0.02226,  -0.03682,   0.07641,   0.06328,  -0.02698,  -0.03354,  -0.03518,  -0.09098,  -0.01056,   0.01897,   0.07313,   0.00749,  -0.00564,   0.02226,  -0.03518,   0.04195,   0.02062,  -0.04010,  -0.02369,   0.10267,  -0.00728,   0.02882,  -0.03026,  -0.05159,   0.02718,   0.01897,   0.03703,   0.00256,   0.05836,  -0.02698,  -0.04667,  -0.03682,  -0.01056,  -0.04339,  -0.04175,  -0.01549,   0.02226,   0.03210,   0.05016,  -0.00728,  -0.06800,   0.00585,   0.03046,   0.03539,  -0.07949,   0.00420,  -0.00400,  -0.04831,   0.00256,  -0.03682,  -0.05980,  -0.00072,  -0.11231,  -0.00072,   0.00913,  -0.04503,  -0.05816,   0.01241,   0.04523,  -0.04831,  -0.00400,  -0.01877,   0.01241,   0.05180,   0.04523,   0.06164,   0.04359,   0.04195,  -0.00236,   0.03374,   0.00913,  -0.01549,   0.02718,  -0.03682,  -0.00236,   0.07805,   0.02390,   0.03210,  -0.03354,  -0.02698,   0.07641,  -0.03354,   0.03539,  -0.01713,  -0.01385,   0.01733,  -0.02862,   0.01405,   0.04851,   0.01733,  -0.03190,  -0.01385,  -0.00236,   0.01077,  -0.00728,   0.01241,   0.05016,  -0.01221,   0.00420,   0.06000,  -0.00400,   0.04359,  -0.05980,   0.01733,  -0.00072,  -0.00400,  -0.01549,   0.01733,  -0.04175,  -0.01713,   0.02390,  -0.02533,   0.04523,  -0.03354,  -0.00564,   0.04195,   0.03210,   0.00420,   0.03210,  -0.00728,   0.00092,  -0.00892,   0.06657,   0.03374,   0.02062,   0.00585,  -0.04503,  -0.00564,   0.05672,  -0.03354,   0.01569,  -0.01713,  -0.01877,  -0.06144,  -0.00400,  -0.00400,  -0.04831,  -0.04995,   0.02062,  -0.05816,  -0.04831,   0.07805,   0.01405,  -0.05159,  -0.05980,   0.03703,   0.05180,  -0.02041,   0.01077,   0.01897,   0.00256,  -0.01385,   0.08134,  -0.01221,  -0.02533,  -0.02205,  -0.02205,   0.02062,  -0.01549,   0.06000,   0.00092,   0.04195,   0.04359,   0.11580,   0.08298,  -0.02041,   0.02226,  -0.00728,   0.00420,  -0.06964,  -0.01221,  -0.06472,  -0.01056,  -0.01385,   0.02390,  -0.00728,  -0.01056,   0.04523,  -0.02041,  -0.08277,  -0.00236,   0.06000,  -0.00400,  -0.06308,   0.00420,   0.04195,  -0.06800,  -0.01056,  -0.03354,   0.01405,  -0.01221,   0.01241,   0.03539,   0.01241,  -0.03846,   0.08134,   0.03046,   0.02062,   0.06164,   0.00092,  -0.01877,  -0.04667,   0.10595,   0.01077,   0.03374,   0.09118,  -0.01713,   0.01733,   0.06000,   0.09118,  -0.05323,  -0.01877,   0.10431,  -0.06636,  -0.01877,  -0.02041,  -0.05816,   0.01569,  -0.00892,  -0.00564,  -0.02369,   0.02062,   0.02882,   0.00420,   0.04031,  -0.01385,  -0.00564,   0.01405,   0.04523,   0.00585,  -0.02862,  -0.00892,   0.10595,  -0.01877,   0.05508,  -0.04995,  -0.11067,  -0.00400,   0.02226,   0.00585,  -0.02369,   0.04195,   0.02554,   0.06492,  -0.06800,   0.05180,  -0.04175,  -0.01221,   0.04195,  -0.01221,   0.02390,   0.00749,   0.03867,   0.01897,  -0.05323,  -0.03846,   0.00585,   0.03867,  -0.02205,   0.00913,  -0.01385,   0.05344,   0.07641,   0.10267,  -0.03518,   0.08626,  -0.02205,  -0.03026,   0.02554,   0.12400,  -0.01056,   0.00092,   0.12400,   0.06164,   0.05672,  -0.02533,   0.04031,  -0.01221,   0.07149,   0.05672,  -0.03518,   0.02718,  -0.05816,   0.01077,  -0.06800,   0.02062,  -0.00236,   0.06492,   0.01897,  -0.00892,  -0.00072,  -0.02369,   0.07313,  -0.03026,   0.07641,   0.00749,  -0.06308,   0.03374,  -0.07621,   0.05344,  -0.07293,   0.00092,   0.05344,  -0.06472,  -0.02041,   0.01733,   0.06985,  -0.00400,   0.10431,  -0.02369,  -0.04175,   0.01241,   0.06657,   0.00913,   0.06000,   0.00913,   0.01077,  -0.01056,  -0.00236,   0.03210,   0.07149,   0.08790,  -0.00400,  -0.04339,  -0.06308,   0.02882,  -0.02205,   0.01077,  -0.02533,  -0.01385,  -0.02533,  -0.08277,  -0.03354,   0.09118,  -0.02205,  -0.00400,   0.01241,   0.02718,   0.00749,  -0.02533,  -0.04831,   0.00092,   0.04031,   0.00092,  -0.06144,  -0.00400,   0.01569,  -0.01877,  -0.04995,   0.06985,   0.03046,   0.05016,  -0.03682,  -0.00892,  -0.00072,   0.01077,  -0.05980,   0.06164,   0.01077,  -0.03354,   0.00420,   0.08790,  -0.09918,   0.01569,   0.01733,  -0.02862,  -0.00072,   0.00420,  -0.00564,   0.00585,  -0.05652,   0.00420,   0.02882,  -0.06800,  -0.09918,   0.06328,  -0.02041,  -0.00400,   0.01241,  -0.07129,  -0.02041,   0.02718,   0.04851,  -0.02862,   0.01733,  -0.01385,   0.02554,   0.03046,   0.07641,  -0.00564,  -0.00072,  -0.02369,  -0.01549,  -0.03026,   0.02718,   0.01241,   0.02390,  -0.04831,   0.02554,   0.01405,   0.07805,  -0.01221,  -0.00728,  -0.04831,  -0.03518,   0.03539,   0.01241,  -0.00728,  -0.04010,  -0.04995,   0.10431,   0.05508,  -0.01877,   0.04031,   0.02062,  -0.02041,   0.01897,   0.04195,   0.01569,  -0.02698,  -0.04010,  -0.03682,  -0.03846,   0.01405,   0.04195,   0.02226,  -0.01713,  -0.07293,   0.00585,   0.07149,  -0.02041,  -0.04175,  -0.08277,  -0.04831,   0.02554,  -0.01713,   0.05180,  -0.01713,  -0.02369,  -0.01385,  -0.01713,   0.06492,   0.04851,  -0.00072,   0.03374,  -0.05980,  -0.05159,   0.02718,   0.02390,  -0.00564,   0.06821,   0.05344,   0.04523,  -0.02862,  -0.08605,  -0.03026,  -0.03190,  -0.00400,  -0.01385,  -0.02698,   0.06821,  -0.04175,   0.00092,  -0.01056,   0.04687,   0.03210,   0.09282,  -0.00728,   0.01733,  -0.00564,   0.01569,  -0.04503,  -0.09590,  -0.03518,  -0.04667,   0.02062,  -0.01385,   0.06164,   0.05016,  -0.02698,   0.01241,  -0.07129,  -0.00728,   0.05836,   0.00913,  -0.03518,   0.04687,   0.04359,   0.08462,   0.02882,   0.00420,  -0.05159,   0.03703,   0.05508,   0.03374,  -0.06144,  -0.01385,   0.00749,  -0.02698,   0.08134,   0.03703,  -0.00072,  -0.02698,  -0.03190,  -0.06800,  -0.02205,   0.04031,  -0.00892,  -0.03190,   0.06000,   0.02554,  -0.07293,  -0.04503,  -0.01877,  -0.03190,   0.02390,  -0.03682,  -0.05159,   0.01569,   0.04031,   0.01405,   0.02062,  -0.03026,  -0.00564,  -0.01713,   0.02062,  -0.06144,   0.01733,   0.03210,  -0.00236,  -0.05487,   0.00092,  -0.02698,  -0.02205,  -0.02862,  -0.04175,   0.03210,   0.06000,   0.04195,  -0.01056,  -0.04339,   0.05344,  -0.01549,  -0.03846,  -0.01713,  -0.02205,  -0.03682,   0.07805,  -0.01549,   0.01897,   0.00749,   0.07641,   0.04523,  -0.00236,   0.02226,   0.03539,   0.03046,   0.09446,   0.02882,  -0.02205,   0.01405,  -0.03354,   0.04359,  -0.03354,  -0.01713,  -0.00236,   0.00913,   0.04523,   0.01077,   0.05180,  -0.00400,   0.00092,   0.04851,  -0.04503,  -0.00564,   0.04031,  -0.00072,  -0.00072,   0.03867,  -0.03354,  -0.03518,  -0.00400,   0.01077,  -0.00728,   0.04031,   0.04687,  -0.01713,   0.03046,  -0.00728,   0.04687,  -0.04175,  -0.10247,   0.06000,   0.05508,   0.09446,  -0.02205,  -0.02698,   0.00092,  -0.01056,  -0.03682,   0.03210,  -0.03354,   0.05344,  -0.02369,  -0.00892,  -0.01385,   0.01405,   0.01897,   0.02226,   0.01241,  -0.01549,   0.02882,  -0.04010,   0.04851,   0.00585,   0.01077,   0.01897,   0.08462,   0.02718,  -0.01549,   0.06328,   0.07969,  -0.02533,  -0.02041,  -0.03682,  -0.00400,  -0.07949,   0.02718,   0.08626,  -0.00728,  -0.03518,  -0.01549,  -0.01385,  -0.00072,   0.01241,  -0.05980,  -0.05487,   0.04523,   0.04031,   0.00749,   0.00092,  -0.00400,   0.04687,  -0.01385,  -0.08934,   0.06000,   0.02718,  -0.04010,   0.04523,   0.06000,   0.02226,   0.04195,  -0.02041,  -0.05159,   0.00092,  -0.01385,  -0.04010,  -0.01713,   0.03539,   0.05016,  -0.04995,  -0.09262,  -0.04010,   0.12236,  -0.02698,  -0.05159,  -0.05487,   0.00585,  -0.04175,  -0.04995,  -0.01221,  -0.04667,  -0.03682,   0.01077,   0.00420,  -0.04831,  -0.01713,  -0.02369,   0.00256,  -0.09098,  -0.00400,  -0.03026,  -0.04831,   0.08462,  -0.05487,  -0.00892,   0.02554,   0.00585,   0.00585,   0.01077,  -0.04010,   0.00913,   0.01405,   0.00092,   0.02226,  -0.05159,   0.05180,  -0.00400,   0.01405,   0.02718,   0.04523,  -0.02533,   0.03867,  -0.03682,  -0.02862,  -0.00892,  -0.00400,   0.03210,   0.06164,   0.00092,  -0.06800,  -0.00892,   0.01077,   0.01077,  -0.01385,  -0.06964,  -0.12052,  -0.02041,   0.04687,   0.02718,  -0.06308,  -0.02041,   0.02718,  -0.07785,  -0.00236,  -0.02369,  -0.03190,  -0.00400,   0.00092,   0.04359,   0.05508,   0.00749,  -0.01056,   0.07805,   0.05672,  -0.02533,  -0.01221,   0.05508,   0.01733,  -0.01385,  -0.02698,  -0.02041,   0.03046,  -0.03354,  -0.04667,   0.10103,   0.02554,   0.02718,   0.01569,   0.05016,   0.02390,   0.05016,  -0.01221,   0.07641,  -0.01385,  -0.02533,  -0.02369,  -0.09918,  -0.01549,   0.00256,   0.04031,  -0.04995,  -0.02041,  -0.03190,  -0.02369,  -0.00236,  -0.03518,   0.03210,  -0.02205,   0.01569,   0.08134,   0.03046,   0.07149,   0.03046,   0.00749,  -0.04667,   0.02390,  -0.00564,  -0.01713,  -0.01056,   0.08462,  -0.04667,   0.01241,   0.02062,   0.05344,  -0.07293,   0.00585,   0.03867,  -0.01877,   0.01077,   0.15683,   0.00913,  -0.02041,   0.00092,  -0.01221,   0.03867,   0.00092,   0.08298,   0.09775,   0.07313,  -0.00400,  -0.03846,  -0.00564,  -0.04010,  -0.00400,   0.00913,  -0.01713,  -0.02698,  -0.01877,   0.02882,   0.09939,   0.04195,  -0.01713,   0.03210,   0.04031,   0.11908,  -0.03026,  -0.05159,   0.02882
   0.03867,  -0.04339,  -0.00072,  -0.05323,  -0.06800,   0.03539,   0.03210,   0.06657,  -0.01385,   0.02554,   0.04523,  -0.07457,   0.02554,   0.05016,   0.04359,   0.00913,  -0.03354,  -0.00400,  -0.04175,   0.05508,  -0.02205,  -0.03682,   0.01897,  -0.00892,  -0.04339,   0.06657,  -0.03026,   0.06000,   0.02062,  -0.03354,  -0.01056,  -0.04667,   0.02390,   0.04851,   0.02718,   0.04687,   0.04851,  -0.03846,  -0.00400,  -0.00236,   0.04851,  -0.02369,  -0.03026,   0.02062,   0.03867,  -0.00400,   0.03374,  -0.05652,   0.01405,  -0.01877,   0.02554,   0.00913,  -0.03518,  -0.07293,   0.04523,   0.03210,   0.07149,   0.02718,  -0.00892,  -0.13693,  -0.00400,   0.03703,  -0.05487,   0.01733,   0.03539,  -0.04503,   0.03703,  -0.02698,  -0.02533,  -0.03682,  -0.01877,   0.02554,   0.00749,  -0.01221,   0.01569,  -0.00072,  -0.03682,  -0.03518,   0.01569,  -0.05323,  -0.01549,   0.06164,   0.02062,   0.00913,  -0.08605,  -0.01713,  -0.04831,   0.04687,   0.02062,   0.00749,   0.04031,  -0.02369,  -0.04010,  -0.04995,   0.04195,  -0.03354,  -0.06636,  -0.02862,  -0.03190,   0.02718,  -0.00892,  -0.10082,  -0.00728,   0.01241,  -0.05487,  -0.03846,   0.04031,  -0.04667,   0.03046,  -0.12544,  -0.07129,   0.00585,   0.01569,  -0.00072,  -0.03026,  -0.01056,   0.03374,  -0.01713,   0.10759,  -0.02369,  -0.02369,  -0.01713,  -0.01713,   0.03374,  -0.04831,  -0.04503,  -0.08277,   0.03210,   0.06000,  -0.00236,  -0.04175,   0.03210,   0.05508,   0.06000,   0.02882,   0.03703,  -0.03190,  -0.04831,  -0.00892,   0.00913,   0.04851,   0.00749,   0.01733,  -0.04503,  -0.01385,   0.05344,   0.07641,  -0.00892,  -0.00400,   0.04031,   0.07149,   0.03867,   0.06492,   0.08462,   0.06164,   0.08134,  -0.02041,  -0.05816,  -0.00728,  -0.02205,  -0.01221,   0.04851,   0.05508,  -0.05323,  -0.03682,  -0.02862,  -0.01877,  -0.00564,  -0.02862,  -0.05323,   0.00256,  -0.02205,   0.00092,  -0.02533,   0.02226,   0.03539,  -0.00072,   0.05508,  -0.03354,  -0.00236,   0.00913,  -0.03026,  -0.01877,   0.02554,   0.05016,   0.02226,  -0.00072,  -0.02369,  -0.04667,   0.08954,   0.05344,  -0.02041,  -0.00564,   0.01405,   0.04687,  -0.02698,   0.00749,  -0.03026,   0.07477,   0.00256,   0.04031,  -0.00400,  -0.04667,  -0.01713,   0.01733,  -0.00400,  -0.03354,  -0.11067,   0.03210,  -0.02369,  -0.04667,   0.07477,   0.02554,   0.04523,   0.05016,  -0.01877,   0.02062,  -0.06800,   0.00585,  -0.00892,   0.00585,   0.04523,   0.08462,  -0.02205,  -0.02369,   0.01405,  -0.04339,  -0.06144,   0.00749,  -0.02041,   0.03867,   0.00092,  -0.06636,  -0.01385,   0.10923,  -0.01549,  -0.05980,   0.07477,  -0.00236,  -0.00400,  -0.00400,  -0.01385,  -0.09590,   0.00420,  -0.00564,  -0.02205,  -0.03190,   0.01569,   0.05180,   0.01077,   0.05180,  -0.02041,   0.03046,   0.02390,  -0.05323,  -0.03518,  -0.00236,  -0.00892,   0.00256,  -0.02369,   0.04687,  -0.02205,  -0.01056,  -0.01713,   0.04031,  -0.00564,  -0.00072,   0.02554,   0.00585,  -0.03026,   0.04195,   0.00420,  -0.05323,   0.03210,   0.05180,   0.01077,   0.04359,  -0.00892,  -0.04339,   0.02718,   0.01733,   0.08298,  -0.11395,   0.04031,   0.00092,   0.01241,   0.02062,   0.02882,   0.06328,  -0.02862,   0.02718,   0.02062,   0.04359,  -0.02698,  -0.06472,   0.11088,  -0.02041,   0.03867,   0.03210,   0.01733,   0.01077,   0.00256,  -0.02533,  -0.11231,  -0.03682,  -0.02698,  -0.08113,  -0.03518,  -0.02205,  -0.03682,  -0.04503,  -0.01713,  -0.00728,   0.01569,  -0.04831,  -0.00728,   0.00092,   0.04359,  -0.04995,   0.04195,   0.01077,   0.03374,  -0.04667,  -0.02369,  -0.03354,  -0.06636,  -0.02205,   0.04031,  -0.05323,  -0.02041,   0.02062,   0.02882,   0.03210,  -0.03026,   0.02226,   0.04851,   0.01569,   0.04031,   0.04359,   0.02062,   0.05180,   0.04523,  -0.00564,   0.00256,   0.04195,   0.02554,   0.03046,   0.00913,   0.00913,  -0.04175,   0.09282,   0.06821,  -0.03846,   0.05672,  -0.00400,   0.12565,   0.01733,  -0.00072,  -0.06144,  -0.02369,  -0.02862,   0.01405,  -0.02533,  -0.00892,  -0.07129,  -0.02205,   0.02554,   0.00092,   0.01077,  -0.00236,  -0.00728,  -0.01713,  -0.05816,   0.03374,  -0.04339,   0.05016,   0.11908,  -0.01221,  -0.05487,  -0.03518,  -0.07293,  -0.00728,   0.01897,  -0.00072,   0.07805,  -0.03190,   0.01077,   0.06821,   0.02718,   0.06657,   0.00420,   0.00420,  -0.03518,   0.00420,  -0.05652,  -0.02369,   0.05016,   0.00256,   0.03539,   0.01241,   0.03210,  -0.04831,   0.10923,   0.01569,  -0.03846,   0.00420,   0.00749,   0.04031,   0.08134,   0.06985,   0.01897,  -0.01221,   0.01077,  -0.00400,  -0.02698,  -0.03190,   0.09118,   0.03703,   0.05508,   0.04195,  -0.03518,   0.05672,  -0.02369,  -0.01713,   0.01405,  -0.02862,   0.00256,   0.06821,  -0.03354,  -0.02698,  -0.03682,   0.01077,  -0.01056,  -0.04175,   0.01405,  -0.02533,   0.02554,   0.05672,  -0.06800,  -0.02205,   0.00256,   0.01569,  -0.05652,   0.01241,   0.05836,  -0.08934,   0.06000,   0.00256,   0.02390,  -0.03354,   0.06000,   0.07805,   0.00585,   0.00585,   0.01405,   0.06328,  -0.00728,  -0.02862,   0.00749,  -0.02205,  -0.03518,  -0.13036,   0.04195,   0.04851,   0.06985,   0.00749,   0.02062,   0.02062,  -0.01713,   0.03539,  -0.02205,  -0.01056,   0.01405,  -0.05652,   0.04851,   0.02226,  -0.00400,   0.03539,  -0.05652,   0.02882,   0.05836,   0.01897,   0.02226,  -0.01549,   0.01405,  -0.04503,   0.05836,  -0.03026,  -0.02205,  -0.06800,  -0.02205,   0.04687,   0.03210,   0.05836,   0.00749,   0.02718,  -0.00892,   0.02226,  -0.06308,   0.06492,   0.01241,  -0.06964,   0.08134,  -0.01877,  -0.00728,   0.07477,   0.02718,   0.01569,   0.05016,   0.08790,  -0.04175,   0.06821,   0.05016,   0.04851,  -0.00236,  -0.01056,   0.05344,   0.03867,   0.01077,  -0.01877,  -0.02369,  -0.04667,   0.05180,   0.07969,   0.02390,   0.04523,  -0.00236,   0.01733,  -0.07293,   0.05344,   0.09446,  -0.01385,  -0.00892,  -0.00072,  -0.01877,   0.06000,   0.00092,   0.00749,  -0.02369,  -0.08441,  -0.02698,   0.01733,   0.03046,   0.04195,  -0.03354,   0.01405,  -0.01713,   0.00420,   0.00420,  -0.00400,   0.03046,   0.01569,  -0.01385,  -0.01221,   0.07641,   0.02390,  -0.05323,   0.01077,  -0.01877,  -0.03682,  -0.05159,   0.04031,   0.01569,  -0.01221,   0.02390,  -0.00728,   0.00256,  -0.04503,   0.05180,   0.02390,  -0.02369,   0.00092,   0.02554,  -0.11067,   0.01733,   0.07477,  -0.03190,  -0.01221,   0.00749,   0.00749,   0.09446,   0.07641,   0.07149,  -0.01549,   0.05016,  -0.00236,   0.03539,  -0.04667,   0.02226,   0.01569,  -0.02698,   0.09611,   0.01405,  -0.06636,  -0.01877,   0.00092,   0.01897,  -0.00892,   0.03867,   0.06985,  -0.05323,  -0.07949,   0.00913,  -0.04995,  -0.09918,   0.01241,  -0.02205,  -0.00892,  -0.06964,   0.03374,   0.03539,   0.02226,  -0.01056,   0.01077,   0.04031,  -0.00236,   0.02390,   0.01077,   0.03867,  -0.01385,  -0.03026,   0.00749,  -0.04831,  -0.05159,  -0.05323,   0.04031,  -0.01549,   0.00585,   0.00256,   0.01733,   0.01405,   0.05508,  -0.00236,  -0.00236,  -0.00400,  -0.02205,  -0.01056,  -0.08770,  -0.00564,   0.03703,   0.09939,   0.01897,  -0.03026,  -0.07293,   0.04031,   0.05180,   0.10103,   0.03867,   0.02554,   0.03046,  -0.05487,  -0.03354,   0.00749,  -0.00072,   0.02390,   0.01077,  -0.01549,  -0.05323,  -0.02533,  -0.04339,   0.02062,   0.01077,  -0.02533,  -0.02205,  -0.06636,  -0.04503,   0.00585,   0.01077,  -0.03682,  -0.01549,   0.04359,  -0.00400,  -0.08441,  -0.06308,  -0.06964,   0.08626,  -0.01056,  -0.05816,   0.07641,  -0.00892,  -0.04995,  -0.04010,  -0.01877,  -0.12052,  -0.00236,  -0.02369,  -0.00400,  -0.05816,   0.00256,  -0.05323,   0.00256,   0.06000,  -0.04995,  -0.03190,  -0.00236,   0.04195,  -0.01056,   0.06000,   0.02554,   0.01897,   0.03867,   0.07149,  -0.03190,  -0.02205,  -0.00892,   0.02554,  -0.04339,   0.07969,   0.03210,   0.03046,   0.00092,   0.02226,  -0.01221,   0.07313,   0.01077,  -0.00400,  -0.02369,  -0.04995,   0.02882,   0.00092,   0.04523,   0.03867,   0.08298,   0.09446,   0.01077,   0.03374,  -0.02205,   0.06000,   0.04359,   0.04687,   0.00420,   0.06821,   0.00092,   0.04851,  -0.05652,   0.04523,  -0.05323,  -0.01549,  -0.03026,  -0.00564,   0.03210,  -0.07293,   0.03539,  -0.08605,  -0.06964,   0.00749,  -0.00236,  -0.00400,   0.01077,   0.00913,   0.00913,   0.05180,   0.05180,   0.01733,   0.03703,   0.05344,  -0.06964,   0.03046,   0.03867,   0.08954,   0.01077,  -0.02698,   0.01241,   0.06657,   0.06985,   0.02718,  -0.02533,  -0.05816,  -0.05323,   0.06657,  -0.01713,   0.04195,   0.03539,  -0.04339,   0.01241,   0.01569,  -0.00728,  -0.00564,  -0.10247,  -0.02862,  -0.03518,  -0.01549,   0.05016,  -0.04175,   0.01241,  -0.01549,   0.00092,   0.01733,   0.01733,  -0.12052,   0.07477,   0.03374,  -0.00072,  -0.02533,   0.05508,   0.00256,   0.08626,  -0.03518,   0.05508,  -0.00564,  -0.00892,   0.02882,  -0.04667,  -0.02205,  -0.04995,  -0.03846,  -0.07129,  -0.08113,  -0.03846,   0.05508,  -0.08277,   0.02390,   0.05672,   0.04523,   0.02226,   0.09282,   0.05016,  -0.01056,   0.05180,  -0.01877,  -0.00236,   0.03539,   0.01569,   0.05672,   0.01897,   0.04195,   0.00749,   0.00749,  -0.01056,  -0.05159,   0.00092,   0.00749,   0.05836,   0.03867,  -0.04010,   0.04031,  -0.10575,   0.09282,   0.00749,   0.03374,   0.02882,  -0.02862,  -0.03026,  -0.03190,   0.01733,   0.07969,   0.03046,   0.03539,   0.09939,   0.01733,  -0.00236,   0.09611,  -0.00400,  -0.04831,   0.03703,   0.05016,   0.01897,  -0.01549,   0.00585,   0.06821,   0.02882,   0.02226,  -0.04667,  -0.00072,   0.02226,   0.03374,  -0.00892,  -0.01385,   0.04359,  -0.02205,  -0.02205,   0.02226,  -0.01877,   0.04195,   0.03867,  -0.04831,   0.01569,  -0.02369,   0.00749,  -0.04175,  -0.02205,  -0.03518,  -0.05323,   0.01733,  -0.04503,   0.04195,  -0.04831,   0.05508,   0.01569,   0.00749,  -0.06964,   0.02062,   0.02062,  -0.05323,   0.00420,   0.04031,  -0.01713,  -0.05323,  -0.03354,  -0.02041,  -0.03682,   0.02390,   0.00749,  -0.02041,  -0.02369,   0.05672,   0.07969,  -0.00236,  -0.05652,   0.03374,  -0.01221,  -0.08441,   0.07477,   0.04195,   0.00256,  -0.02041,   0.04523,  -0.09426,   0.11416,  -0.04831,   0.07149,   0.02226,  -0.03026,  -0.05487,   0.01077,  -0.00400,   0.03374,   0.00092,  -0.03354,   0.06000,   0.01733,   0.01241,   0.01405,   0.06164,  -0.02369,  -0.02205,   0.01897,  -0.04503,  -0.04339,   0.00256,  -0.01385,   0.00749,  -0.01713,  -0.00236,   0.01077,   0.02062,  -0.02369,   0.01897,  -0.02369,   0.02554,  -0.03354,   0.06000,   0.00749,  -0.06636,   0.01569,   0.03374,  -0.00236,  -0.04503,  -0.03190,  -0.03190,  -0.01877,   0.00420,   0.03703,   0.05508,  -0.03518,   0.05344,   0.03374,  -0.02698,  -0.02698,   0.02390,  -0.03846,  -0.04995,   0.03867,  -0.01221,  -0.03682,   0.00092,  -0.00236,  -0.00236,   0.09446,  -0.05652,  -0.00892,   0.03210,   0.04031,  -0.06144,   0.01241,   0.02226,  -0.01549,  -0.00564,  -0.00892,  -0.04175,  -0.01549,  -0.01549,  -0.00400,   0.01897,  -0.01221,  -0.00892,   0.00913,  -0.05816,  -0.01221,   0.06000,   0.03210,   0.02226,  -0.02041,   0.02062,   0.01897,   0.04687,   0.03374,   0.01733,  -0.04503,   0.08298,   0.03374,   0.04031,   0.00585,  -0.00072,  -0.04667,   0.01077,  -0.02369,  -0.00564,  -0.07457,   0.06328,  -0.00892,  -0.03354,  -0.08277,  -0.08277
   0.01241,  -0.05487,  -0.00564,   0.01241,  -0.08113,  -0.03354,   0.09939,   0.10103,   0.09282,  -0.04831,   0.02882,   0.01241,  -0.00072,  -0.07457,   0.02226,   0.07641,  -0.07129,  -0.02698,  -0.02533,   0.04523,   0.02718,   0.01897,  -0.00564,   0.00092,   0.00585,  -0.02698,   0.12400,   0.14206,   0.01897,  -0.02698,   0.09118,  -0.06144,   0.00913,  -0.04339,  -0.06800,  -0.01713,   0.10103,   0.01897,  -0.00236,  -0.06636,   0.05016,   0.05016,   0.06985,   0.03539,   0.00256,   0.01405,   0.04851,   0.02390,   0.02062,   0.00585,  -0.02698,   0.07805,   0.00420,  -0.02205,  -0.01221,   0.02390,   0.03046,  -0.00400,  -0.05323,   0.00749,  -0.05323,   0.06328,  -0.01221,  -0.09590,   0.00420,  -0.02369,  -0.02369,  -0.04831,  -0.04339,  -0.03190,   0.06164,  -0.04503,   0.05836,   0.06000,   0.01897,  -0.08934,   0.04031,   0.00256,   0.06821,   0.06985,   0.00092,  -0.01056,   0.06492,   0.00913,   0.00913,  -0.01713,   0.03046,  -0.08934,   0.02882,   0.06000,  -0.02862,  -0.03846,  -0.03682,  -0.09262,  -0.00892,  -0.01713,  -0.07949,  -0.00072,   0.00092,  -0.02533,   0.03703,  -0.00892,  -0.00400,   0.02554,  -0.02862,  -0.04175,  -0.05487,  -0.05323,  -0.00072,  -0.08605,  -0.06636,  -0.05159,   0.05180,   0.04031,   0.02882,  -0.01385,  -0.05980,  -0.05980,   0.03703,   0.07313,  -0.03846,  -0.01385,  -0.05980,  -0.00400,  -0.00072,  -0.03846,  -0.01221,   0.06821,  -0.00072,   0.04195,   0.04359,  -0.11231,   0.01405,   0.04359,   0.00256,   0.01897,  -0.05323,  -0.00564,  -0.02205,  -0.02369,  -0.06636,  -0.04995,   0.04359,   0.04195,   0.02226,   0.00749,  -0.04831,   0.07477,  -0.05816,  -0.01549,  -0.04831,   0.03703,   0.09775,   0.03046,   0.01897,  -0.03026,  -0.02533,   0.01241,   0.02718,   0.04031,   0.05180,   0.01405,   0.06164,   0.05016,   0.00256,  -0.00564,  -0.02041,  -0.05652,  -0.04667,  -0.07949,  -0.05652,   0.06164,  -0.02533,  -0.03026,  -0.01221,  -0.02369,  -0.12380,   0.00749,   0.01569,   0.02718,  -0.03846,  -0.02862,   0.02554,   0.03046,   0.01569,  -0.04667,  -0.01221,   0.05016,   0.00913,  -0.05816,   0.02226,   0.02882,  -0.02533,  -0.07129,  -0.02041,  -0.00072,   0.04851,   0.03867,  -0.03354,  -0.02533,   0.02226,   0.03210,  -0.03846,  -0.03682,   0.01077,  -0.05159,   0.01405,   0.02390,  -0.06800,   0.02882,   0.03539,   0.02390,  -0.07621,   0.02554,  -0.04503,   0.01569,   0.09611,   0.12236,   0.06164,   0.01569,   0.05836,  -0.01056,   0.07641,  -0.03518,   0.03703,   0.04687,   0.03539,   0.04359,   0.03703,   0.08790,   0.04359,   0.06328,   0.01733,   0.00256,  -0.06800,  -0.05816,   0.02062,  -0.04503,   0.02390,  -0.03846,  -0.03026,   0.04851,  -0.03518,   0.04687,   0.00420,  -0.07457,  -0.05652,  -0.00728,  -0.07785,  -0.07457,   0.00420,   0.01897,   0.00749,   0.02882,  -0.01221,   0.08626,   0.07641,   0.08626,   0.03703,   0.07477,   0.04359,   0.04195,   0.05344,  -0.03354,  -0.02862,   0.02062,   0.03046,  -0.02533,   0.04523,   0.00256,  -0.00564,  -0.00236,  -0.05652,  -0.04995,   0.04195,   0.02062,   0.04851,   0.00749,  -0.09754,  -0.06636,   0.06492,   0.03210,   0.02390,  -0.02205,  -0.05487,   0.00092,   0.02390,   0.00256,  -0.02369,  -0.00892,   0.04687,  -0.05652,   0.02718,   0.02718,  -0.05159,   0.02226,   0.07313,   0.00749,  -0.05652,   0.01405,  -0.07457,  -0.04503,   0.07313,   0.04031,  -0.03354,  -0.00728,  -0.02862,  -0.01056,  -0.06472,   0.02718,  -0.05323,   0.01569,   0.04687,  -0.08113,   0.00256,   0.07313,   0.13549,   0.01077,   0.01077,  -0.11559,   0.00420,  -0.06308,  -0.00728,   0.03539,  -0.01877,  -0.00892,   0.01733,  -0.07621,   0.02062,   0.08790,   0.00585,  -0.01056,   0.02718,  -0.04667,  -0.00892,  -0.01056,   0.05016,  -0.09590,   0.02226,  -0.00072,   0.04851,  -0.05159,   0.09446,  -0.04175,  -0.01877,   0.01569,  -0.06144,  -0.01221,  -0.02205,   0.07149,   0.04031,   0.06000,   0.09611,   0.00420,   0.07149,  -0.09590,   0.06985,   0.01077,   0.03210,   0.10431,  -0.04010,  -0.04667,  -0.04831,   0.01569,   0.03703,   0.02718,   0.06657,   0.00585,  -0.04667,  -0.00072,   0.04359,   0.04359,  -0.03354,  -0.11395,  -0.01221,   0.06000,   0.01897,   0.01733,  -0.05487,  -0.02698,  -0.06800,   0.03374,   0.06164,  -0.00072,  -0.08441,   0.08134,   0.02226,  -0.07293,  -0.02205,   0.01405,   0.01077,  -0.02698,  -0.05652,   0.11088,  -0.08605,   0.03374,   0.00092,  -0.06636,   0.00256,  -0.08277,  -0.05816,   0.01077,   0.03210,   0.00256,  -0.00236,   0.02554,  -0.04503,  -0.08113,   0.02390,   0.01077,   0.03210,  -0.04995,  -0.00564,  -0.08605,  -0.00072,   0.04851,  -0.05487,  -0.01549,   0.02062,  -0.02205,   0.00256,  -0.05816,   0.00585,  -0.00236,  -0.00564,  -0.00400,   0.11252,   0.03046,   0.04523,  -0.01713,   0.11252,   0.04359,  -0.00236,  -0.01385,   0.05508,   0.03210,   0.00749,   0.03046,   0.05016,  -0.03354,  -0.00892,   0.03867,   0.01569,   0.04359,  -0.05323,  -0.00728,   0.00913,  -0.07129,  -0.00400,  -0.01549,  -0.03026,  -0.01056,   0.09775,  -0.04995,  -0.04010,  -0.04503,   0.04031,  -0.00728,   0.05836,   0.00585,  -0.03518,  -0.04667,  -0.03026,   0.02226,   0.00913,  -0.02369,  -0.05980,  -0.11231,   0.08298,  -0.04010,   0.02062,   0.08954,  -0.01056,  -0.07621,   0.03374,   0.02062,  -0.03682,  -0.04339,   0.02062,  -0.03026,  -0.06308,   0.04195,  -0.05980,   0.05016,  -0.06308,   0.07149,  -0.00564,   0.06164,  -0.02533,   0.02554,  -0.02041,  -0.03518,   0.00913,  -0.02698,   0.06657,  -0.00072,   0.01569,   0.03374,   0.00256,   0.01241,   0.04359,   0.02554,  -0.00564,   0.00585,  -0.09098,   0.02554,   0.10431,   0.01077,  -0.02205,   0.00913,   0.06164,   0.03046,   0.02062,   0.03210,   0.07149,   0.01077,   0.08462,  -0.01877,  -0.04175,   0.03210,   0.05836,  -0.00892,  -0.03190,  -0.00236,   0.06000,  -0.00236,  -0.00564,  -0.03518,   0.00256,  -0.01549,  -0.04831,  -0.00728,  -0.07129,  -0.07785,   0.00749,  -0.06308,  -0.00892,   0.01733,   0.00585,  -0.02369,  -0.00564,   0.06000,   0.01077,   0.00585,  -0.00236,  -0.01221,   0.01733,  -0.02862,  -0.01221,  -0.03682,  -0.03682,   0.04195,   0.08954,  -0.00892,  -0.00728,  -0.03354,   0.09775,  -0.04503,  -0.05652,   0.03703,   0.09282,   0.02554,   0.00585,   0.09775,  -0.00236,   0.00913,   0.01405,  -0.01056,  -0.04175,   0.03867,   0.04523,  -0.00728,  -0.04667,  -0.02041,   0.01077,  -0.03354,   0.08134,  -0.06308,   0.00585,   0.01897,   0.00092,   0.05016,   0.00092,  -0.07621,  -0.02205,  -0.07293,   0.00256,   0.03046,  -0.04995,  -0.08277,   0.05836,   0.00092,  -0.00892,  -0.00072,   0.00585,  -0.01221,  -0.01385,  -0.08113,  -0.00728,   0.08462,   0.00420,   0.05180,  -0.02205,  -0.03190,  -0.05652,  -0.00072,  -0.02533,  -0.04503,   0.02554,  -0.07293,   0.02390,   0.06985,  -0.03846,   0.00092,  -0.01877,  -0.02862,   0.00913,  -0.01056,   0.07969,  -0.02041,  -0.03190,  -0.03846,  -0.05323,   0.00913,  -0.02533,  -0.06964,   0.01733,  -0.00728,  -0.01713,  -0.03354,  -0.04010,   0.00420,   0.02882,   0.00749,  -0.08441,  -0.04339,  -0.03026,  -0.01713,   0.01897,  -0.05652,  -0.05980,   0.04359,   0.04523,  -0.00728,  -0.00564,  -0.00236,   0.03867,   0.08134,   0.03210,   0.04031,  -0.04667,   0.01897,   0.03703,  -0.04010,   0.03539,  -0.08605,  -0.03518,   0.02226,   0.10103,   0.03703,  -0.05652,   0.02226,  -0.04995,  -0.04503,   0.08134,  -0.10575,  -0.02698,  -0.04831,   0.02882,  -0.03354,  -0.01385,  -0.01549,   0.02062,   0.06985,   0.08298,  -0.00564,   0.05836,   0.05016,  -0.00728,   0.05672,   0.02718,  -0.04010,   0.01569,  -0.01713,  -0.02533,   0.05836,  -0.06308,  -0.04667,   0.06657,  -0.08113,   0.01733,  -0.04010,  -0.02041,   0.03374,   0.10431,   0.00585,   0.01077,  -0.00072,  -0.07457,  -0.05159,   0.00749,  -0.00728,   0.04031,  -0.03518,   0.00585,  -0.00564,  -0.05487,  -0.00236,   0.04359,  -0.03518,  -0.02369,   0.04523,  -0.01385,   0.02062,  -0.05980,   0.09775,   0.02062,  -0.02862,  -0.03190,   0.05180,  -0.01385,  -0.01056,   0.05836,   0.07969,  -0.04667,   0.01569,  -0.04995,   0.01241,   0.01569,   0.02062,   0.02554,   0.01569,  -0.05323,   0.06492,   0.02554,  -0.02698,  -0.03190,   0.02062,   0.00256,  -0.00728,   0.02062,  -0.01385,  -0.04995,   0.02718,   0.01077,   0.02554,  -0.02533,  -0.09590,   0.02882,  -0.06308,   0.08954,  -0.01385,  -0.03026,   0.02882,   0.01569,   0.01897,   0.02718,  -0.02533,   0.00256,  -0.00400,   0.02226,   0.02882,  -0.00400,   0.03046,   0.04195,   0.03374,   0.01733,  -0.02041,  -0.06636,   0.03703,  -0.02533,  -0.01877,   0.03539,  -0.00072,  -0.03026,   0.02554,   0.00256,   0.02062,   0.03539,   0.01077,  -0.04175,  -0.06308,   0.10431,  -0.02041,  -0.02698,   0.01569,  -0.04175,  -0.03190,  -0.00400,   0.02062,   0.03867,   0.07477,   0.05836,   0.03046,  -0.00728,  -0.06144,  -0.07129,  -0.00564,   0.02882,   0.00749,  -0.02533,  -0.00072,   0.03210,  -0.05159,   0.00256,   0.01241,   0.00256,  -0.03354,   0.03867,   0.06492,   0.04031,  -0.01056,  -0.04339,   0.01241,  -0.00728,   0.06492,  -0.02862,   0.00420,   0.08790,  -0.01221,   0.03046,  -0.06636,  -0.00236,   0.01897,  -0.00072,   0.01733,  -0.00072,   0.02554,   0.07313,   0.00092,  -0.01385,   0.06492,   0.06492,   0.04851,   0.00256,  -0.00564,   0.08790,  -0.01713,   0.03539,   0.05672,  -0.01877,  -0.08277,   0.01077,  -0.01221,  -0.02533,   0.00913,  -0.02205,  -0.07293,  -0.03518,  -0.08441,  -0.00400,   0.11088,   0.02882,  -0.05487,  -0.01385,   0.08298,   0.06821,  -0.03190,  -0.07293,  -0.04831,   0.03374,   0.05344,  -0.05980,   0.01077,   0.07969,  -0.01221,   0.03210,   0.01241,  -0.01877,   0.06657,   0.00749,  -0.06800,  -0.00564,   0.02882,  -0.05323,   0.00092,   0.01897,   0.01897,  -0.04667,  -0.09426,   0.03046,   0.02226,  -0.09918,   0.01569,  -0.01877,  -0.01056,  -0.07621,   0.01077,  -0.00236,   0.06000,   0.02390,   0.00749,  -0.03518,  -0.02862,   0.08134,  -0.03354,  -0.04339,  -0.00892,   0.01897,  -0.00400,  -0.01056,   0.01241,   0.08134,   0.02062,   0.04523,  -0.04503,  -0.04667,   0.00585,   0.04851,   0.07313,  -0.00072,  -0.04667,   0.00092,   0.01733,   0.04031,   0.01241,  -0.01221,   0.05016,  -0.02533,  -0.02533,  -0.02205,  -0.01056,   0.03867,   0.00092,   0.05508,   0.02390,   0.03703,   0.07149,  -0.04503,  -0.01056,   0.07641,   0.05344,   0.02882,  -0.03026,  -0.05323,  -0.01549,  -0.00236,   0.03046,  -0.00728,  -0.09098,  -0.03190,  -0.05652,  -0.04339,  -0.04831,   0.03374,   0.07149,   0.02062,   0.02062,   0.03539,   0.01405,   0.02062,  -0.00072,   0.05180,  -0.07129,   0.02554,  -0.03190,  -0.00728,   0.00420,   0.01241,  -0.06144,  -0.03846,   0.06985,   0.01897,  -0.01877,   0.03374,   0.00749,  -0.00892,   0.09446,  -0.02041,   0.01405,  -0.03354,   0.03703,  -0.04010,   0.06328,   0.00092,  -0.04667,   0.01897,  -0.01713,  -0.04667,   0.00092,   0.02718,  -0.00400,  -0.00564,   0.02390,   0.04031,  -0.00728,   0.05672,   0.01405,   0.03374,  -0.02862,   0.08134,  -0.01056,  -0.07457,  -0.03190,  -0.04010,  -0.06144,  -0.05323,  -0.06800,  -0.04339,   0.03703,   0.02554,  -0.03354,   0.01077,   0.03703,  -0.02698,  -0.07621,   0.00420,  -0.01877,  -0.01385,  -0.01385,  -0.02205,  -0.02369,   0.01569,   0.03210,  -0.01221,  -0.00072,  -0.05323,   0.02062,  -0.00564,   0.01733,   0.02882,   0.05180,   0.03374,  -0.08934
  -0.04831,  -0.01056,  -0.03846,   0.06492,  -0.00892,   0.07149,   0.00420,   0.01405,  -0.01549,   0.02718,  -0.06800,  -0.04995,   0.11252,  -0.01221,   0.01405,  -0.00236,   0.03374,  -0.02698,   0.01241,  -0.00400,   0.01077,  -0.01713,  -0.02862,   0.00913,   0.01733,  -0.02041,  -0.01877,   0.02882,  -0.00236,  -0.02862,   0.00092,   0.05836,   0.00420,  -0.00728,  -0.00728,   0.02390,   0.01077,   0.07149,  -0.00728,   0.08298,   0.04687,  -0.01877,  -0.05487,   0.03539,  -0.04831,   0.04031,  -0.01385,  -0.01877,  -0.00072,   0.00913,   0.04195,  -0.03026,   0.02554,  -0.09754,  -0.03354,  -0.01549,  -0.00072,  -0.02205,   0.02882,   0.00420,   0.08790,  -0.00892,  -0.03026,   0.09939,  -0.01549,   0.06164,   0.00585,   0.01077,  -0.00728,  -0.00728,  -0.00400,   0.01241,   0.04851,   0.05344,  -0.02533,   0.00913,  -0.02369,   0.04031,   0.02062,   0.02062,   0.02390,  -0.00728,  -0.03518,   0.01241,   0.01897,   0.00585,   0.01405,  -0.07293,   0.00749,  -0.03026,  -0.02698,  -0.07293,   0.05180,   0.00092,   0.00749,  -0.03518,   0.01405,   0.03703,  -0.03026,  -0.07293,  -0.00728,  -0.01549,  -0.04503,  -0.02369,   0.05180,   0.01241,  -0.06308,  -0.02041,  -0.07129,   0.02718,   0.04687,  -0.03682,  -0.02205,   0.03539,   0.01405,   0.04359,  -0.06964,   0.00256,  -0.03518,  -0.03190,   0.04195,   0.03703,   0.07969,   0.00913,   0.02390,  -0.03190,  -0.00564,  -0.02698,  -0.04503,  -0.00236,   0.01897,  -0.03026,   0.01897,   0.03046,  -0.02369,  -0.01385,  -0.03846,  -0.02041,   0.05672,  -0.06964,   0.01405,  -0.02369,  -0.01549,   0.04523,   0.01897,   0.01241,   0.04359,  -0.03682,  -0.01713,   0.06657,   0.03867,   0.02226,   0.00092,   0.03539,   0.04851,  -0.06308,   0.00913,   0.04031,  -0.02205,   0.07805,  -0.02862,   0.03210,  -0.03354,   0.00256,   0.04687,  -0.01221,  -0.01385,  -0.05652,   0.02554,  -0.02698,   0.06821,  -0.00564,   0.04851,  -0.00728,  -0.04339,   0.06164,  -0.03846,   0.03210,  -0.06144,   0.00585,  -0.03518,  -0.00728,  -0.00072,   0.05180,   0.09939,   0.00913,  -0.05487,  -0.02533,   0.01405,  -0.01056,   0.06657,  -0.02533,   0.08790,  -0.02862,   0.04851,  -0.03846,  -0.06472,  -0.05980,  -0.01549,   0.07969,  -0.02862,   0.05836,  -0.01549,   0.06164,   0.03867,  -0.01713,   0.10431,  -0.06964,  -0.04667,  -0.03026,   0.03210,   0.01077,  -0.04175,   0.02226,   0.04687,   0.06164,  -0.03026,   0.02390,   0.01897,   0.01077,  -0.01549,   0.01241,  -0.04175,  -0.07293,  -0.01221,  -0.04175,  -0.02698,  -0.02698,  -0.00564,  -0.01056,  -0.04010,  -0.07457,  -0.01877,  -0.03682,  -0.00892,  -0.02205,   0.00420,  -0.06144,   0.06328,   0.02062,   0.02062,  -0.10082,   0.02062,  -0.04339,   0.03046,   0.06328,   0.01569,   0.06164,   0.00585,   0.03374,  -0.00072,  -0.00072,  -0.03846,   0.04687,   0.02062,   0.00749,  -0.00728,  -0.07621,  -0.03682,   0.10759,   0.00585,  -0.07129,  -0.00236,   0.02882,  -0.01056,   0.01405,  -0.07293,   0.06657,  -0.03354,   0.03539,   0.01077,  -0.01385,   0.04687,   0.13057,  -0.02041,  -0.03026,   0.00092,   0.03867,  -0.03518,   0.09446,  -0.03518,  -0.03354,   0.07313,   0.03539,   0.06985,   0.02390,  -0.06472,  -0.02041,  -0.05980,   0.06657,   0.03703,   0.00913,  -0.04503,   0.07641,   0.04523,   0.01405,  -0.02041,   0.07477,  -0.01056,  -0.03190,   0.01077,   0.02062,   0.09446,   0.09939,  -0.01385,   0.00420,   0.04031,  -0.00892,   0.01569,  -0.03354,   0.01077,  -0.04010,  -0.05816,   0.05672,   0.01405,   0.06657,  -0.04339,   0.03539,   0.04359,   0.01077,  -0.07621,   0.03046,  -0.02205,  -0.04339,   0.00749,  -0.01549,  -0.03190,   0.06492,   0.03210,  -0.00564,   0.00092,  -0.02698,   0.05672,   0.00913,  -0.02205,  -0.05816,  -0.01549,   0.01077,   0.03867,  -0.02369,   0.03210,  -0.02369,  -0.02369,  -0.04175,  -0.03518,  -0.00564,  -0.00236,   0.05508,   0.00585,   0.04851,   0.05180,   0.03703,   0.03867,   0.00256,  -0.01549,   0.02390,  -0.06800,   0.00092,   0.04031,  -0.00236,  -0.03846,  -0.03846,  -0.03518,  -0.06800,  -0.03682,  -0.00236,   0.00256,   0.04195,   0.00749,   0.00092,   0.03539,  -0.02205,   0.03210,   0.00092,   0.01733,  -0.04339,  -0.03190,  -0.03354,  -0.02205,   0.05016,   0.00585,  -0.06308,   0.03046,  -0.03846,   0.01405,   0.01241,   0.00420,   0.02390,  -0.04010,  -0.00892,   0.05508,  -0.04831,   0.03210,   0.07805,  -0.03518,  -0.01713,  -0.00728,   0.03210,   0.04031,  -0.00072,  -0.08934,  -0.00892,  -0.00564,   0.06328,  -0.09098,   0.01733,   0.00585,  -0.03354,  -0.02862,  -0.03682,   0.00420,  -0.02369,   0.03539,  -0.09262,   0.06492,   0.10923,  -0.01056,  -0.05323,  -0.02862,   0.04195,  -0.00236,  -0.03518,   0.01897,   0.06164,  -0.02369,  -0.09098,   0.05508,  -0.01549,  -0.01056,   0.04031,  -0.01713,  -0.06308,   0.00092,  -0.03846,  -0.06800,  -0.02369,  -0.01549,  -0.05980,  -0.04503,  -0.01385,  -0.07293,  -0.05487,  -0.02041,   0.01569,   0.02390,   0.11088,   0.00749,  -0.07457,   0.01077,   0.00256,   0.05344,   0.01897,  -0.02041,  -0.01713,   0.00420,   0.03046,   0.00092,   0.00913,   0.02882,  -0.00072,   0.06328,  -0.00728,  -0.00400,   0.03703,  -0.07621,  -0.02205,  -0.00072,  -0.03354,   0.00585,  -0.00892,   0.01405,  -0.00564,  -0.03190,   0.06657,  -0.07293,  -0.05487,   0.05016,   0.02226,  -0.01877,  -0.04339,   0.00585,   0.01241,   0.03867,  -0.01713,   0.00585,  -0.08441,   0.01733,   0.06164,  -0.01056,  -0.01385,  -0.04010,   0.05344,   0.01897,   0.08954,  -0.06636,   0.02554,   0.04851,  -0.02205,   0.02062,   0.00420,  -0.00236,  -0.05159,   0.01733,  -0.10247,   0.00256,   0.00913,   0.02062,   0.03046,   0.04523,  -0.06472,   0.07149,  -0.03682,   0.03046,  -0.01877,  -0.03190,  -0.07457,  -0.00072,   0.00913,   0.01077,  -0.03682,   0.01077,  -0.02041,  -0.01549,   0.02390,   0.00749,   0.00420,   0.04031,  -0.05323,   0.02390,   0.01405,   0.01897,   0.05344,  -0.03190,   0.02062,   0.02390,  -0.04503,  -0.03190,   0.03867,   0.04851,  -0.04503,   0.00256,   0.00092,  -0.04175,   0.03703,   0.03703,   0.04031,  -0.01221,  -0.07129,   0.03867,   0.04359,  -0.04831,  -0.00564,   0.05836,  -0.07785,   0.00256,   0.08626,  -0.02533,   0.00585,  -0.07457,   0.00913,   0.01733,  -0.02369,  -0.03190,  -0.00892,   0.00256,   0.00749,   0.02882,  -0.04831,  -0.03846,   0.01569,   0.01569,   0.03210,   0.00092,   0.00585,  -0.02369,  -0.01385,  -0.00892,   0.06000,  -0.03354,  -0.07457,   0.02226,   0.04687,   0.03046,   0.05016,  -0.03846,   0.06657,   0.03867,   0.02226,  -0.06144,  -0.03190,  -0.06636,   0.03374,  -0.02533,   0.00092,  -0.10575,   0.05836,   0.02390,  -0.04010,  -0.05816,  -0.01221,  -0.02205,   0.04359,  -0.02369,  -0.00236,  -0.00400,   0.09775,  -0.02041,   0.05016,  -0.00728,   0.04523,  -0.06472,  -0.01385,   0.01897,  -0.00072,   0.03867,   0.01569,  -0.01385,   0.01077,  -0.05487,  -0.02041,   0.01241,  -0.05652,  -0.07457,   0.02554,  -0.02862,   0.00913,   0.00420,   0.04031,  -0.05159,  -0.02205,  -0.04831,   0.05344,   0.02554,  -0.05980,  -0.02205,   0.00585,  -0.01221,   0.03539,   0.00092,  -0.00892,  -0.05980,  -0.00892,  -0.04667,  -0.04339,   0.02554,  -0.01713,   0.02718,   0.01405,   0.10103,   0.02718,  -0.07949,  -0.04503,  -0.01713,   0.01733,   0.04523,   0.02390,   0.01569,  -0.00072,   0.00749,  -0.04339,   0.01569,   0.06492,   0.06328,  -0.02041,  -0.00728,  -0.09590,  -0.06144,  -0.01056,   0.01405,  -0.04503,   0.01241,  -0.00072,   0.02554,  -0.01877,  -0.03026,   0.02390,  -0.03190,   0.00092,  -0.10575,   0.04195,  -0.00400,   0.03703,   0.00585,   0.00585,  -0.06144,   0.02062,  -0.04831,   0.01569,   0.05508,   0.04195,  -0.02205,   0.05016,   0.04359,   0.02390,  -0.08934,   0.02062,   0.02554,  -0.05980,   0.01733,   0.02390,   0.03046,   0.04031,  -0.02369,  -0.01877,  -0.00892,  -0.04010,   0.01897,  -0.00564,   0.02718,  -0.09262,   0.00420,   0.01569,   0.06657,  -0.00072,  -0.02698,   0.02226,   0.00749,   0.02718,  -0.04175,   0.08134,  -0.02862,   0.06164,   0.06821,   0.02554,  -0.01549,  -0.07621,  -0.00400,  -0.03026,   0.03046,  -0.05652,  -0.01385,   0.00420,  -0.01549,   0.02062,  -0.02862,  -0.06472,  -0.03026,   0.03703,  -0.01056,   0.02390,  -0.05323,   0.01897,   0.10267,   0.04687,   0.02062,  -0.03846,  -0.01713,  -0.00564,  -0.01385,  -0.03518,  -0.06964,  -0.00400,   0.04851,   0.03210,   0.03374,  -0.02698,  -0.04339,  -0.02533,  -0.04667,  -0.02698,   0.01569,  -0.05159,  -0.07621,  -0.00892,   0.00256,  -0.06144,   0.00092,  -0.02205,   0.02554,   0.01897,   0.01241,  -0.00728,  -0.02533,  -0.02205,   0.04031,   0.03703,   0.01405,  -0.00892,  -0.02698,  -0.01056,   0.01077,   0.05344,  -0.03682,  -0.04339,   0.01569,   0.08134,   0.00913,   0.04195,   0.01241,  -0.01877,  -0.02369,   0.03046,  -0.00072,  -0.04995,  -0.00564,   0.00913,  -0.05980,  -0.01385,   0.00913,   0.01897,   0.02882,  -0.00072,   0.04851,  -0.02369,  -0.01549,  -0.07457,   0.04031,  -0.01056,  -0.02205,  -0.00564,   0.13385,  -0.01549,   0.03703,   0.01733,   0.00749,  -0.03518,   0.00749,   0.00913,  -0.02369,  -0.00728,  -0.00236,   0.04851,  -0.04503,  -0.01713,   0.02554,  -0.01056,   0.09611,   0.03210,   0.03046,   0.03210,  -0.05816,  -0.04175,  -0.03518,   0.00092,  -0.01221,   0.03374,   0.02554,  -0.00072,  -0.02369,   0.01077,   0.06328,   0.04523,  -0.04175,  -0.00236,  -0.09098,  -0.04503,  -0.01385,  -0.05980,  -0.08441,   0.02882,   0.01241,   0.02554,   0.04687,   0.02554,   0.02390,   0.04359,   0.04195,   0.02718,   0.02718,   0.00585,   0.01241,  -0.01221,   0.01733,  -0.00892,   0.04523,   0.05344,   0.06328,   0.00092,  -0.01877,   0.08462,  -0.02041,   0.01897,  -0.07621,   0.07149,   0.00092,  -0.04667,   0.04851,   0.00420,   0.02882,   0.00585,   0.01241,   0.06328,   0.01241,  -0.02369,   0.01897,  -0.00400,  -0.05159,  -0.00892,   0.08626,  -0.00564,   0.04851,  -0.00728,   0.09118,   0.03703,  -0.05816,   0.08134,  -0.03190,   0.00913,  -0.02533,  -0.03026,  -0.01385,  -0.00728,   0.04195,  -0.03354,  -0.01713,   0.01897,  -0.00728,   0.01241,  -0.04995,   0.09282,   0.07969,   0.00092,  -0.03190,   0.02390,   0.05836,   0.04523,   0.02718,  -0.08277,  -0.10082,  -0.03026,  -0.00892,   0.06328,  -0.01877,  -0.00236,  -0.01549,  -0.02533,  -0.00728,   0.09446,  -0.00892,   0.03867,   0.02882,  -0.09754,   0.00585,  -0.02862,   0.02882,  -0.00236,   0.01733,   0.00913,  -0.03846,  -0.00892,  -0.04339,  -0.00564,  -0.03682,   0.01241,  -0.00072,   0.00256,  -0.01713,   0.01897,  -0.07621,   0.08134,   0.06821,  -0.02533,   0.05836,  -0.03026,  -0.03026,   0.02554,  -0.00400,   0.00092,  -0.02205,   0.06000,   0.05508,  -0.10082,   0.03374,  -0.01056,  -0.05980,   0.00420,   0.01241,   0.04359,   0.03046,   0.02062,  -0.01549,   0.00256,  -0.04667,  -0.04339,   0.02226,   0.03867,  -0.03026,  -0.02698,   0.15354,  -0.00072,   0.00913,  -0.02041,  -0.00400,  -0.06636,  -0.01385,   0.00256,  -0.02041,   0.02718,  -0.01385,   0.01897,  -0.00400,   0.01405,   0.01897,  -0.04339,  -0.03026,   0.04687,  -0.05487,  -0.01549,  -0.00072,   0.00420,   0.01569,   0.00420,   0.04031,  -0.05159,   0.05508,   0.02390,   0.04195,   0.00256,   0.00420,  -0.00564,  -0.03190,   0.02554,   0.00092,   0.01733,  -0.03026,  -0.01056,   0.00420,   0.05672,  -0.01385,  -0.00400,   0.01897,  -0.00564,   0.03703,   0.00749
  -0.00892,  -0.00564,   0.01241,   0.05180,  -0.02862,  -0.03518,   0.02062,   0.03210,   0.00420,   0.05344,   0.07641,  -0.00564,  -0.05487,   0.00913,  -0.06636,  -0.01549,  -0.00564,   0.02390,  -0.02369,  -0.07949,   0.00585,  -0.00892,   0.01077,   0.02062,  -0.03682,  -0.01056,   0.03867,  -0.02862,  -0.03190,  -0.04831,  -0.02698,  -0.01221,   0.00420,   0.00913,   0.04687,   0.09939,   0.02390,  -0.02205,   0.00256,  -0.05980,   0.02554,  -0.02205,  -0.00072,  -0.05487,   0.00256,  -0.03190,   0.03374,  -0.01549,  -0.02369,  -0.07129,   0.00256,  -0.03026,  -0.04667,  -0.05816,   0.06657,   0.02718,  -0.04339,  -0.01713,   0.06328,  -0.01221,   0.02882,  -0.03190,   0.00092,  -0.00564,  -0.01549,   0.10595,  -0.06144,  -0.00892,  -0.05487,   0.10103,   0.05344,  -0.01877,  -0.02041,  -0.06636,  -0.00564,  -0.05816,   0.01241,  -0.01877,  -0.07293,   0.05180,   0.03867,   0.02718,   0.03210,   0.01897,  -0.01713,   0.01733,   0.01077,   0.05508,  -0.00400,   0.00256,  -0.01877,   0.01405,   0.01897,  -0.04339,   0.02062,  -0.00564,   0.01733,   0.03046,   0.00420,   0.03703,   0.04523,  -0.05652,   0.01077,  -0.08113,   0.00585,   0.01733,   0.03374,   0.05836,  -0.00892,  -0.01385,  -0.01056,  -0.05159,  -0.06472,  -0.06308,   0.06000,  -0.00072,  -0.01056,   0.07805,   0.03210,   0.02554,  -0.03190,   0.00256,   0.01405,  -0.04667,  -0.03354,  -0.01713,   0.05344,   0.04851,  -0.01713,   0.01733,   0.00913,  -0.04995,   0.02226,   0.01897,   0.06492,   0.05016,   0.07805,  -0.01549,  -0.02369,   0.06821,   0.03046,   0.11252,   0.00256,  -0.05487,   0.00092,  -0.04339,   0.07149,   0.02226,   0.00420,  -0.00728,  -0.03846,   0.10923,   0.04687,   0.08134,   0.05344,  -0.00892,  -0.10411,   0.07805,   0.01405,  -0.01385,  -0.03518,  -0.04339,  -0.02862,  -0.00728,   0.01897,   0.00749,  -0.06800,  -0.05980,  -0.01549,  -0.00072,  -0.00728,   0.04523,   0.04359,  -0.01056,   0.04523,   0.00749,   0.04031,  -0.05159,   0.04359,  -0.01713,  -0.01713,  -0.05980,   0.00585,   0.05180,   0.05180,   0.09118,  -0.05980,   0.01897,  -0.00236,  -0.01221,   0.05836,   0.00585,   0.01569,  -0.07621,  -0.02698,  -0.04010,   0.01897,  -0.03026,  -0.00400,  -0.04667,  -0.02533,  -0.02533,   0.02882,  -0.07129,  -0.05980,  -0.10411,  -0.03846,   0.01569,  -0.02205,   0.03703,   0.00256,  -0.02041,  -0.01877,   0.06821,  -0.01713,  -0.07293,  -0.01877,  -0.00892,  -0.04175,  -0.11067,   0.09775,  -0.03682,  -0.03354,  -0.00072,   0.04851,  -0.02698,  -0.03846,   0.00913,   0.01897,   0.02226,   0.02390,  -0.02698,  -0.00236,   0.06000,   0.00092,  -0.08277,  -0.02533,  -0.00728,   0.01733,   0.05508,   0.03703,  -0.09590,  -0.03846,  -0.07293,  -0.01549,   0.00749,  -0.01549,  -0.03190,   0.02882,   0.01897,  -0.01221,  -0.08277,  -0.00400,  -0.01877,  -0.01385,   0.02062,  -0.03846,   0.01569,   0.01405,   0.04195,  -0.01713,  -0.06800,   0.03703,   0.00749,   0.02062,  -0.01385,   0.03539,  -0.04339,  -0.01221,  -0.01056,   0.07805,  -0.01877,  -0.01056,  -0.10575,  -0.01056,  -0.01221,   0.07641,  -0.04175,   0.10759,  -0.02041,   0.05508,   0.02718,  -0.03354,  -0.04667,   0.07477,   0.02718,  -0.01713,  -0.02369,   0.02718,  -0.05323,   0.06821,   0.05836,  -0.05159,  -0.05652,  -0.02698,  -0.04339,   0.01077,   0.06000,  -0.05652,  -0.02862,  -0.00400,   0.05180,  -0.03354,  -0.02205,   0.10759,  -0.00892,   0.06821,  -0.02369,   0.01733,  -0.04010,  -0.01877,   0.06000,  -0.03190,  -0.02369,  -0.02369,   0.00913,  -0.04010,  -0.03354,  -0.03518,   0.00256,  -0.00400,   0.02062,   0.01077,  -0.00892,  -0.00728,  -0.01549,  -0.05159,  -0.02862,  -0.04175,   0.00256,   0.02554,  -0.04667,  -0.02698,   0.04523,  -0.03518,  -0.01056,  -0.01221,   0.01897,   0.00092,   0.01897,  -0.05487,  -0.05323,   0.03374,   0.01405,  -0.01549,   0.07969,  -0.04503,   0.03210,   0.01569,  -0.01549,  -0.01713,  -0.04667,   0.01569,   0.01897,  -0.00236,   0.02390,   0.04851,   0.02554,   0.08626,   0.00585,   0.03210,  -0.00236,  -0.04667,  -0.02862,   0.05016,   0.05344,   0.03046,  -0.05487,  -0.00892,  -0.00236,   0.07313,   0.02226,  -0.02862,   0.03046,  -0.05159,  -0.01221,  -0.01385,  -0.03682,   0.01077,  -0.01056,  -0.01713,  -0.01549,  -0.04010,   0.12400,   0.03703,   0.05016,  -0.01385,   0.03867,  -0.06308,  -0.02698,  -0.01385,   0.04031,   0.00256,  -0.03354,   0.02390,  -0.01713,  -0.01877,   0.05180,   0.04195,   0.03210,   0.00749,  -0.01221,   0.00913,   0.00420,  -0.00892,   0.04523,  -0.01056,   0.01405,   0.05016,  -0.01713,   0.00585,  -0.03682,   0.01733,   0.06000,  -0.02205,   0.03210,   0.03046,  -0.05487,  -0.01877,   0.01241,  -0.09754,   0.00913,   0.02226,  -0.02698,   0.05344,  -0.06800,  -0.01877,  -0.02862,  -0.00728,   0.03867,   0.02226,   0.03210,   0.01077,  -0.04831,   0.02390,  -0.02533,   0.03046,   0.03867,  -0.04667,   0.07805,   0.01241,   0.00913,  -0.01549,  -0.04995,  -0.04831,  -0.00236,   0.01897,   0.00585,   0.05836,  -0.00072,   0.00913,   0.01733,   0.02390,  -0.07785,   0.04523,   0.02554,  -0.01877,  -0.00072,  -0.02369,   0.07969,  -0.02698,   0.04523,   0.00256,  -0.05816,   0.04359,   0.02882,  -0.03190,   0.03210,   0.06164,  -0.05159,  -0.00072,  -0.00236,  -0.00072,   0.01897,   0.02390,   0.06821,  -0.00400,   0.02226,  -0.03682,   0.08462,   0.02062,  -0.02205,  -0.03518,   0.02226,  -0.07621,  -0.00236,  -0.00236,   0.03539,   0.00913,  -0.03518,   0.03210,  -0.04503,   0.04851,   0.05344,  -0.05487,  -0.05652,   0.03374,   0.04359,   0.04359,  -0.01549,   0.12893,   0.03374,   0.00092,  -0.02041,  -0.04010,   0.01897,   0.01897,  -0.01056,   0.00749,  -0.02533,  -0.02533,  -0.02041,  -0.00728,   0.01241,  -0.06800,  -0.00072,  -0.08770,   0.04031,  -0.05816,   0.00092,  -0.01713,  -0.02369,   0.01241,  -0.03190,  -0.04503,   0.03046,   0.02882,  -0.03026,  -0.05323,   0.05672,   0.06000,   0.06821,   0.09282,   0.05836,   0.04523,   0.00913,  -0.05980,  -0.04010,  -0.00564,   0.04195,  -0.03518,   0.04687,   0.03539,  -0.05980,  -0.07457,   0.06492,  -0.08934,  -0.04667,  -0.00564,  -0.02205,  -0.03190,   0.00913,   0.03703,  -0.00400,   0.02390,  -0.06636,   0.01569,  -0.04995,  -0.12708,   0.02390,  -0.00892,   0.00749,   0.04523,  -0.06636,   0.02882,  -0.02041,   0.01569,   0.00585,  -0.02862,   0.03539,   0.04523,  -0.00400,   0.00913,   0.04359,   0.10431,  -0.03190,   0.01569,   0.03046,   0.04359,  -0.05159,  -0.01385,  -0.01385,  -0.03190,   0.01569,   0.05344,  -0.00236,  -0.08441,  -0.03354,   0.02062,   0.04359,  -0.06308,   0.05344,   0.04359,   0.01077,  -0.00072,   0.06492,   0.02062,  -0.00892,   0.05508,   0.05508,   0.03703,   0.03374,  -0.04831,   0.06328,  -0.04995,  -0.02369,   0.00420,   0.00256,  -0.05652,  -0.04995,  -0.05487,  -0.06800,  -0.06308,   0.02554,   0.04687,   0.00092,  -0.03846,  -0.05159,  -0.05159,  -0.03682,   0.02390,   0.03374,  -0.01056,  -0.00892,  -0.05652,   0.00420,  -0.04010,   0.07641,   0.01405,   0.04195,   0.00913,  -0.05816,   0.00256,  -0.04175,  -0.03518,  -0.04831,  -0.01713,  -0.02698,   0.02062,   0.00256,  -0.05652,   0.01569,  -0.06308,  -0.05159,   0.02062,   0.05836,   0.03210,  -0.04010,  -0.02698,   0.00585,   0.07805,  -0.08113,  -0.02369,   0.03867,  -0.01713,  -0.01713,   0.02882,   0.01405,  -0.02369,   0.00749,   0.07477,  -0.04010,  -0.06144,   0.03046,   0.01569,  -0.01385,   0.05836,  -0.03026,  -0.00236,  -0.04010,   0.00420,  -0.03190,  -0.06308,  -0.04503,  -0.00892,  -0.00236,  -0.04339,   0.00585,   0.02718,   0.01733,  -0.04667,   0.01241,  -0.03846,   0.08134,  -0.05816,  -0.12052,   0.01733,   0.01733,  -0.05980,  -0.03026,  -0.03026,   0.05180,   0.02062,   0.00256,  -0.00072,  -0.02041,   0.01241,  -0.03190,  -0.00236,  -0.08934,   0.05180,  -0.00892,   0.02882,   0.01241,   0.02882,   0.00092,  -0.01056,  -0.01549,  -0.03846,   0.04195,  -0.03190,   0.06657,  -0.05159,  -0.00400,   0.01569,   0.00092,  -0.00728,  -0.02369,  -0.00728,   0.03374,   0.04195,  -0.12708,  -0.03846,   0.02390,   0.04195,  -0.01056,  -0.02862,   0.01569,   0.02226,  -0.04503,   0.01733,   0.00913,   0.05508,   0.02882,   0.05344,  -0.02862,  -0.01549,   0.06328,   0.06657,   0.02718,   0.02226,   0.01733,   0.03210,  -0.09426,   0.03703,  -0.05980,  -0.02369,   0.00585,   0.01241,   0.06492,  -0.01385,   0.00256,  -0.04339,   0.06164,   0.04359,   0.04195,   0.01405,  -0.01056,   0.00420,  -0.05652,  -0.02862,  -0.04175,   0.01897,   0.03703,  -0.00892,   0.09282,   0.08954,   0.00092,  -0.04339,   0.03539,  -0.00236,  -0.02533,  -0.00400,  -0.01385,  -0.00728,  -0.01056,   0.01569,   0.00092,   0.00420,   0.07969,  -0.00400,  -0.01056,   0.04031,   0.06492,  -0.07621,   0.03046,  -0.03190,   0.05508,  -0.02862,   0.06492,   0.04523,  -0.06636,   0.02554,   0.02554,   0.01897,  -0.00236,  -0.03354,  -0.00728,  -0.02698,  -0.01713,  -0.03190,   0.04195,   0.02226,   0.03046,   0.06657,  -0.08277,  -0.09426,  -0.05487,   0.02226,  -0.02698,  -0.02369,   0.04359,  -0.02041,   0.02390,   0.01405,  -0.03846,   0.01405,  -0.02698,  -0.03354,  -0.03682,  -0.01549,  -0.01713,   0.00913,   0.01241,  -0.06144,   0.03539,   0.01897,  -0.02041,   0.02882,  -0.03190,  -0.03190,  -0.00728,   0.04687,   0.02062,  -0.00236,  -0.02041,   0.01405,   0.04851,  -0.01549,  -0.12216,  -0.06636,  -0.08934,  -0.03190,   0.03046,  -0.08934,  -0.01385,   0.03210,   0.00092,   0.00256,  -0.05652,   0.04687,  -0.03026,   0.08790,  -0.03354,  -0.00236,   0.01405,   0.02554,  -0.00400,   0.01077,   0.00749,  -0.06964,  -0.04831,  -0.01877,   0.03703,   0.01569,  -0.00892,  -0.04995,  -0.00892,   0.01241,   0.02390,   0.05016,  -0.07129,  -0.02698,  -0.00892,   0.01733,   0.04851,   0.02226,   0.00420,   0.05016,   0.01405,  -0.00564,   0.00749,   0.00749,   0.00420,   0.06985,   0.00913,  -0.00236,  -0.04339,   0.03867,  -0.07785,   0.05672,   0.06985,   0.07149,   0.00092,   0.01733,  -0.05159,   0.06328,  -0.05323,   0.01733,   0.01897,  -0.08605,  -0.02369,  -0.01877,  -0.07949,  -0.00564,   0.04523,  -0.00400,   0.00913,  -0.02041,   0.00913,   0.00749,   0.01569,   0.01077,  -0.06636,  -0.00728,   0.01241,   0.04523,  -0.02698,   0.04031,   0.00420,  -0.01549,   0.07477,  -0.01221,   0.01077,  -0.01385,   0.08134,  -0.05323,  -0.06308,   0.04031,  -0.05980,   0.07149,   0.01733,  -0.02862,  -0.08770,  -0.01549,  -0.02369,   0.01733,   0.01569,  -0.00728,   0.00749,   0.01733,  -0.00728,  -0.04995,   0.01733,   0.04851,   0.06328,  -0.03190,   0.00585,   0.00420,  -0.05652,   0.02226,  -0.02369,   0.05180,  -0.04175,   0.00420,  -0.06636,  -0.04831,   0.02882,   0.02882,  -0.02862,   0.06657,   0.02718,  -0.04667,   0.01897,   0.05508,   0.03703,   0.00420,  -0.00236,   0.01733,  -0.00892,   0.01405,   0.00420,   0.03374,   0.03867,  -0.04339,   0.05836,  -0.00400,  -0.05487,   0.00256,  -0.04503,  -0.00892,   0.01897,   0.02882,   0.07149,   0.02718,  -0.01056,  -0.02533,  -0.07621,  -0.04010,   0.03374,   0.02226,   0.00420,   0.00749,  -0.01549,  -0.12708,  -0.04831,   0.06657,  -0.01056,   0.03539,  -0.04010,  -0.07457,   0.07641,  -0.01877,  -0.02205,   0.01569,   0.04031,   0.02718,   0.04687,   0.00092,   0.06657,   0.01897,  -0.00564,  -0.01549,  -0.05487,  -0.05980,   0.05836,   0.01405,  -0.00236,   0.02226,  -0.05487,   0.04031,  -0.00400,  -0.04831,   0.04359
   0.03867,  -0.02862,   0.05344,   0.02226,  -0.02205,  -0.01877,   0.06164,   0.02882,   0.06328,  -0.07293,  -0.05159,   0.06164,  -0.00564,   0.01897,  -0.00072,   0.00749,   0.06657,  -0.00564,  -0.02041,  -0.00236,   0.01241,   0.01897,  -0.00236,  -0.00400,   0.01077,  -0.02205,   0.02226,   0.07149,  -0.02205,  -0.00236,  -0.00892,   0.01897,  -0.04010,  -0.00400,   0.04851,  -0.02698,  -0.01713,   0.02718,   0.05836,   0.03374,   0.01733,   0.02390,  -0.01385,  -0.01713,   0.00256,  -0.00728,  -0.02533,  -0.06964,  -0.03682,  -0.02862,  -0.02862,  -0.09262,   0.05672,   0.02554,  -0.01056,   0.00420,  -0.10082,  -0.05816,  -0.03682,  -0.01056,   0.01897,   0.02226,   0.05180,   0.00749,  -0.04175,  -0.02862,   0.01569,   0.01733,  -0.03026,  -0.00072,  -0.04503,  -0.04175,   0.08954,  -0.02533,  -0.03518,  -0.04995,  -0.00400,   0.01077,   0.02390,   0.07969,   0.01569,  -0.02369,  -0.03354,   0.00256,   0.01897,   0.01569,   0.03210,  -0.06144,  -0.00564,  -0.00236,  -0.00564,  -0.01056,   0.07313,   0.00420,   0.00913,   0.09775,   0.05344,  -0.05323,   0.02882,   0.05672,  -0.03026,   0.05016,  -0.02533,  -0.01056,  -0.04995,  -0.03518,   0.00420,   0.06657,  -0.00728,  -0.04667,  -0.06308,   0.05672,   0.04031,  -0.07785,  -0.03846,  -0.02041,   0.03374,  -0.03518,  -0.05980,   0.03374,   0.03374,   0.00420,   0.12729,   0.05016,   0.00092,  -0.00564,  -0.00072,  -0.04831,   0.06164,  -0.03518,   0.01241,   0.05016,   0.05180,  -0.03354,  -0.02698,   0.00585,   0.01569,  -0.01385,  -0.02369,   0.00585,   0.04851,   0.00749,   0.04359,  -0.02369,   0.04195,   0.04851,   0.07641,  -0.00400,   0.03046,  -0.00564,   0.03374,   0.03867,  -0.01056,   0.00749,  -0.01056,   0.00092,  -0.04010,   0.00585,  -0.04010,  -0.04503,   0.02554,   0.04851,   0.06657,  -0.03190,  -0.01549,   0.01405,  -0.02041,   0.04031,  -0.03354,   0.00585,   0.06164,   0.04687,   0.02554,   0.02554,   0.00092,   0.04031,   0.01569,  -0.02862,  -0.03026,  -0.04667,  -0.01713,   0.03703,   0.06000,   0.06821,  -0.01056,  -0.06308,  -0.08277,  -0.00564,   0.05180,   0.09282,  -0.00400,  -0.04995,   0.04359,   0.05180,   0.04523,   0.06657,  -0.01056,  -0.07129,   0.00913,   0.07969,   0.00256,  -0.03190,  -0.04667,  -0.08113,  -0.04667,  -0.02369,  -0.00728,   0.00913,  -0.02041,   0.03046,   0.00585,  -0.03026,  -0.01549,   0.01077,   0.11744,  -0.00236,   0.06164,  -0.00892,   0.00092,   0.01897,  -0.08113,   0.01569,   0.01405,  -0.00728,   0.04195,   0.01569,   0.06492,   0.02882,  -0.00728,  -0.03354,   0.04031,   0.07149,  -0.04503,  -0.01877,  -0.01549,  -0.04503,   0.04031,   0.02554,  -0.07129,   0.04687,   0.02554,  -0.05323,   0.02390,   0.03374,   0.02226,   0.00585,  -0.01221,   0.04031,  -0.02041,   0.01405,   0.04359,  -0.05487,   0.02554,  -0.00728,  -0.01221,  -0.00728,  -0.07949,   0.03867,   0.00585,   0.00092,   0.04359,  -0.00728,  -0.01221,  -0.00072,   0.01241,  -0.00072,   0.05508,  -0.03846,   0.10595,   0.02062,  -0.07129,  -0.04831,  -0.06144,   0.02062,   0.01241,   0.02882,   0.03046,  -0.05652,   0.05508,  -0.00400,   0.04523,   0.02062,   0.01077,   0.02062,   0.01241,  -0.01385,   0.00913,   0.00749,   0.01733,   0.01405,  -0.06636,  -0.05980,   0.04195,   0.00256,   0.02062,  -0.04831,  -0.02205,  -0.02369,   0.02062,   0.09118,  -0.06308,  -0.07621,   0.01077,  -0.00072,   0.04359,   0.08462,  -0.00236,  -0.01056,   0.02882,   0.00092,  -0.01713,  -0.01549,   0.04031,  -0.01549,  -0.03518,  -0.01385,  -0.02533,  -0.09098,   0.00585,   0.06164,  -0.02533,  -0.04667,  -0.03190,  -0.00072,   0.01241,   0.03046,   0.03703,   0.07477,   0.01569,  -0.01549,  -0.00236,  -0.04995,   0.00749,  -0.05323,   0.01241,  -0.04339,   0.03374,   0.03046,   0.01077,  -0.08277,  -0.02041,   0.00913,  -0.08770,  -0.03846,  -0.01056,  -0.04339,  -0.04667,   0.03867,   0.04523,   0.03703,  -0.03354,   0.05836,  -0.00892,   0.04359,  -0.04667,   0.03046,   0.06164,  -0.00072,   0.01897,   0.04195,  -0.01056,   0.01897,   0.00256,   0.03046,   0.00585,   0.01405,  -0.01056,  -0.01221,  -0.01385,   0.04031,  -0.00728,  -0.05159,   0.03210,  -0.03682,  -0.01549,  -0.02369,   0.01405,  -0.00564,  -0.07293,   0.05180,   0.08298,   0.00585,   0.08134,  -0.01713,   0.01405,  -0.02698,   0.00092,   0.00585,  -0.09262,  -0.04667,  -0.01221,  -0.00728,   0.05672,  -0.03518,   0.07313,   0.00256,   0.02390,  -0.05487,  -0.01713,  -0.00728,  -0.00892,   0.04359,   0.00256,  -0.03190,   0.01897,  -0.00728,   0.01241,  -0.01713,   0.04359,   0.04523,   0.02226,   0.02718,   0.03703,  -0.00892,   0.02226,   0.02390,  -0.03026,  -0.02205,   0.03703,  -0.04503,  -0.01385,  -0.01877,   0.04687,   0.03374,   0.05016,   0.05344,  -0.04503,  -0.01877,  -0.03846,   0.07149,   0.01241,   0.02554,  -0.01877,  -0.01056,   0.04687,  -0.06472,   0.09611,  -0.04995,   0.00256,   0.04523,  -0.04667,   0.08134,  -0.07949,   0.01569,  -0.02862,  -0.09098,   0.00256,  -0.03518,   0.10267,  -0.00564,   0.08626,  -0.02533,   0.05344,  -0.07457,  -0.02862,  -0.00400,  -0.05159,   0.02226,  -0.05487,   0.01569,  -0.01221,   0.03374,  -0.01877,   0.03703,  -0.03518,  -0.00728,   0.01897,   0.00749,   0.00420,  -0.04667,   0.02390,   0.05344,   0.00585,   0.02718,   0.08790,  -0.05652,   0.01405,   0.01405,   0.01077,   0.02390,   0.01241,   0.02226,   0.01405,   0.01077,   0.01405,   0.00585,   0.03374,  -0.00236,   0.03210,   0.02882,   0.05508,  -0.05816,   0.04359,  -0.06636,   0.02226,   0.05672,   0.05836,  -0.01549,  -0.00072,   0.03210,   0.01897,  -0.05487,   0.05836,   0.00256,  -0.03682,   0.03374,  -0.02205,   0.05344,   0.03374,   0.00092,  -0.02862,  -0.05652,   0.01897,  -0.02533,   0.00585,   0.04195,  -0.00564,   0.04851,   0.04687,   0.05344,   0.04195,   0.03210,  -0.00564,   0.02554,  -0.05487,  -0.04831,   0.01241,   0.05672,   0.06492,   0.05016,  -0.00892,  -0.04339,  -0.01713,  -0.05980,   0.02554,   0.00092,  -0.03190,  -0.02698,  -0.04175,   0.04687,  -0.03354,   0.00913,  -0.00892,   0.02882,  -0.00072,  -0.01056,  -0.01385,   0.00256,   0.01077,   0.04031,  -0.06308,  -0.04010,   0.01897,   0.02226,   0.00092,  -0.07293,   0.01733,  -0.01221,   0.03374,  -0.03354,   0.00092,   0.00420,  -0.05323,   0.03867,   0.01405,  -0.03682,   0.00420,  -0.04175,  -0.01385,  -0.05980,   0.03539,  -0.04995,  -0.00564,   0.02390,  -0.01549,   0.03374,   0.00420,  -0.05816,  -0.07129,  -0.04831,   0.06821,  -0.03190,  -0.01877,   0.00092,  -0.00564,   0.02062,   0.07477,  -0.07457,  -0.01877,   0.02226,  -0.04503,   0.04687,  -0.01385,  -0.05487,  -0.03518,   0.00913,   0.03046,   0.02062,   0.04031,  -0.10411,  -0.01221,  -0.01549,  -0.03190,   0.02390,  -0.03026,  -0.10739,  -0.04010,   0.07149,   0.03539,   0.07149,   0.02718,  -0.04503,  -0.02369,  -0.09590,   0.06000,   0.01077,  -0.03518,  -0.01056,  -0.00892,  -0.10575,   0.03539,   0.02226,   0.03046,  -0.03190,  -0.03518,   0.02226,  -0.01056,   0.11580,   0.02226,  -0.02205,  -0.06308,  -0.08113,  -0.02533,  -0.07129,  -0.04339,   0.04195,  -0.06144,  -0.06964,   0.03867,  -0.08934,   0.05508,   0.00749,   0.01405,   0.01733,  -0.00892,  -0.08770,  -0.00892,   0.03046,  -0.01713,  -0.03190,   0.01241,   0.00256,  -0.04010,   0.03374,  -0.02369,  -0.00564,   0.04851,   0.03703,   0.06657,   0.04687,   0.00420,  -0.04831,   0.00749,   0.01241,  -0.03682,   0.04851,   0.01077,   0.06492,  -0.00400,  -0.04667,   0.06821,  -0.01549,  -0.03682,   0.01733,   0.01897,   0.03867,   0.02062,   0.06821,   0.00749,  -0.03846,   0.03703,  -0.05487,   0.00092,   0.00092,   0.03867,   0.03539,   0.02718,   0.05180,  -0.03518,   0.01897,  -0.00564,  -0.04010,   0.04687,  -0.05487,  -0.06308,   0.03867,  -0.03682,  -0.02533,   0.02062,  -0.02041,   0.06821,   0.01077,  -0.00072,   0.07149,  -0.06308,   0.05508,   0.00913,  -0.02698,   0.05016,   0.02226,  -0.08934,   0.02390,  -0.00236,   0.02882,   0.05508,   0.06821,  -0.00564,   0.03539,  -0.03190,  -0.03354,   0.04359,   0.06328,   0.03210,   0.00256,   0.00913,  -0.06800,   0.01733,   0.01569,   0.04523,  -0.03518,   0.03210,   0.06328,   0.02718,  -0.02205,  -0.03026,  -0.02041,  -0.00400,   0.01733,   0.00585,   0.02226,  -0.06964,   0.00749,  -0.02205,   0.03867,  -0.01056,  -0.01385,   0.00092,  -0.07129,   0.03374,   0.00585,  -0.00236,  -0.01385,   0.01077,   0.00749,   0.01077,   0.02718,  -0.00072,  -0.08770,  -0.02533,  -0.03846,  -0.02862,   0.02062,   0.06492,  -0.02698,   0.04687,  -0.02862,   0.00256,   0.05508,  -0.00564,   0.02718,  -0.00728,   0.04359,   0.04195,   0.08134,   0.05180,   0.04687,  -0.00236,   0.01569,   0.00913,   0.06164,  -0.00236,  -0.01385,  -0.02698,   0.03210,   0.02554,  -0.02041,  -0.00564,   0.02390,  -0.04667,   0.03374,   0.06492,  -0.02698,  -0.05652,  -0.06144,  -0.02369,   0.05836,  -0.13365,   0.02226,   0.01569,  -0.05323,  -0.02698,  -0.02369,  -0.02041,  -0.04831,   0.03703,  -0.01056,   0.00092,  -0.00728,   0.02390,   0.00420,   0.03539,   0.03046,   0.04851,  -0.00564,   0.01569,   0.01241,  -0.01056,   0.05344,   0.05344,   0.02554,   0.01077,  -0.04175,   0.00913,  -0.03026,  -0.07457,   0.07641,  -0.00236,  -0.01221,   0.00256,  -0.01221,  -0.04667,   0.03374,   0.02882,   0.00585,  -0.00072,  -0.01221,   0.01569,  -0.07949,  -0.05323,  -0.00728,  -0.03354,   0.02554,  -0.06308,   0.02718,   0.08134,  -0.05159,   0.03703,   0.01405,  -0.00564,  -0.00728,   0.03046,   0.04851,   0.00092,  -0.02698,  -0.05487,   0.00913,   0.05672,  -0.03026,   0.05016,  -0.02862,   0.01569,   0.03867,  -0.02041,   0.01569,  -0.02862,   0.01733,  -0.03354,   0.02062,  -0.03190,  -0.02041,   0.00585,  -0.00892,   0.09611,   0.02390,  -0.01877,   0.01897,   0.09446,  -0.02862,  -0.04175,   0.02882,   0.02226,  -0.00072,  -0.02533,  -0.03354,  -0.00564,  -0.01877,  -0.01713,  -0.02205,   0.00749,  -0.02533,  -0.11395,  -0.00072,   0.03210,  -0.01385,   0.04523,  -0.04503,  -0.05487,   0.07641,   0.00749,  -0.01056,   0.03046,   0.05016,   0.05508,  -0.07457,   0.01897,  -0.07293,  -0.01221,  -0.09098,  -0.00072,   0.10759,   0.04359,  -0.00072,   0.01241,   0.03046,   0.02390,   0.00749,  -0.01385,   0.03046,   0.09446,  -0.00728,  -0.02205,   0.04359,  -0.02369,  -0.04831,  -0.01221,   0.01241,   0.04031,  -0.02862,   0.00092,   0.04031,   0.00749,   0.02554,   0.04523,   0.04523,   0.01897,   0.06000,  -0.04339,  -0.01877,  -0.03682,   0.04195,  -0.02041,  -0.05159,  -0.04010,   0.02718,   0.06492,  -0.02205,   0.07641,   0.00420,  -0.02369,  -0.02041,  -0.03682,  -0.01056,   0.00585,  -0.02698,   0.00913,   0.06985,  -0.08605,   0.00749,  -0.02698,   0.00256,  -0.00072,  -0.03518,   0.04687,   0.00092,  -0.03354,   0.06000,   0.02062,  -0.03518,   0.06821,   0.00092,   0.05180,   0.01569,   0.01897,   0.03867,   0.03046,   0.01077,   0.04851,   0.05344,  -0.02862,   0.03374,  -0.00236,  -0.05159,   0.02718,  -0.03190,  -0.02369,   0.05508,  -0.03354,  -0.04339,  -0.01713,  -0.03846,  -0.01221,   0.03046,   0.00092,  -0.06308,  -0.02533,  -0.03354,  -0.02041,  -0.01877,   0.03867,  -0.04831,  -0.00400,  -0.04175,  -0.01221,  -0.03190,   0.06164,  -0.01549,   0.00913,   0.04687,   0.01077,   0.04523,   0.00749,  -0.01056,  -0.00892,   0.04031,  -0.01385,   0.00092,  -0.02533,  -0.01221,   0.03703,  -0.01549,   0.02390,   0.03046,   0.00420,   0.02882
  -0.00072,   0.09611,   0.03867,  -0.01877,  -0.03518,  -0.00892,   0.02554,  -0.00072,  -0.07457,   0.02390,  -0.01713,   0.00092,   0.01569,   0.06164,   0.00749,   0.01569,  -0.00072,   0.01897,   0.02718,   0.03539,  -0.01385,   0.03703,   0.01897,  -0.00400,   0.02554,  -0.06144,  -0.03026,  -0.04831,  -0.00400,  -0.01056,   0.02390,   0.05016,  -0.10082,   0.00749,   0.07149,  -0.00564,  -0.03682,  -0.02862,  -0.01713,   0.05508,  -0.04503,   0.01897,  -0.00400,  -0.01385,   0.03867,   0.10267,  -0.07457,   0.03703,   0.04523,  -0.01385,  -0.03682,  -0.05816,  -0.07293,  -0.05980,  -0.02205,  -0.00072,   0.03539,   0.10759,  -0.03682,   0.04687,   0.03210,   0.00092,   0.03867,   0.02554,  -0.04995,  -0.02533,  -0.03846,   0.00420,   0.01241,  -0.04010,  -0.00564,  -0.02205,  -0.01877,   0.01241,  -0.02205,   0.02226,   0.08626,   0.03046,   0.01897,  -0.00728,  -0.07621,   0.01405,   0.02882,   0.03703,  -0.06800,  -0.03190,   0.01405,  -0.02698,  -0.00564,   0.06657,  -0.00236,  -0.04503,  -0.03682,   0.05508,   0.03703,   0.01733,   0.05344,  -0.02533,   0.05344,   0.10431,   0.00420,   0.05508,   0.01733,   0.00749,  -0.09918,   0.02390,  -0.13201,  -0.03846,   0.04851,  -0.05816,  -0.06472,  -0.08441,  -0.03026,  -0.07129,  -0.02205,   0.05508,   0.05180,  -0.06636,   0.04523,   0.03046,   0.01897,   0.01897,   0.01897,   0.00913,   0.00256,   0.04851,   0.05344,  -0.05487,  -0.01056,   0.03867,  -0.01385,   0.04195,  -0.00072,  -0.01056,  -0.05652,   0.01077,  -0.05816,  -0.08934,  -0.05159,  -0.01221,  -0.01877,   0.04851,  -0.03354,  -0.05652,  -0.01056,  -0.01877,   0.01077,  -0.03682,  -0.03518,  -0.02533,   0.05180,   0.00256,  -0.07457,  -0.02862,  -0.01385,   0.01241,   0.06985,   0.09446,   0.07477,  -0.06308,  -0.01221,  -0.04175,  -0.07785,  -0.08113,   0.03210,   0.03539,   0.02062,  -0.05652,   0.03867,   0.10267,  -0.03846,   0.01569,   0.05016,  -0.04010,  -0.04831,   0.00420,   0.04031,   0.03374,   0.02062,  -0.03682,   0.01569,   0.07969,  -0.05159,   0.00913,  -0.00728,   0.07149,   0.03703,   0.04523,   0.00749,   0.01241,   0.06328,   0.04851,   0.03374,   0.06328,   0.04195,  -0.03190,  -0.03026,  -0.02533,   0.03867,   0.01897,   0.02226,   0.08954,   0.01405,   0.07313,  -0.02369,  -0.05323,  -0.06472,   0.01733,   0.00585,   0.01405,  -0.09262,  -0.01713,   0.00913,   0.09775,  -0.00400,   0.02718,  -0.03354,  -0.03518,   0.07641,   0.04687,  -0.00564,  -0.00400,  -0.06964,  -0.00892,  -0.01713,   0.04359,  -0.08113,   0.05344,  -0.10082,   0.06328,  -0.09426,   0.01077,   0.03374,  -0.04667,  -0.00072,  -0.07949,  -0.04175,  -0.01385,  -0.01221,  -0.03682,   0.13057,  -0.02698,   0.01241,   0.11908,   0.01569,   0.03703,   0.01897,  -0.08277,  -0.02698,   0.05508,   0.02226,   0.01569,  -0.04010,   0.00749,  -0.04010,   0.00092,  -0.06144,  -0.06308,  -0.02041,   0.05180,   0.04031,  -0.00072,  -0.01221,  -0.00236,  -0.00564,  -0.02041,  -0.02041,   0.01241,   0.03374,  -0.07129,   0.05836,  -0.04667,  -0.04831,   0.01405,   0.01569,   0.08626,   0.02390,   0.07149,   0.04195,  -0.05816,  -0.03846,   0.01733,   0.02882,   0.00913,  -0.04503,  -0.01056,  -0.08113,   0.04687,   0.01077,  -0.03354,  -0.06636,  -0.01385,   0.04195,   0.03374,  -0.02698,   0.08790,  -0.01549,   0.02062,  -0.00236,   0.07149,   0.00749,  -0.01713,  -0.00728,  -0.03190,   0.01897,   0.05836,  -0.03518,   0.01569,  -0.03354,  -0.03682,  -0.04503,   0.00749,   0.05016,  -0.00072,   0.01733,   0.01241,  -0.04667,  -0.01056,  -0.08277,   0.03210,  -0.00236,   0.03046,   0.01569,   0.00913,  -0.03026,   0.01733,   0.07477,  -0.02698,  -0.00072,  -0.01713,  -0.01385,  -0.04010,   0.02390,   0.02062,   0.02554,  -0.00892,  -0.00892,  -0.00072,  -0.07457,   0.03703,  -0.02533,   0.03867,  -0.00072,   0.08462,  -0.01713,  -0.10411,   0.02390,  -0.01056,  -0.00728,   0.05508,   0.01405,   0.04523,  -0.01549,   0.06328,   0.02554,  -0.09098,   0.12072,   0.07805,  -0.00564,   0.03539,  -0.00236,   0.02226,  -0.06636,   0.02062,   0.02718,  -0.01549,   0.03539,  -0.01713,   0.00585,   0.00256,   0.07969,   0.00585,  -0.03026,   0.03046,  -0.05980,   0.01569,   0.01405,   0.03703,   0.01077,  -0.00564,   0.05180,   0.06657,   0.07477,   0.00585,   0.11416,   0.04359,   0.06328,   0.02718,   0.00420,   0.03539,  -0.01877,  -0.05652,   0.00256,  -0.03190,  -0.02205,  -0.06636,   0.05344,   0.03210,   0.01405,   0.02062,   0.06000,   0.02882,   0.00092,  -0.00892,   0.01405,   0.01405,  -0.04831,   0.09611,   0.00913,   0.01897,  -0.02862,   0.00256,  -0.02369,   0.04687,  -0.06964,  -0.02205,  -0.03354,   0.07149,   0.02390,   0.00585,   0.00749,  -0.00236,   0.07805,   0.00256,   0.00420,   0.04195,  -0.06636,   0.02226,  -0.00728,   0.04359,   0.05672,   0.04359,   0.11744,   0.07641,   0.00749,  -0.07457,  -0.02205,   0.03374,   0.03046,  -0.02205,   0.04687,   0.02882,   0.00420,  -0.05487,   0.02390,   0.00092,  -0.01713,   0.03703,  -0.02041,   0.00749,   0.02882,  -0.08277,  -0.01056,  -0.11724,   0.02390,  -0.01877,   0.00256,  -0.01713,  -0.04995,   0.07477,  -0.11888,   0.01733,   0.00749,  -0.03026,  -0.04503,  -0.03846,   0.11908,   0.02226,   0.00256,   0.02718,  -0.01385,   0.00092,   0.04031,   0.01405,   0.06328,  -0.00400,  -0.02533,  -0.05816,   0.01569,  -0.02041,  -0.06964,  -0.01549,  -0.04503,  -0.04010,   0.00585,  -0.04503,  -0.01385,  -0.02698,  -0.05652,  -0.07129,  -0.03846,  -0.07129,   0.03867,  -0.03518,   0.02882,   0.03374,  -0.03846,  -0.04667,  -0.00892,   0.07149,   0.06985,   0.05180,  -0.00892,   0.06492,  -0.04339,  -0.00564,   0.10431,   0.03046,   0.02554,  -0.10247,  -0.00564,   0.01569,  -0.01221,   0.04359,   0.01241,   0.00913,   0.02882,  -0.00564,  -0.02533,  -0.01385,  -0.01056,  -0.02698,   0.03374,  -0.01056,   0.00585,   0.01241,  -0.04175,   0.01897,  -0.05159,  -0.01713,  -0.00072,   0.05508,   0.04687,   0.00749,   0.02882,   0.00256,   0.09118,  -0.00892,  -0.08113,   0.02554,  -0.01713,  -0.05980,  -0.00400,  -0.01713,   0.04523,  -0.05159,   0.04359,  -0.03682,   0.00420,   0.04523,   0.01897,  -0.02533,  -0.06636,   0.02226,   0.01569,   0.03046,   0.08134,   0.02226,   0.00256,  -0.01385,  -0.12380,  -0.07785,  -0.01385,  -0.04831,   0.04687,  -0.01221,   0.00256,  -0.05159,  -0.00400,  -0.01385,  -0.06636,   0.04687,   0.03374,   0.02226,  -0.02533,  -0.01221,   0.09939,   0.06821,  -0.07293,  -0.04995,  -0.02205,   0.06657,   0.02226,  -0.02698,   0.01897,  -0.04175,  -0.02369,  -0.02369,   0.08134,  -0.05652,  -0.05487,   0.05180,   0.03210,   0.04195,   0.01897,  -0.00564,   0.11416,   0.01077,   0.05836,   0.02062,  -0.08113,  -0.01549,  -0.08770,  -0.04175,  -0.05816,  -0.00728,  -0.10082,  -0.03190,   0.01077,  -0.01221,   0.01405,  -0.04175,  -0.00892,   0.03210,  -0.01549,  -0.01549,  -0.02698,  -0.00728,   0.00585,   0.00092,   0.06657,   0.00420,   0.01241,   0.00749,  -0.00072,   0.02062,  -0.03354,   0.03703,   0.03374,  -0.03682,  -0.02041,  -0.01549,  -0.05816,   0.01405,  -0.02205,   0.02882,   0.15354,   0.00256,   0.02390,  -0.05980,  -0.02205,   0.03539,  -0.00564,  -0.03190,   0.02226,   0.03539,   0.00420,   0.03210,  -0.00728,   0.03539,   0.02718,  -0.03354,  -0.04010,   0.09446,  -0.03026,  -0.01385,  -0.07621,  -0.00072,   0.04359,   0.01569,   0.07641,  -0.01385,  -0.08277,   0.07477,  -0.10082,   0.08462,   0.03539,   0.05836,   0.01733,  -0.07457,  -0.01713,  -0.03518,  -0.04339,  -0.04175,   0.04523,  -0.01877,   0.00092,  -0.09262,   0.00749,   0.02226,  -0.04175,   0.02062,  -0.02862,  -0.06472,   0.09118,   0.01733,  -0.07457,   0.02062,   0.00749,   0.05344,   0.01241,  -0.03354,   0.01897,   0.02226,  -0.01056,  -0.02369,  -0.05652,  -0.01385,   0.00420,  -0.00236,  -0.02041,   0.07313,   0.02882,   0.04523,  -0.00400,  -0.00728,   0.05016,  -0.04010,  -0.07621,  -0.02698,  -0.05980,   0.01897,   0.05672,   0.03867,  -0.03518,   0.05180,   0.00585,  -0.06472,   0.04523,   0.00913,   0.00256,  -0.00892,   0.06657,   0.11416,   0.02226,   0.02554,  -0.03190,   0.01733,  -0.04339,  -0.02533,   0.03867,   0.01405,  -0.04339,  -0.00892,  -0.04010,   0.04523,  -0.00728,  -0.03190,  -0.00728,  -0.06472,   0.00420,   0.06821,  -0.06636,  -0.03846,  -0.03026,   0.09282,  -0.00892,  -0.01549,   0.08626,  -0.03682,  -0.02698,   0.00420,   0.02882,   0.02062,   0.05016,  -0.01056,   0.09611,  -0.05159,   0.09282,   0.00585,   0.05836,  -0.01385,  -0.05652,   0.07641,  -0.06472,   0.04851,   0.02554,  -0.02862,   0.07641,  -0.03026,  -0.02369,   0.01405,   0.00092,  -0.02369,  -0.00236,   0.01897,   0.05016,   0.05016,  -0.01713,  -0.01221,   0.01241,   0.02062,  -0.01877,   0.05508,  -0.01056,   0.04687,  -0.05323,   0.02390,  -0.04503,  -0.00728,   0.02062,  -0.02862,   0.05344,   0.00749,   0.04031,   0.03703,   0.06821,  -0.00236,   0.08954,   0.06985,  -0.01056,   0.06328,  -0.02205,   0.00256,  -0.05980,  -0.03190,   0.05180,  -0.18124,  -0.04995,   0.14698,  -0.00564,   0.00420,   0.00749,   0.02882,   0.01241,  -0.07949,   0.01077,   0.01569,  -0.00072,   0.00256,   0.02554,  -0.02205,   0.01569,  -0.04667,   0.05672,   0.03374,  -0.02205,   0.01405,   0.07805,   0.05508,  -0.12380,  -0.00564,   0.02226,   0.03703,  -0.02533,   0.02882,   0.07805,   0.04195,   0.00749,  -0.03518,   0.06164,   0.04851,  -0.05323,   0.02554,  -0.00564,   0.03703,   0.02554,  -0.06144,   0.01569,  -0.03846,  -0.04175,   0.00585,   0.06657,  -0.01385,  -0.02698,  -0.02698,  -0.03518,  -0.02862,  -0.02041,  -0.06144,  -0.01877,  -0.09098,  -0.05652,  -0.00236,   0.04687,  -0.02698,   0.00420,   0.00092,  -0.00728,   0.04031,  -0.06144,  -0.00892,  -0.06308,   0.00749,  -0.00564,  -0.03846,   0.01241,  -0.08770,  -0.01713,   0.06657,  -0.00564,   0.00749,   0.11908,  -0.02041,   0.01733,   0.03374,   0.01569,  -0.00400,  -0.02369,   0.00092,  -0.00892,   0.05836,   0.04031,   0.11416,  -0.03190,   0.01405,   0.00092,   0.04687,  -0.02533,   0.03374,  -0.10082,   0.03374,   0.01897,   0.01241,   0.05344,  -0.02205,   0.06164,   0.00092,  -0.03846,   0.00420,   0.10759,  -0.03354,  -0.05159,   0.02882,  -0.02698,  -0.11067,  -0.06800,  -0.05159,  -0.04010,  -0.03190,   0.02226,   0.09118,  -0.06964,   0.01405,  -0.00728,  -0.02533,   0.01241,   0.01405,  -0.00564,   0.00256,   0.02062,  -0.04995,  -0.01713,   0.04195,  -0.05159,  -0.07129,   0.04359,  -0.07293,  -0.00892,   0.03210,   0.02062,  -0.02369,  -0.00728,   0.04359,  -0.04667,   0.02062,   0.02882,  -0.03846,   0.02062,  -0.01056,   0.01405,  -0.01877,  -0.05159,  -0.00564,  -0.07457,  -0.03190,   0.03046,  -0.01877,   0.02882,  -0.04010,   0.08790,   0.01077,  -0.00728,  -0.05159,   0.00420,   0.00585,  -0.06472,  -0.06472,   0.08134,  -0.01713,  -0.03190,   0.01569,   0.07805,  -0.07949,  -0.04995,   0.04851,   0.03703,   0.02882,   0.05508,   0.05508,  -0.03190,   0.01897,   0.04359,  -0.04175,   0.01077,   0.02226,   0.03046,   0.01733,  -0.01877,  -0.00236,   0.03046,   0.02390,   0.02062,  -0.00236,   0.02062,   0.06821,   0.02554,   0.04523,   0.00913,  -0.13365,   0.02390,   0.01405,  -0.04010,   0.01405,  -0.02862,   0.12400,   0.09118,  -0.06800,  -0.11888,  -0.02369,   0.00092,   0.00092,   0.03046,  -0.03354,   0.08462,   0.06164,  -0.01221,  -0.01385,  -0.02862,   0.11088,   0.00749,   0.06821,  -0.02533,   0.05508
   0.05836,   0.00092,  -0.02862,   0.01897,  -0.01056,  -0.02205,   0.03703,  -0.00400,   0.03539,   0.01405,  -0.03026,   0.02226,   0.02226,   0.03867,   0.03046,   0.01569,  -0.02862,   0.01897,  -0.03190,  -0.04339,   0.02062,   0.01569,  -0.03190,   0.02390,  -0.00400,   0.02390,  -0.02205,   0.02062,   0.02226,   0.01733,   0.01405,  -0.02862,   0.00913,   0.00749,   0.00092,  -0.03518,  -0.04503,   0.00420,   0.07477,   0.00749,  -0.01385,   0.03046,  -0.00072,   0.07641,  -0.11724,  -0.07785,  -0.08441,   0.06328,   0.00913,   0.01733,  -0.07293,   0.00913,   0.01241,   0.05836,   0.04359,  -0.03026,  -0.01385,  -0.00728,  -0.04667,   0.02226,  -0.00400,  -0.01713,  -0.01056,  -0.03190,   0.01077,  -0.00072,  -0.06308,   0.01241,   0.01569,  -0.01385,   0.07313,  -0.00072,   0.00913,  -0.08934,  -0.03354,  -0.00400,   0.02390,   0.01733,   0.03539,  -0.03846,  -0.01221,   0.03539,  -0.03846,   0.01733,   0.06657,  -0.04667,  -0.02369,  -0.08770,  -0.03518,   0.04031,  -0.00892,   0.01733,   0.02226,   0.05672,  -0.04010,   0.01569,  -0.06636,   0.01405,   0.00092,   0.00749,  -0.04175,  -0.05159,  -0.02369,   0.03210,   0.06164,   0.03703,   0.01733,   0.07969,  -0.01713,  -0.08441,  -0.04175,   0.04359,   0.01733,  -0.01221,   0.01733,  -0.03190,   0.03539,   0.04523,  -0.00236,  -0.02369,  -0.02698,   0.06000,   0.01241,  -0.00400,   0.00749,  -0.02205,   0.05180,   0.04851,   0.01241,   0.00749,   0.06328,  -0.01713,  -0.00728,   0.02062,  -0.02205,  -0.01713,   0.02226,   0.04687,  -0.06144,   0.02226,   0.04195,   0.00749,  -0.08441,  -0.01056,  -0.02369,   0.02226,   0.03539,   0.00913,   0.00420,   0.01733,   0.02062,   0.00585,  -0.02862,  -0.01385,   0.02554,  -0.01713,  -0.03354,  -0.00400,  -0.02533,   0.01733,  -0.07785,  -0.00400,  -0.02041,  -0.05652,   0.04359,   0.03539,  -0.02533,   0.07805,   0.03703,   0.00256,  -0.00728,  -0.01549,  -0.02698,  -0.03682,  -0.08277,   0.04359,  -0.07457,  -0.03190,  -0.06308,   0.06328,  -0.00892,   0.06492,   0.02062,  -0.00072,   0.00420,   0.04523,   0.00256,  -0.01713,  -0.02041,   0.03210,   0.00913,  -0.00728,   0.03210,  -0.02533,   0.03539,  -0.04995,  -0.00072,  -0.02041,   0.05180,  -0.02862,  -0.00072,  -0.11888,   0.00256,   0.01733,  -0.04503,  -0.06308,  -0.10739,   0.04359,  -0.04995,   0.05016,   0.02718,  -0.05980,  -0.01713,  -0.07129,  -0.00564,   0.05180,  -0.00564,   0.03539,  -0.01877,   0.04523,  -0.01385,   0.05016,  -0.03354,   0.01241,   0.00585,   0.03867,   0.00420,  -0.06308,  -0.00728,  -0.00236,  -0.02533,   0.03210,   0.00749,  -0.09262,   0.03046,   0.02226,   0.01405,   0.01405,   0.02718,  -0.06144,  -0.02205,   0.03703,   0.00256,   0.05180,   0.03210,  -0.00400,   0.00092,  -0.09426,   0.03210,  -0.00400,   0.04195,   0.01897,   0.04031,  -0.05487,  -0.04339,  -0.08441,  -0.01877,  -0.06144,   0.01569,  -0.02533,   0.01241,   0.05672,   0.08954,  -0.00564,  -0.06308,  -0.00892,  -0.01877,   0.06164,   0.09775,   0.05180,   0.02062,  -0.01713,   0.04687,   0.03703,   0.01241,  -0.00236,  -0.00400,  -0.08441,   0.02062,   0.04031,   0.04687,  -0.04175,   0.08954,   0.01077,  -0.03682,  -0.01385,  -0.03846,  -0.06636,  -0.05323,   0.00913,   0.01241,   0.01569,   0.02882,  -0.03354,  -0.01713,   0.05672,   0.03539,   0.08298,  -0.04831,   0.04687,   0.00420,   0.03703,  -0.00072,  -0.01549,   0.04031,   0.05672,  -0.02698,   0.02390,   0.02226,  -0.03026,   0.03539,  -0.02369,  -0.00564,  -0.05487,   0.06328,   0.04523,   0.00420,  -0.04995,  -0.01221,  -0.01385,   0.01405,  -0.05652,  -0.00072,   0.06985,   0.04359,  -0.03026,   0.02226,   0.01569,   0.04031,  -0.07785,   0.06000,   0.01733,   0.14534,   0.02882,   0.00420,   0.06000,  -0.06636,  -0.06472,  -0.05159,   0.02390,   0.06657,   0.04359,  -0.06636,   0.02554,   0.03703,   0.06000,   0.04195,   0.02062,   0.02226,  -0.04010,  -0.03026,   0.06328,   0.01733,   0.06164,   0.07641,  -0.00892,   0.02062,   0.05508,  -0.02041,  -0.08605,   0.01405,  -0.03026,   0.04687,  -0.02041,   0.02882,   0.03703,  -0.08441,  -0.00400,  -0.05323,  -0.00236,   0.01733,  -0.04667,   0.00092,   0.06821,   0.01077,   0.03539,  -0.03190,  -0.00728,  -0.04175,   0.00092,  -0.00072,   0.06985,  -0.10411,   0.05180,   0.03703,   0.04523,   0.05344,   0.08298,  -0.06308,  -0.08441,   0.05836,   0.00749,  -0.02041,   0.03210,   0.06985,   0.02226,   0.04195,   0.02882,  -0.01056,  -0.04667,   0.02062,  -0.04010,  -0.00892,  -0.01877,   0.01897,   0.02554,   0.03210,  -0.04831,   0.00092,  -0.01385,  -0.01877,   0.03539,   0.01405,   0.07313,  -0.04010,  -0.04010,   0.00420,   0.00092,   0.05672,   0.06492,  -0.03518,  -0.01713,   0.06985,  -0.04010,   0.00913,  -0.02041,   0.01241,  -0.04667,   0.04523,  -0.00400,   0.00420,  -0.00728,  -0.04995,   0.05344,  -0.02041,  -0.00236,  -0.00728,  -0.01221,  -0.02041,  -0.04175,   0.05672,  -0.03846,   0.00749,  -0.03190,  -0.00072,   0.03046,  -0.01549,  -0.01877,   0.03539,  -0.03682,   0.01241,  -0.01549,  -0.04175,   0.03210,  -0.00892,   0.00092,   0.00256,  -0.00400,  -0.08113,   0.05344,  -0.00236,  -0.00564,   0.01077,   0.02390,   0.01569,  -0.10082,   0.03046,  -0.05980,  -0.01385,   0.03046,   0.04031,  -0.04010,  -0.10247,  -0.04175,   0.06657,  -0.04831,   0.06492,  -0.02205,   0.02554,   0.02062,   0.05180,   0.03046,   0.04195,   0.00749,   0.03210,   0.01897,   0.03046,  -0.03846,   0.10595,   0.08954,   0.01241,   0.03539,  -0.03682,  -0.00236,   0.03539,  -0.08934,  -0.03190,  -0.01056,   0.01241,  -0.01056,   0.00092,  -0.02862,  -0.10247,  -0.01221,   0.01569,   0.01569,   0.04031,   0.00749,  -0.01877,  -0.04175,   0.01897,   0.00585,   0.01733,   0.02226,   0.05016,  -0.01877,   0.00092,   0.00913,   0.00585,  -0.04339,  -0.01877,   0.06000,  -0.07457,  -0.05652,  -0.01221,   0.02226,  -0.00072,  -0.01713,   0.04523,  -0.00564,   0.03539,   0.06492,  -0.01713,  -0.04339,   0.00913,  -0.03354,   0.03210,  -0.07457,   0.00749,   0.00256,   0.03374,   0.03374,  -0.09426,   0.01569,   0.08462,  -0.02369,   0.00585,  -0.04175,  -0.04503,   0.03374,   0.01733,   0.01241,  -0.06308,   0.04031,   0.00092,  -0.01221,  -0.05980,   0.00585,   0.05180,   0.01241,  -0.05323,  -0.02369,   0.03210,   0.01897,   0.01077,   0.01077,   0.01405,   0.00749,  -0.03518,   0.00913,  -0.01385,  -0.00236,  -0.01713,  -0.05487,  -0.03026,   0.05344,  -0.01713,   0.04031,  -0.07293,   0.01077,   0.00585,   0.00420,   0.07149,  -0.01549,   0.00749,  -0.05159,   0.02718,  -0.09262,   0.02718,  -0.01549,  -0.07457,  -0.04667,  -0.03190,  -0.02041,  -0.01056,   0.03539,   0.02554,  -0.01713,   0.02882,   0.01405,  -0.06472,   0.02062,   0.03210,   0.02554,  -0.13036,  -0.02369,   0.09118,  -0.06964,   0.00256,   0.05836,   0.03539,  -0.04010,  -0.03354,  -0.01056,  -0.05159,   0.01077,   0.02062,  -0.02698,   0.01241,  -0.01221,   0.01241,  -0.04667,  -0.03682,   0.02882,  -0.05816,   0.00913,  -0.06472,   0.07641,  -0.01713,  -0.01877,   0.00749,   0.03539,  -0.01056,   0.00585,  -0.06472,   0.05180,  -0.00400,  -0.05487,  -0.02533,   0.02554,   0.02554,   0.00420,  -0.01385,  -0.00728,   0.02554,   0.00585,  -0.07457,  -0.02698,  -0.04831,  -0.02369,   0.02226,  -0.02041,  -0.08605,  -0.01056,   0.03703,   0.02390,  -0.00564,   0.02062,  -0.00564,  -0.01385,   0.03703,   0.02390,   0.05672,   0.01241,   0.02390,   0.01405,  -0.01877,   0.06000,   0.02718,  -0.05487,   0.02554,  -0.04175,   0.03374,   0.06328,  -0.03518,   0.02390,  -0.00892,  -0.02533,  -0.01877,   0.04359,   0.02718,   0.00585,   0.01897,   0.02226,   0.03374,  -0.03518,   0.02062,   0.02062,  -0.03190,   0.00749,  -0.05816,   0.02554,  -0.02533,  -0.06472,   0.05180,  -0.06472,  -0.02041,  -0.01713,  -0.05323,  -0.04175,  -0.07621,   0.00092,   0.00585,  -0.01549,  -0.00236,  -0.03518,   0.02882,  -0.02205,   0.05180,  -0.04010,   0.02390,   0.03374,   0.03539,  -0.04995,   0.02882,   0.00092,  -0.00072,  -0.06144,  -0.06964,   0.03210,  -0.07457,  -0.00400,  -0.02205,   0.05672,  -0.02205,  -0.01385,  -0.03190,  -0.01549,  -0.05980,  -0.02369,   0.04195,   0.08134,   0.00913,   0.09446,   0.05344,   0.03374,  -0.03190,   0.08462,  -0.01056,   0.04031,   0.02882,   0.08134,   0.04195,  -0.04175,  -0.00892,  -0.00236,   0.00092,   0.01897,  -0.03026,   0.01241,  -0.01549,  -0.02698,  -0.00728,   0.09611,   0.00913,   0.05344,   0.05836,  -0.00892,  -0.02205,   0.04523,  -0.07949,  -0.04667,  -0.00892,   0.03867,   0.06000,  -0.04175,  -0.02862,  -0.05159,  -0.01549,   0.06821,   0.01569,  -0.00564,  -0.01385,   0.02554,   0.02882,   0.07477,  -0.06308,  -0.04339,   0.03703,  -0.00728,  -0.00236,   0.03539,   0.04851,   0.05672,   0.02718,  -0.00564,  -0.00892,   0.08134,  -0.01549,  -0.03846,   0.03374,   0.01569,  -0.05980,   0.01077,  -0.00564,  -0.00400,  -0.03846,  -0.00728,  -0.00728,  -0.06964,   0.04523,   0.01897,  -0.00728,   0.00256,   0.03046,  -0.00728,  -0.00072,   0.07805,  -0.08441,  -0.07621,   0.06164,  -0.01549,  -0.03846,   0.05180,  -0.01385,   0.06985,  -0.06636,  -0.02862,  -0.03354,  -0.00892,   0.09118,  -0.00072,   0.07313,  -0.02369,  -0.00564,   0.04359,   0.00913,  -0.00564,   0.00913,   0.01897,  -0.08770,  -0.02041,  -0.00400,   0.03210,  -0.03518,  -0.00892,   0.02062,  -0.01549,  -0.04010,  -0.10739,  -0.02041,   0.03539,   0.00256,  -0.02041,   0.02390,   0.02226,   0.01897,  -0.00072,  -0.01549,   0.00092,   0.05180,   0.06657,   0.03210,  -0.00236,  -0.01056,  -0.07129,  -0.01713,  -0.08113,   0.02718,  -0.01385,  -0.02041,  -0.01221,   0.07641,  -0.00236,  -0.00892,   0.07149,  -0.01221,   0.03374,  -0.02533,   0.09446,   0.04359,   0.00420,   0.01405,  -0.00564,   0.02554,   0.00256,  -0.08441,  -0.03846,   0.02882,   0.01077,   0.03210,  -0.01713,  -0.03518,  -0.00400,   0.02554,  -0.08277,  -0.05159,   0.00092,  -0.11559,   0.01077,  -0.03026,   0.02554,   0.00913,   0.00913,   0.00420,  -0.02698,   0.02882,   0.01569,  -0.04503,  -0.08441,   0.05016,  -0.01549,   0.04031,   0.07149,   0.00256,   0.05344,  -0.02369,   0.01897,   0.05672,  -0.01056,  -0.03682,   0.05180,  -0.01385,  -0.00728,  -0.04667,  -0.02205,   0.03703,  -0.05652,  -0.03518,  -0.10575,  -0.04667,   0.04195,  -0.02862,  -0.03518,  -0.03354,   0.00913,   0.04031,   0.01077,   0.00092,  -0.07293,   0.05508,   0.02226,   0.01241,   0.01405,  -0.00236,   0.01405,  -0.02862,  -0.03354,   0.02390,   0.04687,  -0.00892,  -0.00564,   0.04523,   0.07477,   0.01241,   0.00256,  -0.02369,  -0.04831,  -0.02698,  -0.00564,   0.04195,   0.01241,   0.00256,  -0.01549,   0.00913,   0.00913,   0.01405,  -0.00892,  -0.02041,   0.03539,   0.01077,  -0.01056,  -0.03846,   0.01241,  -0.05159,   0.03374,   0.02390,  -0.08113,  -0.04831,  -0.02698,   0.02390,   0.02554,   0.09611,  -0.03846,   0.06821,  -0.06308,  -0.04339,   0.03539,   0.08790,   0.07641,   0.03374,  -0.03518,   0.01569,  -0.05980,  -0.05816,   0.01077,  -0.01221,   0.01077,  -0.00400,   0.00092,   0.09611,  -0.04339,   0.02554,  -0.02698,  -0.01056,   0.04359,   0.01733,  -0.10575,  -0.01385,  -0.06636,  -0.01877,  -0.05159,  -0.01221,   0.00256,   0.01569,  -0.04339,  -0.07949,  -0.01877,   0.03046,   0.13713,   0.04195,  -0.00564,   0.01569,  -0.03682,   0.01405,  -0.07621,  -0.05816,   0.03703,   0.04195,   0.03046,   0.00913,  -0.04010,   0.02554,   0.04523
   0.03210,  -0.00892,   0.05672,  -0.06308,   0.06164,  -0.02041,   0.02062,   0.00256,   0.01405,   0.02718,  -0.02698,   0.01733,  -0.01877,   0.04031,   0.02718,  -0.03354,  -0.02533,  -0.05652,   0.02554,  -0.00564,   0.06821,  -0.03354,  -0.01877,   0.01733,   0.05344,   0.06164,   0.00913,  -0.04667,  -0.00400,   0.06821,   0.00420,   0.02554,  -0.03354,   0.01569,  -0.03190,   0.00420,  -0.04175,   0.01077,  -0.01221,  -0.04339,  -0.03026,  -0.01877,  -0.02041,   0.01569,  -0.01385,   0.04851,   0.04687,   0.08298,   0.00585,  -0.07785,  -0.03682,  -0.05980,  -0.05159,  -0.02369,   0.06492,   0.06000,   0.05180,   0.04851,  -0.00236,   0.09282,  -0.01385,   0.00749,  -0.00564,   0.05836,   0.03703,   0.03867,  -0.00892,  -0.04339,  -0.06964,  -0.02205,  -0.02862,  -0.04339,  -0.01221,  -0.01385,   0.01897,   0.04851,  -0.01877,   0.06657,   0.08462,  -0.01385,  -0.00728,   0.02882,  -0.00728,  -0.08770,  -0.00892,  -0.00728,  -0.01877,   0.02390,   0.00092,   0.01569,  -0.07949,   0.00420,   0.01077,   0.00913,  -0.05159,  -0.05159,  -0.04339,  -0.01056,  -0.05159,  -0.03190,   0.03046,  -0.02533,   0.02718,  -0.01877,  -0.01221,   0.06657,   0.01897,   0.03210,   0.01241,  -0.05980,  -0.03354,   0.00092,   0.00092,  -0.01713,   0.00913,   0.03046,   0.00749,  -0.08277,  -0.02369,   0.03539,   0.03867,   0.01077,   0.00913,  -0.05487,   0.00256,  -0.02041,  -0.03354,   0.01077,   0.03867,  -0.01056,   0.06000,  -0.04503,   0.03374,  -0.03354,   0.01077,  -0.01385,  -0.03518,  -0.04010,  -0.02533,   0.00092,   0.00092,   0.00092,  -0.06472,   0.09775,  -0.02369,   0.04687,  -0.02205,  -0.01385,  -0.02205,  -0.05652,  -0.03190,  -0.01549,  -0.01713,  -0.01549,   0.03703,  -0.03354,  -0.05323,   0.01569,  -0.00072,   0.02882,   0.02882,   0.01241,   0.05180,  -0.00892,   0.03210,   0.04523,  -0.05652,  -0.02205,   0.01077,  -0.00892,   0.06985,   0.03539,   0.08954,   0.01569,  -0.13693,   0.07149,  -0.01221,  -0.05487,   0.02226,  -0.03518,  -0.00728,  -0.01713,  -0.03518,  -0.01549,  -0.01385,   0.03210,  -0.01385,  -0.01549,   0.04851,   0.01241,  -0.04667,   0.03374,   0.03703,   0.00256,  -0.08441,   0.00092,  -0.09426,  -0.00400,  -0.00236,   0.01569,   0.00256,   0.03210,   0.02226,  -0.02698,  -0.03026,  -0.02862,   0.05508,   0.04195,  -0.00564,  -0.03026,   0.05180,  -0.01221,  -0.05816,  -0.03682,  -0.00564,  -0.03026,   0.00585,   0.03539,  -0.01221,   0.00913,  -0.02369,   0.03046,   0.07313,  -0.00892,   0.02226,  -0.00400,   0.03046,   0.01897,  -0.02369,   0.01733,   0.02554,  -0.05323,   0.03374,   0.08298,  -0.04175,   0.02718,  -0.00564,   0.03867,   0.04523,   0.05016,   0.07805,   0.02226,  -0.04995,   0.02882,   0.01241,  -0.05159,   0.01077,   0.01241,   0.00092,  -0.01056,  -0.04995,  -0.03354,   0.00420,  -0.05323,   0.03210,  -0.07293,   0.01897,  -0.03846,   0.00913,  -0.06144,   0.04687,  -0.01877,   0.04031,   0.01405,  -0.06800,  -0.03026,   0.08462,  -0.02205,  -0.00564,  -0.06636,   0.00749,  -0.00728,  -0.01221,   0.00585,  -0.00072,  -0.06144,  -0.00072,   0.04523,  -0.04339,  -0.02041,   0.02882,  -0.01549,   0.03374,   0.06821,   0.04031,   0.01405,   0.07313,  -0.04339,   0.03210,  -0.05980,  -0.04175,   0.04851,  -0.02533,  -0.05487,   0.02226,   0.00749,  -0.00892,   0.01405,   0.03703,   0.01569,   0.02882,  -0.04995,   0.00913,   0.02554,  -0.03190,  -0.03026,  -0.04175,  -0.00564,  -0.02205,  -0.00072,   0.05344,  -0.01385,  -0.05487,  -0.02862,  -0.04175,  -0.01221,   0.03539,   0.03210,   0.03046,  -0.08934,   0.02062,  -0.04175,  -0.07785,  -0.04175,  -0.02369,   0.01897,  -0.04995,   0.10759,   0.04851,  -0.04175,   0.00256,  -0.03190,   0.02226,  -0.01549,  -0.01385,   0.06821,  -0.12380,  -0.07129,   0.00256,   0.01897,  -0.05323,   0.01405,   0.03867,   0.04195,  -0.01056,  -0.00236,   0.11744,  -0.02862,  -0.03354,  -0.06472,  -0.00236,  -0.03354,   0.02718,   0.00585,   0.04523,  -0.08770,  -0.06964,   0.01569,   0.00913,  -0.03026,   0.00092,  -0.06472,  -0.01877,   0.03703,   0.07149,  -0.01056,   0.00256,   0.02882,   0.01077,  -0.01549,  -0.08277,   0.02554,   0.03539,  -0.01221,  -0.03518,   0.01897,   0.04195,  -0.05652,   0.01733,   0.00585,  -0.02041,  -0.01713,  -0.01877,   0.06985,   0.04687,  -0.00892,   0.10595,  -0.03682,   0.00256,  -0.04667,   0.01569,   0.03210,   0.04359,   0.05344,  -0.02041,  -0.05323,  -0.01713,  -0.07129,  -0.04339,   0.06657,  -0.05159,  -0.01713,   0.02554,   0.00420,  -0.01056,   0.02718,   0.00749,   0.04523,   0.00749,  -0.00236,   0.01077,   0.05180,   0.01077,   0.00256,   0.02554,   0.04851,  -0.04175,  -0.01549,   0.01897,  -0.06308,  -0.03682,   0.01733,   0.02390,  -0.00400,  -0.05816,  -0.05980,  -0.01713,  -0.01549,   0.01733,  -0.09590,   0.04195,  -0.02205,  -0.09754,  -0.04995,  -0.04175,   0.02226,  -0.02533,  -0.01877,  -0.02533,   0.02062,   0.00749,  -0.03682,  -0.03354,  -0.00564,  -0.01549,  -0.01385,   0.07969,  -0.02533,   0.02062,  -0.00564,  -0.07949,  -0.00400,  -0.03518,   0.04031,  -0.00072,  -0.00400,  -0.03190,  -0.01221,  -0.00892,   0.02062,   0.00585,   0.00585,   0.00420,  -0.05487,   0.03210,  -0.01877,  -0.03846,   0.06985,   0.02882,   0.04195,   0.07477,   0.04523,  -0.00236,   0.03703,  -0.06800,   0.01569,  -0.01056,  -0.01385,  -0.01713,  -0.05980,   0.05016,  -0.06964,  -0.05652,  -0.02205,   0.02718,  -0.01713,   0.12893,  -0.06472,   0.01405,   0.08134,  -0.09754,  -0.00728,   0.08298,   0.02226,  -0.01549,   0.02554,   0.02062,  -0.04667,   0.02554,   0.07641,   0.00913,   0.03867,  -0.03518,   0.04195,  -0.03518,  -0.04339,  -0.04175,  -0.04339,   0.01733,  -0.03518,   0.04523,  -0.04503,  -0.04503,  -0.02533,   0.01405,   0.01077,  -0.02533,   0.00913,   0.01405,   0.01241,  -0.02205,  -0.02862,   0.01897,  -0.03190,  -0.00564,   0.02062,  -0.01549,   0.01733,  -0.00236,  -0.10411,  -0.00400,  -0.03190,   0.07969,  -0.01056,  -0.02698,   0.02554,  -0.04667,  -0.04010,  -0.06472,   0.04359,   0.00585,  -0.01877,  -0.05816,   0.04523,  -0.05487,  -0.06308,   0.03210,   0.00749,   0.00749,  -0.00728,  -0.02041,   0.05672,  -0.01221,   0.01569,  -0.00564,  -0.03846,  -0.00072,   0.05672,  -0.01713,  -0.00072,   0.01897,  -0.02698,   0.01241,  -0.04995,   0.04523,  -0.03682,  -0.00400,   0.05508,   0.03374,   0.02390,   0.08298,   0.06000,  -0.04339,   0.00913,   0.00420,  -0.01056,  -0.00892,  -0.05159,  -0.01385,   0.03210,   0.00913,   0.01077,  -0.01385,  -0.00236,  -0.01385,  -0.01549,  -0.07621,  -0.02533,  -0.01713,  -0.00564,   0.00749,   0.01241,  -0.01056,  -0.00072,  -0.04175,   0.04195,  -0.01221,   0.03539,  -0.01549,  -0.01877,  -0.06964,  -0.02041,   0.03046,  -0.03354,  -0.00400,  -0.00400,  -0.02698,  -0.00400,  -0.02533,  -0.05323,   0.03703,   0.01077,   0.05508,   0.06492,   0.06985,   0.05016,  -0.00728,   0.00585,  -0.08605,   0.02718,   0.06821,  -0.02698,   0.01897,   0.00749,  -0.03190,   0.05016,   0.01897,  -0.09590,   0.03867,   0.01569,  -0.02698,   0.07149,  -0.09754,   0.01241,   0.01733,   0.02062,  -0.03354,  -0.03846,  -0.00564,  -0.03354,  -0.02533,   0.05180,   0.03374,  -0.02041,   0.01241,  -0.06308,   0.03374,  -0.03846,  -0.07293,   0.00092,   0.00585,  -0.00564,   0.01241,  -0.02041,  -0.00072,  -0.02041,  -0.06144,   0.02062,  -0.03026,  -0.03682,  -0.09426,   0.00913,   0.06164,   0.01241,  -0.04175,  -0.00892,   0.05508,  -0.04339,   0.04359,   0.00749,  -0.03190,  -0.00236,  -0.03518,   0.11088,  -0.04667,   0.02226,  -0.03354,  -0.04175,  -0.04995,   0.01077,  -0.06964,  -0.01549,   0.00585,  -0.07293,  -0.08441,  -0.04010,   0.02226,  -0.01549,  -0.04339,  -0.03682,   0.04359,   0.02718,  -0.06472,   0.05344,   0.03539,  -0.04995,   0.05672,   0.06164,  -0.07129,   0.05672,  -0.03518,   0.07313,  -0.00236,   0.04359,  -0.04339,   0.01077,  -0.00400,   0.00585,  -0.03026,   0.03867,   0.00420,   0.07641,   0.02390,  -0.02533,   0.06328,   0.03867,   0.03210,  -0.01549,   0.01897,  -0.00400,  -0.04831,   0.04359,   0.04523,  -0.05816,  -0.06144,   0.02062,   0.01241,  -0.01713,   0.05672,  -0.01877,   0.03539,   0.00913,  -0.06472,  -0.02533,   0.06000,   0.02390,  -0.10082,  -0.01385,  -0.00564,  -0.04503,   0.03539,   0.00092,   0.02062,   0.08790,  -0.02698,  -0.04010,  -0.04995,   0.08626,  -0.02862,  -0.00728,   0.06985,  -0.02862,  -0.00728,   0.01733,   0.02718,  -0.03026,  -0.01056,   0.01733,  -0.03190,   0.02554,   0.01897,  -0.01713,  -0.02533,  -0.00236,   0.00585,  -0.00564,  -0.03846,  -0.02533,   0.01897,   0.01405,  -0.03190,  -0.00728,   0.00420,  -0.08277,   0.06000,  -0.04667,  -0.11395,  -0.01549,   0.00420,  -0.01549,  -0.00564,   0.00420,   0.01405,  -0.04503,   0.02062,  -0.00728,  -0.04010,   0.02718,   0.03210,   0.01405,  -0.02533,  -0.06472,   0.05016,  -0.02205,  -0.01713,  -0.08277,   0.09939,   0.00256,   0.00585,   0.00749,  -0.02698,  -0.01877,  -0.05816,   0.01241,   0.00092,  -0.04175,  -0.04667,  -0.09590,  -0.01713,  -0.01221,  -0.03026,  -0.04831,   0.07805,   0.01077,  -0.01056,   0.01241,   0.00749,   0.02718,   0.02554,  -0.01056,   0.00749,  -0.05323,  -0.03026,   0.00256,   0.07805,  -0.06636,  -0.05980,  -0.04503,  -0.07129,  -0.00400,  -0.02698,   0.00913,   0.03046,   0.06000,   0.07641,   0.04031,   0.03539,  -0.02205,  -0.00072,  -0.00072,   0.09118,  -0.04831,   0.05344,   0.02062,   0.03210,   0.01569,  -0.03354,  -0.11067,  -0.03026,   0.01077,  -0.03846,   0.02390,  -0.04995,   0.01077,   0.02554,   0.09282,  -0.01877,  -0.03190,   0.01897,   0.02554,   0.02062,  -0.06964,   0.01897,  -0.00728,  -0.08277,  -0.05816,  -0.01056,  -0.10082,   0.04031,   0.05836,   0.05508,  -0.02369,  -0.04175,  -0.00892,   0.04031,  -0.04995,   0.05180,   0.00585,   0.01569,   0.08298,   0.02062,  -0.00892,   0.02062,  -0.04175,  -0.06144,   0.00256,   0.02554,  -0.03846,  -0.04503,  -0.00236,  -0.02041,   0.02226,  -0.03518,  -0.01385,  -0.05816,   0.01897,  -0.11395,   0.01897,   0.04523,   0.00256,   0.00749,  -0.01877,   0.05836,  -0.03354,   0.01241,   0.02882,   0.04195,   0.04031,   0.05836,  -0.00400,   0.06985,  -0.00072,  -0.04503,   0.00749,   0.02554,   0.07641,   0.07641,  -0.07621,   0.12729,   0.05508,   0.00092,   0.01077,   0.00913,  -0.01549,  -0.01713,   0.07313,  -0.01877,  -0.05816,   0.00913,  -0.02698,   0.03210,   0.07805,  -0.00072,  -0.02698,  -0.03026,  -0.00400,  -0.01056,  -0.02862,  -0.01549,  -0.07949,  -0.00072,   0.00256,  -0.02041,  -0.04339,  -0.03190,  -0.02862,  -0.01877,  -0.06144,   0.01897,  -0.03518,   0.02390,  -0.00400,  -0.02205,  -0.05816,   0.01241,   0.03374,  -0.05652,   0.02062,   0.01569,   0.06492,   0.03374,  -0.00236,   0.00585,   0.02882,   0.03374,   0.05836,  -0.08770,   0.01405,   0.03046,  -0.04503,   0.02226,   0.06492,  -0.06308,  -0.04010,  -0.03518,   0.01897,   0.00749,  -0.13365,   0.04851,   0.08954,  -0.00072,   0.00256,   0.04523,  -0.00236,  -0.01385,  -0.00072,  -0.04831,  -0.08441,  -0.01056,   0.04687,   0.04195,   0.04031,  -0.06144,   0.07805,  -0.03354,   0.09939,   0.02554,   0.04359,  -0.02041,  -0.01056,   0.05180,  -0.03190,  -0.06144,   0.07149,   0.04851,  -0.02041,   0.05180,   0.01569,   0.03703,   0.07641,  -0.06472,  -0.00728,   0.05016,   0.03210,  -0.01549,   0.02718,  -0.00236,  -0.00892,  -0.01385,   0.03374,   0.02226,  -0.02369,  -0.10903,  -0.01713
   0.02718,   0.03374,   0.00585,  -0.02041,   0.02226,   0.07477,   0.01569,   0.01405,   0.03867,   0.03046,   0.02062,   0.02226,   0.01733,  -0.05487,   0.02390,  -0.01385,  -0.00400,   0.07149,  -0.01549,   0.05180,  -0.04339,   0.03374,   0.00092,   0.03539,  -0.07457,  -0.02533,   0.15847,   0.01897,   0.07313,   0.05836,   0.04195,   0.03046,  -0.04175,   0.04523,   0.04851,  -0.08277,  -0.06472,  -0.02041,   0.00420,  -0.04175,   0.03539,   0.02882,  -0.07457,   0.05672,  -0.08113,   0.05180,   0.00420,   0.02226,  -0.10082,   0.00913,  -0.00728,   0.05180,  -0.05652,  -0.04667,   0.02882,   0.09118,   0.08954,  -0.01056,  -0.01221,   0.03210,  -0.04339,  -0.01549,  -0.02369,  -0.03354,   0.04523,  -0.08441,  -0.05323,  -0.03354,   0.05180,   0.01733,  -0.09098,  -0.00400,   0.06000,   0.10431,   0.00913,   0.01897,   0.00256,   0.12400,  -0.04010,  -0.04995,  -0.02698,  -0.01385,  -0.02533,   0.06164,  -0.06964,   0.01405,  -0.02205,  -0.02533,  -0.00728,   0.02062,  -0.07949,  -0.01549,   0.04031,   0.03539,  -0.00072,   0.00585,   0.00585,  -0.04339,  -0.04339,   0.06492,   0.06328,   0.03046,  -0.06472,  -0.05652,  -0.02041,   0.06164,   0.02226,  -0.12052,   0.02882,  -0.01056,   0.00092,  -0.00072,  -0.05323,  -0.05980,   0.02554,  -0.03354,   0.07641,  -0.10411,  -0.02369,  -0.01221,  -0.00892,   0.05016,   0.00256,   0.07313,   0.01241,   0.01569,  -0.05980,  -0.00236,  -0.07457,   0.01077,   0.00913,   0.07313,  -0.01877,  -0.01221,  -0.03518,   0.09118,   0.07149,   0.06492,  -0.01056,   0.07969,  -0.04831,  -0.05980,   0.04687,   0.02718,   0.03539,   0.03046,   0.01077,   0.05180,   0.06328,  -0.04503,  -0.00400,  -0.06472,  -0.00564,  -0.04831,  -0.01877,   0.05508,   0.07641,  -0.01385,  -0.03682,  -0.03190,   0.09446,  -0.03846,  -0.00072,  -0.03518,   0.01241,   0.00913,   0.00420,  -0.00072,   0.07313,  -0.05323,   0.06657,   0.02882,  -0.10411,   0.01733,  -0.04503,   0.00256,  -0.01385,   0.01569,   0.00256,  -0.11395,   0.00256,   0.03210,  -0.02205,   0.06328,  -0.00236,  -0.03518,  -0.03846,   0.00913,   0.05344,   0.01405,  -0.02862,   0.00913,   0.02226,   0.07313,   0.01077,  -0.02533,  -0.01056,  -0.00564,  -0.07457,  -0.06964,   0.00092,   0.03210,   0.01241,   0.03210,  -0.07457,  -0.03518,  -0.05487,   0.06985,  -0.07293,  -0.01221,   0.04851,   0.03867,  -0.00728,  -0.05487,   0.06657,   0.06821,   0.05016,   0.05508,   0.02554,  -0.03190,   0.03539,  -0.04995,  -0.04175,  -0.08605,   0.02882,   0.02062,   0.08298,  -0.01877,   0.00749,  -0.00400,   0.09939,  -0.06800,  -0.09426,   0.02226,   0.02226,   0.07805,   0.02390,   0.01569,   0.03046,   0.01569,   0.00256,   0.03867,   0.03867,   0.01077,  -0.00236,  -0.04175,   0.01077,   0.04523,   0.03374,  -0.00728,   0.03703,   0.09611,   0.00913,  -0.00072,   0.02718,  -0.08605,   0.00585,  -0.02533,  -0.01385,  -0.00236,   0.09611,   0.03867,   0.02554,   0.02390,  -0.03846,  -0.09918,  -0.03026,   0.06000,   0.03046,   0.04195,   0.02062,   0.06164,   0.01241,  -0.01385,   0.07641,   0.06328,  -0.00564,  -0.09098,  -0.04667,   0.00256,   0.11580,   0.03703,  -0.00564,  -0.01221,   0.02882,   0.01733,   0.00585,  -0.03518,   0.07313,  -0.08934,   0.00092,   0.03867,   0.00913,   0.00256,   0.06164,   0.04359,   0.06985,  -0.06472,  -0.03846,   0.00913,  -0.01221,  -0.02205,   0.07805,  -0.01877,   0.01405,   0.02882,   0.10595,  -0.09426,  -0.07457,  -0.01056,   0.01241,  -0.07129,   0.00256,  -0.02369,   0.01405,   0.02554,   0.05836,   0.09775,   0.03210,  -0.03354,   0.03210,  -0.06144,   0.02226,   0.00420,   0.08134,  -0.06964,   0.00585,  -0.03026,  -0.01221,   0.04031,   0.03703,   0.02718,  -0.05487,  -0.03682,  -0.03518,   0.06328,  -0.02862,  -0.07457,   0.01897,  -0.00564,   0.01405,  -0.02205,  -0.00564,   0.07641,   0.09775,   0.03539,   0.10103,  -0.01056,  -0.03682,   0.06328,   0.03867,  -0.02369,   0.02554,  -0.06144,  -0.00236,   0.00913,  -0.03190,  -0.03190,  -0.01877,  -0.03846,   0.00420,  -0.08605,  -0.04175,  -0.03026,  -0.01549,   0.01241,  -0.04503,  -0.01549,   0.01241,  -0.04995,  -0.11067,  -0.04995,  -0.02205,  -0.01056,   0.01405,  -0.01056,  -0.03518,   0.06000,   0.03210,  -0.05487,  -0.05487,   0.00092,   0.00913,   0.08626,  -0.10082,   0.06492,  -0.02369,  -0.04667,   0.02554,  -0.06800,   0.03210,   0.06328,  -0.08934,  -0.04503,   0.02062,   0.02718,  -0.01713,  -0.01877,  -0.05652,  -0.07949,  -0.02041,   0.02226,  -0.02041,  -0.03354,   0.06492,   0.02718,  -0.02533,  -0.02533,  -0.00564,  -0.07457,   0.09611,  -0.02205,  -0.04667,   0.05180,  -0.02698,  -0.00236,  -0.02862,  -0.02041,  -0.09098,   0.01897,  -0.01713,   0.02882,   0.08626,   0.01897,  -0.04175,   0.05016,   0.01569,  -0.04339,  -0.06964,  -0.05652,  -0.05816,  -0.10903,  -0.08441,  -0.01056,  -0.00236,  -0.11067,  -0.06144,   0.00585,   0.00913,  -0.01221,  -0.02698,   0.03046,   0.00749,  -0.00400,  -0.01056,  -0.02698,  -0.05487,  -0.02041,   0.04687,   0.02226,   0.00256,   0.01569,   0.01077,  -0.00236,   0.03703,   0.00420,  -0.06144,  -0.00728,   0.04851,  -0.00728,  -0.04339,   0.01897,   0.08462,   0.02390,  -0.04175,   0.05344,  -0.10082,   0.00585,   0.03046,  -0.00400,   0.01733,  -0.01877,  -0.01877,   0.00913,  -0.02862,   0.02062,  -0.03026,  -0.00564,  -0.02205,   0.03539,   0.05672,  -0.00564,   0.04523,   0.09282,  -0.08605,  -0.01549,   0.05836,  -0.04339,  -0.02698,   0.08462,  -0.02862,   0.02390,  -0.04831,  -0.08113,  -0.04010,  -0.04503,   0.03703,   0.11416,   0.01405,   0.04031,   0.00256,  -0.02698,   0.03867,  -0.08770,  -0.02041,   0.00585,  -0.00892,  -0.08113,  -0.05816,  -0.10247,   0.06328,  -0.01385,  -0.01549,   0.04523,   0.09611,   0.02882,  -0.01056,  -0.01713,  -0.03190,  -0.01056,   0.07477,  -0.04010,  -0.03190,   0.01241,   0.01405,   0.05016,   0.08134,   0.07969,   0.00092,   0.06657,  -0.01877,  -0.01056,   0.13221,   0.00585,   0.05016,   0.06328,   0.01897,  -0.08770,   0.03539,  -0.06800,   0.00913,   0.00256,   0.00092,  -0.04667,  -0.00236,  -0.02041,  -0.03846,   0.00913,  -0.02205,  -0.02041,   0.06985,   0.04031,  -0.02533,  -0.02041,   0.02226,  -0.06308,   0.10267,  -0.01549,  -0.02862,  -0.02698,   0.08134,   0.03210,   0.03703,  -0.04503,   0.04359,   0.03046,  -0.03026,  -0.00892,  -0.01385,   0.00256,   0.02390,  -0.03026,  -0.02698,   0.07805,   0.02062,   0.04195,   0.03210,  -0.00892,  -0.03354,   0.02554,  -0.06636,   0.01241,   0.02882,  -0.04503,   0.04359,   0.00420,  -0.01385,   0.04031,  -0.02041,  -0.07949,   0.01733,   0.06821,  -0.06800,   0.01733,  -0.02369,   0.11908,   0.01733,  -0.12708,   0.04359,  -0.05487,  -0.01877,  -0.02862,   0.01897,   0.01897,   0.00092,  -0.05159,  -0.00400,   0.03703,   0.02226,   0.01405,  -0.03026,   0.08462,  -0.00892,  -0.07293,   0.06821,   0.10759,  -0.10247,  -0.00236,  -0.00564,   0.03046,   0.02062,   0.06492,  -0.02205,  -0.02698,   0.02226,  -0.04339,   0.00420,  -0.01877,  -0.00072,   0.02226,  -0.02205,  -0.06636,   0.03539,  -0.06308,   0.02882,  -0.01221,  -0.06144,  -0.03846,   0.10431,   0.00585,   0.00585,  -0.02862,  -0.02862,  -0.03190,  -0.06144,  -0.01385,  -0.02041,   0.01733,  -0.00892,  -0.02041,  -0.01221,  -0.02698,  -0.03846,   0.02718,  -0.00400,  -0.03518,  -0.04667,   0.04523,   0.06000,   0.05836,   0.02062,  -0.05323,   0.01733,   0.04851,  -0.05159,  -0.00400,   0.01405,   0.03374,   0.09118,   0.00913,  -0.01056,  -0.00236,  -0.05652,   0.01405,   0.20770,  -0.01713,  -0.01385,  -0.03026,   0.04031,  -0.06308,   0.00256,  -0.03190,  -0.01385,   0.07641,   0.02882,   0.00256,  -0.10903,  -0.02533,   0.03539,  -0.03190,  -0.03354,  -0.06308,  -0.04175,  -0.03190,   0.03374,  -0.05323,  -0.01056,   0.02882,  -0.02369,   0.13877,  -0.01549,   0.00092,  -0.01713,   0.01405,   0.01733,   0.00256,  -0.07129,   0.00256,  -0.07129,  -0.00400,   0.06492,  -0.00236,  -0.02862,  -0.00236,   0.02718,  -0.01385,   0.06328,   0.01733,   0.12565,   0.02390,  -0.01385,  -0.02862,   0.00256,   0.04031,  -0.00564,  -0.00400,  -0.03354,   0.04359,   0.02062,  -0.05487,  -0.04339,  -0.07949,   0.06492,  -0.04503,  -0.01221,   0.10267,   0.00749,   0.02882,  -0.00072,   0.02062,  -0.02205,   0.01733,   0.01569,  -0.11231,  -0.00236,   0.06328,   0.00420,  -0.00728,  -0.03026,   0.00420,   0.12236,   0.04687,  -0.00400,  -0.02205,  -0.00236,   0.09611,   0.02062,   0.04851,  -0.01713,  -0.06636,  -0.01056,  -0.00892,   0.14534,   0.01241,   0.04851,   0.04851,  -0.01221,   0.01405,   0.02390,  -0.07129,   0.05180,   0.00585,   0.08462,   0.15026,   0.03046,  -0.04010,   0.03210,  -0.02862,  -0.00892,   0.02226,  -0.02041,  -0.02205,  -0.00072,  -0.01549,  -0.04175,   0.02882,  -0.02698,  -0.07621,   0.02062,   0.01733,  -0.04010,  -0.01877,   0.02390,  -0.01056,  -0.06308,   0.01077,  -0.06636,   0.00585,  -0.03190,  -0.01056,   0.03046,  -0.00892,   0.01077,  -0.05487,   0.06000,  -0.07949,   0.05836,   0.00256,  -0.00564,  -0.05159,  -0.06144,  -0.09426,   0.01241,   0.05344,   0.04031,   0.03374,   0.09446,  -0.07949,  -0.01385,  -0.00400,   0.01733,   0.04523,  -0.00400,   0.02390,   0.12729,  -0.02041,   0.03374,  -0.03518,  -0.01549,   0.03046,  -0.02369,  -0.02369,  -0.03026,   0.04195,  -0.00400,   0.02718,  -0.09918,   0.04687,   0.03210,   0.03210,   0.05180,   0.07805,  -0.06800,  -0.07293,  -0.02205,   0.00749,  -0.00072,   0.03867,   0.04195,  -0.01713,  -0.05980,  -0.06144,   0.07313,   0.03210,   0.03703,   0.07477,  -0.00072,  -0.01221,  -0.07457,   0.04523,  -0.00564,  -0.09262,  -0.04175,   0.03374,  -0.01877,  -0.01549,   0.01241,   0.06164,  -0.04175,   0.04195,   0.01733,   0.07149,   0.02882,  -0.06964,  -0.00892,  -0.01385,  -0.09590,   0.02882,   0.01569,   0.00585,  -0.00072,  -0.00236,   0.04523,  -0.00892,  -0.04339,   0.07149,   0.01733,   0.09611,  -0.03846,   0.01405,   0.00256,  -0.00892,  -0.00728,   0.02882,   0.05016,   0.00420,   0.01241,  -0.01221,   0.02718,  -0.03682,   0.00585,  -0.00236,  -0.00564,  -0.04831,  -0.00400,   0.03046,  -0.04175,  -0.02698,  -0.07949,   0.01405,   0.06328,  -0.03846,  -0.05816,  -0.00400,  -0.00564,  -0.01877,  -0.02862,   0.05016,   0.06164,   0.06492,   0.00585,   0.00420,   0.01077,   0.01405,  -0.02369,  -0.03682,   0.02062,  -0.03518,   0.02062,  -0.00400,  -0.00072,  -0.10739,   0.04523,   0.04359,   0.02554,   0.14041,  -0.03846,   0.02226,   0.01733,  -0.02698,   0.09611,  -0.01877,  -0.00892,   0.01077,   0.08790,   0.02882,   0.03046,   0.06164,   0.06985,   0.02718,   0.01733,  -0.07949,   0.02390,  -0.00564,  -0.00564,  -0.05487,   0.03703,   0.02062,   0.08462,  -0.02698,   0.02062,  -0.03026,   0.00256,  -0.02205,   0.03867,   0.03539,   0.04687,  -0.03026,   0.01733,  -0.04175,  -0.02041,  -0.01385,  -0.05159,   0.01077,  -0.06472,  -0.00728,   0.06000,   0.00256,   0.07641,   0.06821,  -0.05816,   0.02718,  -0.00564,   0.00092,  -0.02041,  -0.05980,  -0.00072,  -0.00728,  -0.02041,  -0.05487,   0.01241,  -0.03846,  -0.03190,   0.01241,  -0.09098,  -0.06144,   0.03374,  -0.05816,   0.00092,   0.00585,   0.02718,  -0.00564,   0.02062,  -0.02862,  -0.02698,  -0.12872,   0.04523,  -0.02862,   0.01241,   0.04195,  -0.04831,   0.03046,   0.00420,  -0.00236,   0.03703,  -0.05652,   0.04523,   0.01897,   0.02882,   0.09611,  -0.01877,   0.01241,  -0.00564,  -0.01877
  -0.04995,  -0.00236,  -0.04175,   0.02062,   0.00092,   0.01897,   0.05672,  -0.05323,  -0.01385,  -0.06636,  -0.00236,   0.07313,   0.00749,   0.05180,   0.04687,   0.05836,   0.04523,   0.05508,  -0.01549,   0.07641,  -0.02041,  -0.09918,   0.02718,  -0.01056,  -0.13201,  -0.00564,   0.01077,  -0.07949,  -0.03846,  -0.01549,   0.00092,   0.03867,  -0.02369,   0.01569,   0.06328,  -0.03682,   0.05180,   0.05508,  -0.00236,   0.06492,  -0.00892,   0.01405,  -0.00892,  -0.01877,   0.02718,   0.01733,  -0.08113,  -0.09262,   0.01733,  -0.08277,   0.02718,   0.06492,   0.10923,  -0.02698,  -0.04831,   0.01733,  -0.03026,   0.03867,   0.01897,   0.01569,   0.04359,  -0.00728,   0.11088,   0.05836,   0.01405,   0.05344,   0.05508,   0.00913,  -0.00236,   0.09775,  -0.05652,   0.00585,   0.00256,  -0.05652,   0.00092,  -0.05487,   0.03374,   0.03374,  -0.07949,  -0.04010,  -0.03026,  -0.01221,  -0.05159,   0.00420,  -0.00236,  -0.06308,  -0.07621,  -0.03682,   0.06821,  -0.01385,  -0.04831,  -0.01713,  -0.03190,   0.00092,   0.06492,   0.00749,  -0.04831,   0.05016,  -0.01713,  -0.11067,  -0.02369,   0.02226,   0.01077,   0.03046,   0.05508,   0.00749,  -0.02533,   0.04359,   0.06985,  -0.01385,   0.01569,  -0.04339,   0.04195,   0.01241,   0.02226,   0.03539,   0.05672,   0.00420,   0.02226,  -0.04995,   0.03539,  -0.03354,   0.01733,  -0.06308,  -0.03518,  -0.04175,  -0.02533,   0.06821,  -0.04339,   0.02718,   0.08298,   0.01569,  -0.01549,   0.05836,   0.04851,  -0.02698,   0.02882,  -0.01877,   0.01733,   0.07313,   0.04523,  -0.03026,  -0.02533,  -0.05652,  -0.02041,  -0.07785,   0.01569,  -0.02205,  -0.07129,   0.06821,   0.00749,  -0.00400,  -0.04995,   0.05016,   0.04851,   0.00913,   0.00092,   0.02390,  -0.08113,   0.01077,   0.00585,   0.04687,   0.05016,   0.04359,  -0.02698,   0.03046,  -0.03682,  -0.00400,   0.01241,  -0.00072,   0.04687,  -0.05980,  -0.03190,   0.01405,  -0.00072,   0.04031,   0.03867,   0.09118,  -0.05323,   0.05508,  -0.06800,   0.01733,  -0.05323,  -0.07129,  -0.02205,   0.02062,  -0.04339,  -0.02862,  -0.06144,   0.02062,  -0.02041,  -0.04010,  -0.03518,  -0.06964,  -0.04995,  -0.09754,   0.00092,  -0.01549,   0.03046,  -0.00892,   0.02390,  -0.01385,  -0.01549,  -0.02369,  -0.06636,   0.01077,   0.01569,   0.01897,   0.00420,   0.02390,   0.00256,  -0.01056,  -0.02533,   0.01569,  -0.07457,  -0.00728,  -0.02041,   0.05344,   0.05672,  -0.00564,   0.01241,   0.00585,  -0.02862,   0.06492,   0.00913,   0.01241,   0.00913,  -0.03190,  -0.05980,  -0.03026,  -0.10082,  -0.00564,   0.05016,   0.01241,  -0.01056,  -0.05652,  -0.03026,  -0.05487,   0.01077,   0.05836,   0.08790,   0.00749,   0.09775,  -0.00400,  -0.04503,  -0.00400,   0.02554,  -0.08441,  -0.01549,  -0.00400,   0.01897,  -0.01056,   0.07805,  -0.01713,  -0.01877,  -0.01056,  -0.01056,   0.03867,   0.01897,  -0.00892,   0.01405,   0.04195,   0.02062,  -0.02205,   0.01569,   0.02390,   0.01569,   0.06657,  -0.00400,   0.00913,   0.01405,   0.04031,  -0.05159,   0.01405,  -0.01549,  -0.06472,  -0.03518,  -0.01385,   0.03867,   0.01241,   0.02554,   0.00092,   0.01897,  -0.01713,   0.06000,   0.01569,   0.02062,  -0.06308,  -0.00400,  -0.01056,  -0.01056,  -0.00892,  -0.04995,  -0.04503,   0.01077,  -0.02369,  -0.01877,  -0.00072,   0.05508,  -0.04831,   0.01897,  -0.01385,   0.05344,  -0.03354,   0.03374,   0.01405,   0.00256,   0.02554,  -0.05980,   0.03046,   0.02554,   0.07969,  -0.03026,   0.00420,  -0.02041,   0.05672,   0.03703,   0.01733,   0.11252,  -0.04831,   0.01569,  -0.08441,  -0.09754,   0.02062,  -0.02533,  -0.05159,   0.03374,  -0.01056,   0.01897,   0.01241,  -0.03518,   0.01733,  -0.01056,  -0.00072,  -0.01877,   0.03210,  -0.01385,   0.04687,  -0.02698,  -0.03682,  -0.01221,   0.06000,   0.08134,  -0.01221,   0.03046,  -0.00564,  -0.04503,   0.04195,   0.08298,   0.03210,   0.01569,  -0.03846,   0.01241,  -0.04667,  -0.06636,  -0.04339,  -0.02041,  -0.02862,   0.00256,   0.07313,   0.00913,   0.01897,   0.01733,   0.10759,  -0.00236,  -0.00564,  -0.00400,  -0.03026,   0.00749,  -0.01713,   0.05836,   0.00749,   0.03867,   0.06985,   0.09939,  -0.00400,  -0.02369,   0.10267,  -0.00072,  -0.05487,   0.00913,  -0.08934,  -0.01549,  -0.05980,  -0.08934,   0.03703,   0.07641,  -0.03518,   0.01241,  -0.00892,  -0.02205,   0.07149,  -0.02205,  -0.01877,   0.03867,  -0.04339,  -0.03682,  -0.03682,   0.04195,  -0.01385,   0.02882,  -0.04010,   0.04851,   0.10431,  -0.03026,   0.03210,  -0.08113,  -0.07785,  -0.02698,   0.03374,   0.02554,   0.00092,  -0.02205,  -0.02533,  -0.03518,  -0.03682,   0.06657,  -0.09590,  -0.02698,  -0.06144,   0.06657,   0.01569,  -0.06636,  -0.03518,  -0.00564,  -0.05816,   0.01077,  -0.01549,  -0.00728,  -0.08934,   0.10759,  -0.02369,  -0.03846,  -0.04175,   0.02718,  -0.01713,  -0.01549,  -0.04995,  -0.01877,   0.05508,   0.06328,   0.01241,  -0.00400,  -0.00564,   0.02882,   0.07641,   0.02718,  -0.01385,  -0.02698,   0.00420,   0.00913,  -0.03026,   0.05016,  -0.02205,  -0.03026,   0.01241,  -0.00728,  -0.03026,  -0.00892,  -0.02533,   0.07477,  -0.00236,   0.00256,  -0.00236,  -0.02205,   0.05672,  -0.09918,  -0.03682,  -0.03190,   0.13057,  -0.03682,   0.01897,  -0.04667,   0.03703,  -0.01056,  -0.00400,   0.03539,   0.08462,   0.02390,   0.00092,  -0.00072,   0.01897,   0.03374,  -0.03354,  -0.10411,   0.02554,   0.00585,   0.01077,   0.01241,  -0.00072,   0.11088,   0.01733,  -0.00236,  -0.02205,   0.08134,   0.04851,   0.04031,   0.06000,  -0.05159,   0.04687,   0.03046,   0.01897,  -0.01877,   0.00585,  -0.01385,  -0.00072,  -0.05487,  -0.04503,  -0.00072,  -0.03190,   0.07477,   0.00585,  -0.02698,   0.01077,  -0.00564,   0.02554,   0.02882,  -0.05980,   0.01569,  -0.00564,  -0.03846,   0.00420,   0.01897,  -0.04175,   0.02226,   0.02226,  -0.04503,  -0.04175,  -0.04339,   0.07477,   0.08134,   0.05508,  -0.00728,   0.03210,  -0.04503,  -0.00400,   0.03210,  -0.00564,   0.06985,   0.06492,  -0.07457,   0.06821,  -0.06144,   0.00913,  -0.04339,   0.04195,   0.04031,   0.01241,   0.07149,   0.00256,   0.02718,   0.02882,   0.02390,  -0.04667,  -0.09426,   0.03867,   0.01733,  -0.03846,   0.03539,   0.01405,  -0.01549,   0.04523,  -0.04995,  -0.00892,  -0.00564,   0.01077,  -0.03354,  -0.00728,   0.00092,   0.00092,  -0.02205,   0.00256,  -0.02862,   0.01897,  -0.00400,   0.05344,   0.03374,   0.05672,   0.11416,   0.02390,  -0.02862,   0.02554,  -0.03682,  -0.03190,  -0.00236,   0.02882,   0.05344,  -0.02205,  -0.00564,   0.05672,   0.00585,   0.06657,   0.04851,  -0.01549,  -0.05816,   0.00092,   0.01405,   0.03374,   0.09282,   0.03210,   0.00913,  -0.01221,   0.08462,  -0.02205,   0.02062,   0.07477,   0.05672,   0.00092,  -0.05980,   0.02390,  -0.03846,   0.07313,  -0.02205,  -0.02205,  -0.00564,   0.10267,  -0.08770,   0.00749,   0.00913,   0.04195,  -0.04175,  -0.01713,   0.02390,   0.08626,  -0.01713,  -0.01549,  -0.04503,  -0.03354,  -0.04175,   0.03539,  -0.04339,  -0.00072,  -0.01877,   0.05672,   0.06000,   0.00749,   0.10595,   0.05508,   0.01897,   0.00585,   0.01077,  -0.08605,  -0.01221,   0.04359,  -0.07785,   0.07313,  -0.00564,   0.00913,  -0.01221,  -0.00236,  -0.00892,  -0.04339,   0.03046,  -0.01056,  -0.04503,   0.03703,  -0.01056,  -0.03846,  -0.06144,  -0.00236,   0.02390,   0.03703,   0.08134,  -0.03354,   0.10431,   0.08134,  -0.10247,   0.05344,   0.07477,   0.02718,  -0.00892,   0.01077,   0.04687,  -0.02369,   0.00256,  -0.01877,  -0.06800,  -0.02041,   0.07805,   0.02718,  -0.05159,  -0.01056,  -0.00072,  -0.01713,  -0.03190,   0.03703,   0.03539,  -0.02698,   0.07805,   0.05508,   0.02882,  -0.01713,   0.04523,  -0.02205,  -0.01385,   0.05344,   0.01569,   0.04851,  -0.03518,   0.00256,  -0.01385,  -0.02533,  -0.08934,   0.04359,  -0.09426,   0.00749,  -0.04831,   0.01733,   0.04359,  -0.06144,   0.04195,  -0.00236,   0.00913,   0.06000,   0.00749,  -0.04503,   0.03867,  -0.03682,   0.02882,   0.05508,  -0.04010,  -0.00400,  -0.10903,   0.00585,   0.00256,   0.05180,  -0.04831,   0.03374,   0.08626,  -0.07785,   0.09775,  -0.02041,   0.03867,  -0.03354,   0.10267,  -0.00072,  -0.03026,  -0.05323,   0.06985,   0.03210,   0.04195,  -0.03354,  -0.01056,   0.04851,   0.00420,   0.00420,   0.09939,   0.01241,  -0.03026,  -0.03026,  -0.02041,   0.05672,   0.00092,   0.00749,  -0.04010,   0.09446,  -0.09426,  -0.07129,   0.02062,   0.01733,   0.00585,   0.01405,   0.09446,  -0.02698,   0.03539,   0.02226,  -0.04831,   0.03374,   0.02718,  -0.04175,   0.02226,   0.01569,   0.01569,   0.02718,   0.01077,  -0.02205,   0.03539,  -0.07293,   0.07149,   0.08134,  -0.01713,  -0.03354,  -0.07621,  -0.04995,   0.02226,   0.01077,   0.03374,  -0.00236,   0.01733,  -0.04339,   0.05344,   0.01077,   0.01733,   0.00092,  -0.02698,  -0.00728,   0.03867,  -0.00400,  -0.00728,  -0.06308,   0.05672,   0.01569,  -0.00728,  -0.02862,  -0.02862,   0.01077,  -0.08277,   0.02718,   0.00092,  -0.02205,  -0.01713,  -0.01713,  -0.07949,  -0.01549,   0.08626,   0.05180,  -0.00236,  -0.05159,   0.01897,   0.01569,  -0.02205,  -0.00564,   0.04359,   0.03374,  -0.03682,   0.04195,   0.01897,   0.03374,   0.08626,   0.06492,  -0.02041,  -0.03190,  -0.00236,  -0.01056,   0.06000,  -0.01385,  -0.03354,   0.00585,   0.00585,  -0.04831,   0.01569,  -0.03682,   0.02882,  -0.08277,   0.03539,   0.08134,  -0.00564,  -0.01877,   0.04195,   0.01897,   0.07969,   0.01733,   0.00585,  -0.03682,   0.04195,   0.00092,  -0.06144,   0.04851,  -0.02862,   0.02554,  -0.04667,   0.06492,   0.02390,  -0.02369,   0.04359,  -0.01385,   0.02226,   0.00092,   0.05180,  -0.02369,   0.00913,   0.04523,   0.04195,  -0.02205,   0.02390,  -0.02698,  -0.05487,   0.01405,  -0.00892,   0.03374,   0.07477,  -0.00564,  -0.02369,   0.00256,  -0.04175,  -0.04995,  -0.02205,   0.03046,  -0.00236,  -0.02698,  -0.09918,   0.08790,  -0.07129,  -0.03190,  -0.03354,  -0.02369,   0.02554,   0.01897,  -0.01549,   0.03539,  -0.04503,  -0.02041,  -0.04010,   0.01733,   0.00913,  -0.01221,   0.01077,  -0.01549,   0.03539,  -0.02041,  -0.00072,  -0.02862,   0.06492,   0.03703,  -0.06636,   0.01897,   0.05672,  -0.02698,  -0.00728,   0.07477,  -0.01056,  -0.05323,  -0.08441,  -0.01713,   0.05836,   0.02226,  -0.04175,   0.00256,  -0.04339,   0.02554,  -0.09590,   0.06657,  -0.05816,   0.01897,  -0.01877,   0.05180,   0.03703,   0.01241,  -0.00072,   0.01405,   0.01405,   0.02062,  -0.03354,   0.07641,  -0.07785,  -0.02698,   0.00749,  -0.02041,  -0.01549,   0.01241,  -0.03518,  -0.04010,   0.10267,   0.00420,   0.03046,   0.03374,   0.07641,  -0.03190,  -0.01385,   0.05508,  -0.03518,   0.02390,  -0.00728,   0.05672,  -0.00728,  -0.03682,   0.03374,  -0.02205,  -0.04995,  -0.05816,   0.10759,   0.02226,   0.04195,  -0.00072,   0.01405,   0.00092,  -0.03190,   0.07805,  -0.02698,  -0.06472,  -0.10739,   0.01897,   0.04523,   0.02390,   0.02882,  -0.06636,   0.00420,  -0.08934,   0.07969,   0.04359,   0.04031,   0.02718,   0.03046,  -0.05652,   0.01077,   0.01241,  -0.04831,   0.02062,  -0.04831,  -0.00236,  -0.09754,   0.00749,   0.01897,  -0.01877,  -0.03354,   0.04031,  -0.10247,   0.01897,   0.00749,  -0.02369,  -0.03190,   0.03539,  -0.01385,  -0.01549,  -0.01056,  -0.02698,   0.07805,   0.00256,  -0.02698,   0.04523,  -0.06308,   0.03046,   0.03210,   0.02226
   0.00749,  -0.01549,   0.03703,  -0.02369,   0.02062,   0.04851,  -0.03846,   0.01405,  -0.02205,   0.01241,   0.01405,   0.04523,   0.03867,   0.00913,   0.05344,   0.03046,  -0.00728,   0.02718,   0.01241,  -0.00236,   0.03374,  -0.09262,  -0.08113,   0.05836,  -0.01549,  -0.00400,   0.04195,  -0.00728,   0.01733,   0.02062,  -0.04339,  -0.02205,   0.03539,   0.10431,  -0.05323,  -0.06308,   0.00256,  -0.01385,   0.02554,   0.04851,   0.04031,  -0.04831,  -0.02533,  -0.03682,   0.03046,   0.04031,  -0.00728,  -0.02533,  -0.01549,   0.02882,  -0.01056,   0.00092,  -0.06636,  -0.05159,  -0.00072,   0.03703,   0.06821,   0.02390,   0.02390,   0.06985,   0.08790,  -0.07457,   0.00256,  -0.00564,   0.00256,  -0.00728,  -0.04831,   0.05836,  -0.02698,  -0.01713,  -0.06308,   0.00749,  -0.04339,  -0.01713,  -0.04175,  -0.02862,  -0.02533,  -0.03190,  -0.05323,   0.01897,   0.00585,   0.01405,  -0.03354,  -0.00892,  -0.02862,   0.02718,  -0.00892,   0.04031,   0.02718,  -0.05159,   0.09446,   0.03210,   0.01405,   0.04851,  -0.02533,  -0.04339,  -0.09098,  -0.02041,   0.03374,  -0.03026,   0.05836,   0.07641,  -0.06472,  -0.01549,  -0.05323,  -0.01713,   0.00420,  -0.06800,   0.04031,  -0.04339,   0.08954,   0.01405,   0.00913,  -0.09918,  -0.03518,   0.01077,   0.01077,   0.00420,   0.05180,  -0.01385,   0.01077,   0.03703,   0.05016,   0.01569,  -0.10411,   0.01569,   0.00749,  -0.02041,   0.02390,   0.00913,   0.03539,  -0.02862,  -0.07457,  -0.03682,   0.08954,   0.07313,  -0.02369,  -0.01877,  -0.04995,  -0.00072,  -0.06472,   0.04195,   0.02390,   0.06000,  -0.06144,  -0.03026,   0.07477,  -0.04339,   0.01733,   0.05672,   0.00092,  -0.00564,   0.04687,   0.11416,   0.07149,  -0.01549,   0.11744,   0.00420,   0.11908,  -0.01877,  -0.00072,  -0.04667,  -0.04667,   0.04359,  -0.01221,   0.00420,  -0.01056,   0.03703,   0.05180,  -0.01056,  -0.02862,   0.01405,  -0.00236,  -0.10411,  -0.03190,  -0.04667,  -0.03190,   0.01241,  -0.04503,   0.02882,  -0.01713,   0.01405,   0.02554,   0.03703,   0.01569,   0.10595,  -0.03190,   0.04851,   0.00585,   0.01569,  -0.01056,  -0.02533,  -0.02862,   0.06657,   0.00749,   0.02718,  -0.05487,  -0.02205,  -0.03354,   0.00585,   0.00420,   0.01733,  -0.04175,  -0.01549,  -0.07621,  -0.00728,  -0.01877,   0.00256,   0.00092,  -0.08277,  -0.01549,   0.02554,   0.00585,  -0.00072,  -0.07785,   0.06164,  -0.01056,  -0.02862,   0.01733,  -0.02205,   0.01897,  -0.02862,  -0.00564,   0.03210,   0.03539,   0.03867,   0.04851,  -0.06800,  -0.05159,  -0.00236,   0.01405,  -0.04010,  -0.00072,  -0.02862,  -0.01713,  -0.02533,  -0.02698,   0.04359,   0.05180,   0.06821,  -0.01713,   0.03703,  -0.00892,  -0.02369,   0.02062,  -0.02698,  -0.03846,  -0.06636,  -0.06964,  -0.05159,   0.05344,   0.01241,   0.09446,  -0.04010,  -0.05652,  -0.04503,  -0.02205,   0.05180,  -0.09098,   0.04687,   0.07969,  -0.07457,  -0.01713,   0.02226,  -0.04339,   0.02554,  -0.06964,   0.04851,   0.02226,   0.02062,  -0.03026,   0.03539,  -0.01385,  -0.02369,   0.06821,   0.09446,  -0.04339,  -0.01549,   0.00256,   0.03210,  -0.01877,  -0.04010,   0.01897,  -0.00728,   0.03703,   0.00749,  -0.02041,  -0.01549,  -0.10575,  -0.04667,   0.00092,  -0.01549,   0.03210,   0.04195,   0.01733,  -0.03190,   0.06164,   0.00913,   0.05508,  -0.03026,  -0.03190,   0.02718,   0.02718,   0.06164,  -0.03682,  -0.09918,   0.01569,  -0.03682,   0.02390,  -0.00236,   0.04195,   0.00913,  -0.03682,  -0.02862,  -0.11231,   0.02882,   0.00585,  -0.00400,  -0.00072,   0.05016,   0.00749,   0.02554,  -0.00400,  -0.04667,   0.02390,  -0.00564,   0.00749,   0.06328,  -0.01221,  -0.02533,  -0.00564,   0.03046,  -0.03682,  -0.03354,   0.02718,  -0.03026,   0.02062,  -0.01056,   0.04031,   0.00913,  -0.05323,   0.01569,  -0.03846,   0.01897,  -0.02533,  -0.00072,   0.08626,  -0.00236,  -0.02369,  -0.01221,   0.02554,  -0.00564,   0.01733,   0.00585,  -0.02533,  -0.05323,   0.00256,   0.00420,   0.00585,   0.01405,   0.07477,  -0.04503,  -0.02041,  -0.10247,   0.03539,   0.00092,   0.00585,  -0.01713,   0.05672,  -0.01056,  -0.02862,   0.03046,   0.01897,  -0.04831,  -0.04339,   0.05672,   0.03374,   0.00749,  -0.08277,  -0.05487,   0.02718,   0.09118,  -0.06144,  -0.05816,  -0.10082,  -0.02862,  -0.06144,  -0.03190,   0.01077,   0.00256,  -0.00892,   0.05508,  -0.03682,  -0.02862,  -0.03190,  -0.02698,   0.01569,   0.00256,  -0.00728,   0.02390,  -0.00236,  -0.07129,   0.00420,  -0.00236,  -0.00236,   0.03374,   0.06821,  -0.00072,   0.01569,  -0.00072,  -0.00564,  -0.05159,  -0.01385,   0.01241,  -0.00072,   0.05836,   0.03703,   0.02062,   0.10923,  -0.04175,   0.05180,   0.11252,  -0.01056,  -0.03190,  -0.08770,  -0.02205,   0.00420,  -0.00400,  -0.01056,   0.06164,   0.01241,   0.06657,   0.00913,  -0.04503,   0.01569,  -0.02369,   0.10923,   0.03539,  -0.02533,   0.06657,   0.06985,   0.00749,  -0.04831,  -0.02041,   0.03867,  -0.03518,   0.01569,  -0.00728,  -0.00728,  -0.06800,   0.03703,   0.11416,   0.07641,   0.01733,   0.07641,  -0.02205,  -0.03354,   0.06164,  -0.00236,   0.06328,  -0.02205,  -0.02533,  -0.04831,   0.07477,  -0.02533,   0.04523,   0.01733,  -0.03026,   0.01077,   0.07313,  -0.05652,  -0.03026,   0.01569,  -0.05487,   0.03046,   0.00585,  -0.01056,  -0.04175,   0.00256,  -0.02533,  -0.00892,  -0.01713,  -0.00728,   0.04359,   0.02390,  -0.07129,   0.08298,  -0.02862,  -0.04667,  -0.04339,  -0.02041,  -0.05652,   0.01405,   0.07969,   0.03210,   0.02718,   0.02062,   0.03867,   0.01241,   0.01405,   0.05016,   0.00092,   0.01077,  -0.06144,   0.02062,   0.03210,   0.01569,   0.05016,  -0.05980,   0.06328,   0.03539,   0.06657,  -0.02862,  -0.01877,   0.04195,  -0.03190,   0.03046,   0.03539,  -0.05487,  -0.04339,   0.02390,  -0.01385,   0.03539,   0.02882,  -0.04010,  -0.02533,   0.01077,   0.03046,   0.02718,  -0.04339,   0.00585,  -0.03190,  -0.00728,  -0.03190,  -0.02698,  -0.02369,   0.01569,   0.02882,  -0.02205,  -0.05159,  -0.01549,   0.02062,   0.07969,   0.06328,  -0.04339,  -0.00728,  -0.02205,   0.03867,   0.02226,  -0.01385,   0.01569,  -0.04339,   0.01241,   0.04687,  -0.01385,   0.01897,   0.06328,   0.09118,   0.01077,  -0.10411,   0.02554,   0.02062,  -0.00400,   0.04031,   0.02390,   0.01569,  -0.01713,  -0.05816,  -0.02041,  -0.01549,   0.01405,  -0.03682,  -0.00072,   0.02226,   0.01077,   0.02062,  -0.00072,  -0.06800,  -0.01549,  -0.04339,   0.01241,   0.00749,  -0.02698,   0.07641,   0.02554,  -0.05652,   0.02554,   0.01733,   0.02226,  -0.04503,   0.05016,  -0.00564,   0.00092,  -0.02041,   0.02062,   0.02062,   0.00585,   0.05672,  -0.01221,   0.05016,   0.01241,  -0.02862,   0.02718,  -0.03518,   0.01077,  -0.02369,   0.02390,   0.00256,   0.03867,  -0.05652,  -0.02205,   0.08462,   0.08626,   0.00420,   0.00092,   0.01241,   0.03374,   0.04031,  -0.00728,  -0.01877,   0.05836,  -0.03682,  -0.01549,   0.02882,  -0.04503,   0.04851,   0.03046,   0.07641,  -0.05652,  -0.03846,  -0.01549,  -0.02369,   0.01241,  -0.03354,  -0.04175,   0.06657,   0.06328,  -0.07293,  -0.01221,  -0.07949,  -0.05816,   0.05016,  -0.03354,   0.01241,  -0.01056,  -0.00892,  -0.00072,   0.00256,   0.00256,   0.01733,   0.02226,  -0.03026,   0.07149,  -0.01385,   0.02226,   0.00585,  -0.05323,   0.04523,   0.03046,   0.05836,   0.02390,  -0.00400,   0.00092,   0.06000,  -0.02533,  -0.01713,  -0.03354,  -0.00236,   0.00749,   0.03374,  -0.05159,   0.01241,   0.04031,   0.00092,  -0.01385,   0.00585,  -0.04175,  -0.01549,   0.01405,  -0.00892,  -0.05980,  -0.01549,   0.03539,  -0.02698,   0.01569,  -0.10903,  -0.05487,   0.08626,   0.05508,   0.00256,   0.03539,  -0.02369,  -0.00072,   0.04523,  -0.10247,  -0.03354,   0.01241,   0.03703,  -0.06472,   0.02882,  -0.00236,   0.04523,  -0.04995,   0.04523,   0.09118,  -0.08441,   0.04687,  -0.03846,   0.03867,   0.02882,  -0.08605,   0.05508,   0.04031,   0.00420,  -0.03682,  -0.00072,   0.00256,  -0.00892,  -0.02205,   0.02390,   0.00092,  -0.01877,   0.05344,  -0.01549,  -0.04667,  -0.02698,  -0.03354,   0.02062,  -0.04175,  -0.06636,  -0.04339,   0.03539,  -0.06800,  -0.05323,   0.04687,  -0.00400,   0.00749,   0.04031,  -0.01713,  -0.08113,  -0.06308,   0.00913,  -0.01385,   0.04359,  -0.03518,  -0.06964,   0.00749,  -0.01221,  -0.01221,   0.03539,  -0.04175,   0.01077,   0.04195,  -0.05652,   0.06000,  -0.03354,  -0.01877,  -0.00072,   0.00420,   0.03867,  -0.00400,  -0.01221,   0.05836,   0.04031,  -0.05323,  -0.04995,  -0.02533,  -0.04831,   0.06492,   0.06328,   0.01569,  -0.01877,   0.05508,   0.01077,   0.10103,  -0.04010,   0.08134,   0.05016,  -0.01877,  -0.00728,  -0.02862,   0.00749,  -0.03190,  -0.02041,   0.05016,   0.07805,   0.00420,   0.04851,   0.05344,  -0.03846,  -0.02205,   0.00092,   0.00420,  -0.02698,  -0.00728,  -0.04339,  -0.06144,   0.02226,   0.02882,  -0.00236,   0.02718,   0.04195,  -0.00728,  -0.00072,   0.04851,   0.01897,  -0.05816,  -0.04339,  -0.04339,   0.06985,   0.06985,   0.02718,  -0.01385,   0.00749,  -0.01549,   0.01897,  -0.03026,  -0.06636,   0.00749,  -0.01713,  -0.00728,  -0.00400,  -0.00400,  -0.06472,  -0.00728,  -0.00892,   0.04195,  -0.01385,   0.06164,  -0.01877,  -0.01385,   0.04031,  -0.00236,   0.04851,  -0.04831,  -0.06964,   0.04195,   0.03703,   0.02226,  -0.04995,   0.02718,  -0.02698,  -0.04831,  -0.00236,   0.02554,   0.03867,   0.07641,  -0.05159,   0.00092,  -0.01385,  -0.05652,   0.01405,   0.00092,   0.03867,   0.00256,   0.00585,  -0.06636,  -0.06636,  -0.04010,  -0.01221,   0.12400,   0.09611,  -0.02369,  -0.03026,  -0.03846,   0.05836,  -0.03354,  -0.05652,   0.06985,  -0.06144,  -0.06472,   0.00585,   0.06328,   0.02718,  -0.05159,   0.02390,   0.04687,  -0.05323,   0.00420,  -0.06964,   0.00585,   0.01569,   0.00585,   0.00749,  -0.01877,  -0.02041,  -0.03026,   0.01077,   0.03210,  -0.03190,  -0.02698,  -0.00728,   0.04359,   0.05508,  -0.00400,   0.03046,  -0.00400,   0.03703,  -0.02205,   0.04031,  -0.03682,  -0.02205,   0.04031,  -0.01549,   0.00092,   0.01077,   0.02718,  -0.04667,  -0.00564,  -0.00892,  -0.01385,   0.05344,  -0.04339,   0.03046,   0.02882,   0.00256,   0.01405,  -0.05816,  -0.01385,  -0.03026,   0.05836,   0.00749,  -0.03682,  -0.02862,  -0.04010,  -0.08113,  -0.02041,  -0.04339,  -0.03518,   0.05016,   0.04031,  -0.03682,   0.07969,  -0.00892,  -0.00892,  -0.01056,  -0.01385,   0.00585,   0.00749,  -0.00400,   0.03046,   0.00256,   0.05508,   0.03539,  -0.00400,  -0.01056,   0.04031,   0.01569,  -0.06964,   0.10595,  -0.06964,   0.02882,  -0.04010,   0.02062,   0.02062,   0.03046,  -0.02698,   0.00420,   0.01897,   0.03210,  -0.04010,   0.06821,   0.06985,  -0.11724,  -0.02041,  -0.07785,   0.10267,  -0.04667,  -0.03518,   0.06492,  -0.00564,  -0.09918,   0.06492,   0.02226,   0.00092,   0.00256,  -0.04831,   0.06000,   0.02554,   0.04851,   0.00749,   0.02062,   0.00749,  -0.03354,  -0.03682,   0.03210,   0.02882,  -0.04175,   0.00585,  -0.02041,   0.10595,   0.05508,  -0.00892,   0.10267,   0.03374,  -0.06964,   0.01077,   0.00749,  -0.09262,  -0.01385,  -0.00072,   0.00585,  -0.00236,  -0.02041,   0.01405,   0.02062,   0.01733,   0.01405,   0.02718,   0.00092,  -0.03190,   0.02554,  -0.00400,   0.07149,   0.03210,  -0.06472,  -0.00564,  -0.01056,   0.04359,   0.04851,  -0.00072,   0.06328,   0.00256,   0.02718
   0.03539,   0.02390,   0.06328,  -0.04010,  -0.02205,  -0.00892,  -0.07785,   0.01569,   0.05508,  -0.01877,  -0.00400,  -0.07949,  -0.03354,  -0.00892,   0.04687,  -0.00400,  -0.01221,   0.01733,   0.02882,   0.07969,   0.00092,   0.01733,   0.00256,   0.04687,   0.00092,  -0.02041,  -0.06144,   0.01077,  -0.05159,  -0.01385,  -0.03026,   0.04851,  -0.00728,   0.03374,   0.06985,  -0.00400,   0.08790,   0.03046,  -0.05323,  -0.04503,   0.03046,  -0.07129,   0.03867,   0.03374,   0.01405,   0.00420,   0.03374,  -0.00564,  -0.06636,   0.06328,   0.00749,  -0.06800,  -0.05816,  -0.11067,  -0.01549,   0.02554,  -0.05159,   0.01897,   0.00420,   0.01569,  -0.01056,   0.06492,   0.02226,   0.08790,  -0.02205,   0.04031,  -0.03026,  -0.00236,  -0.01549,  -0.04995,  -0.00400,  -0.01713,  -0.02041,  -0.04831,   0.04195,  -0.03682,  -0.01056,  -0.02698,  -0.04175,   0.06492,   0.03703,   0.09775,  -0.01385,  -0.00236,  -0.02698,  -0.04175,   0.07969,   0.04195,  -0.03682,  -0.01385,   0.13221,   0.06000,  -0.02041,  -0.03026,   0.02718,   0.03046,   0.06657,   0.05180,   0.04687,  -0.05816,  -0.04995,  -0.00728,   0.06821,   0.00256,  -0.02862,  -0.00236,   0.01241,   0.04687,   0.05180,   0.06985,  -0.10247,  -0.00728,  -0.01549,   0.00585,  -0.04503,  -0.02533,   0.04687,   0.04195,   0.00256,  -0.02533,   0.02718,   0.00749,   0.04687,   0.07641,  -0.02369,   0.00420,   0.00749,  -0.00400,  -0.01221,   0.00256,  -0.01713,  -0.07785,   0.03867,   0.05180,  -0.01549,  -0.01221,  -0.06308,   0.06821,   0.07805,  -0.01713,  -0.00236,   0.01405,  -0.00728,  -0.00236,   0.03374,   0.00256,   0.04851,   0.02390,  -0.00236,  -0.02698,   0.07477,  -0.01549,   0.07805,   0.04031,   0.04523,  -0.03190,  -0.03026,   0.01897,  -0.00236,  -0.04503,   0.01077,   0.00585,   0.07969,  -0.04995,   0.01733,   0.01897,  -0.05487,   0.05508,   0.03046,  -0.07949,  -0.02533,  -0.06964,   0.05344,  -0.02862,   0.15190,  -0.02533,  -0.05652,  -0.04995,   0.02390,   0.04359,  -0.03190,  -0.00728,  -0.03026,   0.06000,  -0.00072,   0.01241,  -0.02698,   0.00913,   0.02226,   0.07969,  -0.01877,   0.03867,  -0.01713,   0.05016,   0.07313,  -0.05487,   0.01405,   0.04359,   0.00913,   0.06821,  -0.03190,   0.00256,  -0.00892,   0.02554,  -0.01385,  -0.02041,  -0.09262,  -0.03518,  -0.01385,   0.00420,   0.00585,  -0.04995,   0.02390,  -0.10411,  -0.01385,   0.04523,   0.07149,  -0.03682,   0.04031,  -0.01385,  -0.01713,   0.04359,   0.04851,  -0.01877,   0.08790,   0.05016,  -0.01713,   0.01897,   0.05508,  -0.07785,   0.08790,  -0.09590,  -0.04175,  -0.05980,  -0.03682,  -0.04175,   0.06492,   0.07149,  -0.01877,  -0.07785,   0.02226,   0.04851,  -0.02041,  -0.01056,  -0.02862,  -0.03354,   0.06000,  -0.05487,   0.02718,  -0.06144,   0.03210,   0.02226,  -0.00728,  -0.06308,   0.00256,   0.05180,  -0.00728,   0.04851,   0.01569,  -0.01385,  -0.04667,   0.02062,  -0.03354,   0.10103,   0.01241,  -0.04339,   0.01077,   0.08134,   0.02554,  -0.00400,   0.01405,  -0.01221,  -0.05159,  -0.06636,  -0.01713,   0.02718,   0.00585,  -0.02041,  -0.04010,   0.05508,   0.06821,  -0.03354,  -0.06308,   0.08790,  -0.02862,  -0.00728,   0.01733,  -0.00236,   0.03374,   0.00913,   0.04031,  -0.04010,  -0.05980,   0.00420,   0.04851,   0.02062,   0.02554,   0.05180,   0.06164,   0.01733,   0.03539,  -0.02041,   0.09446,   0.01077,   0.08954,   0.04359,   0.01077,  -0.00728,  -0.03354,  -0.06636,  -0.00400,  -0.00400,  -0.01056,   0.02226,  -0.00892,   0.06985,   0.01405,   0.02062,   0.01897,   0.10595,   0.01733,   0.04031,  -0.04339,  -0.03190,   0.02062,  -0.00728,   0.04851,   0.03210,   0.00092,   0.01405,  -0.11395,   0.02718,  -0.00728,   0.03374,   0.03046,  -0.00892,  -0.00728,   0.08790,  -0.00072,  -0.04831,   0.03867,   0.00092,   0.00256,   0.06000,   0.05016,  -0.03846,   0.10759,  -0.01549,   0.02718,  -0.06636,  -0.06472,   0.01733,   0.01733,   0.01405,   0.00913,   0.08298,  -0.03354,   0.01897,   0.01569,   0.01241,  -0.02698,   0.03210,   0.05672,   0.01569,   0.07641,  -0.04503,  -0.00564,  -0.02698,  -0.02205,   0.03867,   0.02062,  -0.01385,  -0.00072,  -0.02698,  -0.03026,   0.04031,   0.05180,   0.02882,  -0.04667,  -0.08277,   0.06164,   0.04523,  -0.04667,   0.01569,  -0.00236,  -0.02862,  -0.07129,   0.06164,  -0.04175,  -0.03190,  -0.02862,  -0.08605,  -0.03846,   0.03374,  -0.04667,   0.06492,   0.05016,   0.07149,   0.01241,  -0.04175,  -0.05323,  -0.00072,   0.08790,  -0.02862,  -0.03682,  -0.01221,  -0.03026,  -0.00072,   0.07969,  -0.04175,   0.07313,  -0.00892,  -0.00564,   0.01077,   0.02226,   0.01733,  -0.07457,   0.05508,  -0.04175,   0.00913,   0.06985,  -0.03026,  -0.01877,   0.07313,   0.00256,   0.07641,  -0.00400,   0.02226,  -0.02205,   0.00913,  -0.08934,   0.05016,  -0.00236,  -0.02205,   0.04851,  -0.01385,   0.04687,  -0.02041,  -0.00892,   0.01241,  -0.06800,  -0.08605,  -0.08770,  -0.02533,  -0.03682,  -0.03190,   0.01569,  -0.10739,  -0.00072,  -0.02533,  -0.08277,  -0.02205,  -0.05323,   0.00420,   0.01077,  -0.01221,   0.03210,  -0.08605,  -0.00072,  -0.02533,   0.12400,  -0.03190,   0.02554,   0.00420,   0.04359,   0.00256,  -0.01056,  -0.05816,  -0.01877,   0.01897,   0.00420,  -0.04175,   0.00749,  -0.01713,  -0.00892,   0.00092,   0.06985,  -0.01221,  -0.02041,  -0.00400,  -0.01549,  -0.03846,  -0.01877,  -0.00400,   0.01405,  -0.07293,   0.06492,   0.04523,  -0.02369,   0.08134,   0.02390,   0.03374,  -0.01713,   0.00256,   0.00585,   0.10759,  -0.03846,  -0.02369,   0.07805,  -0.00892,  -0.06636,  -0.01549,   0.00585,  -0.04339,  -0.03518,   0.06328,  -0.02205,  -0.05323,  -0.00072,  -0.01877,  -0.00892,   0.03539,   0.00585,   0.11580,   0.01405,   0.02554,  -0.03026,   0.03867,  -0.02041,   0.07641,  -0.02041,   0.01077,  -0.00564,   0.00585,   0.03867,   0.03210,   0.01405,  -0.08770,   0.03210,  -0.00892,   0.01405,  -0.00072,  -0.07621,  -0.00564,   0.06328,  -0.04339,   0.00256,   0.00420,  -0.04175,  -0.01549,  -0.00236,  -0.05323,   0.07149,  -0.09262,   0.02390,  -0.02862,  -0.00072,   0.05836,  -0.09426,   0.02554,  -0.03026,   0.04359,   0.01405,  -0.09754,   0.00585,   0.00420,   0.07477,  -0.06964,  -0.00728,  -0.04503,   0.03374,  -0.01056,   0.02226,   0.05344,  -0.06308,  -0.07621,   0.05672,  -0.02369,  -0.05487,   0.05180,   0.01077,   0.02390,  -0.01221,  -0.04995,   0.04687,   0.02554,  -0.09098,  -0.01713,   0.04523,  -0.00400,   0.02390,  -0.09426,  -0.00892,   0.02390,  -0.02041,   0.01569,  -0.06472,  -0.01056,   0.02390,  -0.02205,   0.00585,   0.04523,   0.04031,   0.03210,  -0.05652,  -0.03846,   0.02882,   0.05508,   0.03703,  -0.00728,   0.01569,   0.01569,   0.03539,   0.03210,  -0.03190,  -0.03354,  -0.01713,   0.05836,  -0.06472,   0.06985,   0.01241,  -0.02205,  -0.00236,  -0.06308,   0.04851,   0.02554,  -0.02041,  -0.10575,  -0.02205,   0.03867,  -0.02205,  -0.02041,  -0.05652,   0.03210,   0.08298,  -0.07129,   0.04523,   0.03703,   0.02062,  -0.03026,  -0.01056,   0.04523,  -0.00564,   0.05180,   0.08626,   0.03210,  -0.00400,   0.00913,   0.01897,  -0.06636,  -0.04175,   0.01897,   0.05344,  -0.02041,   0.09939,  -0.08934,   0.01569,   0.01733,   0.04687,  -0.00564,  -0.03026,   0.00420,  -0.09918,   0.11580,   0.04031,  -0.00236,  -0.02698,   0.01241,   0.06492,   0.04195,   0.01077,   0.06492,   0.02554,   0.01569,  -0.01056,  -0.04995,   0.05508,   0.00256,  -0.03518,  -0.02698,  -0.01713,   0.05508,   0.06000,  -0.00892,   0.04523,   0.04523,  -0.05816,  -0.02862,   0.04523,   0.02226,  -0.02533,  -0.00400,   0.01569,  -0.01549,   0.03210,   0.05016,  -0.08441,   0.02882,   0.01405,  -0.05980,   0.00585,   0.02390,  -0.03354,  -0.01056,   0.06328,   0.05672,  -0.00236,  -0.10739,  -0.01877,   0.01405,   0.00256,   0.07641,   0.07313,  -0.06144,   0.01241,  -0.06636,  -0.04339,  -0.03354,  -0.00400,   0.02554,  -0.03354,   0.04359,  -0.03190,   0.06985,  -0.04503,  -0.00236,   0.00913,   0.04523,  -0.02205,  -0.01713,   0.07149,   0.00749,  -0.06964,   0.02554,   0.02062,  -0.05159,   0.05344,  -0.02205,   0.05344,  -0.05487,   0.04523,  -0.04667,  -0.06800,  -0.02862,  -0.08277,  -0.02369,  -0.00236,  -0.04175,   0.04195,  -0.03518,  -0.03518,   0.00913,  -0.07785,   0.06328,  -0.03354,   0.03374,  -0.05323,   0.01077,  -0.00236,  -0.01385,  -0.05159,  -0.02041,   0.06328,   0.06000,   0.03046,  -0.01056,   0.00749,   0.03867,  -0.03518,   0.03539,  -0.04667,   0.00256,   0.02062,   0.08462,   0.03374,  -0.04995,   0.07313,  -0.05487,   0.03210,   0.03374,  -0.04339,  -0.03190,   0.05180,  -0.04503,   0.00092,  -0.00564,   0.05016,  -0.02698,  -0.05816,   0.00749,  -0.12380,   0.03374,   0.02882,   0.03046,  -0.01713,   0.04687,  -0.04831,  -0.01221,  -0.03846,   0.03703,   0.06821,  -0.04175,  -0.03354,   0.01897,  -0.01385,  -0.01056,  -0.03518,  -0.02862,   0.02062,  -0.02369,   0.00749,   0.01405,  -0.03354,  -0.02205,   0.01897,  -0.03682,  -0.02205,   0.03703,  -0.13857,   0.01733,  -0.05816,   0.01569,  -0.04995,   0.04523,   0.01241,   0.02390,  -0.05487,  -0.01221,   0.07477,  -0.03518,  -0.00564,   0.03046,   0.04359,  -0.03190,  -0.07949,  -0.06964,   0.01077,  -0.07949,  -0.05487,  -0.04175,   0.06328,  -0.04010,  -0.11395,   0.00749,  -0.00564,   0.03210,  -0.05323,   0.01405,   0.03867,  -0.00072,  -0.09262,  -0.05652,  -0.06636,  -0.00236,  -0.03354,  -0.04010,  -0.00072,  -0.03026,   0.03374,  -0.01549,   0.00420,   0.02062,  -0.01549,  -0.00400,  -0.00892,  -0.01549,  -0.01221,   0.06492,   0.04359,  -0.03190,  -0.00400,  -0.03026,  -0.03846,   0.01569,   0.00420,  -0.00400,  -0.02369,  -0.00564,  -0.04339,  -0.02533,  -0.05980,  -0.01713,  -0.05159,  -0.05652,  -0.09098,   0.00092,   0.04523,  -0.03354,  -0.01221,   0.00913,  -0.04010,   0.01241,  -0.00564,   0.06492,   0.00585,  -0.02533,   0.01241,   0.00092,  -0.02533,   0.01569,  -0.01877,  -0.03846,   0.01569,  -0.00072,  -0.10082,  -0.04503,   0.03374,   0.04195,   0.01733,  -0.02533,   0.04523,   0.02226,  -0.04175,  -0.05159,  -0.01221,  -0.00564,   0.00256,  -0.04339,   0.00256,   0.01569,   0.06328,   0.04687,  -0.03518,  -0.02862,   0.10103,  -0.00892,   0.08134,  -0.02369,  -0.01221,   0.06164,   0.03046,   0.01569,   0.04031,   0.02718,   0.02882,   0.09611,   0.04359,  -0.12052,   0.00749,   0.02226,   0.03539,   0.05508,   0.01405,   0.02226,   0.05180,  -0.03518,   0.06328,   0.04851,   0.02226,   0.11744,  -0.01549,   0.02390,  -0.00400,   0.06492,  -0.00236,  -0.01713,   0.10431,   0.05180,  -0.03518,   0.09611,   0.02554,   0.07969,  -0.10082,  -0.01713,  -0.00892,   0.04359,  -0.08441,   0.00913,   0.00749,   0.05180,   0.11416,  -0.02862,  -0.02205,   0.00092,  -0.04831,  -0.00072,  -0.06308,  -0.02862,  -0.00236,  -0.09426,  -0.00728,  -0.06964,   0.01569,  -0.02205,  -0.04503,   0.06000,  -0.01385,  -0.00236,   0.05836,  -0.07129,  -0.01221,  -0.01056,   0.03046,   0.00092,  -0.03354,  -0.02698,  -0.04339,   0.05180,   0.04523,  -0.00400,  -0.00236,   0.04687,   0.00585,  -0.00072,  -0.04667,  -0.00564,   0.06657,  -0.04010,   0.06164,  -0.12708,  -0.05652,  -0.02369,   0.06492,   0.02882,   0.05344,  -0.04175,   0.03046,  -0.04831,   0.04687,   0.02390,  -0.03846,  -0.03682,   0.02390,  -0.00892,   0.05016,  -0.04175,  -0.00400,  -0.06308,  -0.05816,  -0.00564,  -0.10575,  -0.04175,  -0.04010,  -0.02041
  -0.02533,  -0.01056,  -0.08277,  -0.02698,  -0.00400,   0.05672,  -0.00892,   0.00913,  -0.02369,   0.03046,   0.06000,   0.00256,   0.00749,  -0.01221,  -0.07457,  -0.01056,   0.04031,  -0.00728,   0.02062,   0.01241,  -0.03026,   0.08134,   0.06985,   0.03046,   0.02062,  -0.01385,   0.04031,   0.04031,  -0.00236,  -0.05487,   0.02062,   0.01733,  -0.08113,   0.04523,   0.00913,   0.02718,  -0.00728,  -0.06144,  -0.04667,  -0.00564,  -0.03190,   0.02062,   0.02062,   0.01569,  -0.00892,   0.02226,  -0.08934,   0.03867,  -0.03682,  -0.01221,   0.06821,  -0.01549,  -0.08441,  -0.05980,  -0.00236,   0.02062,   0.08954,  -0.02698,   0.04031,   0.03703,  -0.06800,   0.03046,  -0.02369,   0.01569,   0.01897,  -0.00400,  -0.02369,   0.02390,  -0.01385,  -0.04667,  -0.02698,  -0.03354,  -0.01385,  -0.04175,  -0.02369,  -0.04503,  -0.05487,   0.05016,  -0.06636,  -0.03518,   0.00585,   0.06985,   0.00585,   0.05344,   0.00585,  -0.02205,   0.00585,   0.02882,   0.02390,  -0.03354,  -0.02205,   0.01569,   0.00420,   0.02882,   0.14206,   0.06492,   0.03046,   0.00913,   0.10103,   0.06985,  -0.06308,  -0.00728,   0.01569,  -0.01385,   0.03703,   0.06328,   0.02718,  -0.07949,   0.02062,  -0.04667,  -0.00728,  -0.05980,  -0.05487,  -0.02533,  -0.03354,   0.07149,  -0.00400,   0.04359,   0.00585,   0.09118,   0.06328,   0.01241,  -0.00892,   0.06821,  -0.03354,   0.00585,   0.05508,   0.02882,   0.00092,  -0.09262,  -0.01549,   0.03374,  -0.02862,  -0.04667,  -0.01877,   0.03046,  -0.04010,   0.00585,  -0.04667,  -0.02041,  -0.01056,   0.03210,   0.10923,   0.01077,  -0.03518,  -0.00564,   0.03046,  -0.07621,   0.08954,  -0.04010,  -0.00236,  -0.09426,  -0.01221,   0.02718,  -0.00892,  -0.02041,   0.06492,  -0.01385,  -0.05323,  -0.01221,  -0.02205,  -0.02533,   0.00913,  -0.00400,  -0.02205,  -0.06800,  -0.01056,   0.00749,   0.01405,   0.02718,   0.05180,   0.03210,  -0.06636,   0.00749,  -0.02369,  -0.05816,   0.01077,  -0.01056,   0.02390,  -0.01713,  -0.01385,  -0.01385,  -0.04503,   0.07969,   0.08462,  -0.01221,  -0.05159,  -0.01385,  -0.04503,  -0.03518,  -0.07621,   0.05672,   0.01241,   0.04195,   0.01897,  -0.03846,   0.03374,  -0.02205,  -0.00072,  -0.01713,   0.06821,   0.03539,  -0.05323,  -0.03026,  -0.04667,   0.00913,  -0.03354,   0.06821,  -0.01549,   0.01077,  -0.01877,   0.00585,  -0.00728,  -0.03354,   0.05016,  -0.01221,  -0.01221,  -0.04339,   0.01077,  -0.02862,   0.05016,   0.09611,  -0.05159,   0.06492,   0.00092,  -0.00728,   0.01569,  -0.01713,   0.07641,  -0.05816,   0.09611,   0.06164,  -0.06472,  -0.03354,  -0.05159,   0.02226,   0.03046,   0.08134,  -0.04667,   0.05344,  -0.08934,  -0.02698,   0.01569,   0.06657,   0.02062,  -0.06636,   0.03703,  -0.04339,   0.04523,  -0.02041,   0.02390,   0.02390,   0.06000,  -0.05487,   0.02226,  -0.08770,  -0.03682,   0.03374,  -0.00400,  -0.00728,   0.04195,  -0.00236,  -0.02698,   0.01405,   0.03703,   0.01405,  -0.00728,  -0.01877,   0.05836,   0.01733,  -0.02369,   0.01733,  -0.04995,   0.00913,   0.01733,   0.00913,   0.02062,  -0.03026,   0.04031,  -0.00564,   0.01077,   0.04523,  -0.04995,   0.02718,  -0.02369,  -0.03026,  -0.04175,   0.05836,   0.06492,   0.02390,   0.05508,   0.05344,  -0.06964,  -0.01221,   0.04687,  -0.04175,   0.03046,  -0.02369,  -0.01385,   0.04031,   0.03867,   0.05016,   0.01077,   0.03703,  -0.04667,   0.02062,  -0.00072,  -0.02369,   0.05016,  -0.03682,  -0.01056,  -0.07949,   0.00913,  -0.08441,  -0.01056,  -0.00892,   0.02390,  -0.05323,   0.01405,   0.05508,  -0.02533,   0.00913,  -0.00400,   0.05344,  -0.07129,   0.03210,   0.02554,   0.00749,   0.05836,   0.01405,  -0.04339,   0.00749,   0.03374,  -0.01713,   0.02718,   0.02226,  -0.00564,  -0.04503,  -0.04175,   0.00585,   0.01733,  -0.01877,   0.01241,  -0.01877,  -0.03190,   0.01405,   0.02882,  -0.00072,  -0.02698,  -0.01385,   0.00256,  -0.00236,  -0.09754,  -0.01385,  -0.01385,   0.01405,  -0.00236,  -0.00072,   0.02062,  -0.04667,   0.01405,   0.01405,  -0.05980,   0.02390,   0.00420,  -0.01549,   0.10759,   0.05672,  -0.03518,   0.00913,   0.00256,   0.03539,   0.05016,  -0.02698,   0.01241,   0.00913,  -0.01549,  -0.01221,   0.03374,  -0.01221,  -0.00728,   0.01897,  -0.01385,  -0.01385,  -0.06308,   0.04851,   0.06000,   0.04031,   0.01405,   0.05672,  -0.00728,   0.03867,  -0.07457,   0.04359,  -0.05652,   0.03703,   0.08462,   0.02062,  -0.05323,  -0.00236,  -0.03190,   0.00913,   0.02226,  -0.04010,   0.01897,  -0.02369,   0.06821,  -0.01221,  -0.02862,  -0.01221,   0.09775,   0.01897,  -0.01056,  -0.00892,   0.04031,   0.04031,   0.00749,   0.04523,   0.01569,   0.01733,   0.05180,   0.01405,   0.00092,   0.09446,  -0.03846,   0.00585,  -0.05816,  -0.01221,  -0.03846,  -0.02205,  -0.01877,  -0.02205,  -0.02698,   0.03210,  -0.00072,   0.06985,  -0.02698,   0.02062,   0.02062,   0.02226,  -0.04667,  -0.00892,   0.00585,  -0.03026,  -0.02041,  -0.04175,   0.02554,  -0.03026,  -0.03026,  -0.02862,   0.11908,   0.07641,   0.00749,  -0.00728,   0.00749,  -0.02862,   0.05016,  -0.07949,  -0.01877,  -0.04175,   0.00749,  -0.07129,   0.01405,   0.01569,   0.11908,  -0.03846,  -0.07129,   0.09282,   0.01897,  -0.05652,  -0.00072,   0.04195,   0.01405,  -0.01877,  -0.01056,   0.01897,  -0.05652,   0.02718,   0.04195,   0.06164,  -0.00728,   0.02226,   0.03539,   0.01569,   0.00420,   0.05180,   0.05508,   0.00256,   0.00585,  -0.04995,  -0.02369,   0.06000,   0.00420,   0.08134,  -0.02369,  -0.03190,   0.07149,  -0.03026,  -0.01713,   0.05836,  -0.02533,  -0.00400,   0.01241,   0.01897,   0.01241,   0.05672,   0.01077,  -0.03354,  -0.06800,  -0.01713,   0.06821,   0.06164,  -0.00728,  -0.00728,  -0.03518,  -0.05323,   0.00585,   0.00092,   0.00256,   0.01569,   0.00420,   0.02718,  -0.02698,   0.00092,   0.05016,   0.05672,   0.02882,  -0.02041,   0.01569,   0.00749,   0.00092,   0.01241,   0.05672,   0.01077,   0.01241,  -0.02041,  -0.08605,  -0.11067,   0.00913,   0.01569,  -0.01056,  -0.01713,   0.01405,   0.08626,   0.02718,  -0.04010,  -0.03190,   0.06492,   0.02226,   0.02882,  -0.00564,   0.00256,   0.03374,  -0.08441,   0.06000,  -0.03846,  -0.03518,   0.04031,  -0.02205,  -0.00236,   0.09446,   0.01405,   0.01077,   0.02062,  -0.00236,  -0.07129,   0.01241,   0.02882,   0.03703,  -0.01877,   0.04195,   0.00420,  -0.02041,  -0.04831,   0.00256,  -0.01385,   0.00913,   0.08462,  -0.02533,   0.03210,  -0.03846,   0.05508,   0.04523,  -0.06144,  -0.03190,  -0.03846,   0.03539,  -0.01056,   0.01077,  -0.02369,  -0.03354,   0.01405,   0.03210,  -0.00236,   0.04687,  -0.03518,  -0.01713,   0.00256,  -0.02533,  -0.03026,  -0.04175,   0.06000,   0.00420,   0.05508,   0.02390,   0.05508,  -0.00564,   0.03210,   0.04687,  -0.01056,   0.02554,   0.02390,  -0.04503,   0.10759,   0.01241,   0.02062,   0.02062,  -0.05159,  -0.00728,  -0.03190,  -0.07949,  -0.01549,   0.03703,  -0.00892,   0.07149,   0.01241,  -0.02369,   0.00420,   0.01897,   0.06000,  -0.03518,  -0.02041,  -0.00892,   0.00585,   0.01077,   0.01897,   0.07149,  -0.09426,   0.05016,  -0.02369,   0.02718,   0.15354,  -0.03518,  -0.06964,  -0.08113,  -0.08934,  -0.09098,   0.03046,  -0.04831,  -0.03846,  -0.06308,  -0.03190,  -0.00236,  -0.00728,   0.00749,   0.01241,   0.03046,   0.06164,   0.04687,   0.04195,  -0.01713,   0.02062,   0.04523,  -0.01385,  -0.00564,  -0.03518,  -0.02369,  -0.11559,  -0.00564,  -0.04010,  -0.02533,   0.01241,   0.07313,  -0.04010,   0.01241,  -0.01056,  -0.02369,   0.05672,   0.01077,  -0.03518,   0.02062,  -0.06964,  -0.00236,   0.03703,   0.01733,  -0.06472,   0.00913,   0.01405,   0.04851,   0.01405,  -0.02698,   0.00092,   0.01241,  -0.02698,  -0.04667,   0.04687,   0.07149,   0.05344,   0.03046,  -0.00400,   0.05508,   0.01897,  -0.05487,  -0.03190,   0.03539,  -0.02533,   0.02390,   0.01569,  -0.06964,   0.08134,  -0.01877,   0.03046,   0.00749,   0.04359,   0.00585,  -0.00728,  -0.00564,  -0.00564,   0.04523,  -0.01221,  -0.03354,  -0.00728,  -0.01385,  -0.08277,  -0.05980,  -0.01549,  -0.02041,   0.04523,   0.00913,  -0.04831,   0.08134,   0.03539,  -0.00400,   0.01405,  -0.00892,   0.03210,  -0.01056,  -0.01549,  -0.03354,   0.01733,  -0.07293,   0.07477,  -0.01549,  -0.12052,   0.04195,  -0.04010,   0.00913,  -0.06308,  -0.01221,  -0.06472,  -0.08770,  -0.05652,   0.01733,   0.02554,   0.02226,  -0.12544,   0.05180,  -0.00728,   0.03703,  -0.05159,   0.04195,  -0.08277,  -0.06636,   0.02062,   0.01897,   0.05180,   0.00420,  -0.00728,   0.03046,   0.01405,   0.00585,   0.02226,   0.04195,   0.03539,   0.09611,   0.03703,   0.00256,  -0.00072,  -0.01877,   0.02062,   0.00913,   0.08298,  -0.04010,  -0.06636,  -0.01549,   0.03210,   0.02882,   0.07313,   0.00913,   0.12729,   0.02718,  -0.06308,  -0.03682,  -0.00564,   0.02226,  -0.02205,  -0.08605,   0.00256,  -0.03682,   0.01405,  -0.02862,   0.14698,  -0.01056,  -0.06308,  -0.02533,   0.01569,   0.10267,  -0.08113,   0.00585,   0.09611,  -0.03518,   0.08626,  -0.07457,   0.04687,   0.00585,  -0.00072,  -0.03518,   0.03046,   0.01241,   0.03046,  -0.06800,   0.05672,   0.02226,  -0.00728,  -0.01221,   0.01733,  -0.02205,   0.07149,  -0.02862,   0.02390,   0.01897,   0.00420,  -0.06800,   0.04523,  -0.08770,  -0.04995,  -0.00236,   0.03703,  -0.01877,   0.04031,   0.05672,   0.01733,   0.04195,  -0.03026,  -0.04339,  -0.05980,   0.01897,  -0.01056,   0.03703,  -0.03190,  -0.04339,  -0.01713,  -0.04503,  -0.03846,  -0.04831,   0.05016,  -0.05487,  -0.00400,  -0.00072,   0.00420,   0.05508,   0.03374,  -0.00400,   0.05180,   0.06821,  -0.00892,  -0.00236,  -0.06472,   0.05508,  -0.04339,  -0.04667,  -0.02369,  -0.04175,  -0.04175,   0.00585,  -0.01877,   0.15026,   0.00256,   0.02718,   0.01569,  -0.00892,  -0.03026,   0.14370,  -0.02205,   0.00585,   0.01405,   0.06492,   0.09611,   0.04195,   0.01241,  -0.00400,  -0.01056,   0.07149,   0.02062,   0.00092,  -0.02369,   0.01569,  -0.08113,  -0.01221,  -0.03682,  -0.03026,  -0.06472,  -0.05980,   0.06821,  -0.04995,   0.06492,   0.02554,  -0.02533,  -0.04175,   0.08298,  -0.02533,   0.02718,  -0.01385,  -0.05487,   0.01569,  -0.01221,  -0.09590,  -0.01221,  -0.06800,   0.03046,   0.04851,   0.04031,   0.10923,   0.02882,  -0.11395,  -0.02698,  -0.00564,   0.02554,  -0.00728,  -0.03846,   0.04031,  -0.07293,  -0.01549,  -0.00400,  -0.07621,   0.06000,   0.00749,   0.00420,   0.02226,   0.07313,   0.06328,   0.02062,   0.04195,  -0.00728,  -0.00892,   0.02718,  -0.02205,  -0.04503,   0.02718,   0.02882,   0.01569,   0.06657,   0.06328,  -0.06636,  -0.09098,   0.01077,  -0.00400,  -0.01385,   0.05508,  -0.03026,   0.04851,   0.05672,  -0.00400,   0.06657,   0.03539,  -0.01385,   0.06164,  -0.06472,  -0.02205,   0.10431,  -0.00728,   0.00256,   0.00913,  -0.04667,   0.00585,   0.05180,   0.08134,   0.05836,  -0.00564,  -0.00072,   0.00256,  -0.01056,  -0.04175,  -0.02533,  -0.02369,   0.00749,  -0.00400,  -0.00236,  -0.08770,  -0.00072,  -0.06964,   0.01733,  -0.00728,  -0.01221,   0.10923,  -0.03518,   0.08626,   0.02062,  -0.01549,   0.04851,  -0.03190,   0.04031,   0.01077,   0.01405,   0.00092,   0.01405,   0.04195,   0.03374,   0.01241,   0.03210,   0.06000,  -0.04995,  -0.00400,   0.03374,   0.00256,  -0.01221,   0.03046,  -0.02041,   0.02390,  -0.07457,   0.04031,   0.02062,  -0.06472,  -0.03682
   0.08134,   0.01897,   0.02718,  -0.14349,  -0.02698,  -0.00892,   0.04523,   0.00749,  -0.04010,  -0.00564,  -0.01221,   0.02226,  -0.06636,   0.03374,  -0.02862,   0.03539,   0.05180,   0.02390,  -0.03026,  -0.00072,  -0.01056,   0.04195,  -0.04503,  -0.02698,   0.00585,   0.00092,  -0.00892,  -0.00892,   0.03374,  -0.00072,  -0.00728,   0.02226,  -0.03354,  -0.02369,  -0.03190,  -0.06308,  -0.09426,   0.03539,   0.04359,   0.03046,  -0.02369,  -0.01221,  -0.01056,  -0.02041,  -0.01221,  -0.01877,  -0.04339,  -0.04503,   0.05344,   0.01077,  -0.02369,  -0.05159,   0.00256,  -0.01056,   0.09282,   0.05016,  -0.04339,  -0.01385,   0.04359,  -0.02205,  -0.06308,   0.04195,  -0.01713,   0.02882,   0.07477,  -0.00236,   0.02882,   0.05016,   0.00092,   0.00585,  -0.00400,  -0.00564,  -0.03354,   0.03703,   0.01569,  -0.02698,   0.00256,   0.02882,   0.01405,  -0.05323,  -0.03026,   0.01241,  -0.05487,  -0.06472,   0.04031,   0.01405,  -0.01056,   0.04851,  -0.02369,   0.00256,   0.07477,  -0.02698,   0.04359,  -0.01713,   0.01733,   0.00749,   0.00585,  -0.06964,  -0.05816,   0.01733,   0.01077,  -0.04831,   0.02554,  -0.01877,  -0.07457,  -0.08770,  -0.02205,   0.09446,  -0.04667,   0.01569,   0.03703,  -0.01056,  -0.01549,   0.03210,   0.03374,  -0.04995,   0.02554,  -0.02862,   0.00585,  -0.00072,  -0.06144,  -0.03682,  -0.01713,  -0.02205,  -0.02533,  -0.07949,  -0.00728,  -0.05323,  -0.03354,  -0.03682,   0.01241,  -0.03354,  -0.02205,  -0.05816,  -0.05980,   0.01733,   0.01241,  -0.03518,   0.07149,  -0.03026,  -0.02533,   0.02062,   0.00913,  -0.04175,  -0.02369,  -0.01713,   0.01405,   0.05180,  -0.03354,   0.02882,   0.09939,  -0.04175,  -0.04831,   0.05180,  -0.03026,   0.05016,  -0.02205,  -0.01385,  -0.00072,  -0.03354,   0.02718,  -0.01385,  -0.02041,   0.04195,  -0.02533,   0.00585,   0.00256,  -0.01549,   0.02226,   0.01241,  -0.01221,   0.00256,  -0.00072,   0.03210,  -0.04175,   0.01569,  -0.03190,  -0.02698,  -0.03682,   0.00420,   0.01241,  -0.00072,   0.03539,   0.03374,  -0.05816,   0.01241,  -0.01713,   0.03867,  -0.01056,   0.00749,  -0.03190,   0.00913,   0.03703,   0.07641,   0.01569,   0.02062,  -0.00400,   0.02062,   0.04687,   0.00256,   0.03374,  -0.09426,   0.02390,  -0.05652,   0.02226,   0.07969,  -0.01385,   0.04687,   0.05016,   0.03374,   0.00585,  -0.06800,  -0.10247,   0.00585,   0.02062,  -0.00892,   0.00749,   0.08298,   0.03539,  -0.01877,  -0.05816,   0.01405,   0.05180,  -0.03682,   0.01241,  -0.01877,   0.07641,   0.01733,  -0.00564,  -0.01549,   0.01733,   0.01241,   0.00585,   0.07805,  -0.04339,  -0.01056,  -0.04339,   0.01897,   0.07477,   0.00420,   0.04031,  -0.03190,   0.01569,  -0.03846,  -0.04339,  -0.05816,   0.03046,  -0.00564,   0.04359,   0.01405,  -0.04503,   0.01897,   0.03374,  -0.03518,  -0.03846,   0.03210,   0.00256,   0.06000,  -0.01549,  -0.00728,   0.06657,  -0.10411,   0.04031,   0.03210,  -0.01056,   0.04195,   0.03046,   0.02390,  -0.02369,  -0.04831,  -0.06144,  -0.01713,   0.04687,  -0.00728,   0.03374,   0.00585,   0.05016,   0.07149,   0.04523,   0.02882,  -0.00892,   0.02718,   0.01405,   0.00092,   0.07477,  -0.01549,   0.04687,  -0.04667,   0.00585,  -0.02205,   0.00092,   0.01897,   0.00585,   0.06000,   0.03374,  -0.05159,   0.10923,  -0.04175,  -0.01549,  -0.00564,  -0.06636,  -0.05487,   0.03374,  -0.03354,  -0.01877,  -0.03026,  -0.05980,  -0.04010,   0.01241,   0.00092,  -0.00564,   0.02554,   0.04031,  -0.00728,  -0.05323,  -0.00892,   0.03539,  -0.07949,  -0.05323,  -0.04503,  -0.05816,   0.03046,   0.00913,  -0.01877,   0.00749,   0.01241,  -0.01385,   0.02882,  -0.01549,   0.01405,  -0.05323,   0.01241,  -0.07457,   0.03374,   0.00749,   0.02062,  -0.11559,   0.04523,   0.00913,  -0.02369,   0.01897,   0.03374,   0.04851,   0.06821,   0.06985,   0.05016,   0.04031,  -0.07785,   0.09446,   0.01733,   0.06328,  -0.04339,   0.00913,  -0.00236,  -0.04667,  -0.02205,   0.02718,  -0.02369,   0.06492,  -0.06144,  -0.00072,  -0.02205,   0.02390,   0.05016,   0.06000,  -0.02533,  -0.00072,  -0.00892,   0.02062,  -0.05323,   0.04523,   0.01241,  -0.01056,  -0.02369,  -0.03682,   0.06000,  -0.02369,   0.01405,   0.02226,   0.02554,  -0.04667,   0.03046,   0.01405,  -0.01549,  -0.02698,  -0.01713,   0.06492,   0.04359,  -0.05980,   0.03210,  -0.00564,   0.01569,   0.00092,   0.04359,   0.04359,   0.03210,  -0.04175,   0.04851,   0.00913,   0.06821,  -0.02698,   0.01733,   0.01077,  -0.00400,   0.09939,   0.02390,  -0.08441,   0.02718,   0.00585,  -0.07129,  -0.07293,  -0.02698,   0.03539,   0.02554,  -0.01221,  -0.00072,   0.05508,  -0.02041,  -0.05323,  -0.06964,  -0.00728,  -0.02862,   0.02554,  -0.03518,   0.10431,   0.04031,   0.01077,  -0.01385,   0.03374,  -0.03682,  -0.00236,  -0.02862,  -0.03518,   0.00256,  -0.06800,   0.06000,   0.02554,   0.01077,   0.01569,  -0.00892,   0.01733,  -0.01385,  -0.02533,   0.00256,  -0.02533,  -0.02698,   0.01897,  -0.02205,  -0.03190,  -0.03026,  -0.00400,   0.03210,   0.02882,  -0.03682,   0.02882,  -0.01056,  -0.06472,   0.09282,   0.01077,  -0.01385,   0.00092,  -0.02862,   0.03046,  -0.01056,  -0.02205,  -0.02369,  -0.00728,   0.06492,  -0.00892,  -0.05816,   0.05344,  -0.04667,   0.03374,   0.03046,   0.02882,  -0.06472,  -0.03026,   0.02390,  -0.08277,   0.04031,  -0.09098,   0.00420,   0.00420,   0.03046,  -0.02862,   0.03374,   0.04523,  -0.01877,  -0.03518,  -0.00236,  -0.06964,   0.03046,   0.08626,  -0.02041,  -0.03846,  -0.03682,   0.15190,  -0.04339,   0.02554,  -0.00892,   0.00420,   0.03374,  -0.02862,   0.04359,   0.05836,   0.00585,   0.00913,   0.04687,  -0.01713,  -0.07129,  -0.06636,  -0.00892,  -0.04010,  -0.01549,  -0.05980,   0.03867,  -0.02533,  -0.07621,   0.07313,  -0.00564,  -0.02862,   0.02554,   0.07805,  -0.02041,  -0.06800,  -0.03682,  -0.00236,   0.03867,   0.01569,  -0.04503,  -0.05323,  -0.01713,  -0.06308,   0.03374,   0.01405,  -0.01713,  -0.00236,  -0.02533,   0.03703,   0.01405,   0.02062,   0.00420,  -0.03026,   0.02062,  -0.01549,   0.06164,  -0.04831,  -0.00892,   0.00585,  -0.06964,  -0.01385,  -0.05816,  -0.01713,   0.05344,   0.06657,   0.08790,   0.07641,   0.01405,  -0.03190,  -0.01221,   0.06985,   0.05180,   0.02718,   0.05180,   0.03046,  -0.02533,  -0.04010,   0.04195,   0.05016,  -0.03026,  -0.05487,  -0.01713,  -0.03026,  -0.01549,   0.02390,   0.01733,  -0.02041,   0.02882,   0.02390,  -0.06800,   0.05344,  -0.04339,  -0.05816,   0.04031,   0.01569,  -0.04503,  -0.02698,   0.01077,   0.07477,   0.10923,  -0.01056,   0.00092,   0.00256,   0.06164,   0.00092,   0.06492,   0.03539,  -0.10575,  -0.03846,  -0.03518,  -0.01877,  -0.02205,   0.01733,   0.00420,  -0.01385,  -0.02698,   0.00585,  -0.01056,   0.05508,  -0.04339,   0.06328,  -0.01056,   0.02554,  -0.07621,   0.03703,   0.00420,  -0.02862,   0.04359,  -0.03026,   0.01733,  -0.01221,   0.04687,  -0.00400,   0.05180,  -0.07785,   0.01077,  -0.00236,  -0.04175,   0.01241,  -0.06964,  -0.03026,  -0.02041,  -0.03682,   0.03210,   0.02390,  -0.02533,  -0.01385,  -0.06800,   0.01897,  -0.06144,  -0.05652,  -0.03354,  -0.03846,   0.04195,  -0.00892,  -0.00236,   0.01733,   0.01569,  -0.03846,  -0.00892,  -0.02041,   0.07313,   0.00585,   0.01897,  -0.02205,  -0.04010,  -0.03846,  -0.02698,  -0.04831,  -0.02369,  -0.04667,   0.01077,   0.00585,   0.04687,   0.08954,   0.06164,   0.05672,  -0.00892,   0.00749,  -0.06144,  -0.02862,   0.01405,   0.03210,  -0.00072,   0.08134,  -0.01877,  -0.01713,  -0.01549,   0.03374,  -0.06308,  -0.05652,   0.01897,  -0.00564,   0.05672,  -0.07785,   0.01569,  -0.02862,   0.02226,  -0.07457,   0.03046,   0.08462,   0.05016,   0.00913,  -0.05816,  -0.06144,   0.08790,  -0.02369,   0.06000,   0.01241,  -0.02862,   0.06164,   0.05016,  -0.02533,   0.01405,  -0.07621,   0.07313,  -0.02533,   0.06985,   0.00913,  -0.04667,   0.03539,   0.03046,   0.02062,   0.07149,  -0.01056,  -0.07621,   0.05016,  -0.02862,  -0.05487,  -0.03190,   0.02062,   0.06492,   0.01405,   0.00913,  -0.02698,   0.04687,   0.08954,   0.01733,  -0.03026,   0.02390,  -0.02533,   0.06985,   0.06492,  -0.03026,   0.02226,   0.02718,  -0.02369,  -0.02369,  -0.03026,   0.02882,   0.08462,  -0.06144,   0.00256,  -0.03846,   0.01241,   0.08298,  -0.00236,   0.01405,   0.00256,   0.00420,   0.04031,  -0.01549,   0.05344,  -0.02041,   0.02882,  -0.00072,   0.01569,   0.03046,  -0.03354,   0.03374,   0.01405,   0.01405,   0.03703,   0.02882,  -0.06144,  -0.01056,  -0.01056,   0.01897,   0.04195,  -0.00072,  -0.03682,  -0.03682,   0.01405,  -0.05323,   0.01569,   0.02062,   0.07313,  -0.02862,  -0.03518,  -0.04175,   0.01077,   0.01241,   0.02226,   0.03703,  -0.04339,  -0.05323,   0.01241,  -0.01385,  -0.05487,   0.01077,   0.05672,  -0.05980,  -0.06144,  -0.05980,   0.01241,   0.03867,  -0.01877,  -0.03682,  -0.02369,  -0.01056,   0.01405,  -0.04503,   0.01569,  -0.00892,  -0.01877,  -0.07785,  -0.00892,  -0.09098,   0.01733,  -0.00236,  -0.00892,  -0.00728,  -0.02698,   0.00092,   0.06985,  -0.00236,   0.11908,  -0.01713,  -0.02862,  -0.05816,  -0.00728,  -0.00400,   0.02226,   0.03539,   0.01405,   0.00749,   0.00585,   0.02882,  -0.04995,  -0.00892,   0.01077,  -0.04175,   0.04523,   0.05016,   0.02554,  -0.00728,  -0.10739,   0.00092,  -0.05980,  -0.04339,   0.02882,   0.00256,  -0.01221,  -0.06472,  -0.00892,   0.06985,  -0.02369,   0.04523,  -0.01713,  -0.06308,   0.01733,   0.01569,  -0.00236,  -0.04175,  -0.03190,  -0.02533,  -0.03190,   0.08298,  -0.07785,   0.00749,   0.03046,  -0.03026,  -0.07293,  -0.00892,   0.01733,   0.02226,  -0.01221,  -0.03026,   0.00749,   0.00749,   0.06000,   0.04031,   0.02718,   0.00749,   0.01241,   0.00913,   0.05016,  -0.00236,  -0.01877,   0.06328,  -0.04995,  -0.00892,   0.02226,   0.06985,  -0.00728,  -0.09262,  -0.02205,   0.00749,   0.00092,  -0.02862,   0.04195,   0.00913,   0.02062,   0.05180,  -0.05487,  -0.01713,  -0.03190,   0.02062,   0.03210,  -0.04831,   0.00913,  -0.05159,  -0.05323,   0.01241,   0.03210,   0.00256,   0.01405,   0.02226,  -0.00564,  -0.03682,  -0.03190,   0.00585,   0.02882,  -0.01385,   0.06492,   0.05836,   0.01077,  -0.03682,  -0.02205,   0.05836,   0.02390,   0.00256,   0.00420,  -0.03354,  -0.02862,   0.00256,   0.09611,  -0.00892,  -0.00564,  -0.07785,  -0.00072,  -0.04503,  -0.02698,  -0.00236,  -0.04667,  -0.05816,  -0.07129,  -0.01385,   0.07969,  -0.02533,   0.03210,   0.00092,  -0.01385,   0.01569,  -0.00236,  -0.03518,   0.00749,   0.02554,  -0.04667,  -0.01385,  -0.02369,  -0.05159,   0.07641,  -0.03026,  -0.03190,   0.02390,  -0.03846,  -0.10575,   0.01241,  -0.03026,   0.01077,   0.04195,  -0.02533,   0.01077,   0.03703,   0.06985,   0.01733,  -0.03518,   0.07969,  -0.04995,   0.02390,   0.04195,   0.01405,   0.00585,   0.02062,  -0.02041,  -0.00072,   0.04687,   0.02226,   0.05180,   0.04687,  -0.01877,  -0.00400,  -0.06144,  -0.01877,   0.08298,   0.05180,   0.01733,   0.05344,   0.02882,   0.08790,   0.01405,  -0.00892,   0.05016,   0.03539,   0.02390,   0.04195,  -0.00236,   0.04195,  -0.00400,   0.04359,  -0.02862,  -0.00892,   0.03867,   0.01405,  -0.00236,   0.04359,  -0.01877,   0.02062,   0.05180,   0.03867,  -0.01221,  -0.00400,  -0.04503,  -0.02369,  -0.00400,   0.02226,   0.01241,   0.04359,   0.00749,   0.03867,  -0.03518,   0.01569,   0.01405
  -0.03354,   0.03210,  -0.04667,  -0.02041,  -0.02698,   0.03046,   0.01405,   0.00420,  -0.00564,  -0.00728,   0.02390,  -0.00236,   0.02718,   0.04687,   0.02718,   0.05344,  -0.02041,  -0.03026,  -0.05323,   0.00092,  -0.04995,  -0.03846,   0.02554,  -0.02698,   0.01241,  -0.05816,  -0.12544,  -0.00236,  -0.06144,  -0.10903,  -0.08770,  -0.02041,   0.00913,   0.01569,   0.03703,   0.00913,   0.07313,  -0.04995,  -0.03682,   0.06657,   0.07641,  -0.01877,   0.05016,  -0.07457,   0.03703,  -0.02205,  -0.10082,  -0.01713,   0.06328,  -0.07949,   0.04523,   0.06657,  -0.06800,  -0.03190,   0.01405,  -0.00892,   0.02718,   0.09282,  -0.02041,   0.02718,   0.05508,   0.01897,   0.00585,  -0.02698,  -0.04503,   0.00749,  -0.06308,   0.00749,   0.05836,   0.16831,   0.03374,   0.03374,  -0.05323,  -0.05816,   0.01405,   0.10923,   0.02390,   0.01241,  -0.06308,   0.05180,  -0.02205,  -0.00564,  -0.05980,   0.03703,   0.03046,   0.05344,   0.00420,   0.05016,   0.03539,   0.02390,  -0.02041,  -0.07621,   0.02226,   0.04523,   0.01077,   0.07149,   0.00749,  -0.02862,   0.00256,   0.04195,   0.06328,  -0.08277,   0.01241,  -0.03190,   0.00585,   0.05836,  -0.02369,  -0.12380,  -0.01877,  -0.00400,   0.01241,  -0.01056,  -0.07785,   0.00585,  -0.02862,   0.05508,   0.01733,  -0.02041,   0.00092,   0.03867,  -0.00564,  -0.00236,   0.05672,   0.02390,   0.01241,  -0.01713,   0.04359,  -0.02698,  -0.00072,   0.00420,  -0.00236,  -0.03190,  -0.07621,   0.00913,   0.05180,   0.03703,   0.01405,  -0.04175,  -0.01877,  -0.02205,  -0.01549,   0.02882,   0.02882,  -0.08277,  -0.04010,   0.01241,   0.10103,  -0.05816,   0.10431,   0.02062,  -0.02698,   0.03539,  -0.00564,   0.03046,   0.00913,   0.03210,   0.04031,   0.01733,  -0.01877,  -0.02041,  -0.03518,   0.01077,   0.05344,  -0.10082,  -0.02205,   0.00420,  -0.08605,   0.02718,  -0.03354,  -0.01713,  -0.07129,   0.06328,   0.02226,   0.01241,  -0.03682,  -0.04010,   0.03374,  -0.01549,  -0.01549,  -0.00236,   0.02226,   0.00256,   0.03046,  -0.02533,   0.01897,   0.02226,   0.01733,  -0.02862,  -0.02533,   0.00749,  -0.09262,  -0.03354,   0.01733,   0.06492,  -0.03518,   0.00913,   0.00585,  -0.04831,  -0.05323,   0.05180,   0.01241,   0.10923,   0.01241,   0.05344,   0.00585,   0.00092,  -0.03682,  -0.04667,   0.01897,  -0.00072,  -0.06964,   0.02882,  -0.08605,  -0.07621,   0.05508,  -0.01221,  -0.03026,  -0.02369,  -0.03026,  -0.02369,   0.00913,  -0.02533,  -0.02533,  -0.01056,   0.04851,  -0.00236,  -0.01385,  -0.01056,   0.00092,  -0.07949,  -0.00728,  -0.00400,  -0.07621,  -0.04339,  -0.00236,  -0.04175,  -0.04010,   0.03539,   0.06328,  -0.04503,   0.05836,  -0.02698,  -0.04010,  -0.08277,   0.06657,  -0.06636,   0.02226,   0.03867,  -0.03846,   0.02882,  -0.06472,   0.00092,  -0.00564,  -0.03354,  -0.00728,   0.01077,   0.00092,  -0.03682,  -0.00728,   0.04031,  -0.02041,  -0.06636,   0.05344,   0.04359,   0.07313,   0.06164,   0.02062,  -0.02369,  -0.05159,  -0.02533,  -0.04831,  -0.02533,  -0.03518,  -0.02862,   0.04523,   0.05016,   0.07641,  -0.00892,  -0.06964,   0.05836,  -0.04831,   0.03210,  -0.03026,   0.06821,  -0.01713,   0.05672,  -0.02041,   0.02390,   0.05016,  -0.02369,  -0.01549,   0.01241,  -0.02369,  -0.04503,  -0.00564,  -0.03518,   0.03539,   0.09446,  -0.07621,  -0.01877,  -0.03518,   0.03703,   0.01897,  -0.04010,  -0.01056,  -0.08441,   0.03210,  -0.01713,  -0.03190,  -0.02369,  -0.04995,  -0.06472,   0.04523,  -0.04667,   0.00092,   0.02226,   0.01077,  -0.02698,  -0.01056,   0.07149,  -0.05487,   0.06000,  -0.03190,  -0.02041,  -0.03190,   0.03046,  -0.00728,   0.05508,   0.07313,  -0.03518,  -0.05980,   0.03374,   0.02554,   0.05672,   0.04523,   0.01241,  -0.02698,  -0.00564,   0.10595,  -0.04010,  -0.03354,  -0.03354,  -0.05323,   0.02882,  -0.10082,   0.06328,   0.06492,   0.00092,   0.03703,   0.07313,   0.06328,   0.04523,   0.00092,  -0.05816,   0.10759,  -0.04995,  -0.05487,   0.05836,  -0.04175,   0.00256,   0.01077,  -0.04995,  -0.09426,  -0.03682,  -0.06472,   0.03210,  -0.06636,   0.06328,  -0.01713,  -0.04667,  -0.01056,  -0.02862,   0.06492,   0.02554,   0.04523,   0.02554,   0.01405,  -0.04503,  -0.05323,  -0.08934,   0.04031,   0.02718,   0.10431,   0.05016,   0.03867,  -0.01221,  -0.02205,  -0.01549,  -0.01877,   0.00585,   0.03703,  -0.05323,  -0.02369,  -0.04175,  -0.04831,   0.01077,   0.03539,  -0.01713,   0.08134,   0.02882,  -0.06636,   0.00749,   0.04523,  -0.00892,  -0.00072,  -0.02533,  -0.01056,  -0.03518,   0.05016,   0.06000,  -0.02533,   0.02718,  -0.02862,  -0.03682,   0.08298,  -0.01877,  -0.03682,  -0.01056,   0.00585,   0.01077,  -0.00400,   0.00913,   0.01897,  -0.01056,   0.00092,   0.09446,  -0.00236,   0.00092,  -0.01056,   0.00749,  -0.03846,   0.03374,   0.03046,  -0.02533,   0.03867,   0.02882,   0.03703,   0.00749,  -0.05980,   0.00913,   0.02062,  -0.05323,  -0.03190,  -0.02205,   0.02718,  -0.03682,   0.00749,  -0.06144,  -0.10739,  -0.03682,   0.03374,   0.06000,  -0.02205,  -0.04175,   0.06985,   0.02718,  -0.00400,  -0.06472,   0.01405,   0.08134,   0.06328,  -0.00072,  -0.02533,   0.02390,   0.09118,  -0.01056,  -0.01877,   0.03210,  -0.02862,   0.00256,   0.00749,  -0.06144,  -0.07457,  -0.10411,   0.03210,  -0.05816,   0.04851,  -0.01221,  -0.07293,  -0.01221,   0.03539,  -0.00892,  -0.01549,   0.04687,   0.01733,  -0.01221,  -0.04667,  -0.02041,  -0.06472,   0.01569,   0.02062,  -0.06636,   0.08462,   0.02226,  -0.01385,   0.01241,  -0.09262,  -0.01221,   0.05344,   0.02718,   0.02882,  -0.04010,  -0.00400,  -0.00236,  -0.00400,   0.08298,   0.02718,   0.07149,  -0.03682,  -0.02041,  -0.04339,  -0.03026,   0.03703,  -0.05652,   0.03210,   0.02062,   0.03374,   0.07149,  -0.01221,   0.06821,   0.01241,  -0.02533,  -0.01221,   0.06985,   0.00092,   0.01077,   0.01077,  -0.03518,   0.05016,   0.01077,  -0.11888,  -0.02533,   0.09446,  -0.03190,   0.00913,  -0.02205,  -0.02533,   0.04359,   0.00913,  -0.01713,  -0.01713,   0.03046,   0.01733,  -0.03682,   0.00749,  -0.03026,   0.06492,  -0.08934,   0.03539,   0.02882,   0.01733,   0.00913,   0.01897,  -0.03518,   0.02062,   0.05016,   0.01569,  -0.02862,   0.00913,  -0.03026,  -0.01056,  -0.04503,   0.01077,  -0.01385,  -0.02533,  -0.02862,   0.05016,  -0.01713,   0.00585,   0.00256,  -0.08113,   0.07641,  -0.05323,  -0.02205,   0.00420,  -0.06964,  -0.00400,   0.01077,   0.00749,   0.03703,   0.07477,  -0.00564,   0.01077,  -0.01877,   0.04359,   0.04851,   0.01077,   0.01897,   0.03867,  -0.00728,   0.04195,   0.01077,   0.05344,  -0.01713,   0.03210,  -0.01221,  -0.00072,   0.02554,   0.05508,   0.03867,  -0.02369,   0.02882,   0.06657,  -0.06308,  -0.04175,   0.06985,   0.03210,  -0.04503,   0.03539,   0.02718,  -0.03682,   0.08134,   0.02062,   0.01569,   0.03539,  -0.03026,  -0.00728,   0.05672,  -0.00892,  -0.02698,  -0.02698,  -0.05487,  -0.02533,   0.03867,  -0.01549,  -0.03026,  -0.04831,  -0.01385,  -0.02698,   0.00092,   0.03539,   0.07969,  -0.05159,   0.02226,  -0.08605,   0.07805,  -0.04667,   0.02062,  -0.00072,  -0.00236,  -0.05652,  -0.02862,   0.05180,  -0.00400,   0.02226,   0.01405,  -0.01056,   0.05836,   0.08626,  -0.00728,  -0.06636,   0.01405,  -0.06308,   0.05180,  -0.03026,   0.06821,  -0.00892,   0.02226,  -0.09918,  -0.02205,   0.06328,  -0.04339,  -0.05323,   0.02554,   0.01569,   0.01733,   0.00585,  -0.01549,  -0.03682,   0.09611,   0.03867,   0.03374,  -0.00892,  -0.02041,   0.02390,   0.00420,  -0.01549,  -0.04175,  -0.06472,   0.03703,  -0.06800,  -0.01877,   0.01569,   0.09611,  -0.04339,  -0.05980,  -0.04503,  -0.03682,  -0.00400,   0.05180,  -0.04175,   0.02390,   0.02062,   0.05836,  -0.06144,   0.04031,  -0.07457,   0.05180,   0.01733,  -0.08277,  -0.02862,  -0.02369,   0.10431,  -0.05159,   0.08790,   0.00585,   0.00585,  -0.02041,   0.02718,   0.01897,   0.01569,   0.00420,  -0.08277,   0.04523,  -0.03354,  -0.00564,  -0.02698,  -0.01056,  -0.03190,   0.01241,   0.02062,   0.02226,   0.02882,   0.08626,   0.07641,   0.01897,   0.02718,  -0.02533,  -0.04339,  -0.01385,   0.07477,  -0.00728,  -0.04339,  -0.01056,  -0.00400,   0.04851,   0.00913,  -0.00564,   0.02718,   0.10431,   0.00256,   0.05836,   0.02882,   0.06000,  -0.02533,   0.00749,  -0.01877,   0.03374,   0.04523,  -0.07621,  -0.03026,  -0.04010,   0.02226,   0.04031,  -0.05159,   0.03867,   0.00256,   0.01077,   0.03210,   0.07641,   0.05672,  -0.02533,  -0.02698,   0.04195,   0.01733,   0.00913,   0.03046,  -0.01713,   0.04687,   0.01077,  -0.09426,   0.02882,   0.01241,   0.07969,   0.01897,   0.02882,   0.05180,  -0.00236,   0.02226,   0.05344,  -0.03354,  -0.02041,  -0.00236,   0.00092,  -0.01385,   0.02718,   0.07313,   0.05344,   0.03046,   0.01077,   0.03046,   0.01569,   0.05344,  -0.03026,  -0.06636,   0.01077,  -0.00072,   0.02062,   0.00913,   0.02718,   0.01569,   0.03867,  -0.02862,  -0.01385,   0.00749,  -0.01549,   0.03374,   0.01077,  -0.06308,   0.02226,   0.03210,   0.06000,   0.00913,  -0.02205,  -0.02862,   0.03539,   0.07641,   0.00256,  -0.02533,  -0.01056,   0.03867,  -0.01877,   0.02718,   0.01897,   0.01077,  -0.02205,   0.05016,  -0.02205,  -0.10575,  -0.05652,   0.07313,   0.03210,   0.05508,   0.02554,  -0.03518,   0.00092,  -0.04175,  -0.02862,   0.00092,   0.01897,  -0.04995,  -0.03354,   0.07477,   0.02226,   0.06164,  -0.03846,  -0.00892,   0.02390,  -0.05652,  -0.04010,   0.00256,  -0.06308,   0.03210,   0.02390,  -0.04339,  -0.01549,  -0.02041,   0.06657,   0.04687,   0.01733,  -0.02041,   0.06657,   0.01897,  -0.03682,  -0.00236,   0.07641,  -0.04503,  -0.03026,  -0.02041,   0.04687,  -0.03026,  -0.05487,   0.02226,  -0.08605,  -0.00564,   0.01897,  -0.04995,  -0.06472,  -0.06964,  -0.02369,  -0.01056,   0.04031,  -0.01221,  -0.04175,  -0.03354,  -0.02698,   0.06657,  -0.04667,  -0.00072,   0.05508,  -0.03518,  -0.00892,   0.01241,   0.03374,  -0.00564,  -0.08277,   0.03867,   0.00420,  -0.03846,   0.02062,  -0.07293,  -0.00564,   0.03539,  -0.06144,   0.01569,   0.01569,  -0.00400,  -0.02205,   0.01241,  -0.01221,  -0.00400,  -0.06964,  -0.06308,   0.02882,   0.01077,  -0.00728,  -0.02041,   0.03539,  -0.01056,  -0.00236,  -0.10575,  -0.02205,  -0.07293,   0.02390,   0.05016,  -0.03026,  -0.08113,  -0.02862,   0.08462,   0.05836,   0.02390,  -0.03026,   0.06657,  -0.06472,   0.09775,  -0.00072,  -0.08113,  -0.03682,  -0.01385,   0.04523,   0.00749,   0.01241,  -0.03518,  -0.01713,  -0.00072,   0.08626,   0.02718,  -0.04503,   0.00585,  -0.01877,   0.04031,   0.08298,   0.01405,  -0.01385,  -0.08605,  -0.02533,   0.01569,   0.11580,   0.04031,  -0.00400,  -0.03026,   0.02882,   0.01405,  -0.05652,   0.04195,  -0.11395,   0.02882,   0.08298,  -0.04339,  -0.10739,   0.00585,   0.02062,   0.06821,  -0.00400,  -0.06308,   0.11252,  -0.06308,  -0.00400,  -0.01385,   0.02554,  -0.00892,   0.05344,   0.04851,   0.05016,  -0.03190,   0.01241,   0.01241,  -0.06636,   0.02882,   0.00256,   0.00749,   0.04359,   0.06328,  -0.07457,   0.03867,   0.08954,  -0.00400,   0.03210,   0.01241,  -0.00728,  -0.00236,  -0.05159,  -0.04339,  -0.06636,   0.05508,  -0.03682,   0.01897,  -0.01221,   0.00913,   0.09775,  -0.08770,   0.01241,   0.01733,   0.02882,   0.03046,   0.03703,   0.00913,   0.08626,  -0.02698,   0.04687,   0.03210,  -0.00892,   0.00420,   0.00092
   0.00420,   0.02062,  -0.06308,   0.00585,  -0.00400,  -0.06308,  -0.08441,   0.02882,  -0.04010,  -0.04010,  -0.00072,  -0.00400,  -0.03518,  -0.08770,  -0.00072,  -0.00400,   0.02390,  -0.02698,   0.06328,  -0.04503,  -0.04667,  -0.01877,   0.01897,   0.04359,  -0.00892,  -0.03518,   0.01077,   0.05672,  -0.06636,   0.00420,  -0.04175,   0.04031,  -0.01549,  -0.05980,  -0.01056,  -0.01549,   0.04359,   0.05672,  -0.06964,  -0.04995,  -0.00728,   0.02062,  -0.09590,  -0.04010,  -0.04175,   0.01405,   0.02062,  -0.00728,  -0.05159,  -0.01385,   0.03210,  -0.01056,   0.00420,  -0.06800,  -0.05652,  -0.04831,  -0.02862,  -0.02041,   0.06492,  -0.00236,  -0.07785,   0.06985,  -0.00564,   0.04359,  -0.00072,  -0.05323,  -0.03518,  -0.01713,  -0.02205,  -0.04175,   0.01733,   0.03703,   0.00913,   0.03046,  -0.00564,   0.08954,   0.02390,   0.03867,   0.02718,   0.03210,   0.01569,  -0.00728,   0.03210,   0.05344,   0.00256,   0.02882,  -0.01877,  -0.03846,   0.03867,  -0.05652,  -0.03354,   0.03210,  -0.00892,   0.03374,   0.03046,   0.01897,  -0.00564,  -0.02862,   0.03703,   0.06328,  -0.06964,   0.00092,   0.08626,   0.04851,  -0.00564,   0.02882,  -0.06144,  -0.01549,   0.03703,   0.02554,  -0.02369,  -0.07785,   0.02554,  -0.06472,   0.00749,  -0.00236,  -0.00728,   0.00749,  -0.00564,   0.01569,   0.01241,   0.05016,  -0.01056,   0.06985,   0.08298,  -0.03354,  -0.02533,   0.02390,   0.04687,  -0.04339,  -0.03682,  -0.01056,  -0.01877,  -0.01056,  -0.03026,  -0.06144,   0.08298,   0.01241,  -0.03682,   0.04195,   0.05016,  -0.07621,   0.00749,   0.03703,   0.08298,   0.00092,   0.02882,   0.03703,   0.02554,   0.04523,   0.00092,   0.01733,  -0.00400,   0.03046,   0.02226,  -0.03190,  -0.01221,   0.02390,   0.00256,   0.00913,   0.04031,   0.03210,   0.00256,   0.02062,  -0.02205,   0.00092,   0.03539,   0.02554,   0.04851,   0.00585,  -0.01877,   0.04359,   0.01569,   0.05016,  -0.05980,  -0.00728,  -0.00728,   0.03539,  -0.06636,   0.02554,  -0.00072,   0.08462,  -0.01549,  -0.04503,   0.01897,   0.05180,   0.03374,  -0.02041,   0.04687,   0.05836,   0.01569,  -0.01056,   0.05836,   0.05344,   0.03374,   0.00420,  -0.01385,   0.06328,   0.01733,   0.02390,  -0.00564,   0.04359,   0.01405,  -0.02205,  -0.02205,   0.01077,   0.03210,  -0.04010,  -0.02533,  -0.00236,  -0.00236,  -0.04503,   0.01733,   0.06164,   0.04359,   0.02718,  -0.05816,   0.01077,  -0.02862,  -0.02041,  -0.03682,   0.08790,  -0.03518,   0.00420,   0.08954,  -0.04831,   0.01241,   0.04359,   0.00256,   0.02882,   0.00092,   0.01733,  -0.01877,   0.00092,   0.06657,  -0.04503,   0.05344,   0.04687,  -0.01877,  -0.02041,  -0.07785,  -0.05323,  -0.04339,  -0.09918,  -0.01713,   0.05180,  -0.00236,  -0.01877,  -0.01385,  -0.04175,  -0.03354,   0.08462,  -0.00072,  -0.05487,   0.02390,  -0.05980,   0.01077,  -0.03190,   0.00420,  -0.01056,  -0.00072,  -0.06636,  -0.01056,  -0.00400,  -0.04995,   0.05016,   0.01569,   0.01569,  -0.04175,  -0.00564,   0.00749,  -0.03846,   0.06328,   0.02718,   0.01897,   0.03374,  -0.00072,  -0.00072,   0.00092,  -0.03026,  -0.02369,   0.04031,   0.05508,  -0.00564,  -0.03682,  -0.00236,  -0.03026,   0.02390,  -0.00892,  -0.01877,   0.02554,  -0.04995,   0.02062,   0.01241,   0.03046,   0.02062,   0.00913,  -0.00072,  -0.03026,   0.02390,   0.06000,   0.03867,   0.03210,   0.03046,   0.05836,  -0.05323,   0.01241,   0.02062,  -0.04339,  -0.02698,  -0.03354,   0.04031,   0.01241,  -0.00564,  -0.01385,   0.02882,   0.04851,  -0.02205,  -0.04175,  -0.01221,  -0.06636,  -0.00564,   0.09611,  -0.04503,   0.06000,   0.03046,   0.03703,  -0.08605,   0.00749,  -0.00728,   0.01897,  -0.07621,  -0.03518,   0.02882,   0.06164,  -0.00400,  -0.06472,  -0.04010,   0.08134,  -0.05323,  -0.09590,  -0.01713,  -0.02862,   0.01733,  -0.02862,   0.00092,   0.01733,   0.04031,   0.01405,  -0.04995,   0.03703,  -0.02698,   0.01241,   0.04031,  -0.01877,   0.02554,   0.01405,  -0.00564,   0.02718,  -0.03190,   0.03210,   0.03374,   0.02718,   0.10103,   0.02882,   0.03046,   0.05836,   0.05344,  -0.01056,   0.00749,   0.03046,   0.04851,  -0.10411,   0.01569,  -0.00564,  -0.08934,   0.01405,   0.00256,   0.08298,  -0.05323,  -0.04175,   0.04851,   0.08298,   0.04523,  -0.01713,   0.06000,   0.00749,  -0.00728,   0.00092,   0.04851,   0.09446,  -0.01713,  -0.00236,   0.01405,  -0.02533,   0.01077,  -0.06636,   0.08134,   0.04523,  -0.01877,   0.03703,  -0.03190,  -0.04339,  -0.04339,  -0.06636,  -0.06636,  -0.00236,   0.02554,   0.01897,   0.01405,   0.06328,  -0.01877,  -0.01549,  -0.04175,  -0.01549,   0.06328,  -0.01549,  -0.01056,   0.05508,   0.02226,   0.00585,   0.02718,  -0.06144,  -0.00400,  -0.03682,   0.02390,  -0.05323,   0.01897,   0.00913,   0.01733,   0.00913,   0.06985,  -0.01056,  -0.05159,   0.00913,  -0.01713,   0.03374,   0.02390,   0.08462,  -0.00072,  -0.02205,  -0.00400,   0.00092,  -0.00564,   0.04359,   0.00749,  -0.03518,  -0.04010,   0.01405,   0.00585,  -0.01877,  -0.00072,   0.01241,   0.03046,  -0.01877,  -0.02369,  -0.00728,   0.01077,  -0.01549,   0.02718,  -0.00236,   0.00749,  -0.00400,   0.00092,   0.02062,  -0.01877,   0.02554,  -0.00400,   0.02554,   0.01077,  -0.06308,   0.02226,   0.01897,   0.04195,   0.01405,   0.00256,  -0.07621,   0.00749,  -0.01877,  -0.02533,   0.03046,   0.01569,  -0.03518,  -0.00236,   0.02554,   0.01733,  -0.02533,  -0.01221,   0.05508,   0.05180,  -0.04831,  -0.03518,   0.03046,  -0.02369,   0.05508,   0.03539,  -0.00892,  -0.04831,   0.04851,   0.07149,   0.03867,  -0.10575,   0.02882,  -0.02205,  -0.03518,   0.02390,  -0.00892,  -0.02369,  -0.04010,  -0.00072,  -0.05816,   0.06328,  -0.02698,   0.00420,  -0.03354,  -0.06308,  -0.06964,  -0.04831,   0.03046,  -0.04667,  -0.00072,   0.04851,  -0.03518,  -0.03026,  -0.02533,   0.03867,  -0.02533,  -0.04339,  -0.00892,   0.01241,   0.02882,  -0.04995,  -0.00728,   0.05672,   0.01077,  -0.00236,   0.00913,   0.08134,   0.00092,  -0.08934,  -0.03846,  -0.01877,  -0.01713,   0.00256,   0.06821,   0.04523,   0.03539,  -0.01221,   0.00420,   0.03374,  -0.02698,  -0.03354,  -0.01549,  -0.00072,  -0.04831,  -0.01221,  -0.05159,   0.01897,  -0.06964,   0.01405,  -0.00400,  -0.01549,  -0.03026,   0.06985,   0.02062,   0.05836,   0.02062,   0.04359,   0.00913,  -0.00728,  -0.00236,  -0.00400,  -0.05652,   0.02062,   0.03867,   0.01569,  -0.05487,   0.02882,   0.09282,  -0.07293,   0.03046,  -0.01877,   0.00585,  -0.04667,   0.00585,  -0.04667,   0.01897,  -0.04995,  -0.05980,  -0.06472,   0.04359,  -0.03026,  -0.02369,  -0.03354,   0.01241,   0.00913,  -0.07129,  -0.03190,  -0.03354,   0.01569,  -0.02698,  -0.00564,  -0.04010,   0.00420,   0.04851,   0.01077,  -0.01385,  -0.01056,   0.01405,  -0.04339,  -0.04010,   0.02718,   0.01077,  -0.00892,  -0.02533,   0.03374,   0.08626,   0.07805,  -0.01549,  -0.02698,   0.01077,   0.06985,  -0.05487,   0.04195,  -0.04010,   0.01405,  -0.01221,   0.00585,   0.03703,  -0.01877,  -0.01056,  -0.01221,  -0.07457,   0.03210,  -0.03354,   0.00913,   0.02226,  -0.00236,  -0.03354,   0.00585,   0.03539,   0.08298,   0.02390,   0.04195,   0.03539,  -0.01056,  -0.04995,  -0.00072,   0.02718,   0.06492,  -0.00564,  -0.02862,  -0.05159,  -0.02862,   0.01405,   0.00092,   0.01077,   0.06000,  -0.01877,  -0.02698,  -0.07621,  -0.02205,   0.02062,  -0.01713,   0.01241,  -0.06308,  -0.07785,  -0.10903,   0.01241,  -0.04339,  -0.04010,  -0.00892,  -0.06800,   0.03374,   0.00913,  -0.03026,  -0.05652,  -0.01056,   0.03374,  -0.05816,   0.05180,   0.03210,  -0.02205,   0.00420,  -0.00728,   0.03703,  -0.03846,  -0.03190,  -0.03682,  -0.04667,   0.05508,   0.00749,  -0.00072,   0.05836,  -0.03682,  -0.06472,  -0.01221,   0.01897,  -0.01713,   0.01569,  -0.02369,   0.01077,   0.01569,   0.01897,   0.08298,   0.03539,  -0.00072,   0.01897,  -0.00892,   0.04523,  -0.01877,  -0.00072,  -0.02698,  -0.02698,   0.03046,  -0.06144,  -0.00728,  -0.07129,  -0.06144,   0.03374,  -0.01549,  -0.03026,   0.03703,  -0.04667,   0.00585,   0.01897,   0.01241,  -0.08277,   0.03374,  -0.00072,   0.00913,   0.06164,   0.00913,   0.04195,  -0.03354,  -0.04339,  -0.02862,  -0.01221,  -0.01221,  -0.01713,  -0.05652,   0.02554,  -0.02369,  -0.02698,  -0.07129,   0.01077,  -0.06800,  -0.06308,  -0.02862,  -0.03682,   0.04851,  -0.00728,   0.01569,  -0.07129,  -0.03846,  -0.02205,  -0.03026,  -0.00400,   0.02554,   0.00585,  -0.00892,   0.02062,   0.01733,   0.01897,   0.04195,   0.00749,   0.00092,   0.01897,  -0.02369,   0.00092,   0.03210,  -0.02533,   0.00913,  -0.00892,  -0.02698,   0.00092,   0.01897,   0.05344,  -0.01713,  -0.02205,  -0.02698,  -0.03846,  -0.00564,   0.01077,   0.03703,   0.01077,   0.00913,   0.00256,  -0.02041,  -0.02862,   0.12072,   0.03703,   0.07149,  -0.08770,   0.05016,   0.03539,  -0.04175,   0.08298,   0.00913,  -0.06472,   0.00585,   0.12565,  -0.04667,  -0.06964,  -0.03682,   0.01569,   0.01733,  -0.04503,   0.00585,   0.00420,   0.03210,   0.03867,  -0.00072,   0.03374,  -0.02369,  -0.01385,  -0.01056,   0.04195,   0.01405,  -0.05980,  -0.04339,   0.04851,   0.08134,  -0.00892,   0.00092,   0.07805,  -0.04995,   0.04195,  -0.04175,  -0.04995,   0.01897,  -0.01385,  -0.03682,  -0.07785,  -0.01877,   0.05180,   0.05016,   0.08954,   0.00913,   0.01241,  -0.04175,  -0.07293,  -0.02041,  -0.00564,  -0.04503,  -0.01056,  -0.00400,   0.03210,  -0.06308,   0.07969,   0.05508,   0.02390,   0.01077,   0.05344,   0.02554,  -0.00072,   0.01733,  -0.01385,   0.01077,  -0.00892,   0.03539,  -0.06964,  -0.05159,  -0.02369,   0.06492,   0.05672,   0.03046,   0.12893,   0.00749,   0.00420,   0.01733,  -0.00400,  -0.03846,  -0.07293,  -0.03518,  -0.04667,   0.06492,  -0.03354,   0.08462,  -0.01877,  -0.02533,   0.02554,   0.09118,   0.01569,   0.02390,  -0.02698,  -0.02041,   0.01405,  -0.04667,  -0.03190,   0.01405,  -0.03190,  -0.03518,  -0.03190,   0.00420,   0.00256,   0.02882,  -0.03190,  -0.00728,   0.05508,   0.05836,   0.03046,   0.04031,   0.05180,   0.02062,   0.06657,  -0.00728,  -0.02041,   0.03210,   0.00092,   0.00420,   0.04523,  -0.07293,  -0.04175,   0.04687,  -0.00564,   0.03703,  -0.03682,  -0.04503,  -0.05159,  -0.02041,   0.03867,  -0.01221,  -0.00892,  -0.00728,   0.03703,   0.04687,  -0.01385,   0.03374,  -0.03026,  -0.05323,   0.03374,   0.05508,  -0.00236,  -0.06636,  -0.00236,   0.01733,   0.05836,  -0.02041,   0.06492,  -0.01221,  -0.00072,   0.04359,   0.01405,   0.09939,  -0.00728,   0.04031,   0.04195,   0.01405,   0.04851,  -0.03190,  -0.03026,   0.00256,  -0.01549,  -0.08113,   0.03867,  -0.01713,   0.03867,   0.02062,   0.00585,   0.03374,   0.06657,  -0.00564,   0.07477,   0.02390,   0.02554,  -0.01549,  -0.03846,  -0.04667,   0.00256,  -0.05652,  -0.02205,  -0.00400,  -0.06308,  -0.02862,  -0.03518,  -0.03518,   0.03210,  -0.04339,  -0.00072,  -0.08934,   0.01077,  -0.06964,  -0.01385,   0.06164,  -0.00564,   0.07313,  -0.08113,  -0.04339,   0.02882,   0.01241,   0.02390,   0.00749,  -0.03846,   0.00749,  -0.05159,  -0.02369,  -0.02698,  -0.08441,   0.01569,  -0.04175,  -0.02698,  -0.01385,  -0.00564,   0.01241,   0.00092,   0.03374,  -0.01549,   0.06985,   0.01405,  -0.02205,   0.04687,  -0.02205,   0.03046,  -0.00072,  -0.00236,  -0.02205,   0.01405,   0.03374,  -0.03518,  -0.04010,   0.03703,   0.09446,  -0.01385
  -0.00564,  -0.02041,   0.05344,   0.08954,  -0.01713,   0.03703,  -0.00728,   0.03374,   0.01405,  -0.05159,  -0.04010,  -0.00892,   0.08626,   0.09118,  -0.05816,  -0.05652,   0.02718,  -0.04831,  -0.09426,   0.01733,   0.01733,   0.00749,   0.02062,  -0.00072,   0.02390,  -0.01385,   0.05344,  -0.01056,  -0.04995,  -0.02533,   0.05836,   0.03046,  -0.01221,   0.00913,  -0.07785,  -0.03682,  -0.05980,  -0.06800,   0.03539,   0.06164,   0.04687,  -0.05487,  -0.01713,  -0.09098,  -0.01221,   0.02718,   0.03374,  -0.00728,   0.05344,  -0.05487,   0.05508,   0.01569,  -0.05487,  -0.03026,   0.01569,   0.04523,  -0.05159,   0.02062,  -0.01549,   0.05508,   0.04359,   0.03210,   0.10923,  -0.05159,  -0.04503,  -0.06636,   0.10923,  -0.04667,  -0.04175,  -0.00728,  -0.00728,  -0.01549,   0.01077,   0.05344,   0.05344,  -0.03682,  -0.03518,  -0.04831,   0.02390,   0.01077,  -0.03846,  -0.00728,   0.00420,   0.11580,   0.00092,   0.06328,  -0.03682,   0.01733,  -0.01549,   0.02390,  -0.03026,  -0.01385,   0.00913,   0.06492,  -0.03682,  -0.03518,  -0.05980,  -0.03846,  -0.03846,  -0.03354,   0.00256,   0.00585,  -0.02205,  -0.01385,  -0.07293,  -0.05816,   0.06164,  -0.04503,  -0.04503,  -0.05323,  -0.06308,   0.01569,   0.04851,   0.02226,  -0.07457,  -0.03354,   0.03210,   0.04687,  -0.03518,   0.11252,   0.03539,  -0.00564,  -0.05980,  -0.09098,  -0.03518,   0.01241,  -0.02205,  -0.01221,   0.04851,   0.05836,  -0.03026,   0.06164,   0.01077,   0.01569,   0.01077,  -0.04010,  -0.03846,   0.04031,   0.00092,   0.04031,   0.03539,  -0.02205,  -0.07949,   0.07149,   0.02226,  -0.00072,  -0.01713,   0.03703,   0.02718,  -0.03846,  -0.02041,   0.00420,   0.00420,   0.03374,   0.01241,  -0.02205,  -0.00400,   0.00913,  -0.03846,  -0.00564,   0.00585,   0.08626,  -0.05652,  -0.02862,   0.03374,   0.06328,  -0.02533,   0.00256,   0.03046,  -0.10739,  -0.00236,  -0.01385,   0.04687,   0.01897,   0.11580,   0.07149,   0.03539,  -0.01877,   0.00092,   0.05344,  -0.04503,   0.00092,  -0.03190,  -0.06636,  -0.01877,   0.03374,   0.05508,  -0.08113,   0.06000,  -0.00564,  -0.08277,  -0.03354,  -0.08441,  -0.01056,  -0.05980,  -0.00400,   0.00913,  -0.00892,   0.00749,   0.01405,  -0.04339,  -0.04339,  -0.08605,  -0.02533,  -0.04667,  -0.01385,   0.00420,   0.01897,  -0.00400,  -0.03026,   0.01569,   0.02718,  -0.04503,  -0.00400,   0.01405,  -0.06308,   0.00420,  -0.00236,   0.00256,  -0.02369,  -0.01221,   0.03539,   0.00585,  -0.09590,  -0.04010,  -0.02205,   0.05836,   0.03374,  -0.04831,   0.00092,  -0.00892,  -0.04995,   0.02882,   0.02226,   0.02062,  -0.05652,  -0.02862,   0.03703,  -0.02698,  -0.02698,  -0.01056,   0.09446,  -0.03026,  -0.06472,   0.00913,  -0.06144,   0.00913,  -0.00728,  -0.07621,  -0.01056,   0.00092,  -0.00400,  -0.03682,   0.03046,  -0.00728,   0.02390,   0.00420,   0.04031,  -0.04831,   0.07477,   0.01897,   0.06821,  -0.05816,   0.00092,   0.03374,   0.04687,   0.02554,  -0.00728,   0.00092,   0.09611,  -0.01056,  -0.02041,   0.00256,   0.00749,  -0.03026,  -0.10903,  -0.00072,   0.00256,  -0.07293,  -0.00400,   0.02226,  -0.00072,   0.05016,   0.09446,  -0.04503,  -0.02369,   0.02718,  -0.04831,  -0.00892,   0.06164,  -0.04175,  -0.00072,  -0.00072,  -0.17796,   0.06164,   0.05180,   0.06164,   0.03374,  -0.03518,  -0.13529,  -0.01549,   0.00913,   0.00256,  -0.02041,   0.04687,  -0.06636,  -0.00072,  -0.00072,  -0.03354,   0.00092,   0.00092,  -0.04339,  -0.01713,   0.02390,   0.02062,  -0.03846,  -0.05816,  -0.02698,  -0.04175,  -0.00728,  -0.00728,  -0.02862,   0.01733,   0.01897,   0.01733,  -0.02698,  -0.00400,   0.04851,   0.02882,  -0.04339,  -0.00400,  -0.01877,   0.01077,  -0.07293,   0.01241,  -0.03682,  -0.00564,   0.02882,   0.01241,  -0.03682,   0.00749,  -0.02205,  -0.01549,  -0.01221,   0.06492,  -0.02041,   0.02718,  -0.00564,   0.05672,   0.03046,  -0.00400,  -0.05652,   0.06164,   0.02226,  -0.01385,  -0.02533,   0.01077,   0.04031,  -0.00564,  -0.04995,  -0.06636,   0.03703,   0.02718,   0.02390,   0.11416,  -0.02205,  -0.00728,   0.06328,  -0.04339,  -0.01221,   0.05016,  -0.09590,   0.06164,   0.05508,  -0.00400,   0.01733,   0.01897,  -0.01713,  -0.02041,   0.03539,   0.06000,  -0.04339,   0.02554,  -0.01221,   0.01733,  -0.02698,   0.04195,   0.02718,  -0.08113,   0.02390,   0.02390,   0.02882,  -0.01385,   0.04031,   0.03374,   0.00256,  -0.03354,  -0.02862,  -0.00072,  -0.01549,  -0.00564,  -0.00728,  -0.06964,  -0.04831,  -0.03682,   0.00585,  -0.03682,  -0.01221,  -0.01549,   0.09446,   0.07477,  -0.05323,  -0.01877,  -0.00236,  -0.00400,   0.00092,   0.06164,   0.03374,   0.04359,  -0.01385,   0.01405,   0.03867,  -0.02533,  -0.06472,  -0.05487,  -0.04503,  -0.02862,  -0.01056,  -0.05980,   0.07313,  -0.00400,   0.10923,   0.10267,   0.02554,  -0.00072,  -0.01877,  -0.02862,  -0.03682,   0.01569,   0.06164,  -0.02698,  -0.01056,  -0.06308,  -0.03846,  -0.05159,   0.00749,   0.04195,  -0.00400,  -0.05487,  -0.02205,   0.02882,   0.02226,   0.00420,   0.02882,   0.03703,  -0.01549,   0.04851,  -0.02041,   0.04687,   0.00092,   0.05508,  -0.02205,   0.01241,   0.05836,   0.00256,  -0.04175,  -0.00400,   0.04687,  -0.05487,   0.00585,   0.03210,  -0.01549,  -0.02862,  -0.05816,  -0.04667,   0.05016,  -0.04995,   0.00585,  -0.00892,   0.02390,   0.08626,   0.05672,   0.03210,  -0.01713,  -0.01877,   0.08298,  -0.00892,  -0.00072,  -0.00236,   0.00092,   0.02718,   0.01077,   0.04195,   0.00420,   0.02390,   0.03867,  -0.01385,   0.06657,  -0.00728,  -0.02698,  -0.00892,   0.01569,  -0.00564,   0.01405,   0.03210,  -0.06964,   0.01897,   0.01077,   0.03867,  -0.01221,   0.01733,  -0.04667,   0.00749,   0.03867,   0.00749,   0.00749,   0.05180,  -0.04010,  -0.03190,   0.03210,   0.02390,  -0.09426,  -0.01877,  -0.03682,  -0.02205,  -0.04667,  -0.04667,   0.03210,   0.01077,  -0.05816,  -0.01713,   0.05180,  -0.01549,   0.04687,  -0.06636,  -0.02205,  -0.06472,   0.01897,   0.10431,   0.02226,   0.02718,   0.00585,   0.06657,  -0.00728,   0.03374,  -0.03846,   0.04031,   0.01405,   0.00256,  -0.09098,  -0.02862,   0.01405,  -0.05816,   0.00256,   0.03539,   0.00913,  -0.04503,  -0.01877,   0.07149,   0.02390,   0.02718,   0.00092,  -0.00728,  -0.01221,  -0.03190,   0.02062,  -0.05980,   0.00749,  -0.07457,   0.13549,   0.00092,   0.01569,  -0.03190,  -0.06308,   0.05016,   0.02554,   0.02062,  -0.05980,   0.02226,  -0.01713,   0.07969,   0.00092,  -0.03846,   0.01733,  -0.03682,   0.02718,   0.05508,   0.05836,   0.02062,   0.01241,  -0.05487,  -0.08934,  -0.01221,   0.00256,  -0.00072,  -0.02862,  -0.02698,  -0.05487,   0.03539,  -0.01221,  -0.01385,   0.03867,   0.01241,   0.10267,  -0.03190,  -0.01713,  -0.05816,  -0.01549,   0.02718,   0.08954,   0.08626,   0.03539,   0.05344,  -0.00400,  -0.02369,  -0.05159,   0.06985,   0.02062,  -0.01877,  -0.03846,   0.01077,  -0.00236,  -0.02533,  -0.05816,   0.04359,   0.06985,   0.00420,  -0.04995,   0.00256,   0.01077,  -0.00072,   0.00092,   0.01077,   0.04523,  -0.03026,  -0.01713,   0.02062,   0.01897,   0.01897,   0.05016,  -0.03354,  -0.03190,   0.06657,   0.05672,  -0.00564,  -0.02369,   0.01733,   0.02390,  -0.03518,   0.01897,   0.08134,  -0.06800,  -0.04010,  -0.00564,   0.07641,  -0.00072,   0.04195,  -0.07457,   0.01077,  -0.07949,   0.11252,   0.06000,  -0.01221,   0.02882,   0.01733,  -0.06800,  -0.02698,   0.07805,  -0.00892,   0.07313,  -0.01056,   0.09939,  -0.03190,   0.09446,   0.02718,   0.05508,   0.05672,   0.02882,   0.04031,  -0.07785,  -0.02205,  -0.02862,   0.00256,  -0.05816,  -0.02533,   0.04851,   0.00585,   0.04359,   0.09775,  -0.04667,  -0.06308,  -0.00400,  -0.06964,  -0.00892,  -0.02205,  -0.03682,   0.01897,  -0.01385,   0.01241,  -0.04831,  -0.01713,  -0.00400,  -0.02369,   0.02882,   0.02554,   0.01241,  -0.03682,   0.01733,  -0.00400,   0.02554,  -0.00400,  -0.04995,   0.03703,  -0.01385,  -0.02041,  -0.09918,  -0.00728,  -0.00892,   0.00420,   0.00092,  -0.02698,   0.04195,  -0.03190,   0.02226,   0.00420,  -0.01713,   0.02226,   0.01733,   0.03210,  -0.02369,   0.05180,  -0.01713,   0.00420,   0.06328,   0.03867,  -0.05980,   0.01569,  -0.05323,  -0.04831,  -0.02698,  -0.04175,  -0.04831,  -0.05487,   0.03374,   0.00256,  -0.05159,  -0.01877,   0.02554,   0.00585,  -0.06636,   0.03210,   0.05672,  -0.12052,   0.02882,  -0.03846,   0.11744,   0.04851,   0.01897,  -0.01549,   0.00256,  -0.04010,   0.02718,   0.00092,  -0.02862,   0.01897,   0.02554,   0.01733,  -0.02862,  -0.06308,  -0.04503,  -0.02862,  -0.00728,   0.01569,  -0.10903,   0.05508,   0.05344,  -0.04339,   0.01241,   0.06000,   0.01405,  -0.00072,  -0.02862,   0.02882,  -0.05159,  -0.03354,   0.04031,  -0.04010,   0.04687,   0.03210,   0.07477,   0.06821,  -0.02533,  -0.03518,  -0.01385,   0.01897,  -0.01877,   0.03046,  -0.02205,   0.03210,  -0.00400,   0.02062,   0.02390,   0.05508,  -0.01056,  -0.02369,   0.02718,  -0.05652,   0.13877,   0.03539,   0.03046,  -0.06472,  -0.01549,   0.03210,  -0.01385,   0.01241,  -0.01877,  -0.00236,  -0.01549,   0.01405,   0.06821,   0.09446,   0.01241,   0.04359,   0.03703,   0.00749,  -0.05159,   0.07641,   0.08134,   0.00256,   0.03703,  -0.00892,  -0.03354,   0.01077,  -0.04667,   0.00913,   0.03210,   0.01405,   0.04195,   0.00913,  -0.00400,  -0.03190,  -0.03846,  -0.01221,   0.03374,   0.07641,   0.05836,   0.01405,  -0.06308,  -0.04503,  -0.08934,   0.03046,   0.02718,  -0.00236,   0.07969,   0.03210,  -0.04831,  -0.00072,  -0.03846,  -0.02533,  -0.08277,   0.03539,   0.00749,  -0.03190,   0.04687,  -0.03026,  -0.05159,   0.05016,  -0.01877,   0.01077,  -0.01549,  -0.01221,   0.00913,   0.03046,   0.02062,  -0.01056,   0.01897,  -0.02369,   0.01569,   0.04523,  -0.03846,   0.04359,   0.06492,   0.06492,   0.04687,  -0.04995,   0.01241,   0.03210,   0.00256,   0.02882,   0.01241,   0.02554,   0.01897,  -0.06308,  -0.04010,  -0.02205,  -0.04831,   0.00420,   0.00092,  -0.03190,  -0.06636,  -0.00400,  -0.02041,  -0.05323,  -0.01549,   0.03374,  -0.01056,   0.01897,   0.04523,  -0.04175,   0.06492,   0.03374,   0.08134,   0.02062,  -0.09262,   0.01569,  -0.02369,  -0.04667,   0.05016,  -0.08277,   0.01569,  -0.01385,   0.05344,  -0.02041,   0.08134,  -0.01385,   0.05180,   0.07805,  -0.01713,  -0.03026,  -0.05487,   0.02554,  -0.03518,  -0.01713,  -0.03846,  -0.03846,  -0.00072,   0.01733,   0.00420,   0.01569,   0.03539,  -0.00728,   0.02062,   0.03703,  -0.01877,   0.03374,  -0.03354,   0.02554,  -0.01056,   0.03539,  -0.01713,   0.01241,  -0.02862,   0.03374,  -0.03846,  -0.01713,   0.03210,  -0.01221,   0.06657,   0.01569,   0.02718,  -0.02041,   0.00256,   0.00913,   0.03703,  -0.03518,   0.01569,   0.03374,  -0.05816,  -0.03026,  -0.00564,   0.01241,   0.01569,   0.00913,  -0.01056,  -0.02533,  -0.04503,  -0.02862,   0.04359,  -0.02369,   0.08626,  -0.04831,   0.04851,   0.03046,  -0.03682,   0.01569,   0.02062,   0.04195,   0.01569,   0.00092,  -0.03354,   0.00256,   0.06492,  -0.01056,  -0.02041,   0.10923,  -0.07129,   0.06000,   0.02226,  -0.05159,  -0.06308,   0.04687,  -0.00400,  -0.02205,   0.11580,  -0.02369,  -0.00728,   0.00749,  -0.01385,  -0.04339,  -0.03682,   0.03539,  -0.01549,  -0.00892,  -0.04010,  -0.07949,  -0.03354,   0.01569,   0.04359,   0.01241,   0.00256,  -0.04010,   0.08626,  -0.01385,  -0.03354
   0.01405,  -0.00892,   0.01569,  -0.00400,   0.01569,   0.00585,  -0.09426,  -0.00400,   0.04523,   0.03210,  -0.12872,   0.03374,  -0.00564,  -0.00400,   0.05344,  -0.08770,  -0.03190,  -0.04339,  -0.04831,  -0.02205,  -0.02205,   0.01733,  -0.02205,  -0.00564,  -0.05816,  -0.06800,  -0.07621,  -0.03518,  -0.05816,  -0.03682,   0.06000,   0.04359,  -0.03518,   0.09118,   0.04687,   0.02226,  -0.05487,   0.01733,  -0.02205,   0.01897,   0.03210,  -0.00564,   0.03703,  -0.02533,   0.04359,  -0.00564,   0.01405,   0.01897,  -0.05159,  -0.04831,  -0.02862,   0.04031,  -0.05816,  -0.02205,   0.06492,   0.04031,   0.03374,   0.03374,   0.01897,   0.03539,  -0.04175,  -0.06964,   0.03374,   0.06328,   0.04523,   0.02062,  -0.09426,  -0.04503,   0.01241,   0.03374,  -0.01713,   0.04851,   0.05180,  -0.01221,  -0.02533,  -0.00072,   0.01733,   0.00913,  -0.04175,  -0.01713,   0.08626,  -0.01385,   0.10595,  -0.01713,  -0.04339,  -0.00236,   0.08954,  -0.03190,   0.05180,   0.01897,  -0.00236,  -0.04831,  -0.01877,  -0.03026,  -0.02041,  -0.00072,  -0.01877,   0.07477,   0.02554,   0.04359,  -0.06308,  -0.00728,  -0.02369,   0.01897,  -0.00728,   0.01405,   0.01733,  -0.08441,  -0.03354,  -0.00728,   0.02554,   0.00256,  -0.01549,   0.05344,  -0.06472,   0.06985,   0.01897,   0.06657,  -0.02533,   0.04687,  -0.00236,   0.12400,  -0.03190,   0.01733,  -0.00728,   0.00256,  -0.08605,  -0.03518,   0.03046,   0.03867,   0.06328,   0.04523,   0.04523,  -0.02533,  -0.04667,  -0.04010,  -0.04010,  -0.00564,  -0.09262,  -0.07785,   0.01077,  -0.01056,  -0.03190,   0.04195,  -0.00728,  -0.06144,   0.04195,  -0.01713,   0.00256,  -0.07457,   0.02062,  -0.06144,   0.01077,   0.00913,   0.01077,  -0.04175,   0.00749,  -0.02698,  -0.03682,   0.01405,   0.00256,   0.04031,  -0.00236,  -0.00072,  -0.05980,  -0.04339,  -0.00400,   0.05180,   0.04195,  -0.01549,  -0.01385,   0.02718,  -0.02041,  -0.02533,  -0.05323,  -0.00400,   0.00585,  -0.06308,   0.01733,   0.04195,   0.03703,   0.06657,   0.05672,  -0.00564,  -0.04175,  -0.06308,  -0.01713,  -0.00892,   0.01241,  -0.04995,   0.00913,   0.04523,  -0.02862,  -0.08605,   0.00420,  -0.01385,  -0.11067,   0.04031,  -0.00728,  -0.03846,  -0.09262,   0.01405,   0.05344,   0.06821,  -0.04010,  -0.04831,  -0.08113,  -0.00072,  -0.09262,   0.02062,  -0.01385,  -0.12216,   0.04851,  -0.12380,  -0.01877,  -0.01713,  -0.02533,   0.01241,   0.00749,   0.04195,  -0.01713,   0.03539,   0.01569,  -0.06144,  -0.02041,  -0.03354,  -0.02205,  -0.00400,   0.01241,  -0.04010,  -0.02041,  -0.05323,  -0.01056,   0.01077,   0.04031,   0.00420,   0.04359,  -0.02862,  -0.06308,  -0.04175,  -0.07129,   0.03374,  -0.05652,   0.07805,  -0.04010,   0.02062,  -0.03518,  -0.02369,  -0.03190,  -0.02862,   0.01077,  -0.02369,  -0.01877,   0.01569,   0.08626,  -0.01549,   0.01897,  -0.00892,  -0.01221,   0.01077,  -0.04995,   0.03867,  -0.01549,  -0.02369,   0.00913,   0.01569,  -0.00892,  -0.03518,  -0.02533,  -0.00400,   0.01405,  -0.06636,   0.02554,   0.00749,   0.04851,   0.01077,  -0.03846,  -0.00892,  -0.00728,   0.07477,   0.08298,  -0.07621,   0.04687,  -0.03846,   0.00256,   0.07641,   0.00420,   0.08298,  -0.02205,   0.01733,  -0.02369,   0.06657,  -0.02369,  -0.04010,   0.00092,   0.04851,   0.00585,  -0.03846,   0.04031,   0.03867,   0.00256,   0.01077,   0.06657,   0.00749,   0.02390,  -0.01549,   0.02390,   0.03210,  -0.10411,  -0.06636,  -0.00236,   0.02390,   0.01241,  -0.05652,  -0.09098,   0.05836,   0.10431,   0.05016,  -0.00400,  -0.02533,   0.01241,  -0.00236,   0.00585,  -0.05323,  -0.01385,  -0.01549,  -0.03354,  -0.01385,   0.10431,  -0.06144,   0.01569,  -0.02041,   0.00585,  -0.02862,   0.04031,  -0.00728,  -0.05159,   0.00420,  -0.01056,   0.06164,  -0.00564,   0.04523,  -0.07621,  -0.05323,  -0.08277,   0.04031,  -0.01549,   0.03867,   0.00092,  -0.01056,  -0.05980,  -0.03518,   0.00585,  -0.02205,   0.01897,  -0.05159,   0.00092,   0.03374,   0.00749,  -0.02533,   0.01897,   0.05672,  -0.00236,  -0.03846,  -0.07949,   0.10595,  -0.04503,   0.03210,   0.06657,   0.00256,  -0.00072,   0.00749,  -0.05487,   0.00420,   0.07477,  -0.02862,  -0.01221,   0.03210,   0.00420,  -0.04503,  -0.00236,   0.05180,  -0.00564,  -0.02698,   0.07149,   0.10595,   0.05016,   0.01897,   0.08790,  -0.01056,  -0.02698,   0.03867,   0.08790,   0.02062,  -0.07949,   0.00256,   0.03867,  -0.00400,  -0.00236,  -0.00892,  -0.10903,  -0.03026,   0.04031,  -0.02533,  -0.00236,  -0.00072,   0.01241,   0.01405,   0.04031,   0.04031,   0.05016,  -0.01056,   0.01077,  -0.04831,   0.08954,   0.03210,   0.04359,   0.02062,  -0.02698,   0.01077,  -0.02369,   0.06328,   0.03210,  -0.02041,   0.01077,   0.07805,  -0.01549,   0.04851,   0.04195,  -0.03354,  -0.03026,  -0.02862,   0.03703,   0.03210,  -0.00564,  -0.07621,   0.03046,   0.00585,  -0.03190,  -0.01877,   0.02718,   0.01897,  -0.07621,  -0.04503,  -0.04667,  -0.00728,   0.01897,   0.02882,   0.06821,   0.00585,   0.06164,   0.03046,   0.01077,  -0.02041,   0.00749,   0.12565,   0.03210,  -0.10575,  -0.03518,   0.06000,  -0.06800,   0.00420,   0.01733,   0.06492,   0.01405,   0.04851,   0.05016,  -0.01056,  -0.05816,  -0.03354,   0.02390,  -0.01877,   0.00749,  -0.02041,   0.04195,   0.00256,   0.01733,  -0.00728,   0.04359,   0.05672,   0.00420,   0.04031,  -0.01056,  -0.00564,  -0.01877,   0.07805,  -0.05323,  -0.00728,   0.07477,   0.04195,  -0.01549,   0.04359,   0.06985,  -0.00400,   0.05508,  -0.02698,  -0.00072,  -0.03190,  -0.04503,   0.03046,   0.00420,  -0.04339,   0.03703,  -0.01877,  -0.03518,   0.03046,   0.07969,  -0.00564,   0.05180,   0.00585,   0.03703,   0.02554,   0.00913,   0.04031,   0.03539,  -0.06144,   0.06492,   0.02390,   0.01077,   0.04851,   0.04195,  -0.03190,  -0.06144,   0.04523,  -0.02205,   0.11416,   0.04195,   0.00749,   0.04523,  -0.03518,  -0.02041,  -0.04010,   0.05344,   0.01569,   0.10103,   0.00913,  -0.04995,   0.02718,  -0.00400,  -0.00236,  -0.02533,  -0.05816,  -0.03518,   0.05836,  -0.00728,  -0.00728,  -0.09098,  -0.03518,   0.04031,   0.04851,   0.02882,   0.05836,   0.00585,  -0.00236,   0.06000,   0.03210,   0.03703,   0.04687,  -0.02369,   0.03046,   0.02390,  -0.04667,  -0.09754,  -0.00400,   0.03210,  -0.04010,  -0.06964,  -0.03682,   0.02718,   0.07805,   0.06657,   0.06657,  -0.01221,  -0.02698,   0.05344,   0.02226,  -0.06308,  -0.01221,   0.02882,  -0.10411,  -0.03026,  -0.01713,   0.01569,  -0.00400,   0.07805,  -0.04010,  -0.01221,  -0.03190,   0.00913,   0.01077,  -0.02698,   0.02718,  -0.02533,   0.08298,   0.03867,  -0.01877,   0.02554,  -0.00072,   0.03539,   0.04851,   0.01897,   0.04523,  -0.07621,  -0.00236,   0.00092,   0.05180,   0.06492,  -0.02533,   0.07477,   0.02718,  -0.04831,  -0.00400,   0.02062,  -0.01221,  -0.06636,   0.10267,   0.00585,  -0.05652,  -0.04667,  -0.04995,   0.10923,   0.03867,   0.05672,   0.04851,   0.02390,   0.01569,  -0.09754,  -0.00072,  -0.04175,   0.03374,  -0.01549,  -0.04503,  -0.03846,  -0.00564,  -0.05652,   0.06821,  -0.07457,   0.02062,   0.04523,  -0.05159,   0.08134,  -0.05323,  -0.06144,   0.00585,  -0.03846,  -0.00236,   0.00420,  -0.04831,   0.08954,  -0.01056,  -0.09754,  -0.04831,  -0.00400,  -0.05816,  -0.01221,   0.08134,  -0.01385,   0.02062,   0.05344,  -0.00400,   0.04687,   0.02226,   0.02390,   0.04359,  -0.00892,   0.06164,  -0.00072,   0.02554,  -0.00564,   0.04851,   0.01077,   0.02882,   0.02390,  -0.06308,   0.02390,  -0.00236,   0.03046,   0.06657,  -0.00236,  -0.00072,  -0.04995,   0.04523,   0.00913,   0.01241,  -0.00892,  -0.02698,  -0.01221,   0.05344,   0.06328,   0.03374,   0.02718,  -0.04339,   0.05344,   0.05180,  -0.04831,  -0.02862,  -0.03518,  -0.02205,   0.00585,   0.05344,  -0.06964,   0.04359,  -0.03518,  -0.02369,  -0.01056,  -0.01877,   0.04195,   0.00585,  -0.05980,  -0.03682,  -0.00728,   0.02554,  -0.00236,  -0.07621,   0.01733,  -0.00400,   0.04851,  -0.02698,  -0.03518,   0.04031,   0.00256,  -0.00400,  -0.02041,   0.04031,   0.00256,   0.03374,  -0.02698,  -0.03354,   0.01405,   0.03867,   0.00913,   0.03046,  -0.04831,   0.08298,  -0.04503,   0.00092,   0.00913,  -0.00072,  -0.01056,  -0.03354,  -0.00564,   0.06000,   0.00256,   0.00749,   0.03374,   0.08298,   0.00092,   0.07805,   0.05016,  -0.03682,   0.01897,   0.00585,  -0.06800,  -0.04010,   0.02882,   0.06164,   0.03046,   0.02882,  -0.02369,  -0.03682,   0.00585,  -0.00072,   0.02882,   0.05344,  -0.02533,  -0.02205,  -0.00400,  -0.02698,   0.01241,   0.09446,  -0.04175,   0.00913,   0.04359,   0.00256,  -0.02533,  -0.03846,   0.01405,   0.02062,  -0.04175,  -0.08605,   0.03374,  -0.01877,   0.02390,   0.03539,   0.03539,  -0.00564,  -0.11395,  -0.01713,   0.06164,   0.02718,   0.01405,  -0.02533,   0.06328,  -0.06964,  -0.01713,   0.03374,  -0.00728,  -0.00400,   0.07149,   0.02718,   0.02390,   0.00749,  -0.04831,   0.03046,  -0.09590,  -0.02369,   0.05016,  -0.00236,  -0.02533,  -0.03354,   0.04523,   0.06164,  -0.00072,   0.01897,   0.01405,   0.05344,   0.05344,  -0.03518,   0.03539,  -0.03354,   0.01241,   0.00585,  -0.03026,   0.04851,   0.01241,   0.02554,  -0.02698,   0.05344,   0.05344,  -0.01549,  -0.01221,   0.01897,  -0.07293,  -0.01877,  -0.08605,  -0.02369,  -0.01385,   0.04359,   0.00092,   0.11252,   0.08134,   0.01405,   0.03046,   0.03046,  -0.00400,   0.01405,   0.04195,  -0.00892,   0.03703,   0.02390,  -0.04667,   0.03210,   0.08134,  -0.03518,  -0.04010,   0.10595,  -0.03518,  -0.04995,   0.02226,  -0.10082,  -0.06472,   0.00420,   0.05180,  -0.00728,   0.00585,   0.01733,  -0.00400,  -0.01713,   0.00749,   0.02390,   0.02882,   0.02062,   0.12400,   0.03210,  -0.04667,  -0.00564,  -0.04667,  -0.03846,   0.02226,  -0.01713,   0.08954,  -0.05323,  -0.02533,   0.00913,  -0.01713,   0.02390,  -0.03354,   0.02718,  -0.03846,   0.00585,   0.03046,   0.05836,   0.00913,  -0.03026,   0.01405,   0.04687,  -0.07129,   0.06985,   0.03374,   0.02718,  -0.01385,  -0.06800,  -0.05980,  -0.04175,  -0.01385,   0.00749,  -0.00728,   0.06164,   0.03210,   0.04687,   0.07805,   0.02718,   0.01733,   0.11744,   0.01569,   0.06328,   0.00256,   0.00420,  -0.04503,   0.01077,   0.02718,  -0.04831,  -0.00400,  -0.02698,   0.00256,   0.06000,  -0.04995,  -0.06144,   0.05016,  -0.02698,   0.06985,  -0.06636,  -0.02369,  -0.00892,  -0.06636,   0.08462,   0.00913,   0.01733,  -0.00892,  -0.06144,   0.02718,  -0.01385,  -0.04175,  -0.00728,   0.00256,   0.00585,  -0.01877,  -0.02205,   0.00585,   0.03867,   0.03703,   0.01241,  -0.04831,  -0.08441,   0.00256,   0.00256,   0.04851,  -0.00400,   0.06985,   0.03539,  -0.07949,  -0.01549,   0.04687,   0.03210,  -0.04010,   0.04031,  -0.05487,  -0.01385,  -0.05816,  -0.04503,   0.04195,  -0.02205,   0.06000,  -0.02205,  -0.05159,  -0.00564,  -0.07293,  -0.04995,   0.00420,   0.03046,  -0.05980,  -0.01877,  -0.00728,   0.06492,  -0.00072,  -0.04995,   0.01405,  -0.02533,   0.02718,  -0.01877,   0.00913,  -0.04995,   0.02390,  -0.06472,   0.08954,  -0.08113,   0.01733,  -0.04339,   0.01569,   0.00749,   0.02882,  -0.02041,  -0.07293,   0.06821,   0.01241,  -0.07457,  -0.00236,  -0.01713,  -0.00072,   0.00749,  -0.02862,  -0.05159,  -0.01385,   0.00913,   0.01077,   0.01241,  -0.04831,   0.06821,  -0.04667,   0.03539,   0.08134,   0.02718,   0.00749,  -0.08441
  -0.04339,  -0.01056,   0.04523,  -0.04175,   0.01077,  -0.05652,  -0.00236,  -0.01549,  -0.03682,   0.01241,  -0.02862,   0.02882,   0.01241,   0.00913,  -0.02369,  -0.02698,   0.04523,   0.00256,   0.00256,   0.05180,   0.11088,   0.01569,   0.04523,   0.02718,   0.07477,   0.03046,  -0.01056,  -0.02041,   0.03703,   0.01077,   0.01077,  -0.01713,   0.02226,  -0.04010,   0.04195,   0.06492,   0.06492,   0.02226,  -0.00892,   0.05180,   0.05016,   0.01405,   0.01569,  -0.01713,   0.01569,   0.02718,   0.00585,  -0.01549,  -0.00236,   0.05180,   0.04687,  -0.05323,  -0.05816,  -0.01549,  -0.02698,  -0.07785,  -0.05487,   0.05180,  -0.07293,  -0.04175,   0.01405,   0.00749,   0.09118,  -0.01385,  -0.04667,   0.01405,  -0.00892,   0.01077,   0.02226,   0.01077,   0.02554,   0.01241,  -0.02041,   0.07969,  -0.04995,   0.02718,   0.04195,  -0.02205,  -0.06472,  -0.02205,  -0.01713,   0.03374,   0.04851,  -0.06964,   0.03539,   0.07149,   0.02718,   0.03046,  -0.00236,   0.01405,  -0.01056,   0.01569,   0.06328,  -0.03190,  -0.02205,   0.00092,   0.10103,   0.09775,  -0.00072,  -0.02862,   0.05344,   0.07641,   0.00092,   0.01897,   0.09282,  -0.04175,   0.05180,   0.03046,  -0.02698,   0.01241,  -0.01385,  -0.02698,   0.01241,  -0.00728,  -0.00072,   0.03867,  -0.03026,   0.01569,   0.00420,  -0.01877,  -0.03354,   0.11252,   0.10267,  -0.00072,   0.05672,  -0.00564,   0.03210,   0.04851,   0.05836,  -0.05159,   0.00913,   0.04359,   0.03867,   0.05016,   0.00913,   0.04359,   0.08298,  -0.04503,   0.01241,  -0.04831,   0.10759,  -0.03518,  -0.07457,  -0.06472,  -0.00072,  -0.01385,  -0.05652,   0.06328,   0.03703,   0.02718,  -0.04503,   0.06985,   0.00420,  -0.02041,  -0.04175,   0.06328,   0.00749,  -0.07785,   0.00585,  -0.03846,  -0.05980,   0.04359,  -0.07785,  -0.04175,   0.01733,  -0.06308,   0.00092,  -0.02369,  -0.05323,   0.03539,   0.05344,  -0.03190,  -0.03846,  -0.00728,   0.03046,  -0.03682,   0.03046,  -0.01713,   0.03046,  -0.03682,  -0.01713,  -0.04995,  -0.03518,  -0.00072,  -0.01385,  -0.04995,  -0.10575,   0.08790,   0.02226,  -0.02205,   0.05344,   0.00092,   0.07477,   0.04359,  -0.02698,   0.00256,   0.01241,  -0.00236,   0.02226,   0.00749,   0.03539,  -0.05980,  -0.01877,  -0.03190,   0.03703,  -0.03354,   0.00092,   0.00749,  -0.00072,  -0.07293,   0.01569,   0.05508,   0.10103,  -0.04831,  -0.04339,  -0.11067,   0.07313,  -0.04831,  -0.09754,   0.02554,   0.06657,  -0.03354,  -0.00892,  -0.03354,   0.05180,   0.03046,   0.08626,   0.00749,   0.00256,  -0.10247,  -0.00564,  -0.01221,   0.03867,   0.04031,  -0.04503,   0.02062,   0.07969,  -0.03354,   0.10923,   0.01569,   0.04687,   0.04031,  -0.11395,  -0.04503,  -0.01221,   0.02554,   0.02226,   0.00913,   0.02062,  -0.07949,  -0.15170,  -0.02369,  -0.06964,   0.00585,   0.00585,   0.03867,   0.02554,   0.00420,  -0.04339,  -0.01877,   0.00092,  -0.03190,  -0.03026,  -0.01385,   0.03374,   0.06492,   0.07149,  -0.00236,   0.02718,  -0.05652,   0.01405,   0.00092,  -0.04667,  -0.02862,  -0.03026,  -0.01549,   0.04195,   0.02390,   0.00749,  -0.06800,   0.02390,  -0.05323,   0.02390,  -0.01056,   0.08790,   0.02390,   0.02554,   0.06000,   0.04359,  -0.06800,   0.00585,  -0.06308,   0.01733,  -0.00400,   0.01077,   0.04359,  -0.00564,  -0.00236,  -0.02369,  -0.04831,   0.04523,   0.07313,  -0.00072,  -0.05816,   0.03539,  -0.06308,  -0.01713,  -0.04175,   0.06821,   0.02718,  -0.01877,   0.00256,  -0.00072,  -0.00236,  -0.01056,  -0.08441,   0.03374,   0.07805,  -0.06636,   0.01569,   0.00913,  -0.04503,  -0.03846,  -0.00072,  -0.05487,  -0.00400,   0.02062,   0.07477,   0.05016,   0.08462,   0.04195,   0.05508,  -0.02369,  -0.07293,   0.01733,  -0.00728,   0.03210,   0.02718,  -0.04831,   0.01569,  -0.01221,  -0.03518,  -0.03846,   0.05180,   0.02554,  -0.04339,  -0.00236,   0.04687,   0.00585,  -0.01877,   0.01569,  -0.02041,  -0.03354,   0.03374,  -0.05159,  -0.04503,  -0.01549,  -0.05323,  -0.05159,  -0.00564,   0.05672,   0.04687,   0.01405,  -0.04667,  -0.02698,   0.09775,   0.04031,  -0.00728,   0.00420,   0.05344,  -0.00728,  -0.01221,   0.04359,  -0.02369,   0.00420,   0.01733,  -0.03518,  -0.01877,   0.07313,   0.00585,   0.02554,   0.02062,   0.02226,   0.02062,   0.01897,  -0.01056,  -0.05323,  -0.02205,   0.02718,   0.00420,   0.02390,  -0.03354,  -0.01549,   0.01241,  -0.00728,   0.00749,  -0.01877,  -0.02205,  -0.02533,  -0.06144,  -0.04010,   0.00256,  -0.00072,   0.04195,   0.01077,   0.06492,  -0.02862,  -0.01056,  -0.04503,  -0.02041,  -0.02533,  -0.04831,  -0.03682,  -0.08441,  -0.06636,   0.01569,  -0.03518,   0.04359,   0.04523,  -0.04667,  -0.06144,  -0.01221,   0.04031,   0.00092,   0.00585,  -0.05487,  -0.07293,   0.01733,  -0.00072,   0.08462,   0.01897,   0.00092,   0.01733,   0.00420,   0.01405,   0.01241,   0.01405,   0.01241,   0.04195,  -0.04995,   0.03867,  -0.07293,   0.00913,  -0.10247,  -0.02862,   0.00749,   0.02718,   0.02062,   0.01733,   0.00585,   0.08298,  -0.02369,  -0.01713,   0.13221,   0.03374,  -0.04010,  -0.01221,   0.01733,  -0.03354,   0.01569,  -0.03190,  -0.01713,  -0.02205,   0.00585,   0.04195,   0.03539,   0.03210,  -0.02533,   0.02062,  -0.01056,  -0.07129,   0.00092,   0.00913,  -0.00400,   0.00585,   0.05180,  -0.01221,  -0.03518,   0.01897,  -0.07457,  -0.02533,   0.00256,  -0.02369,   0.04195,  -0.01056,   0.02882,  -0.02205,  -0.05159,   0.04523,   0.00092,   0.02554,  -0.02533,   0.03539,   0.02718,   0.00420,   0.02226,   0.00092,  -0.00564,  -0.00564,  -0.05487,  -0.06144,  -0.00072,  -0.01221,   0.01733,  -0.00728,  -0.01221,   0.04687,   0.03539,   0.01897,   0.05508,  -0.00072,   0.00256,  -0.04995,  -0.01713,  -0.05652,  -0.00728,  -0.04010,  -0.03518,   0.07969,  -0.01713,  -0.03682,  -0.02533,   0.03374,   0.03210,   0.06657,  -0.00400,  -0.02205,   0.00749,   0.04031,   0.02062,  -0.02698,  -0.03190,  -0.01056,   0.04851,   0.00913,  -0.00236,  -0.04831,  -0.02862,   0.02554,  -0.02369,   0.01241,   0.01077,   0.06821,  -0.02041,  -0.01056,   0.01733,  -0.00236,   0.07149,   0.01897,  -0.03354,   0.02390,  -0.03518,  -0.04175,   0.08626,   0.00256,   0.01077,   0.04359,  -0.00072,  -0.04339,   0.06657,   0.07149,  -0.08277,  -0.06308,   0.08626,  -0.02533,   0.00092,   0.07805,  -0.06472,   0.06821,   0.00749,  -0.06472,  -0.04667,   0.12400,   0.05836,  -0.00564,  -0.00564,   0.01569,   0.00420,  -0.05816,   0.04687,   0.02882,   0.08298,  -0.03518,   0.02226,   0.00420,  -0.03846,   0.02062,   0.02718,   0.01405,  -0.10575,   0.01569,   0.01569,  -0.01877,  -0.04175,   0.06657,   0.01733,   0.03210,  -0.00072,  -0.04667,   0.02226,  -0.01713,   0.02062,   0.01405,  -0.01056,   0.03210,   0.00092,   0.01077,  -0.02698,   0.01733,  -0.02205,  -0.02205,   0.00420,   0.03046,   0.03374,   0.00256,   0.11252,  -0.01056,   0.03210,   0.01241,  -0.02533,   0.01241,   0.01897,  -0.00400,   0.03374,   0.02390,   0.05836,  -0.01221,  -0.01385,   0.00420,   0.13877,  -0.02369,  -0.02041,  -0.02041,   0.00256,  -0.04339,   0.03703,   0.05836,  -0.03190,   0.03539,  -0.02698,   0.01077,  -0.01713,   0.05836,  -0.04667,  -0.04175,   0.08790,   0.01569,   0.08298,   0.01405,  -0.01877,  -0.03354,  -0.04339,   0.04687,  -0.01221,   0.04359,  -0.02698,  -0.01549,  -0.02862,   0.08954,  -0.04503,   0.07641,  -0.06308,  -0.06800,   0.01077,  -0.04503,   0.00092,  -0.02369,   0.01733,   0.00913,   0.02882,   0.03703,  -0.00400,   0.00585,   0.00256,  -0.07457,   0.00913,   0.02882,   0.04195,  -0.06308,   0.04687,   0.02882,   0.07313,  -0.11067,   0.02062,  -0.05652,  -0.07621,  -0.02369,   0.04523,   0.03539,   0.07149,   0.02390,   0.02062,  -0.02533,  -0.01385,   0.02390,   0.04031,   0.02718,   0.02062,  -0.02533,  -0.04339,  -0.01385,  -0.00728,  -0.00728,  -0.07457,  -0.01385,   0.05344,   0.00585,  -0.06308,  -0.05652,   0.00256,   0.00585,  -0.05159,  -0.02862,   0.00585,  -0.02862,   0.07313,   0.01569,  -0.00072,   0.07805,   0.02226,  -0.00728,  -0.05652,   0.06492,   0.05344,   0.07969,  -0.00728,   0.02062,  -0.00892,   0.01405,  -0.05323,   0.02718,  -0.00236,  -0.06800,   0.01405,   0.00092,   0.03867,   0.05016,  -0.02862,   0.01405,  -0.03682,   0.05836,  -0.00072,  -0.05487,   0.02554,   0.06492,   0.06328,  -0.00728,  -0.00236,  -0.00236,   0.03374,  -0.02862,   0.04687,   0.00256,   0.00585,   0.03374,   0.05016,  -0.00892,   0.06328,   0.14862,   0.04195,   0.01077,  -0.03518,   0.06164,   0.03210,  -0.01221,   0.01077,   0.05180,  -0.05980,   0.04031,   0.03703,   0.01405,  -0.00400,   0.10267,   0.00256,  -0.01221,   0.00913,   0.07149,  -0.03682,   0.00749,  -0.07785,  -0.05159,   0.03703,  -0.00564,   0.03539,  -0.00892,   0.05836,   0.05508,   0.04687,  -0.00564,  -0.06800,  -0.01221,  -0.04339,   0.01733,  -0.02698,  -0.04010,   0.03867,   0.00913,   0.02882,   0.01077,  -0.04175,   0.08298,  -0.05323,  -0.06144,  -0.02205,   0.06164,   0.03046,  -0.05980,   0.07313,  -0.03846,  -0.02369,   0.05016,   0.02718,  -0.04175,  -0.03682,  -0.05816,  -0.02533,   0.09939,  -0.01549,  -0.06964,   0.05344,  -0.04010,   0.01897,  -0.00236,   0.03703,   0.03046,  -0.08934,  -0.01713,   0.01897,   0.00256,  -0.03026,  -0.05323,   0.02226,  -0.01549,   0.02226,   0.04195,   0.07149,   0.00092,  -0.00400,   0.01897,   0.03374,   0.05016,  -0.02698,  -0.05323,  -0.04010,  -0.00400,  -0.04667,  -0.00564,  -0.04831,   0.06000,  -0.00728,  -0.04503,  -0.00400,   0.09446,  -0.04831,  -0.03190,  -0.02533,  -0.00236,   0.04031,   0.07641,   0.03703,   0.01733,  -0.04995,  -0.02698,  -0.05652,   0.02554,   0.03210,   0.01733,   0.05344,   0.03210,   0.01077,   0.03539,   0.01241,   0.02718,   0.06000,   0.07805,  -0.03518,   0.03046,   0.06000,  -0.00892,   0.02390,   0.01241,   0.00585,  -0.02698,   0.11744,   0.00256,  -0.01056,   0.10595,   0.05016,   0.05180,   0.00092,  -0.01056,  -0.05159,  -0.10411,  -0.01549,  -0.04339,   0.01241,   0.01733,  -0.02862,  -0.00400,  -0.01549,  -0.05323,  -0.00564,   0.09118,   0.02226,   0.04851,   0.02390,   0.00092,  -0.04175,   0.00420,  -0.05487,   0.11252,   0.00913,   0.00256,  -0.00728,   0.01241,  -0.08113,  -0.04503,  -0.01713,   0.06000,   0.08790,  -0.07457,   0.03867,   0.02882,  -0.02041,  -0.01877,   0.02062,   0.03539,  -0.00564,   0.00256,   0.02390,   0.05836,   0.01405,   0.01733,  -0.01549,  -0.02698,  -0.01056,   0.01241,   0.03210,  -0.00728,   0.06000,  -0.01385,   0.01241,  -0.06636,   0.01897,  -0.09918,  -0.12544,   0.01733,  -0.01713,  -0.01549,   0.03210,  -0.00728,   0.10431,   0.03210,  -0.05487,  -0.00564,  -0.01056,   0.14370,  -0.04175,   0.04687,   0.05672,  -0.02369,  -0.01549,   0.04687,  -0.01385,  -0.00728,   0.02390,  -0.02205,  -0.01713,  -0.00892,  -0.01549,  -0.01056,   0.07149,   0.05672,   0.05672,   0.06985,  -0.03190,   0.01569,  -0.04995,  -0.03190,  -0.00728,  -0.00236,   0.10103,   0.01077,   0.01733,   0.00585,   0.02882,  -0.03026,   0.07313,  -0.09262,  -0.06800,  -0.04831,  -0.07293,   0.00092,  -0.01713,   0.06000,   0.02226,   0.01241,  -0.04339,  -0.00728,  -0.01877,  -0.08277,  -0.00400,  -0.01877,  -0.02862,   0.00092,   0.02226,  -0.00728,   0.05180,  -0.04010,   0.04851,  -0.04667,   0.06657,  -0.04175,   0.05016,   0.02554,  -0.00400,  -0.02041,   0.03703,  -0.02369,   0.00585,  -0.06636,  -0.02862,   0.00420,  -0.05652
   0.00913,  -0.08441,   0.02554,  -0.05159,   0.03046,   0.05672,   0.03210,   0.07969,  -0.01385,   0.07641,   0.06164,  -0.01549,  -0.06800,   0.08626,  -0.03518,  -0.03518,   0.01897,  -0.02862,  -0.00728,   0.00913,   0.00913,   0.07313,   0.02718,   0.03867,  -0.03354,  -0.10082,   0.00256,  -0.07129,  -0.03682,   0.02390,  -0.04503,   0.10923,  -0.01221,   0.02554,   0.01405,   0.06164,  -0.02369,   0.02554,  -0.04010,  -0.04503,   0.02226,   0.03867,  -0.10739,  -0.04995,   0.06164,   0.07313,   0.04359,   0.02062,   0.04523,  -0.05816,  -0.00072,   0.03867,   0.03046,   0.00585,   0.02226,  -0.05652,   0.01241,  -0.00400,   0.01241,   0.02718,  -0.00892,  -0.04010,   0.06164,   0.00749,  -0.05487,   0.01569,  -0.00236,   0.03374,   0.04851,   0.01241,   0.02718,   0.01241,  -0.08113,   0.02226,   0.03374,   0.07149,   0.02718,   0.00585,  -0.06800,   0.05016,  -0.00728,   0.00749,  -0.01221,   0.02718,  -0.10411,   0.04851,  -0.02369,   0.00585,  -0.03190,   0.02062,  -0.00564,  -0.08277,  -0.06472,   0.09611,  -0.00892,   0.05016,   0.03046,   0.04687,  -0.01877,   0.00420,   0.07641,   0.00585,   0.03046,   0.04195,   0.02390,   0.06000,   0.09282,   0.01241,   0.07805,   0.01077,  -0.01713,  -0.03682,  -0.03190,   0.00092,  -0.01713,   0.01733,  -0.01877,   0.12893,   0.03210,   0.03374,  -0.00072,  -0.00728,  -0.00072,   0.01897,  -0.01385,   0.09775,   0.03867,   0.00913,  -0.04667,  -0.01056,  -0.00564,  -0.05487,   0.01405,   0.04687,   0.00913,   0.00420,   0.00749,   0.04195,  -0.07129,   0.02226,   0.06985,   0.05180,   0.02226,   0.04195,   0.06657,   0.02718,   0.01077,  -0.02698,   0.01569,  -0.00728,  -0.03682,   0.01077,   0.00913,  -0.03026,   0.01569,  -0.10575,  -0.03026,   0.00420,  -0.04831,  -0.04010,   0.00585,  -0.01385,  -0.04175,  -0.01877,   0.02718,  -0.06308,  -0.01056,   0.05344,  -0.04831,  -0.00564,   0.10103,  -0.00728,   0.02226,   0.00749,  -0.02369,  -0.02533,   0.11416,   0.08298,   0.01569,   0.00420,   0.02226,  -0.03026,  -0.05980,   0.02226,  -0.10575,   0.00913,  -0.02533,   0.01077,  -0.02041,   0.02390,   0.03046,   0.01733,  -0.00564,   0.02554,   0.00256,   0.04687,  -0.00892,   0.03046,   0.00420,  -0.01877,   0.01897,  -0.01713,   0.02226,  -0.00400,  -0.03682,   0.02062,  -0.00564,   0.05672,   0.00913,   0.00092,   0.03210,  -0.02041,   0.05508,   0.01569,  -0.00236,   0.02226,   0.01077,   0.02554,   0.00256,   0.04687,  -0.06964,   0.04359,  -0.00564,  -0.08770,  -0.04831,  -0.05159,   0.01733,   0.01241,  -0.00728,   0.05508,  -0.03682,  -0.07949,  -0.00892,   0.03867,  -0.04503,  -0.00728,  -0.02041,  -0.03846,   0.02226,   0.00913,  -0.02041,   0.04687,  -0.03354,  -0.05487,  -0.00564,  -0.04339,  -0.10739,  -0.04995,   0.02882,  -0.03846,   0.03046,   0.01405,  -0.07785,  -0.00564,  -0.04339,   0.03374,  -0.03190,   0.00256,  -0.00564,   0.00420,   0.02718,  -0.10575,  -0.00892,  -0.05980,   0.02390,   0.02226,  -0.02041,   0.03539,  -0.03518,   0.03867,  -0.00728,  -0.05487,  -0.05816,  -0.01056,  -0.01221,   0.02390,   0.01733,  -0.00728,   0.05016,   0.03539,   0.09118,   0.00913,  -0.05816,  -0.05652,  -0.05159,  -0.03518,   0.04523,  -0.02041,  -0.07293,  -0.03846,  -0.03190,   0.08298,  -0.00236,   0.04523,  -0.04831,   0.02226,   0.00585,   0.09775,  -0.01221,  -0.01877,   0.02554,   0.02882,   0.03703,  -0.01713,  -0.05652,   0.07805,   0.03046,   0.03539,  -0.03354,  -0.05816,   0.02226,   0.04851,   0.00913,  -0.01713,  -0.01877,   0.07641,   0.08790,   0.03867,   0.04031,  -0.05487,  -0.00236,   0.03867,  -0.00892,   0.02226,  -0.08441,   0.10267,   0.02390,  -0.04339,   0.06492,  -0.06636,   0.00092,   0.02226,   0.02062,   0.02718,  -0.01549,  -0.03518,   0.04687,  -0.00400,   0.00092,  -0.00728,   0.03374,  -0.04667,  -0.02533,  -0.02533,  -0.01221,  -0.01221,   0.05508,  -0.00892,  -0.01713,   0.01733,   0.08462,   0.03703,   0.04523,   0.01733,   0.00092,  -0.05980,  -0.03518,  -0.01549,   0.03703,  -0.02205,   0.05180,   0.01569,   0.03703,  -0.05816,   0.07969,  -0.02698,  -0.03518,  -0.00236,  -0.03354,   0.00585,  -0.04831,  -0.02041,  -0.08277,   0.09446,   0.00749,   0.00256,   0.03539,  -0.02698,   0.06821,   0.03374,  -0.01056,  -0.03026,  -0.00728,   0.00749,  -0.01877,   0.03046,  -0.05816,   0.04031,   0.01569,  -0.02041,  -0.04175,   0.00913,  -0.00564,  -0.06472,  -0.11395,   0.01241,  -0.00564,  -0.00072,  -0.00564,  -0.09262,  -0.01221,   0.03374,   0.04359,  -0.00236,  -0.04667,   0.01241,  -0.00400,   0.04687,  -0.03190,  -0.03682,   0.01569,   0.05672,  -0.00236,   0.03539,   0.05016,   0.03374,   0.02882,   0.05836,   0.00420,  -0.06800,  -0.00564,  -0.00400,   0.04851,  -0.04175,   0.00749,   0.05672,  -0.07785,   0.07313,   0.02226,   0.09282,   0.01569,   0.02882,   0.07149,   0.03374,   0.04195,   0.03539,   0.01569,  -0.01877,  -0.10082,  -0.09098,   0.04523,  -0.00072,   0.02390,   0.00585,   0.00749,   0.10267,   0.06000,  -0.01385,   0.03046,  -0.00072,   0.04523,  -0.01056,   0.01733,  -0.03518,  -0.02533,   0.00585,  -0.06800,   0.04687,   0.03867,  -0.03354,   0.02226,   0.02882,  -0.04831,   0.04851,   0.02062,  -0.03026,   0.00256,   0.04195,  -0.00564,   0.00420,  -0.00892,   0.02226,  -0.00072,  -0.01877,  -0.01549,   0.03703,  -0.02205,   0.00256,   0.00092,   0.02226,   0.00256,   0.07477,   0.03046,  -0.05652,   0.02390,  -0.00236,   0.03539,   0.02390,  -0.02698,  -0.00892,  -0.01385,  -0.02369,  -0.02698,  -0.00564,   0.09282,  -0.00728,  -0.00072,   0.06492,  -0.05323,  -0.06800,   0.04687,   0.09611,   0.03210,  -0.00072,  -0.08605,  -0.02369,   0.02062,   0.03867,   0.02390,  -0.00564,   0.02062,  -0.00892,   0.04851,   0.09939,   0.00092,   0.03374,   0.06985,   0.01897,  -0.06800,   0.04851,  -0.04175,  -0.02041,  -0.00892,   0.02718,  -0.01877,   0.00585,   0.02062,  -0.03846,  -0.00072,   0.01241,   0.07149,   0.01733,   0.02554,   0.00749,   0.07313,   0.07313,   0.02226,  -0.01221,  -0.01385,  -0.05487,  -0.00072,   0.00092,  -0.02698,  -0.02698,   0.04851,   0.06657,   0.01077,  -0.01056,  -0.02205,  -0.04667,   0.06821,  -0.02698,   0.01077,   0.03539,  -0.02041,  -0.06636,  -0.00892,  -0.02205,   0.01405,   0.00092,  -0.00400,   0.10431,   0.00420,   0.04851,   0.10595,  -0.01385,   0.04523,   0.01897,  -0.03518,  -0.04010,  -0.09426,  -0.05487,   0.04523,  -0.09426,  -0.00728,  -0.03354,   0.06328,  -0.03026,  -0.01056,  -0.03682,   0.05344,   0.06821,  -0.03846,  -0.04175,  -0.02369,  -0.02698,   0.01405,  -0.03026,  -0.00400,  -0.02533,   0.06492,  -0.00072,  -0.00728,   0.06657,   0.05180,  -0.04831,   0.01733,  -0.03190,  -0.01549,  -0.02698,  -0.03190,   0.06657,   0.04195,   0.06985,  -0.02862,   0.09118,   0.01405,  -0.01056,   0.02226,   0.03374,  -0.01713,   0.07149,  -0.00564,   0.02718,  -0.03190,  -0.02369,   0.04523,   0.04523,   0.10595,   0.07477,   0.06000,  -0.04995,   0.04851,   0.06164,   0.00256,   0.03046,  -0.05323,  -0.01877,  -0.03682,  -0.08441,  -0.10903,   0.09939,  -0.00400,   0.00749,  -0.00564,  -0.04503,  -0.03354,   0.09282,  -0.04995,   0.02226,   0.01241,  -0.08770,  -0.02862,  -0.00892,  -0.02698,  -0.01877,  -0.11724,   0.04687,  -0.03026,   0.02882,   0.00749,  -0.03518,  -0.03682,  -0.06964,  -0.00072,  -0.06964,   0.00420,   0.02062,   0.01405,   0.04851,   0.06821,   0.02062,   0.00092,  -0.02862,   0.00420,   0.05180,   0.06328,  -0.03682,  -0.04503,  -0.06800,  -0.00400,  -0.01713,   0.04687,   0.05508,   0.03539,   0.02390,  -0.04339,  -0.06472,   0.06985,   0.01077,   0.06328,   0.00585,   0.13221,  -0.02698,  -0.03354,  -0.03354,   0.01077,  -0.05816,   0.03867,  -0.02862,   0.04687,   0.02554,  -0.05487,  -0.00564,   0.06164,  -0.02369,   0.06164,  -0.04175,   0.01733,   0.05672,  -0.01056,  -0.04339,  -0.02369,  -0.00728,  -0.01221,   0.01569,   0.01241,  -0.06308,  -0.02369,  -0.00400,  -0.04995,   0.04851,   0.02062,   0.01897,  -0.01713,  -0.03518,   0.06492,  -0.06964,  -0.04667,   0.03374,  -0.03518,   0.04523,   0.00749,  -0.01549,   0.03210,  -0.00564,  -0.00892,   0.07805,  -0.03846,  -0.00400,   0.01897,  -0.05816,   0.02226,  -0.01549,   0.01897,  -0.08441,   0.03210,  -0.01221,  -0.05159,  -0.08277,  -0.06308,  -0.01549,   0.00092,  -0.12872,  -0.01549,  -0.00892,  -0.00892,   0.01897,   0.01405,   0.00420,  -0.01056,  -0.01221,   0.04687,   0.04523,   0.02882,  -0.02862,  -0.02205,   0.00092,  -0.01549,   0.02554,   0.04031,   0.08462,   0.04359,   0.06164,  -0.04175,  -0.02862,   0.02718,  -0.05159,  -0.04339,   0.06000,   0.02226,   0.02226,  -0.00236,   0.00913,   0.06328,   0.02226,   0.02226,   0.07477,   0.00420,  -0.01549,   0.02882,   0.03046,   0.03867,  -0.00892,  -0.03190,  -0.05487,   0.02882,  -0.01549,   0.06985,  -0.03518,  -0.00236,  -0.03190,  -0.02533,  -0.07457,   0.00585,   0.07313,   0.03374,  -0.04503,  -0.04667,   0.02554,   0.05016,   0.01405,   0.06328,   0.08298,   0.01569,  -0.03026,  -0.02205,   0.11088,  -0.05652,   0.06000,  -0.01549,   0.01405,   0.06821,  -0.01385,   0.06985,   0.04195,   0.03539,   0.06492,   0.00749,   0.06985,  -0.04995,   0.02390,   0.01897,   0.00585,  -0.00236,  -0.03190,  -0.04010,   0.04523,  -0.02862,  -0.03682,   0.00749,   0.04687,  -0.03518,  -0.04339,  -0.03846,   0.00256,   0.05016,   0.04195,   0.00420,  -0.01385,  -0.02533,   0.04523,   0.02062,   0.00092,  -0.12380,  -0.02205,  -0.10575,   0.01733,   0.00092,  -0.03190,  -0.00892,  -0.01549,  -0.01549,   0.00913,   0.08134,  -0.02533,  -0.00728,   0.00420,   0.02226,   0.02718,  -0.03518,   0.02390,   0.00749,   0.01241,   0.00092,   0.05508,   0.03046,   0.06000,   0.00092,   0.04523,  -0.02369,  -0.09918,   0.07641,  -0.03518,  -0.00892,   0.01569,   0.01897,   0.00913,   0.04195,  -0.05652,  -0.03518,  -0.02698,  -0.00564,  -0.05980,  -0.07621,   0.02390,  -0.01877,   0.01077,  -0.09754,   0.02554,  -0.01713,   0.07641,  -0.00728,   0.00913,  -0.00892,   0.09446,   0.03539,   0.02882,  -0.02698,  -0.01549,  -0.01056,   0.04359,   0.00420,  -0.02041,  -0.04995,  -0.02533,  -0.04339,   0.02226,   0.03374,  -0.06308,  -0.02533,  -0.02698,  -0.07457,   0.05672,   0.00256,  -0.05980,   0.05016,  -0.05980,   0.00913,  -0.00892,   0.03539,  -0.02369,  -0.01221,  -0.04503,   0.07805,   0.04031,  -0.02041,   0.01241,   0.00092,  -0.00728,   0.06328,  -0.02369,  -0.01549,  -0.05323,  -0.01713,  -0.03190,   0.03374,   0.01077,   0.00256,   0.05344,  -0.01877,  -0.02205,   0.00749,   0.00585,   0.08134,   0.09611,   0.01733,  -0.01221,  -0.01385,  -0.00072,  -0.03026,   0.01077,  -0.01221,  -0.01385,   0.06328,   0.02226,  -0.03026,   0.06164,   0.01077,  -0.04175,   0.01405,   0.01897,   0.04359,  -0.05323,   0.01405,   0.01897,   0.07805,   0.00420,  -0.02533,  -0.02369,   0.09939,   0.01405,   0.01077,   0.04359,  -0.02369,  -0.02862,  -0.01549,   0.02390,   0.06985,   0.07805,  -0.06144,   0.00420,   0.01077,   0.05836,  -0.09590,   0.00256,  -0.01385,  -0.05159,   0.06657,   0.03210,  -0.03190,  -0.00072,   0.03703,  -0.00400,  -0.00564,   0.05016,  -0.02533,   0.02226,   0.04687,  -0.00892,  -0.00892,   0.00092,   0.03867,  -0.05487,   0.02554,   0.02718,   0.00913,  -0.03682,  -0.01056,   0.00420,  -0.01385,  -0.01877,   0.01733,   0.01897,  -0.03026,  -0.01877,   0.01077,   0.03539,   0.04031,   0.01405,   0.02882,  -0.00892,   0.00256,  -0.02533
  -0.00728,  -0.03190,  -0.01549,   0.06985,   0.02062,  -0.04175,   0.02882,   0.02882,  -0.07457,  -0.01385,  -0.02862,  -0.00564,   0.00256,  -0.04667,  -0.02041,  -0.00564,   0.00256,   0.03046,  -0.00400,   0.01241,  -0.04995,  -0.02698,   0.02062,  -0.01877,  -0.01385,   0.00256,  -0.01056,   0.01077,   0.03210,   0.00092,  -0.02862,   0.08626,  -0.08113,  -0.00072,   0.11744,   0.02226,   0.03867,   0.01241,   0.06328,  -0.03354,   0.06657,   0.01077,  -0.04995,   0.00420,  -0.02862,  -0.00564,  -0.02369,   0.02554,   0.06000,  -0.02698,   0.03539,   0.01077,  -0.00072,  -0.02533,  -0.00400,  -0.05980,   0.02062,   0.02226,  -0.01385,   0.07641,   0.07969,   0.03703,   0.02390,   0.00420,  -0.06472,  -0.02698,   0.07641,  -0.04010,  -0.06964,   0.00256,   0.04687,  -0.06308,   0.00913,  -0.08770,  -0.03682,  -0.02205,   0.02062,   0.04031,   0.00092,   0.01897,   0.05672,  -0.02041,   0.05836,  -0.01877,  -0.04831,   0.02882,  -0.04175,  -0.02533,  -0.05323,   0.00585,   0.02718,   0.04195,  -0.01877,   0.01569,  -0.00072,   0.02226,  -0.01221,   0.02554,  -0.05323,  -0.04995,   0.03374,  -0.04175,  -0.05816,   0.02062,  -0.03354,  -0.03354,  -0.01221,  -0.00236,  -0.00236,  -0.04339,  -0.04503,   0.01569,  -0.00728,  -0.00564,   0.06657,  -0.04339,   0.06657,  -0.00400,  -0.05323,  -0.01877,   0.03210,  -0.11888,  -0.09098,  -0.07457,   0.06492,   0.04195,   0.02554,  -0.01056,   0.01241,   0.00256,  -0.02369,   0.05344,  -0.13693,   0.00092,  -0.01549,   0.02882,  -0.02862,  -0.08770,  -0.03026,  -0.01221,   0.00913,   0.02718,   0.04195,   0.01569,  -0.07785,  -0.00728,  -0.00892,   0.02226,   0.04031,   0.06000,   0.07313,   0.05180,  -0.01549,   0.03046,   0.02062,   0.02554,   0.06328,   0.01077,  -0.06144,   0.02882,   0.00913,   0.01897,   0.06164,  -0.00236,   0.09282,   0.01733,   0.09118,  -0.00564,   0.06657,  -0.00072,  -0.03682,   0.04195,  -0.05652,   0.06985,   0.05016,  -0.02041,  -0.02862,   0.00092,  -0.00892,   0.06328,   0.01241,   0.01733,   0.02882,   0.03046,  -0.06308,   0.00420,   0.01405,   0.00256,  -0.09426,  -0.01549,   0.00256,  -0.08770,  -0.04667,  -0.03846,  -0.04339,   0.02554,   0.01897,  -0.05816,   0.03867,  -0.01056,  -0.01221,   0.10431,   0.06657,   0.00913,  -0.02041,  -0.06964,   0.01077,   0.01897,  -0.00892,  -0.02862,  -0.03026,   0.01405,   0.09118,   0.05016,  -0.05323,  -0.05652,  -0.08277,   0.02226,  -0.01385,   0.07149,   0.00256,  -0.02698,   0.00420,   0.01405,  -0.04667,  -0.03354,   0.01569,  -0.02205,  -0.00728,   0.06164,   0.06821,   0.02062,   0.02062,  -0.02698,   0.00256,   0.01077,  -0.04831,  -0.06636,  -0.00564,  -0.05980,   0.04851,   0.00749,   0.04359,   0.01241,  -0.01549,   0.00256,  -0.02862,  -0.02862,   0.01569,   0.00585,   0.04031,  -0.06144,   0.00585,   0.01733,  -0.02698,  -0.04010,  -0.01713,   0.00256,  -0.02205,  -0.07785,  -0.01877,   0.05180,   0.00092,  -0.05816,  -0.05980,  -0.06144,  -0.00072,  -0.02369,   0.02718,   0.06000,   0.06657,   0.06492,   0.02226,  -0.01877,  -0.03518,  -0.01056,  -0.05980,   0.03703,  -0.04995,   0.06164,  -0.02698,   0.05344,   0.04359,  -0.01221,  -0.04831,   0.05344,  -0.03682,  -0.00236,  -0.00400,   0.09446,  -0.00564,  -0.01877,  -0.02205,   0.03539,   0.05836,   0.02226,  -0.00892,  -0.00564,  -0.04995,  -0.02698,  -0.00892,  -0.00072,  -0.09098,   0.03867,   0.00913,   0.04031,   0.01077,   0.02882,  -0.04503,  -0.02862,   0.02882,   0.02882,   0.05016,   0.08790,  -0.01221,   0.01077,  -0.02698,   0.09611,  -0.02205,   0.03374,  -0.04503,  -0.04175,   0.00913,   0.02718,   0.06492,   0.05180,   0.02226,  -0.03026,   0.06657,   0.03867,  -0.01056,   0.01569,  -0.05652,  -0.02698,   0.02554,   0.04195,  -0.02533,  -0.01221,   0.03539,   0.08134,  -0.00728,   0.05508,   0.01405,  -0.02369,   0.00420,   0.03046,  -0.04995,   0.01405,  -0.01221,  -0.03354,   0.03867,   0.01077,   0.02554,  -0.02698,  -0.06472,   0.01241,   0.00749,  -0.02205,  -0.04010,  -0.01221,   0.03703,  -0.02862,  -0.02698,   0.06492,  -0.03026,   0.03210,  -0.04831,  -0.02205,   0.05016,   0.00749,   0.01569,   0.03867,  -0.04503,   0.01405,   0.00420,  -0.00236,   0.03374,  -0.02041,  -0.03026,   0.02390,  -0.04339,  -0.03682,  -0.04503,  -0.01221,  -0.04010,   0.04195,  -0.04339,  -0.08113,   0.00749,  -0.00072,  -0.03190,   0.03210,   0.03703,  -0.06800,   0.04523,  -0.05816,  -0.10247,  -0.02698,  -0.00892,  -0.09098,   0.00913,  -0.05323,  -0.02205,  -0.02533,  -0.04831,   0.05508,   0.01733,   0.01569,  -0.01221,  -0.02698,  -0.04503,  -0.00236,   0.02062,  -0.02698,   0.05672,   0.00092,  -0.01056,   0.00749,  -0.03026,  -0.01056,   0.03046,  -0.03518,   0.05672,   0.01897,  -0.03846,  -0.04175,   0.04359,  -0.07129,  -0.01713,   0.06000,  -0.05652,   0.03867,  -0.07457,  -0.04831,   0.00420,   0.01897,  -0.05487,  -0.01877,   0.03867,  -0.07785,   0.04687,  -0.04010,   0.01569,   0.01569,  -0.00564,   0.02718,  -0.02369,   0.04851,   0.01733,  -0.03026,  -0.04667,  -0.03354,  -0.01056,  -0.00728,   0.05344,   0.02390,  -0.06144,  -0.01877,  -0.00892,  -0.02041,   0.00913,  -0.00072,  -0.06636,  -0.13201,   0.01897,   0.04851,   0.04031,   0.02390,   0.00420,   0.00913,  -0.06308,  -0.14185,   0.07805,  -0.03190,  -0.04175,   0.00913,  -0.01056,  -0.00236,   0.04523,  -0.06144,  -0.00892,  -0.01056,   0.04359,  -0.03846,   0.05836,   0.07313,   0.00092,   0.00420,   0.01405,  -0.00564,   0.05180,  -0.00564,  -0.00892,  -0.01385,   0.06000,  -0.00564,  -0.05487,   0.00420,   0.03046,   0.04687,   0.02390,   0.02718,  -0.01877,  -0.01877,  -0.00728,  -0.05980,   0.01077,   0.00420,  -0.03518,  -0.01877,   0.06000,   0.00092,  -0.08605,  -0.04010,   0.01733,   0.00420,  -0.03354,  -0.02698,   0.02390,   0.02554,  -0.02698,   0.04523,   0.04031,   0.04851,   0.06328,   0.02226,  -0.00892,  -0.05487,  -0.06636,   0.06821,  -0.02533,   0.05508,  -0.01221,  -0.01877,  -0.03026,   0.07149,  -0.03190,  -0.04339,   0.05016,  -0.03190,  -0.00728,  -0.03846,  -0.01385,   0.00585,   0.05508,   0.01077,  -0.01056,   0.01405,  -0.02698,   0.04195,  -0.02862,  -0.04503,   0.01405,   0.00092,  -0.01056,   0.03703,  -0.00892,  -0.00892,  -0.03026,   0.04851,  -0.09590,  -0.01221,  -0.02698,  -0.01221,   0.06328,  -0.03846,  -0.02369,   0.04031,  -0.01221,   0.01241,  -0.09262,   0.00913,   0.01077,  -0.02698,   0.00749,  -0.02698,  -0.00072,  -0.10411,   0.00749,   0.09611,   0.01241,   0.03210,   0.02390,  -0.00892,   0.01241,  -0.01713,   0.01569,  -0.02369,   0.07313,  -0.02041,   0.00256,   0.01569,  -0.07129,   0.01077,   0.01077,  -0.00400,   0.02882,   0.03210,   0.02718,   0.02882,   0.00256,   0.01733,   0.00749,   0.03867,  -0.01385,   0.01241,   0.01405,  -0.03682,  -0.01385,  -0.00728,  -0.00236,  -0.01713,  -0.09262,  -0.03518,  -0.00072,   0.00585,  -0.05323,   0.00585,  -0.05323,  -0.09754,  -0.00728,  -0.01549,   0.00585,  -0.03354,  -0.06144,   0.00256,  -0.01549,  -0.07621,   0.00585,  -0.05816,   0.08626,  -0.08605,   0.03703,   0.03703,  -0.01056,   0.06821,  -0.00236,  -0.01056,   0.03374,   0.02882,  -0.00564,  -0.03190,   0.00585,   0.06657,   0.07969,  -0.01549,   0.07149,   0.01733,   0.00256,   0.03374,  -0.00892,   0.00749,   0.00585,   0.06000,  -0.05816,   0.00420,   0.00749,  -0.06144,   0.02226,   0.04523,  -0.04831,  -0.01056,  -0.03518,  -0.06800,   0.03539,   0.01405,  -0.03354,   0.00256,   0.00256,   0.02390,  -0.02862,  -0.03518,   0.01897,   0.05180,  -0.04831,   0.07149,  -0.00564,  -0.01221,   0.04687,  -0.10411,   0.02882,  -0.04667,   0.02554,   0.01897,  -0.02862,  -0.05323,  -0.02205,  -0.00728,   0.00420,  -0.04339,   0.05672,   0.09775,   0.01405,   0.04523,   0.04851,   0.02390,  -0.01221,  -0.01713,  -0.01549,  -0.03026,  -0.00072,   0.05508,  -0.02041,  -0.02533,  -0.03354,   0.02882,   0.02226,   0.00092,   0.03210,   0.06492,  -0.02698,   0.02226,   0.02062,  -0.04175,  -0.04995,  -0.01221,  -0.01713,   0.05016,  -0.00072,   0.04851,   0.07477,  -0.01713,  -0.03190,   0.06492,  -0.01221,  -0.01713,   0.04523,   0.03210,   0.10267,  -0.00072,   0.01569,  -0.03354,   0.02226,   0.02882,  -0.03518,   0.03374,  -0.05159,   0.04523,   0.02062,  -0.06472,   0.02554,   0.01241,  -0.05159,  -0.04831,  -0.06636,   0.00092,   0.04851,   0.00749,   0.03374,  -0.01385,   0.02718,  -0.00236,   0.02882,   0.06164,   0.00749,  -0.00236,  -0.04175,   0.04359,  -0.00236,   0.02226,  -0.00072,  -0.06308,  -0.03026,  -0.01385,  -0.02205,   0.08790,  -0.02041,  -0.03682,   0.02882,   0.07477,   0.04523,  -0.04503,   0.04523,  -0.03846,   0.01405,   0.04851,  -0.04175,   0.06000,   0.02390,  -0.01713,   0.03046,   0.03374,   0.01405,   0.00749,  -0.01549,  -0.02369,   0.03867,  -0.08441,   0.01569,   0.03703,   0.04031,  -0.03354,  -0.00728,   0.04359,   0.05836,  -0.01713,   0.03703,  -0.02533,   0.03703,  -0.03026,   0.00749,   0.04523,  -0.01385,  -0.01877,   0.00256,   0.00092,  -0.03354,  -0.02698,  -0.04503,  -0.01877,  -0.07293,  -0.03354,   0.08954,   0.03703,  -0.02862,   0.00913,  -0.03846,   0.00913,  -0.03846,  -0.02533,   0.02554,   0.00256,   0.02062,  -0.03518,   0.02882,  -0.01221,   0.00585,   0.01241,  -0.04667,   0.04523,  -0.01713,   0.05836,   0.02554,  -0.01221,   0.00256,  -0.01713,   0.04031,  -0.04010,  -0.05816,  -0.03026,  -0.08934,   0.04851,   0.02718,  -0.04831,   0.03867,   0.03374,   0.04523,  -0.04831,   0.04195,   0.00749,  -0.01056,  -0.07949,   0.01733,  -0.00072,   0.04359,  -0.02369,   0.00092,   0.03867,   0.07641,   0.05180,   0.02062,  -0.07457,  -0.11724,  -0.03682,   0.04687,   0.02226,  -0.00400,   0.05508,   0.02390,  -0.02862,  -0.04175,   0.05836,  -0.08277,   0.04031,  -0.03518,  -0.08441,  -0.03190,  -0.04010,   0.03210,  -0.00892,   0.04523,  -0.02862,   0.06492,  -0.00564,   0.01077,  -0.03682,  -0.03354,   0.04687,   0.03703,  -0.03518,   0.05016,  -0.02862,  -0.01221,   0.02226,  -0.02041,   0.01405,  -0.05323,   0.00420,  -0.06636,   0.00585,   0.08134,  -0.00564,  -0.01877,  -0.02205,   0.02062,  -0.02369,  -0.03190,  -0.03354,   0.03046,  -0.05487,  -0.05159,  -0.04010,   0.03046,  -0.04503,   0.01077,   0.07477,   0.03539,  -0.03518,  -0.04503,   0.01405,   0.01405,   0.03374,  -0.00072,  -0.01549,   0.01897,  -0.03354,   0.04359,   0.04031,   0.06657,  -0.04503,   0.05016,  -0.04667,  -0.02862,   0.01077,  -0.01056,  -0.02369,  -0.04995,  -0.02205,  -0.01385,  -0.12872,   0.01405,   0.05508,   0.05836,   0.02390,   0.01241,  -0.04175,  -0.05487,   0.00092,   0.00420,   0.05016,   0.05672,  -0.02698,  -0.03026,  -0.05487,  -0.00564,   0.02554,   0.03703,  -0.03682,  -0.00072,   0.01241,  -0.01221,   0.02554,  -0.02041,   0.03210,  -0.01877,   0.05016,   0.05508,   0.02062,  -0.03190,  -0.01385,  -0.06964,  -0.03518,  -0.02041,   0.00256,  -0.04503,  -0.07129,  -0.03354,   0.01733,   0.01569,   0.00585,   0.01077,   0.01077,   0.05180,   0.03374,   0.03046,  -0.05980,  -0.00728,  -0.04503,   0.02226,  -0.08441,  -0.06472,   0.01897,  -0.07457,   0.05508,   0.05180,  -0.03026,   0.06821,  -0.01713,  -0.01549,  -0.00236,  -0.07129,  -0.06472,   0.00749,   0.02554,  -0.01385,   0.06821,   0.00092,  -0.04175,  -0.02862,  -0.03846,   0.04851,   0.01569,   0.02226,  -0.08277,  -0.04667,  -0.02533,  -0.05980,  -0.00400,  -0.01877,  -0.00564,   0.03703,   0.02226,   0.00913,  -0.01877
   0.07149,   0.02718,   0.03539,  -0.02369,  -0.01385,   0.06164,   0.11416,   0.04851,   0.02062,  -0.01877,  -0.04831,   0.04851,  -0.01056,  -0.03846,   0.06328,   0.06000,  -0.03682,  -0.00728,   0.01733,  -0.03190,  -0.03354,  -0.06636,   0.04031,  -0.07293,  -0.01056,   0.04687,  -0.01549,   0.00256,  -0.02041,   0.00092,  -0.00072,  -0.01713,  -0.01056,   0.00585,   0.00092,  -0.01713,  -0.06472,  -0.01221,  -0.00236,   0.00913,  -0.06472,   0.03539,  -0.07293,  -0.02205,   0.01405,  -0.00072,  -0.06800,   0.01733,   0.04523,   0.03374,   0.02554,  -0.05487,   0.01897,   0.00913,   0.03046,   0.07969,   0.01405,  -0.03846,   0.00913,  -0.04010,   0.00092,  -0.02862,  -0.02041,  -0.00564,   0.08790,  -0.02862,  -0.00400,   0.07477,  -0.02205,  -0.00072,   0.00913,  -0.05487,  -0.04995,   0.06492,  -0.01713,   0.02390,  -0.07457,  -0.01713,  -0.04667,   0.00420,  -0.01056,   0.06985,  -0.00728,  -0.04010,  -0.05323,  -0.06308,  -0.04503,   0.00092,   0.00585,  -0.02533,   0.05836,   0.01897,  -0.00728,  -0.01713,  -0.01713,   0.06164,   0.07477,   0.00092,  -0.00236,  -0.02862,   0.08790,  -0.00728,   0.00585,  -0.00728,   0.02226,  -0.01056,  -0.08441,  -0.02205,   0.02226,   0.04031,  -0.04503,   0.02062,  -0.02041,  -0.00892,  -0.07621,  -0.00236,  -0.06472,  -0.00728,  -0.06800,   0.02062,  -0.02862,   0.04195,  -0.01385,   0.05672,   0.02554,  -0.08113,  -0.04010,  -0.00072,   0.00420,   0.06328,  -0.02041,   0.03703,   0.01733,   0.07969,  -0.00892,   0.05344,   0.00420,   0.01897,   0.03867,  -0.02862,   0.03703,   0.00585,  -0.05816,  -0.03190,   0.02554,   0.00585,  -0.02041,   0.01733,  -0.04175,   0.02390,  -0.03682,   0.05016,   0.00092,   0.04031,   0.05672,   0.06164,   0.04031,  -0.04995,   0.03210,  -0.00564,  -0.04503,   0.00420,  -0.02533,  -0.06308,   0.03210,   0.07969,  -0.05487,  -0.02698,   0.00092,   0.06492,   0.05344,   0.06164,   0.03867,   0.04359,   0.01077,   0.03867,  -0.03518,   0.01077,  -0.01877,   0.04031,  -0.03846,   0.00420,  -0.00236,   0.02882,  -0.07129,  -0.01877,  -0.04175,   0.03703,   0.05344,   0.04031,   0.03374,   0.01569,  -0.00728,  -0.05487,   0.00092,   0.00256,  -0.03190,   0.03210,  -0.00892,  -0.04339,   0.01405,  -0.04503,  -0.01877,  -0.01877,  -0.02205,   0.03374,   0.00913,   0.07969,   0.04523,  -0.03682,  -0.09754,   0.01569,  -0.08277,  -0.03846,   0.00749,   0.04359,   0.04195,   0.00420,   0.05508,   0.03539,  -0.04503,  -0.08113,  -0.03518,  -0.04831,  -0.02533,   0.05836,   0.05016,  -0.01385,   0.00092,   0.03374,  -0.04175,  -0.00400,   0.02718,  -0.01877,  -0.07949,  -0.00400,  -0.04995,  -0.02369,   0.05016,   0.01897,  -0.02862,  -0.03354,  -0.02533,   0.02062,   0.05180,   0.01241,  -0.02041,   0.01241,   0.07149,  -0.04667,  -0.00400,   0.01897,  -0.03846,  -0.00728,   0.01569,  -0.05487,   0.04359,   0.01569,  -0.01877,  -0.00400,  -0.08441,   0.02062,   0.06492,   0.04359,   0.03703,  -0.00564,  -0.07949,   0.01241,  -0.06472,  -0.02041,  -0.03190,   0.04195,  -0.01713,   0.03539,  -0.04339,  -0.07129,  -0.00072,   0.02062,  -0.06800,   0.06000,  -0.01056,  -0.08277,  -0.00236,  -0.03846,  -0.01549,   0.01569,  -0.02205,   0.04523,   0.00420,  -0.01221,  -0.04503,  -0.07949,  -0.09098,   0.03046,   0.03374,  -0.04995,  -0.00400,   0.03210,  -0.04010,   0.03210,   0.03867,   0.05508,  -0.03846,   0.02226,  -0.14842,  -0.03682,  -0.02369,  -0.00400,  -0.04339,   0.03867,   0.01241,   0.10267,  -0.02533,  -0.04175,  -0.02533,   0.00585,   0.04359,  -0.00400,  -0.06308,  -0.05652,   0.13877,  -0.03026,   0.00420,  -0.01056,   0.07641,   0.03703,   0.07969,   0.06985,   0.00420,  -0.02041,  -0.00564,  -0.06800,   0.04195,   0.06328,  -0.03518,   0.04195,   0.06164,   0.03539,   0.04195,   0.01241,  -0.09754,   0.08626,  -0.01221,   0.03210,  -0.01385,  -0.05487,  -0.06144,   0.00913,  -0.04831,   0.11252,   0.00913,   0.02226,  -0.00564,  -0.04667,  -0.01221,  -0.06144,  -0.03846,   0.05508,  -0.02041,   0.06328,   0.06657,  -0.02862,   0.09282,  -0.01385,  -0.05816,   0.08134,   0.10103,   0.00749,  -0.08605,  -0.02041,  -0.01385,   0.07641,   0.04031,   0.03703,   0.07149,  -0.03026,  -0.00892,   0.01077,   0.02390,   0.00913,  -0.00072,   0.01405,   0.02226,   0.00913,  -0.02862,   0.03046,  -0.02205,  -0.01549,   0.06657,  -0.02533,   0.03210,   0.04851,  -0.03354,  -0.01056,   0.01241,   0.01405,   0.06492,   0.04195,   0.00256,  -0.01056,  -0.04339,   0.00420,  -0.06636,  -0.04995,  -0.00564,  -0.02698,   0.01897,  -0.02369,   0.02718,  -0.02205,  -0.07129,   0.03539,   0.02718,  -0.06800,   0.11088,   0.09775,   0.03867,  -0.01221,   0.00913,  -0.05323,  -0.00892,  -0.05652,  -0.01056,   0.01897,  -0.05159,   0.02390,   0.02554,   0.04195,  -0.01877,  -0.03682,  -0.05652,   0.03867,  -0.02205,  -0.08770,   0.00749,  -0.04667,  -0.02862,  -0.07129,  -0.03354,   0.00913,  -0.03190,  -0.01877,  -0.02041,   0.03867,  -0.02041,  -0.05159,   0.04523,   0.02882,   0.04687,   0.00913,   0.07477,  -0.04667,  -0.03846,  -0.02862,  -0.00564,  -0.04175,   0.02718,   0.03703,  -0.02533,   0.02390,  -0.01221,  -0.00564,   0.02226,   0.06492,  -0.04339,  -0.00564,  -0.03354,   0.01897,   0.04359,   0.00585,  -0.03518,  -0.00892,  -0.04010,   0.02554,  -0.01549,   0.05836,  -0.07785,   0.05016,  -0.02862,  -0.04175,  -0.04175,  -0.01877,   0.01569,  -0.02041,  -0.02533,   0.02882,   0.03539,  -0.02205,  -0.02369,   0.00913,   0.04523,   0.02390,   0.02718,  -0.03682,  -0.01549,   0.02554,  -0.00892,   0.03703,   0.00913,  -0.01385,   0.01733,  -0.00728,   0.05508,   0.05016,  -0.04831,   0.05344,   0.02226,  -0.03518,   0.03210,   0.04523,  -0.00728,   0.01241,   0.00256,   0.01077,  -0.02533,  -0.00236,  -0.03354,  -0.05323,   0.03046,  -0.02862,   0.03867,   0.04851,   0.02062,   0.05016,   0.07805,  -0.02041,  -0.01056,  -0.06144,   0.04195,   0.06000,   0.02882,   0.00585,  -0.01385,  -0.01877,   0.01897,   0.07805,   0.07477,  -0.08277,  -0.04995,  -0.05159,   0.03867,   0.04195,  -0.00564,   0.01733,   0.03374,   0.02554,   0.03046,   0.06492,  -0.05652,  -0.03682,  -0.02369,  -0.03354,   0.04851,  -0.03846,  -0.04667,  -0.00400,   0.04031,  -0.01385,  -0.02205,   0.02554,   0.00420,  -0.04339,  -0.03518,   0.00749,   0.02390,  -0.03026,   0.06657,   0.03046,  -0.04175,  -0.07129,   0.05016,   0.03867,  -0.00728,  -0.05816,   0.03210,  -0.00564,  -0.05487,  -0.05159,   0.09775,   0.00749,   0.07313,  -0.02698,  -0.04339,  -0.05487,  -0.01385,   0.03539,  -0.02369,   0.03374,   0.06328,   0.01077,  -0.00236,  -0.02533,   0.02062,  -0.03846,  -0.08605,  -0.07949,   0.01569,   0.01241,  -0.07621,  -0.10575,   0.04851,  -0.06308,  -0.00400,  -0.02533,  -0.04995,   0.02062,  -0.00892,   0.00420,  -0.00892,  -0.10411,  -0.03026,  -0.00400,  -0.04667,  -0.00892,   0.01405,   0.04195,   0.04031,   0.04031,  -0.03026,   0.01405,  -0.04831,  -0.07129,  -0.04667,  -0.05323,  -0.01877,  -0.09426,   0.00913,  -0.02041,  -0.00564,  -0.12544,  -0.00236,   0.04687,   0.05836,   0.04195,  -0.07129,  -0.09426,   0.03703,  -0.06472,  -0.06144,  -0.12708,  -0.03682,   0.04031,  -0.03518,   0.02062,  -0.02041,  -0.06964,   0.03539,   0.04359,   0.01241,  -0.04831,  -0.01549,   0.05180,   0.01733,  -0.01056,   0.02062,  -0.01713,   0.02226,   0.01077,  -0.01713,  -0.01713,   0.05016,  -0.01385,   0.00913,  -0.03026,  -0.02698,  -0.04667,  -0.04010,   0.01241,   0.06164,  -0.01221,  -0.02205,  -0.00236,  -0.01221,   0.02718,   0.04523,  -0.01713,   0.03046,   0.01733,  -0.00072,   0.02390,  -0.00236,   0.04523,  -0.06308,  -0.01877,   0.02390,  -0.02369,   0.01077,  -0.01221,   0.02554,   0.12729,  -0.00728,  -0.00564,  -0.02041,  -0.03354,   0.02718,  -0.02533,  -0.04831,  -0.00728,  -0.04010,  -0.02205,  -0.00072,   0.00092,  -0.00236,  -0.03518,  -0.05323,  -0.01877,  -0.02041,  -0.00072,  -0.01877,   0.04851,   0.00913,   0.02882,  -0.03518,   0.01405,  -0.00564,   0.04195,   0.05836,  -0.00400,   0.04523,   0.01733,   0.01405,  -0.00236,  -0.05323,  -0.01877,  -0.07129,   0.04031,   0.07149,  -0.08113,  -0.00892,   0.04687,  -0.00892,  -0.05487,  -0.10739,   0.03703,  -0.03190,   0.02554,   0.00585,   0.01077,  -0.04831,  -0.02041,   0.03210,  -0.05323,  -0.02533,   0.02718,  -0.01713,   0.02390,  -0.01221,   0.03703,   0.05344,   0.00913,   0.00749,  -0.06144,   0.00585,  -0.05980,   0.04523,  -0.07621,  -0.03846,  -0.02041,  -0.00400,   0.03046,  -0.00728,   0.03539,  -0.03190,   0.01733,  -0.04175,   0.00585,   0.05344,  -0.00400,   0.03703,   0.06657,   0.02062,   0.00092,   0.03374,   0.02226,   0.03539,   0.05016,  -0.04010,   0.08462,  -0.02205,   0.06000,   0.01897,  -0.02041,  -0.01221,  -0.01056,  -0.03846,   0.04195,  -0.02533,   0.00256,  -0.02205,   0.00420,  -0.03026,   0.00256,  -0.00236,  -0.00564,   0.01569,   0.05016,  -0.02205,   0.08790,   0.08298,   0.03867,  -0.00400,  -0.01385,  -0.05652,  -0.01549,  -0.00728,  -0.00728,  -0.03354,  -0.04995,  -0.03518,   0.01733,   0.01897,  -0.00236,  -0.02862,   0.05508,  -0.04667,   0.04523,  -0.02862,   0.03539,   0.00420,   0.04523,  -0.05487,  -0.01056,   0.04523,  -0.03682,  -0.00728,  -0.01221,   0.00420,  -0.05323,  -0.00236,  -0.01056,   0.02390,  -0.04667,   0.03539,   0.00585,  -0.00892,   0.02718,  -0.01549,   0.01241,  -0.02533,   0.01405,   0.01405,   0.00585,   0.01733,   0.02062,  -0.00236,  -0.05980,   0.02226,  -0.04995,  -0.00892,   0.04851,   0.01077,  -0.01221,  -0.00728,  -0.04503,   0.02226,   0.02718,  -0.03190,  -0.02041,  -0.02862,  -0.10082,  -0.05323,   0.02226,  -0.06472,  -0.01713,  -0.08934,   0.01733,  -0.03846,  -0.01877,  -0.00564,   0.01241,  -0.11395,  -0.04831,  -0.02369,  -0.01385,  -0.03190,   0.04851,  -0.01713,   0.00913,   0.00749,   0.03539,  -0.03846,   0.02062,  -0.05816,   0.04031,   0.01241,  -0.07785,   0.01897,  -0.05652,   0.02882,   0.09282,   0.01897,   0.07313,  -0.05323,  -0.02862,  -0.04339,   0.02718,   0.01405,   0.00420,   0.10267,   0.04359,   0.05344,   0.05344,   0.04687,   0.07477,   0.03703,   0.05180,  -0.05816,  -0.03518,  -0.05487,  -0.01549,  -0.05816,  -0.01385,   0.02226,   0.02554,   0.05836,   0.06328,   0.06657,  -0.00564,   0.08134,   0.00092,  -0.03682,   0.00256,  -0.02533,   0.00913,  -0.03190,   0.10431,  -0.02698,  -0.03026,   0.01077,   0.00585,  -0.01549,  -0.00728,  -0.00072,   0.00420,   0.02390,  -0.00564,  -0.02205,  -0.00072,   0.04359,   0.07641,  -0.05816,  -0.02698,  -0.01877,   0.04687,  -0.05323,   0.05508,  -0.00728,  -0.00564,  -0.04995,  -0.02862,   0.09939,   0.04195,  -0.00892,  -0.00072,   0.00420,  -0.00564,   0.04359,   0.04851,   0.06328,   0.07149,   0.04195,  -0.02041,  -0.00072,  -0.07457,   0.03867,   0.00913,   0.02554,   0.03046,   0.06164,   0.04031,  -0.03682,  -0.01877,   0.05508,   0.04359,  -0.00236,  -0.08441,  -0.04010,   0.03539,   0.08954,   0.01077,   0.02390,  -0.01385,  -0.06144,  -0.00728,  -0.06144,   0.02390,   0.00913,   0.00585,   0.04523,   0.04359,  -0.00400,  -0.11395,  -0.02369,   0.09118,  -0.02205,  -0.03026,  -0.06636,   0.07313,   0.02226,  -0.00728,   0.06164,  -0.05323,   0.01569,   0.11908,  -0.01713,   0.02718,  -0.02533,   0.05180,  -0.02369,   0.02554,  -0.03518,   0.04195,   0.05180,   0.02062,   0.01241,   0.02554,   0.01569,   0.04851,  -0.01385,   0.03539,  -0.01549,  -0.03682,  -0.05159,   0.03539
  -0.00072,  -0.00236,   0.02226,  -0.06472,  -0.00892,   0.04359,   0.01241,   0.00585,   0.10759,  -0.05487,  -0.02041,   0.06985,  -0.01877,   0.05180,  -0.01713,  -0.01056,   0.01733,   0.00256,  -0.01713,   0.03867,  -0.04339,   0.00585,  -0.06636,   0.11908,   0.01241,  -0.00236,  -0.01877,  -0.02698,  -0.00892,  -0.03846,   0.04687,   0.01733,  -0.00564,   0.01733,  -0.05652,  -0.01549,   0.00420,   0.01077,  -0.02205,   0.05836,  -0.02041,   0.02062,   0.02062,   0.02718,  -0.05980,  -0.03190,  -0.02041,  -0.00728,   0.07313,   0.02226,   0.01733,  -0.04831,   0.02390,  -0.04503,   0.00585,  -0.01385,  -0.01056,  -0.00728,  -0.03190,  -0.05652,   0.07641,  -0.03354,   0.02554,  -0.00728,   0.00256,   0.02718,   0.03210,   0.05180,   0.03374,  -0.02205,  -0.01713,  -0.00728,  -0.04010,   0.07969,   0.02390,  -0.06800,  -0.05816,   0.05508,  -0.06636,  -0.02862,  -0.03354,  -0.08770,  -0.09262,   0.04031,   0.02718,  -0.01877,  -0.04995,   0.02226,   0.00092,  -0.00072,   0.01241,  -0.04175,  -0.01877,   0.01241,  -0.04010,  -0.05487,   0.04195,  -0.00400,  -0.02369,   0.00749,   0.00092,  -0.07129,   0.03539,  -0.07293,   0.02226,  -0.02533,   0.04031,   0.05344,  -0.03518,  -0.01385,  -0.05980,   0.01569,   0.00420,  -0.01549,  -0.01385,  -0.08605,  -0.02533,   0.01241,  -0.00564,   0.03046,   0.04031,   0.06492,   0.03046,  -0.01549,   0.01897,  -0.00892,   0.05508,  -0.03354,   0.02554,   0.05344,  -0.05487,   0.03046,  -0.03026,  -0.01549,   0.00913,   0.05344,   0.04687,   0.06657,  -0.01221,  -0.02369,   0.04851,  -0.00564,  -0.06800,   0.02882,   0.06492,   0.01405,  -0.02369,  -0.01385,  -0.03518,  -0.01221,  -0.02205,   0.04687,  -0.04831,  -0.02533,  -0.03354,   0.06000,   0.02718,   0.00256,  -0.03846,   0.03210,  -0.04503,   0.01077,   0.05180,   0.07805,  -0.00892,   0.01241,  -0.04995,   0.05344,  -0.02369,  -0.02533,  -0.08441,  -0.02698,   0.00913,  -0.01877,  -0.02205,   0.03703,   0.00585,  -0.03846,   0.04195,  -0.05159,   0.00420,  -0.04175,   0.04031,  -0.03682,  -0.03518,  -0.08113,  -0.01221,  -0.00728,  -0.07457,  -0.00400,  -0.00400,  -0.05159,   0.01405,  -0.04995,   0.01569,  -0.03518,  -0.02205,  -0.00400,  -0.06144,  -0.00400,   0.00420,   0.00913,  -0.01221,   0.01569,   0.02062,   0.01569,  -0.01549,   0.06821,  -0.00728,   0.05344,  -0.06144,  -0.08113,   0.00585,  -0.09590,   0.01733,   0.05016,   0.02882,  -0.06964,  -0.02205,   0.00420,   0.00913,  -0.01877,  -0.04667,   0.02226,   0.04851,  -0.00400,  -0.10082,  -0.06964,  -0.01056,   0.04195,   0.03703,  -0.01549,   0.03703,   0.03046,   0.01241,   0.00420,   0.04031,  -0.02205,  -0.02533,   0.01077,   0.03210,  -0.02041,  -0.05487,   0.07313,  -0.08770,   0.01077,   0.01569,   0.02554,   0.06657,  -0.00400,  -0.00892,   0.00749,  -0.00236,   0.11908,  -0.05816,  -0.02862,   0.09446,   0.04031,   0.03539,   0.01241,   0.01897,   0.04195,  -0.01713,  -0.04995,   0.06164,  -0.03354,  -0.01221,   0.00749,   0.00913,   0.01241,  -0.03190,   0.00913,  -0.01549,   0.02062,   0.03374,   0.04523,   0.01569,   0.04687,   0.02882,   0.05180,   0.02390,   0.00256,   0.01241,  -0.01877,  -0.03026,  -0.01713,   0.04195,  -0.03026,   0.02062,   0.04195,  -0.01385,  -0.05816,   0.03374,  -0.01549,  -0.01056,  -0.00072,  -0.05323,  -0.00072,  -0.02205,   0.06985,   0.03210,  -0.00236,  -0.02698,   0.02554,   0.04031,   0.06492,   0.04195,   0.03703,   0.05672,  -0.07129,   0.09118,   0.05836,  -0.04010,   0.00256,   0.00585,  -0.06800,  -0.03518,  -0.03026,   0.01733,  -0.08113,  -0.01385,  -0.01713,   0.04031,   0.00913,   0.00092,  -0.04339,   0.02718,   0.01077,   0.03210,   0.03703,   0.06985,   0.05180,  -0.05159,  -0.03682,  -0.05487,   0.04031,   0.00256,   0.05016,   0.05180,   0.04359,   0.04687,   0.00913,   0.01241,   0.01241,   0.00585,   0.04523,   0.01405,   0.04195,   0.05836,  -0.01549,  -0.10411,   0.03210,  -0.00892,  -0.05487,  -0.05816,   0.06657,  -0.00400,  -0.06472,  -0.00728,   0.03539,   0.02882,   0.00092,  -0.03682,  -0.00892,   0.03046,   0.02390,  -0.02862,  -0.00728,   0.00585,   0.03703,   0.04359,  -0.07129,  -0.04503,   0.07313,  -0.06964,  -0.00400,  -0.05159,  -0.00728,  -0.01385,  -0.03518,   0.05180,   0.02226,   0.00256,   0.05016,   0.00749,   0.00749,   0.01569,   0.03374,  -0.03026,   0.01897,  -0.04503,  -0.00728,   0.00256,  -0.03190,  -0.09918,   0.02062,  -0.02369,  -0.01549,  -0.05323,   0.02390,   0.02226,  -0.04175,  -0.01221,  -0.01385,   0.01405,   0.11744,  -0.03026,   0.02554,   0.06164,  -0.06472,   0.02554,   0.01241,   0.04031,   0.01897,  -0.06144,  -0.01877,   0.01569,  -0.02862,   0.02390,   0.09611,   0.03703,  -0.04175,   0.00749,   0.05016,   0.04031,   0.01569,  -0.00072,  -0.01877,   0.10431,   0.06492,  -0.05159,  -0.00564,   0.02226,   0.00913,  -0.04339,  -0.05159,  -0.02862,   0.05836,   0.05180,   0.09446,   0.07641,   0.03046,  -0.02205,   0.00585,  -0.01056,   0.05836,  -0.01549,   0.04851,  -0.01713,   0.08134,  -0.00072,  -0.03846,   0.03374,   0.04195,  -0.01877,  -0.04831,  -0.00728,  -0.01549,   0.00092,   0.00585,   0.01733,  -0.01385,   0.03374,  -0.00564,  -0.03518,   0.05344,   0.02718,   0.01241,  -0.02369,  -0.00728,  -0.03026,  -0.05652,   0.01569,   0.03703,   0.00092,  -0.06636,   0.04031,   0.01077,   0.03374,  -0.00072,   0.08462,  -0.00072,  -0.03026,  -0.07457,   0.02390,   0.00749,  -0.01385,  -0.02205,   0.01733,   0.04851,  -0.07293,  -0.06636,   0.00256,   0.12072,   0.03539,  -0.00072,   0.04195,   0.04031,  -0.00892,  -0.02205,  -0.00892,   0.00420,  -0.02369,  -0.02041,  -0.02533,   0.15683,  -0.06800,  -0.01221,  -0.02369,   0.00092,   0.00585,  -0.06964,   0.00092,  -0.05323,  -0.03026,  -0.04010,   0.02718,   0.04195,   0.01897,  -0.03682,   0.00420,   0.01733,   0.06821,  -0.01713,   0.08134,  -0.02862,   0.03703,   0.03703,   0.05344,   0.03374,   0.01733,  -0.03518,  -0.10411,   0.07969,   0.05180,  -0.00400,   0.03539,   0.02718,  -0.04175,   0.13221,  -0.04010,  -0.01549,  -0.02369,   0.03374,   0.03703,   0.04195,   0.03046,  -0.02862,  -0.03190,   0.06164,   0.01241,   0.02718,  -0.00728,  -0.06308,  -0.03518,  -0.03682,  -0.00072,   0.06985,  -0.04010,  -0.03354,  -0.03518,  -0.02698,  -0.00072,  -0.01385,   0.00585,   0.04359,   0.02554,   0.03539,   0.05508,   0.01405,   0.09775,  -0.03682,  -0.00236,  -0.04667,   0.04195,   0.00913,  -0.01713,   0.13385,  -0.02862,  -0.03518,   0.06821,  -0.03682,   0.04031,  -0.01056,   0.02062,   0.02718,  -0.06472,  -0.07785,   0.00585,  -0.04995,  -0.07129,  -0.02205,   0.00092,  -0.05980,   0.03703,   0.06492,  -0.03518,   0.03046,  -0.08441,  -0.03518,  -0.01056,   0.02390,  -0.04995,  -0.00236,   0.09939,  -0.00072,   0.01077,  -0.02205,   0.08954,  -0.01056,   0.06985,  -0.06472,   0.16339,  -0.01549,  -0.01221,   0.04851,  -0.03846,  -0.02862,   0.01241,  -0.03518,  -0.01221,  -0.01221,  -0.00236,  -0.05980,   0.00256,   0.03867,  -0.03518,   0.00585,   0.02226,  -0.02862,  -0.02698,  -0.00564,   0.02882,  -0.01713,  -0.03026,   0.06821,   0.02226,  -0.07949,  -0.03354,   0.03867,   0.02554,  -0.08441,  -0.02041,   0.04195,   0.03867,  -0.04667,   0.00256,   0.00420,  -0.07293,   0.02390,   0.03539,  -0.03518,   0.06164,   0.09118,  -0.06144,   0.01733,  -0.05323,  -0.06144,   0.02718,   0.01405,  -0.01221,  -0.01877,   0.05344,   0.03867,   0.02554,   0.01897,  -0.01221,  -0.01221,   0.05016,   0.00256,   0.00913,  -0.08441,  -0.02369,   0.07641,  -0.12380,   0.00420,  -0.06144,   0.02390,   0.03867,  -0.01549,  -0.02369,   0.04687,  -0.01877,   0.05836,   0.00749,   0.02554,  -0.01056,   0.01077,   0.00420,   0.01405,  -0.00400,   0.01405,  -0.00072,  -0.00892,   0.01733,   0.18801,  -0.02205,  -0.04175,   0.02390,  -0.00400,  -0.02533,  -0.00072,  -0.01713,  -0.01385,  -0.00892,   0.04687,  -0.00564,  -0.00564,  -0.08113,  -0.04995,   0.09282,   0.02062,  -0.02698,   0.01733,  -0.01221,   0.00913,   0.02390,   0.03374,  -0.01877,  -0.02369,  -0.06636,  -0.04995,  -0.01549,   0.02882,   0.02226,  -0.07129,   0.11088,   0.00256,   0.03046,  -0.04831,   0.03046,  -0.02205,   0.01405,  -0.01877,  -0.08605,  -0.00400,  -0.01713,   0.05344,   0.05016,   0.05672,  -0.02862,  -0.00564,  -0.00564,  -0.00400,  -0.00892,  -0.01713,  -0.04503,   0.02062,  -0.10903,   0.00913,  -0.01056,  -0.03846,   0.08954,   0.02390,  -0.04175,   0.00092,  -0.00236,  -0.07785,  -0.02041,   0.03374,   0.02226,  -0.05487,   0.02718,  -0.02862,   0.12072,  -0.01713,  -0.04667,  -0.08277,  -0.07457,  -0.00236,   0.07313,   0.03374,   0.01077,  -0.03682,   0.04359,  -0.03026,  -0.04339,  -0.03354,   0.06328,   0.01077,   0.04523,  -0.03190,  -0.00892,   0.07149,   0.02718,  -0.03026,  -0.02862,   0.02718,   0.02554,  -0.03354,  -0.04339,  -0.04831,  -0.02533,  -0.04995,  -0.01549,  -0.01713,  -0.00892,   0.00913,  -0.07785,   0.00092,   0.09118,  -0.04010,   0.03539,   0.05180,   0.02226,  -0.07621,   0.07313,  -0.00892,  -0.00564,   0.02390,   0.02718,  -0.03518,  -0.02041,   0.00913,  -0.09262,   0.02554,   0.04359,   0.00913,   0.02554,  -0.01877,   0.03703,   0.04359,   0.01405,  -0.00400,  -0.01713,  -0.04831,   0.00256,  -0.02041,   0.02718,  -0.00564,   0.05344,   0.04359,   0.05836,  -0.02533,  -0.00728,   0.06821,  -0.02698,  -0.00892,   0.05836,   0.02390,  -0.05816,  -0.07621,  -0.02041,   0.03867,  -0.00236,   0.03703,  -0.01056,  -0.01056,  -0.06472,  -0.03026,  -0.07457,   0.07313,  -0.00728,  -0.02698,  -0.03682,   0.00092,   0.02062,  -0.08934,  -0.04010,  -0.00400,   0.01405,  -0.00728,   0.01241,   0.10923,  -0.02533,  -0.09590,   0.02226,   0.01077,  -0.02862,   0.02554,   0.02882,   0.02226,  -0.02533,  -0.01549,   0.01897,  -0.01549,   0.00913,  -0.03190,   0.05016,  -0.06308,   0.08626,  -0.03026,   0.00420,   0.07477,   0.00256,  -0.05980,   0.01569,  -0.00728,  -0.01385,   0.00913,  -0.01877,   0.00585,  -0.01713,   0.06000,   0.06000,  -0.04831,  -0.14349,   0.00256,   0.00092,  -0.01221,   0.02554,  -0.01221,  -0.06800,   0.06328,   0.03374,   0.06164,   0.08134,   0.02554,   0.02718,  -0.06964,  -0.02205,  -0.03354,  -0.04667,  -0.03026,  -0.07949,   0.02554,   0.03703,  -0.01056,   0.01733,  -0.00728,   0.00092,   0.00585,   0.00749,  -0.04667,  -0.06472,   0.01569,   0.00420,  -0.03682,   0.03046,   0.02062,   0.03210,   0.00585,   0.00092,   0.00256,  -0.06964,   0.01077,  -0.04503,   0.04523,  -0.04503,  -0.06144,   0.00749,  -0.01056,   0.05508,   0.01405,  -0.02698,   0.00420,  -0.01385,   0.01405,   0.02882,  -0.03354,  -0.01221,   0.01077,  -0.02533,  -0.00236,   0.00092,   0.02882,  -0.04995,  -0.03846,   0.05180,   0.04195,   0.09446,  -0.00400,  -0.06636,   0.02554,  -0.06636,   0.01077,   0.01733,   0.00256,   0.05672,   0.00256,  -0.04995,  -0.02862,   0.03046,   0.02390,  -0.01221,   0.01405,  -0.01549,  -0.01221,   0.00749,   0.03539,  -0.00236,  -0.00236,   0.01241,   0.02718,  -0.00564,  -0.00400,  -0.07457,  -0.00728,  -0.04667,   0.06164,   0.16667,  -0.05159,  -0.07129,   0.04359,   0.03867,   0.02882,  -0.02698,   0.01077,  -0.01221,  -0.03846,  -0.00564,  -0.03682,   0.07969,  -0.07293,   0.06000,   0.01569,   0.03210,   0.02882,   0.00749,   0.02226,   0.06000,  -0.03026,  -0.04010,   0.01897,   0.02062,  -0.04010,   0.06164,   0.00585,   0.02718,  -0.02698,   0.04523,  -0.03846,  -0.02698,  -0.02698
   0.04851,   0.00420,  -0.03190,   0.00420,   0.02554,  -0.03354,   0.02226,  -0.03682,   0.05836,  -0.00564,   0.08134,  -0.04503,   0.00256,  -0.02698,   0.02718,   0.03539,   0.06821,   0.05344,   0.03374,  -0.00728,  -0.08113,   0.04851,   0.04523,  -0.01056,  -0.02533,  -0.00400,  -0.02205,   0.02718,  -0.06144,   0.03703,   0.00913,  -0.05487,  -0.01056,   0.03539,  -0.01877,  -0.04175,  -0.02533,  -0.02862,   0.01405,  -0.02533,   0.04523,   0.01733,  -0.02369,   0.06821,   0.02226,   0.00913,  -0.03026,  -0.05980,  -0.02041,   0.09446,   0.03046,   0.01569,   0.08790,  -0.04175,  -0.07621,   0.05180,  -0.05652,   0.00092,   0.05344,  -0.04175,  -0.01713,   0.01077,   0.03374,   0.03374,  -0.04010,   0.03374,  -0.06964,  -0.06308,  -0.01713,  -0.11395,   0.00420,   0.01897,   0.03210,  -0.01221,  -0.00564,   0.00092,  -0.01713,   0.09775,  -0.03354,  -0.08113,   0.04031,  -0.01385,   0.04195,  -0.01549,   0.00749,   0.01897,   0.03210,  -0.04667,   0.02554,   0.03210,   0.06821,   0.03046,  -0.05487,   0.04687,   0.07805,  -0.00236,   0.00420,   0.03867,   0.01569,   0.03867,  -0.05652,  -0.00072,   0.01569,  -0.05323,  -0.03682,   0.07313,  -0.01877,   0.07805,  -0.00400,   0.06000,   0.03867,  -0.00564,  -0.07785,  -0.02698,   0.01405,   0.02718,   0.02882,  -0.04010,  -0.09918,  -0.07785,  -0.06308,   0.02554,   0.00913,  -0.04010,   0.03210,  -0.04175,   0.07641,  -0.07457,   0.02062,   0.03539,   0.02226,   0.01733,  -0.03190,   0.00585,   0.00256,   0.00913,  -0.02862,   0.06821,  -0.00236,   0.10431,   0.06985,  -0.00564,   0.01077,   0.02390,   0.00420,  -0.01056,   0.02554,   0.07149,   0.04687,   0.03703,  -0.03518,  -0.08113,  -0.01385,  -0.03354,  -0.09262,  -0.02041,  -0.04667,   0.00749,   0.00256,   0.03046,  -0.02862,   0.01241,  -0.02205,   0.02882,  -0.01713,  -0.04503,  -0.00236,  -0.02369,  -0.02041,  -0.04339,  -0.04995,  -0.00728,   0.00585,  -0.04339,   0.02226,  -0.02698,   0.06164,   0.04195,  -0.00236,  -0.02862,  -0.02205,  -0.05487,   0.02882,   0.05180,   0.06657,   0.03046,  -0.06144,  -0.03026,  -0.02041,   0.05836,  -0.01221,   0.05672,   0.01241,  -0.03846,   0.03703,   0.00420,  -0.00564,   0.03046,   0.03703,   0.02062,  -0.00564,  -0.06472,   0.05836,   0.06492,   0.02390,  -0.02041,   0.01733,  -0.09426,   0.06164,   0.04687,  -0.03190,  -0.00072,   0.04031,   0.00749,   0.02554,   0.03703,  -0.01221,  -0.00072,  -0.05816,   0.05672,  -0.02533,  -0.01877,   0.07477,  -0.03846,   0.00420,   0.00913,   0.05836,  -0.09590,  -0.02533,   0.00585,  -0.04503,   0.03539,   0.00749,  -0.04339,  -0.10739,  -0.01713,   0.11580,  -0.00892,   0.07313,   0.00256,   0.04195,  -0.05980,   0.02062,  -0.03354,   0.00420,  -0.01056,   0.00749,  -0.01056,   0.04851,   0.00256,   0.03539,  -0.04339,  -0.03682,   0.08298,  -0.00564,  -0.03354,   0.01569,   0.03703,   0.05180,  -0.04339,  -0.01385,  -0.00728,  -0.00072,   0.02062,  -0.00400,  -0.01549,   0.10595,   0.01733,  -0.03190,   0.01241,  -0.06964,  -0.06472,   0.03374,  -0.04010,   0.00256,  -0.03354,   0.07805,  -0.07949,  -0.02862,  -0.00564,  -0.00400,   0.03703,   0.05836,  -0.06964,   0.06328,  -0.05980,  -0.01549,   0.02390,  -0.02369,   0.00913,   0.02390,  -0.00728,  -0.04503,   0.00913,   0.03210,  -0.03354,  -0.01877,  -0.04175,   0.06328,   0.06000,   0.05016,  -0.03190,  -0.02862,  -0.02698,   0.02554,  -0.02041,  -0.03190,   0.00256,  -0.05159,  -0.02205,  -0.00072,   0.07313,   0.00256,  -0.02205,   0.01733,  -0.01549,  -0.03682,   0.01569,   0.01897,   0.04031,   0.09611,   0.02062,  -0.04503,  -0.07621,  -0.02533,   0.05344,  -0.01385,   0.06821,  -0.04010,   0.02882,   0.01733,   0.03539,  -0.03190,   0.02882,   0.06657,   0.08626,  -0.02205,  -0.00236,   0.05836,  -0.10082,  -0.04503,   0.00749,   0.03539,  -0.01877,  -0.01549,   0.06821,  -0.01221,  -0.02862,   0.01569,  -0.10575,   0.02062,  -0.04175,   0.07641,   0.03703,   0.04031,  -0.02369,   0.04523,  -0.00236,   0.00420,   0.06164,   0.08298,   0.02226,  -0.03682,  -0.02041,   0.00420,  -0.08441,  -0.06800,   0.02882,  -0.06636,  -0.05159,   0.00749,   0.01077,  -0.02533,   0.02718,   0.01733,   0.04031,   0.00913,  -0.00728,   0.06657,   0.01733,  -0.01056,  -0.01549,   0.02718,   0.06000,  -0.00892,  -0.03846,  -0.06472,  -0.03682,  -0.00236,   0.00092,   0.00749,  -0.04339,   0.01569,  -0.03354,   0.07969,   0.10595,   0.00092,   0.10103,  -0.05652,   0.01405,  -0.04831,   0.01405,  -0.01385,   0.05016,   0.00256,  -0.04339,   0.02554,   0.02718,   0.02390,   0.01241,   0.05344,  -0.04175,   0.03539,  -0.01056,  -0.00564,   0.01077,   0.09611,  -0.01385,   0.02390,  -0.00236,  -0.01385,  -0.06472,   0.03867,  -0.02533,   0.03374,   0.08462,   0.00913,  -0.03190,  -0.09754,  -0.01385,  -0.04667,   0.02718,   0.04851,   0.01241,  -0.04667,  -0.01713,  -0.07457,   0.00092,  -0.05816,  -0.04831,  -0.02862,  -0.02205,   0.05836,  -0.02041,   0.01241,  -0.03846,   0.06328,   0.02882,  -0.03026,  -0.02533,   0.05180,   0.00092,   0.04359,  -0.01713,  -0.01385,   0.04687,  -0.10411,   0.05508,   0.05672,  -0.01056,  -0.04339,   0.04031,  -0.03682,  -0.07457,   0.02390,  -0.03354,  -0.00564,   0.08298,  -0.01221,  -0.04503,   0.00749,  -0.09590,   0.02226,   0.01897,   0.02226,  -0.03354,   0.06000,  -0.06800,  -0.00236,   0.01733,  -0.05323,   0.04031,   0.02390,  -0.02369,  -0.01713,  -0.00072,   0.02718,  -0.01385,   0.01733,   0.04851,   0.01077,  -0.06636,  -0.03190,   0.01897,  -0.08441,  -0.00728,   0.04523,  -0.04667,  -0.03026,   0.05672,   0.01241,   0.00092,  -0.05816,  -0.03026,   0.01405,  -0.04667,   0.04195,   0.01733,   0.07969,  -0.05159,  -0.02041,  -0.03682,  -0.03026,  -0.01385,  -0.00564,   0.04195,  -0.01877,  -0.01385,   0.04851,  -0.00400,   0.11908,  -0.03354,  -0.04010,   0.04851,   0.06821,  -0.00728,   0.02390,   0.07313,  -0.00728,   0.08790,   0.00092,   0.00585,   0.06328,   0.03210,   0.03703,  -0.07949,  -0.04175,  -0.01056,   0.01077,  -0.03846,  -0.00892,  -0.01877,   0.01077,  -0.00072,   0.04359,  -0.00236,  -0.00892,   0.00585,  -0.01385,   0.07969,   0.06328,  -0.06472,   0.06492,  -0.03026,   0.10923,  -0.03682,  -0.07129,   0.01569,  -0.04503,  -0.04995,  -0.02041,   0.00092,   0.01077,   0.03210,  -0.04831,   0.01897,   0.04687,   0.01241,  -0.03354,  -0.02205,  -0.12052,   0.02390,   0.01569,   0.00585,  -0.02369,   0.02882,  -0.00728,   0.05344,  -0.02041,   0.04359,   0.02718,  -0.03682,   0.02390,  -0.02205,   0.07149,   0.02226,   0.00749,  -0.06472,   0.13549,  -0.04175,   0.03374,   0.05344,  -0.02698,  -0.00892,   0.00256,  -0.08934,   0.00420,   0.00913,  -0.02041,   0.04523,  -0.02041,  -0.00072,  -0.04010,   0.05508,  -0.00892,   0.10431,  -0.04503,   0.04195,  -0.01056,   0.05836,  -0.04175,  -0.02533,  -0.00564,  -0.07293,   0.02390,  -0.01056,   0.02226,  -0.02205,  -0.05159,   0.02062,   0.02062,  -0.01221,   0.08790,  -0.00072,  -0.09590,   0.01241,  -0.01877,  -0.01549,  -0.01221,   0.04195,  -0.00564,  -0.07621,   0.00420,  -0.01056,  -0.00728,   0.01077,  -0.01549,   0.01897,  -0.00236,   0.04851,   0.01077,   0.03539,  -0.05159,  -0.03026,   0.07149,   0.00913,   0.00585,  -0.00072,  -0.01056,   0.06164,  -0.00236,  -0.07129,  -0.01385,  -0.00072,   0.00256,  -0.00236,   0.01241,  -0.01221,   0.04523,  -0.07293,   0.01077,   0.00749,   0.02554,   0.00420,   0.06657,   0.09282,   0.01569,   0.01733,  -0.01549,  -0.01221,   0.02554,   0.08626,   0.00913,   0.02554,  -0.03518,  -0.04503,  -0.05980,  -0.01056,  -0.02369,  -0.00564,   0.09282,  -0.04503,   0.03210,  -0.07785,  -0.09098,   0.05016,  -0.04175,   0.04031,  -0.07785,  -0.04831,   0.04195,  -0.05980,   0.00749,   0.03374,  -0.03190,   0.02718,   0.00256,   0.00092,   0.00420,  -0.06636,  -0.05816,  -0.01385,  -0.01713,   0.06821,  -0.10247,  -0.02862,   0.04359,   0.02882,  -0.05816,   0.00420,  -0.00892,   0.02390,   0.01733,   0.01241,  -0.06144,   0.00749,  -0.05816,   0.02062,  -0.00400,   0.03210,  -0.05487,  -0.06800,  -0.02862,  -0.03190,   0.01405,  -0.00564,  -0.02041,   0.00092,  -0.04831,  -0.07621,  -0.02533,   0.05344,  -0.00400,  -0.01385,   0.01569,   0.01733,  -0.00728,  -0.02205,  -0.00892,  -0.00564,  -0.02533,   0.03867,   0.00585,   0.01241,   0.05672,   0.05836,   0.06985,   0.02226,   0.01405,  -0.00072,  -0.01549,   0.03210,   0.06821,   0.03703,   0.06657,  -0.02533,  -0.04339,   0.04359,  -0.01385,   0.08626,   0.08626,  -0.00892,  -0.05980,   0.03210,   0.01733,   0.11088,   0.03867,  -0.01877,   0.00092,   0.06000,   0.03210,   0.04195,   0.01897,  -0.01385,   0.00420,   0.00913,   0.03374,   0.04031,  -0.09754,  -0.00564,   0.04523,  -0.07457,  -0.04339,   0.03703,  -0.00400,   0.02390,   0.11088,  -0.03026,   0.04851,  -0.01056,   0.01569,   0.05508,   0.01733,  -0.02698,   0.01241,  -0.05487,   0.05180,   0.04523,   0.00420,  -0.06800,   0.04195,  -0.03190,  -0.00728,   0.04359,   0.08462,  -0.02041,   0.05344,   0.04851,   0.04359,   0.05180,  -0.02698,   0.01569,  -0.05980,   0.02554,   0.00749,   0.00585,  -0.00728,  -0.00400,   0.03046,   0.01241,   0.02554,   0.06328,  -0.04175,  -0.00564,   0.00092,   0.02062,   0.02554,   0.01405,   0.04031,  -0.04010,   0.02062,   0.03210,   0.00749,   0.00420,   0.00420,  -0.00236,  -0.02205,   0.03539,   0.11252,   0.05836,   0.00092,  -0.02205,   0.04195,   0.05836,  -0.05816,  -0.01221,  -0.04339,  -0.05652,   0.00092,  -0.00564,   0.01241,  -0.02205,   0.02226,  -0.03682,  -0.07293,   0.04359,  -0.00236,   0.01405,   0.00420,   0.01241,  -0.01713,  -0.00564,   0.06000,  -0.03190,   0.00256,  -0.03190,  -0.00892,  -0.04667,   0.05344,  -0.05323,  -0.03026,  -0.00236,   0.00092,  -0.10575,   0.00420,   0.04851,   0.02062,   0.03046,   0.05836,  -0.02533,   0.00092,  -0.01385,  -0.01549,   0.04195,   0.02062,  -0.06636,  -0.03682,  -0.03190,  -0.02205,   0.02554,  -0.00236,  -0.04995,  -0.06964,  -0.00072,   0.01733,  -0.03682,  -0.01221,  -0.06308,  -0.04010,   0.00585,  -0.03354,   0.08298,   0.02226,   0.00420,  -0.01221,  -0.02041,   0.03374,   0.00913,  -0.15662,   0.00749,  -0.00564,  -0.01056,   0.01241,  -0.02533,   0.07313,   0.05180,  -0.01221,   0.02554,  -0.00728,  -0.05816,  -0.01385,   0.02718,  -0.01385,  -0.01056,  -0.03846,  -0.02698,  -0.05652,   0.05016,  -0.07949,  -0.01056,  -0.07785,   0.04031,  -0.04503,   0.06164,  -0.01713,  -0.06308,   0.00256,  -0.05980,  -0.01713,  -0.04667,  -0.11395,  -0.03682,  -0.03354,  -0.02698,   0.00585,   0.04031,  -0.03026,   0.05016,  -0.00072,  -0.03026,   0.05672,   0.04195,   0.00420,   0.01077,   0.01241,  -0.03026,   0.01569,   0.07313,   0.01733,   0.00420,   0.02882,  -0.01877,   0.08298,  -0.02205,  -0.06964,   0.05508,   0.04523,   0.07149,   0.00749,   0.00092,   0.02718,  -0.01877,   0.04359,  -0.00728,  -0.01713,  -0.00400,  -0.05159,  -0.01549,   0.03046,  -0.11231,   0.04523,  -0.02041,   0.03703,   0.00585,  -0.00400,   0.10431,  -0.00072,  -0.02862,   0.00913,  -0.03190,  -0.02862,  -0.01221,  -0.06472,   0.04851,  -0.02205,  -0.01056,   0.03046,  -0.01549,  -0.03190,   0.03539,   0.07969,  -0.01221,  -0.03026,   0.00585,   0.01077,   0.05508,  -0.01549,   0.00913,   0.05016,   0.00092,   0.03046,   0.04523,   0.14206,   0.06492,  -0.02533,  -0.03190,  -0.01385,  -0.02698,   0.01405,   0.05508,   0.01405,  -0.04503,  -0.02205,   0.03046
   0.10103,   0.01733,   0.01077,  -0.00564,  -0.06800,  -0.00564,  -0.06144,  -0.02369,   0.10267,  -0.09098,  -0.01713,   0.03046,  -0.00892,   0.02882,  -0.06636,   0.02062,  -0.05323,  -0.08113,   0.05180,   0.05180,  -0.01221,  -0.00072,  -0.02533,   0.04031,   0.01405,  -0.00072,  -0.03518,  -0.00072,   0.00256,  -0.01056,   0.02062,   0.03046,   0.07149,  -0.06472,  -0.02041,  -0.02205,  -0.03354,  -0.01221,  -0.05323,  -0.01221,  -0.02862,  -0.00072,  -0.00728,   0.04031,  -0.02862,   0.00913,   0.01569,  -0.07293,   0.04195,   0.04031,   0.03867,  -0.01221,  -0.05816,  -0.11559,  -0.01056,  -0.03026,   0.00749,   0.00585,   0.02062,  -0.08277,  -0.00892,  -0.00892,   0.03867,   0.12565,  -0.00400,   0.05672,  -0.01385,  -0.03026,  -0.01549,   0.03210,   0.00092,   0.03867,   0.03374,  -0.03190,   0.01405,   0.01733,   0.00256,   0.02718,  -0.05816,   0.01241,   0.02882,   0.01733,   0.05180,  -0.00564,  -0.01713,  -0.03190,   0.01077,   0.08790,   0.01733,  -0.00072,   0.02882,  -0.00728,  -0.02698,  -0.04339,   0.08954,  -0.03026,  -0.03354,   0.14698,  -0.05159,  -0.04010,   0.02882,   0.02062,   0.04359,   0.00913,   0.01569,   0.00913,   0.05672,   0.02390,   0.04851,  -0.01385,  -0.05323,   0.02390,   0.00749,  -0.00400,   0.02882,  -0.01713,  -0.05323,  -0.02698,   0.01077,   0.00749,   0.05180,  -0.03190,  -0.02041,   0.03867,   0.04031,   0.00913,   0.05344,  -0.03682,  -0.00564,  -0.00728,   0.08954,   0.00749,  -0.01713,   0.03539,   0.04359,  -0.00564,   0.04195,  -0.13529,  -0.06308,   0.03046,  -0.08770,  -0.03026,   0.01405,   0.01569,  -0.01385,  -0.03846,   0.06985,  -0.03846,   0.05016,  -0.01385,  -0.01877,   0.00749,   0.08954,  -0.05159,  -0.01056,  -0.02205,  -0.04175,  -0.04667,  -0.04995,   0.01405,  -0.04010,  -0.01549,  -0.04995,  -0.03354,  -0.02369,  -0.04831,   0.06000,  -0.07621,   0.05836,   0.04359,  -0.09754,  -0.05816,   0.00585,  -0.07129,  -0.04995,  -0.01713,  -0.05487,  -0.01713,   0.01241,  -0.09098,  -0.07457,   0.00256,   0.02390,   0.01077,  -0.02862,  -0.05159,   0.05180,  -0.06964,   0.03539,   0.06821,   0.04195,  -0.00892,  -0.04175,  -0.02698,  -0.00892,   0.02718,  -0.03518,  -0.08277,  -0.08605,   0.02554,   0.00749,  -0.03190,   0.09282,   0.07805,  -0.05652,   0.03867,  -0.02205,  -0.04831,  -0.09590,  -0.07785,  -0.05980,   0.02226,   0.07641,   0.01241,  -0.07457,   0.01733,   0.01897,   0.00256,   0.07641,  -0.05980,   0.02554,  -0.05980,  -0.01385,  -0.05323,   0.00585,   0.02554,   0.00092,  -0.00892,   0.06657,   0.00420,  -0.05323,  -0.00564,  -0.04667,   0.02554,   0.02390,   0.07477,   0.07969,   0.02718,  -0.03846,   0.01733,  -0.01877,  -0.00072,   0.00913,  -0.02533,   0.05836,   0.04359,  -0.01549,  -0.02369,  -0.02369,  -0.03354,   0.01569,  -0.02041,  -0.02862,   0.07477,  -0.08770,  -0.05816,   0.01733,  -0.06144,  -0.01056,   0.05016,   0.04195,   0.02390,   0.02882,  -0.04995,  -0.03354,   0.09118,  -0.00400,   0.09775,   0.04687,  -0.03026,   0.01077,  -0.03354,   0.02882,  -0.05980,   0.03539,   0.01241,   0.03703,   0.07477,   0.10923,   0.01241,   0.04523,  -0.07129,   0.08626,  -0.07785,   0.03210,  -0.03518,  -0.00892,   0.13057,  -0.02041,   0.03703,   0.06328,  -0.01385,   0.01077,  -0.11067,  -0.00564,   0.01405,   0.02554,   0.01077,   0.03867,   0.07149,  -0.00564,   0.09282,  -0.06636,  -0.07293,   0.06985,  -0.00072,  -0.02862,   0.00585,   0.02554,   0.04195,   0.01569,  -0.00892,  -0.01385,   0.00913,   0.10759,   0.03210,   0.07149,   0.03703,   0.00256,   0.00420,   0.00092,   0.01569,   0.00585,  -0.01385,  -0.06472,   0.00092,   0.02554,   0.00092,   0.06657,   0.05672,  -0.06308,  -0.02369,   0.03539,  -0.08605,   0.10431,   0.00749,  -0.02041,   0.10923,  -0.04831,  -0.02862,  -0.01877,  -0.03846,  -0.05980,   0.00420,   0.01405,  -0.01385,   0.00749,   0.02718,  -0.03682,  -0.04995,  -0.07621,  -0.02533,  -0.03682,  -0.01056,   0.03867,   0.01241,   0.00585,  -0.08441,   0.02226,   0.05344,   0.06657,   0.09282,  -0.00892,  -0.03190,  -0.02041,   0.01733,  -0.01385,   0.06492,   0.00092,   0.05836,   0.04031,  -0.08934,   0.10759,   0.00913,  -0.02041,   0.03867,  -0.00564,   0.01897,   0.04851,   0.01569,   0.01077,   0.03703,  -0.01385,   0.03374,   0.00420,   0.07313,   0.04195,  -0.04339,   0.03374,   0.06985,  -0.01549,  -0.03190,  -0.06800,   0.01405,  -0.04503,   0.02882,   0.01077,  -0.01385,   0.00420,   0.01733,   0.00913,   0.00913,   0.00092,  -0.05323,  -0.12544,   0.04031,  -0.00892,  -0.00072,  -0.05980,  -0.00236,   0.00420,   0.01733,  -0.02533,  -0.04503,  -0.02698,   0.09118,   0.05016,   0.04195,   0.02390,  -0.04503,   0.06492,   0.00749,  -0.00564,  -0.00236,  -0.06800,   0.05016,  -0.02533,  -0.00400,  -0.04667,  -0.00400,  -0.08605,  -0.01056,  -0.01385,   0.04195,  -0.11067,  -0.03518,  -0.01713,   0.00420,   0.06985,   0.08298,  -0.01877,  -0.06636,  -0.03682,  -0.02041,  -0.01385,  -0.03682,   0.03867,  -0.03190,   0.11580,  -0.05652,  -0.00892,  -0.03026,   0.00092,   0.02062,  -0.02041,  -0.03518,   0.04523,   0.00256,   0.01405,  -0.00072,  -0.03846,   0.02718,   0.08134,  -0.03354,  -0.04010,  -0.04010,  -0.00236,  -0.19765,  -0.03190,   0.05508,  -0.06800,   0.01405,   0.03374,   0.02390,  -0.04175,  -0.04667,   0.06000,  -0.01056,  -0.02041,  -0.02533,   0.05508,  -0.00400,   0.05672,  -0.01385,   0.01077,   0.03867,  -0.04175,  -0.01221,   0.08626,  -0.02698,   0.01733,   0.01405,   0.06000,  -0.00892,  -0.02533,  -0.00072,  -0.04831,   0.00585,  -0.00728,  -0.03026,  -0.04010,   0.06985,  -0.02369,  -0.04339,  -0.00892,   0.01405,   0.00092,   0.02718,   0.00749,   0.04523,   0.09282,  -0.01877,  -0.01056,   0.02062,  -0.00564,   0.03374,   0.00420,   0.00585,   0.02062,   0.06164,   0.03539,  -0.04010,   0.05344,   0.04195,   0.02062,   0.03046,  -0.02698,  -0.00892,   0.01405,   0.07477,   0.02390,  -0.05652,   0.01569,  -0.03682,   0.01077,  -0.03354,  -0.01056,   0.00420,  -0.06472,   0.02554,   0.05016,  -0.02698,   0.03703,   0.06821,  -0.00400,   0.05836,  -0.05980,   0.07313,  -0.02205,   0.07641,  -0.01549,   0.01897,  -0.02862,   0.00749,  -0.06800,   0.03210,   0.01077,  -0.03354,  -0.01549,  -0.06144,  -0.00892,  -0.04667,   0.02718,   0.06000,  -0.00728,  -0.07129,  -0.01221,  -0.00892,   0.02390,  -0.03682,   0.05016,  -0.05159,   0.01569,  -0.03518,   0.03210,   0.00913,  -0.01056,   0.05672,   0.04031,   0.01241,   0.07149,  -0.02698,   0.06985,  -0.03518,   0.07313,   0.10267,  -0.08605,   0.01077,   0.07641,   0.04031,  -0.03026,   0.12400,   0.05016,  -0.08441,  -0.02533,  -0.02041,   0.03539,  -0.06308,   0.01733,   0.02882,   0.00913,  -0.02205,  -0.04995,   0.00585,   0.03046,  -0.03682,   0.04031,  -0.00236,  -0.03518,   0.01241,   0.04195,   0.03210,  -0.07621,  -0.06800,  -0.03682,   0.01733,  -0.03026,   0.03703,  -0.07129,   0.03867,  -0.02533,  -0.01549,   0.00749,  -0.02862,   0.02882,  -0.05323,   0.00585,   0.01897,   0.10431,   0.04523,  -0.07785,   0.01897,   0.03539,   0.02226,  -0.07621,   0.04687,   0.02554,   0.11252,  -0.05159,  -0.01549,   0.05672,   0.01733,   0.00585,   0.08134,   0.06492,  -0.01877,   0.09939,   0.00749,  -0.03682,   0.02062,   0.01897,  -0.07785,  -0.00236,  -0.05652,   0.02226,   0.01733,   0.01241,   0.03210,   0.02554,   0.01733,   0.06657,   0.02062,   0.00913,   0.02718,   0.01077,  -0.02369,  -0.04667,   0.04195,   0.00420,  -0.04339,  -0.03846,  -0.02862,   0.04359,  -0.01221,  -0.01385,   0.02062,   0.05180,   0.00585,  -0.02533,  -0.00564,  -0.02205,  -0.03190,  -0.00892,  -0.03682,   0.02390,   0.00092,  -0.02862,  -0.02862,   0.04523,  -0.02369,  -0.02533,  -0.01221,   0.00585,  -0.05487,  -0.03682,  -0.04010,  -0.00564,  -0.06800,   0.06657,   0.00585,  -0.01056,  -0.06308,   0.06492,  -0.01713,  -0.01877,  -0.04175,   0.02718,  -0.04503,   0.00420,  -0.05487,   0.00092,   0.07149,  -0.05323,   0.01405,  -0.03518,   0.04195,   0.01405,  -0.03518,  -0.10247,   0.04359,  -0.00072,   0.06492,  -0.02369,   0.06985,  -0.06144,   0.01405,   0.06492,   0.06164,   0.02554,   0.08298,  -0.03190,  -0.00072,   0.06328,   0.10431,  -0.00400,   0.07313,  -0.06636,  -0.05487,  -0.07129,  -0.02369,  -0.01877,  -0.03190,  -0.02369,   0.02062,  -0.02205,   0.01569,   0.01733,   0.02554,   0.01897,   0.03210,  -0.00892,   0.02226,  -0.01385,   0.04523,   0.02718,  -0.00728,   0.03374,   0.08626,   0.02062,  -0.02862,   0.01405,  -0.04995,  -0.00072,  -0.03026,   0.05508,  -0.03846,   0.02390,   0.07805,   0.01733,   0.01733,   0.05836,   0.00092,  -0.00564,   0.06492,   0.02882,   0.06328,   0.00420,   0.00092,  -0.06308,   0.05344,   0.03703,  -0.01713,   0.01077,   0.03210,  -0.04503,   0.01569,   0.02226,   0.05836,   0.00092,   0.08790,   0.02554,   0.02390,   0.03539,   0.00092,   0.05672,  -0.03190,   0.05344,   0.02718,   0.01077,   0.10267,  -0.01385,  -0.00892,   0.01569,  -0.00564,  -0.01713,  -0.00728,  -0.01221,  -0.00564,  -0.02205,   0.00585,   0.01405,  -0.01221,  -0.02205,  -0.02862,   0.02882,   0.00749,   0.03867,   0.02390,   0.02390,  -0.04339,  -0.05652,   0.01077,  -0.01056,  -0.03190,  -0.00236,  -0.04339,   0.07805,   0.03046,  -0.00236,   0.03867,  -0.01385,  -0.03682,   0.00420,  -0.03190,   0.03867,  -0.03026,  -0.01056,  -0.03026,   0.02226,   0.02882,  -0.01877,  -0.03518,  -0.02205,  -0.02205,   0.05508,   0.07969,   0.02062,  -0.09262,  -0.07129,  -0.04995,   0.05180,   0.01569,   0.06985,   0.03539,  -0.01056,   0.00256,   0.08954,  -0.03026,   0.00092,   0.01569,  -0.02041,  -0.03354,  -0.06472,  -0.01549,   0.03539,   0.02062,   0.04851,  -0.00072,   0.04359,   0.00420,   0.04359,   0.01077,   0.00749,  -0.02369,  -0.01385,  -0.03846,   0.03210,  -0.01221,   0.02718,  -0.07949,  -0.02041,   0.03210,  -0.00564,  -0.00564,  -0.01056,  -0.04175,   0.00092,  -0.00728,   0.03703,  -0.03846,  -0.10247,   0.04031,   0.05016,  -0.00892,   0.03867,  -0.03846,   0.00749,   0.04687,   0.01241,  -0.01056,  -0.08770,  -0.02205,  -0.01221,  -0.05816,  -0.04831,  -0.00072,  -0.01221,   0.03374,  -0.00236,   0.04195,  -0.03518,   0.01405,   0.00749,  -0.05652,  -0.02698,  -0.01221,  -0.07785,   0.10103,   0.01733,   0.01241,  -0.02205,  -0.02041,   0.05016,  -0.02205,  -0.11888,   0.01897,  -0.04175,  -0.02533,  -0.05816,  -0.05159,   0.03539,   0.04195,  -0.00072,   0.01733,  -0.06964,   0.07805,  -0.00728,   0.07313,  -0.07293,   0.02062,  -0.06964,   0.02390,  -0.02205,   0.02882,   0.02226,  -0.07785,   0.06328,   0.00585,   0.04031,  -0.03518,  -0.02041,   0.01405,   0.07313,  -0.03026,   0.01405,  -0.04667,  -0.06472,   0.07641,  -0.04503,   0.06985,  -0.01221,   0.00256,   0.02226,   0.01241,   0.00256,   0.03703,  -0.04667,   0.02390,  -0.02369,   0.06164,  -0.02533,  -0.06472,   0.06821,  -0.05159,   0.07477,  -0.00400,   0.00585,  -0.05487,  -0.04175,  -0.00072,   0.03210,   0.01569,   0.00913,   0.07313,   0.01241,   0.05672,  -0.07293,   0.07641,  -0.06144,   0.03210,  -0.09262,   0.01897,   0.00749,  -0.03354,  -0.04995,  -0.02698,   0.03046,  -0.03518,  -0.02205,  -0.03682,   0.02062,   0.00585,   0.01733,  -0.03846,  -0.01713,  -0.03846,  -0.04995,  -0.02205,  -0.02698,  -0.00072,   0.01569,  -0.01221,   0.00585,  -0.05159,   0.02390,   0.01733,  -0.03190,  -0.01056,  -0.03682,   0.02882,  -0.01221,   0.01897,   0.03210,   0.00585
  -0.02533,  -0.02862,   0.00585,  -0.05323,   0.01405,  -0.00072,  -0.03518,  -0.02862,  -0.01385,   0.04359,   0.07149,   0.03703,  -0.02698,   0.01077,   0.07641,   0.02062,   0.06328,  -0.01549,   0.00913,  -0.02205,   0.02390,   0.00256,   0.00913,   0.05672,   0.02226,  -0.03190,  -0.04667,  -0.04667,   0.02062,   0.02882,  -0.06308,   0.11088,  -0.02862,   0.04851,  -0.04339,   0.00749,   0.01405,  -0.05159,  -0.03518,   0.03046,   0.03703,  -0.00564,  -0.06308,  -0.01221,   0.05836,  -0.02369,  -0.00892,  -0.00236,   0.08790,  -0.04175,  -0.00400,  -0.00892,   0.05016,  -0.01056,   0.09611,   0.07149,  -0.03190,  -0.06472,   0.00749,   0.03046,  -0.06800,  -0.07621,  -0.00728,  -0.02041,  -0.07457,   0.05508,  -0.05652,  -0.01713,   0.02718,  -0.00728,   0.03374,   0.05344,  -0.13201,  -0.00728,   0.01569,  -0.01713,   0.00913,  -0.06144,  -0.01056,  -0.06472,  -0.00728,   0.04195,  -0.01713,  -0.03518,   0.01405,   0.03374,  -0.01549,  -0.06308,  -0.02862,  -0.00072,   0.04359,   0.08134,   0.02554,   0.05508,  -0.02205,   0.01077,   0.05508,   0.00585,   0.08462,   0.00585,  -0.02041,   0.09775,   0.09775,   0.10267,   0.00913,   0.04359,  -0.03190,  -0.03846,  -0.05159,   0.06657,  -0.03190,  -0.00892,  -0.02533,  -0.03682,   0.01897,   0.03210,   0.02882,   0.02718,  -0.01549,  -0.05487,  -0.02369,   0.02062,  -0.02041,  -0.01385,   0.01241,  -0.05816,   0.03867,   0.02554,   0.04359,   0.00420,   0.00420,  -0.11067,  -0.03026,  -0.00072,   0.01569,  -0.01385,   0.00092,   0.01569,  -0.01713,   0.07477,  -0.06308,   0.01405,   0.01241,  -0.05159,  -0.07457,  -0.01385,   0.00420,  -0.02533,  -0.05980,   0.00585,   0.03703,   0.04523,  -0.03190,   0.04359,  -0.00236,   0.02554,  -0.07949,   0.05016,   0.02390,  -0.01549,  -0.00072,  -0.09754,  -0.06636,  -0.04831,  -0.09754,  -0.01549,   0.08954,  -0.01385,   0.00749,   0.09446,  -0.04175,  -0.10247,   0.02062,   0.01897,  -0.06144,   0.01241,   0.01733,   0.01733,   0.02554,   0.00092,  -0.03026,   0.05508,  -0.00400,   0.04031,   0.00256,  -0.02533,  -0.03190,   0.00749,  -0.06472,   0.01077,  -0.00728,  -0.01056,   0.00092,  -0.00400,  -0.05487,   0.03374,  -0.02041,  -0.00892,   0.03210,  -0.00236,   0.03046,  -0.07293,  -0.00072,   0.00913,  -0.02862,  -0.09754,  -0.04010,   0.02554,   0.00420,  -0.04667,   0.02062,  -0.04175,  -0.03026,   0.01569,   0.00256,  -0.02369,  -0.08113,   0.00256,   0.02882,   0.00256,  -0.07129,   0.01897,  -0.05816,   0.00092,  -0.03518,  -0.01549,  -0.03026,   0.02882,   0.00092,   0.02226,   0.05344,   0.04687,  -0.05487,  -0.02698,   0.03867,  -0.06636,  -0.08605,  -0.03026,  -0.02205,  -0.00236,   0.03539,   0.06328,  -0.00564,   0.01569,   0.05016,   0.04523,   0.00585,   0.02718,   0.08134,  -0.02369,   0.07149,  -0.00728,  -0.01221,   0.00092,  -0.06800,   0.04031,   0.06000,   0.07641,   0.01733,   0.02062,   0.01405,   0.04031,  -0.02041,  -0.03026,  -0.02369,   0.00913,   0.06821,  -0.01877,  -0.00400,  -0.01713,   0.04195,   0.03046,  -0.00400,   0.01077,  -0.06144,  -0.04010,   0.01077,   0.01569,  -0.03354,   0.03703,  -0.09098,   0.03867,   0.03703,   0.01897,  -0.11395,   0.05180,  -0.01877,  -0.01877,  -0.04667,   0.03046,   0.02882,   0.05836,   0.03210,  -0.04175,  -0.04995,   0.07149,  -0.02533,   0.05180,   0.04195,  -0.03190,  -0.06472,   0.02226,   0.05672,   0.04687,   0.01077,  -0.00728,   0.00913,   0.01241,   0.08298,   0.02390,  -0.01385,  -0.01385,  -0.05159,  -0.00072,  -0.04339,  -0.08441,   0.02226,  -0.02533,   0.05836,  -0.00236,   0.01569,  -0.00728,  -0.08113,  -0.03518,   0.10103,   0.03374,   0.01897,   0.02882,   0.04359,   0.11252,  -0.01713,  -0.01385,   0.00749,  -0.01549,  -0.04831,  -0.06800,  -0.00236,  -0.00564,  -0.00072,  -0.01549,   0.01733,   0.06164,   0.03210,   0.06492,  -0.00892,   0.01569,   0.04195,   0.00585,   0.05016,   0.04523,   0.03867,   0.02882,  -0.01549,  -0.01877,   0.08462,  -0.02041,   0.00913,  -0.03354,   0.01569,   0.01405,  -0.00072,  -0.05487,   0.00749,  -0.06308,   0.05016,  -0.00400,  -0.02533,   0.02226,  -0.04010,   0.04687,  -0.00236,   0.03210,   0.00256,  -0.02041,   0.08134,  -0.09426,   0.03046,   0.01897,  -0.04831,   0.09282,   0.04851,  -0.06636,   0.00092,   0.08954,   0.00913,   0.04031,  -0.02369,  -0.01385,   0.00585,   0.01897,   0.01077,   0.04359,  -0.04831,  -0.06144,   0.01897,   0.06492,   0.00913,   0.07805,  -0.01713,   0.02226,  -0.02698,   0.02062,  -0.03518,   0.05344,  -0.02698,   0.01569,  -0.12052,  -0.05159,  -0.00400,   0.01405,  -0.04503,   0.01405,  -0.07129,   0.02882,   0.04195,   0.00256,   0.05180,  -0.02533,   0.03046,  -0.03846,  -0.01713,   0.04687,  -0.05487,  -0.01877,   0.07477,   0.05344,   0.02062,  -0.01385,  -0.04831,  -0.02041,  -0.03354,   0.01241,  -0.04995,   0.06164,  -0.04339,   0.03210,  -0.07293,   0.12236,   0.00256,   0.04359,  -0.02041,   0.01077,   0.08462,  -0.01221,  -0.01549,   0.04195,   0.03046,   0.03703,   0.03539,  -0.00072,   0.03703,  -0.01877,   0.07641,   0.06657,   0.06985,  -0.01385,   0.03703,   0.03703,  -0.00072,  -0.01713,  -0.04831,  -0.03354,   0.02226,   0.01241,   0.00913,   0.00749,   0.01733,   0.04359,  -0.00728,  -0.04995,   0.05180,   0.00749,   0.08954,   0.00420,  -0.01877,  -0.09262,  -0.05816,  -0.00072,   0.01897,   0.00585,  -0.05159,  -0.03518,  -0.04010,   0.01405,   0.00585,   0.05344,   0.01569,  -0.03518,  -0.03190,   0.03703,  -0.01713,   0.00585,   0.00420,  -0.04995,   0.02718,   0.02062,   0.08626,   0.01077,  -0.00400,   0.00749,  -0.05487,  -0.02369,   0.05672,   0.06657,  -0.00892,  -0.00564,  -0.02862,  -0.07785,  -0.07785,   0.04359,   0.07805,  -0.02533,   0.09118,   0.09446,  -0.08605,   0.03046,   0.04195,  -0.01385,   0.05180,   0.03046,  -0.03682,   0.06328,   0.01077,   0.06164,   0.05180,  -0.00400,   0.04851,   0.04851,  -0.01877,   0.01733,   0.02554,  -0.03846,  -0.01385,  -0.07785,  -0.01221,   0.00420,   0.02718,  -0.07129,  -0.01221,  -0.02205,  -0.00564,   0.05672,  -0.10903,  -0.05816,  -0.03026,   0.08298,  -0.03190,  -0.04503,   0.00092,   0.00092,   0.05016,  -0.06308,  -0.06636,  -0.00072,  -0.00892,  -0.00892,  -0.04995,   0.04031,  -0.03518,  -0.03190,  -0.02698,   0.02718,  -0.00236,  -0.01713,   0.06985,  -0.10575,   0.02882,  -0.00236,  -0.00236,  -0.00400,  -0.05159,  -0.03354,  -0.01877,  -0.03518,   0.02062,   0.00913,   0.02882,   0.08298,   0.00256,  -0.09590,  -0.00564,  -0.01056,  -0.02041,   0.06657,   0.02718,   0.08298,   0.01897,   0.03374,   0.03374,   0.05016,  -0.03354,  -0.08934,  -0.06144,   0.02718,  -0.03846,   0.00749,   0.00256,   0.00585,  -0.09098,   0.04523,   0.03703,   0.03539,   0.02882,  -0.03846,  -0.02698,   0.00913,  -0.04831,  -0.04831,   0.08134,   0.03210,   0.00420,   0.00092,  -0.05487,  -0.00236,   0.01569,   0.04851,   0.01241,  -0.04995,  -0.00564,  -0.09754,  -0.00892,  -0.05323,   0.01569,   0.03867,  -0.00564,   0.02554,   0.03867,  -0.00564,  -0.04010,   0.06000,   0.06164,   0.00256,  -0.04175,  -0.08934,  -0.03682,   0.05508,  -0.00728,  -0.09590,  -0.02533,  -0.02862,  -0.00728,   0.01241,  -0.03682,   0.09446,   0.01405,  -0.05652,   0.02882,  -0.02041,   0.05344,   0.02226,  -0.03354,   0.03210,  -0.00236,   0.00256,   0.00420,   0.06000,  -0.01549,  -0.06308,   0.02062,  -0.03190,  -0.00564,  -0.04339,  -0.00892,  -0.05487,  -0.00564,  -0.03518,  -0.01549,  -0.04667,   0.07313,  -0.03026,  -0.13365,   0.00256,   0.06657,   0.01241,   0.00749,   0.09282,   0.03703,  -0.06964,  -0.12216,   0.09118,  -0.05487,   0.11088,   0.02390,  -0.04831,   0.00092,  -0.06636,   0.05180,   0.02226,  -0.02862,   0.00749,   0.03867,   0.02718,   0.00256,  -0.09098,   0.04031,   0.00585,  -0.01221,   0.03867,   0.13221,   0.01077,   0.04195,   0.01733,  -0.03354,   0.05508,   0.06657,  -0.04667,  -0.04831,   0.04195,   0.02062,  -0.05652,  -0.01713,  -0.03190,   0.00585,   0.00913,  -0.00400,  -0.00072,  -0.05323,  -0.03518,  -0.00072,   0.01897,   0.00913,   0.01569,   0.08462,   0.06000,   0.05836,  -0.02862,   0.01077,   0.02062,   0.00092,  -0.02369,  -0.04503,   0.04523,  -0.01056,   0.06164,   0.06328,  -0.07621,  -0.06308,   0.03539,   0.01733,   0.05180,   0.03046,  -0.00892,  -0.03354,   0.02390,   0.04031,  -0.04010,   0.05836,  -0.10739,   0.00585,  -0.05980,   0.01241,   0.00913,  -0.00236,   0.04687,  -0.05652,  -0.03682,   0.00585,   0.01569,   0.01405,  -0.04667,   0.05016,  -0.04010,   0.06821,   0.00256,  -0.03518,  -0.01877,   0.00092,  -0.05652,   0.04687,   0.01569,   0.00585,  -0.03846,  -0.00236,  -0.02205,  -0.04175,   0.10759,  -0.03190,  -0.05980,   0.05672,  -0.01549,  -0.02862,  -0.04831,   0.01077,   0.02226,  -0.02862,  -0.05816,  -0.01056,  -0.01221,  -0.00892,  -0.04667,  -0.02205,  -0.02369,   0.03046,  -0.00892,  -0.06144,   0.02718,   0.05672,  -0.03190,   0.07805,  -0.00072,   0.00092,  -0.09262,   0.02882,  -0.03682,  -0.00564,  -0.00400,  -0.03518,   0.03703,   0.02390,  -0.00400,  -0.02369,   0.02226,   0.00420,  -0.01221,   0.02226,   0.06164,   0.05344,   0.00585,   0.04359,   0.00913,  -0.00236,   0.01405,   0.03703,   0.04195,   0.00585,   0.04031,  -0.04175,   0.01733,  -0.08113,   0.00749,  -0.03846,   0.03867,  -0.04175,   0.04195,   0.01077,  -0.05323,  -0.02041,  -0.08441,   0.05836,   0.05180,   0.04523,  -0.03518,  -0.01056,  -0.03682,  -0.05816,   0.00256,   0.00256,  -0.01713,  -0.02041,  -0.05980,  -0.03682,   0.01241,   0.02882,  -0.03354,  -0.02369,   0.00913,  -0.01221,  -0.02533,  -0.03518,   0.00749,  -0.01713,  -0.08934,  -0.03518,   0.06821,  -0.01221,   0.02390,  -0.06308,  -0.05980,   0.08954,   0.08134,  -0.05652,   0.01405,   0.00749,   0.00092,   0.00913,  -0.09918,  -0.01549,  -0.18616,  -0.01877,  -0.01385,   0.00585,   0.08954,   0.01569,   0.03703,  -0.02041,   0.01241,   0.02226,  -0.07785,  -0.01549,  -0.03354,  -0.02533,   0.05672,   0.03046,   0.01897,   0.04687,  -0.04010,   0.04523,  -0.01221,   0.03210,  -0.03518,   0.12236,  -0.04010,   0.03210,   0.10923,  -0.08277,  -0.04831,  -0.05323,   0.05180,   0.01405,  -0.00236,  -0.03354,  -0.01549,   0.00256,   0.01897,  -0.06800,   0.03210,   0.01405,  -0.05487,   0.05016,  -0.01385,   0.02554,  -0.05487,  -0.02862,  -0.03846,   0.04031,   0.04687,   0.00256,  -0.04503,  -0.00892,  -0.02205,   0.03539,  -0.04010,   0.07313,   0.00256,  -0.07785,  -0.05816,   0.02226,  -0.03682,   0.02882,   0.01733,  -0.03518,   0.01733,  -0.00400,   0.06000,   0.00092,   0.00749,   0.02062,   0.05180,  -0.01549,   0.01733,  -0.05980,   0.07641,  -0.00236,   0.04523,  -0.04667,   0.06821,  -0.05980,   0.00913,   0.08462,   0.01077,   0.01241,  -0.05980,  -0.08605,  -0.00072,   0.08134,   0.00913,  -0.02369,   0.03046,   0.00913,  -0.08934,  -0.05487,  -0.06964,  -0.02205,  -0.05159,   0.00256,  -0.00728,  -0.02698,  -0.05159,  -0.00072,   0.05344,   0.10431,  -0.00072,  -0.06800,   0.06164,  -0.00400,   0.02062,  -0.01385,  -0.00564,   0.03046,   0.01569,   0.07149,  -0.04339,  -0.06800,   0.01405,   0.03539,  -0.01056,  -0.05323,   0.07805,   0.01569,   0.01733,  -0.00728,  -0.06144,   0.04687,   0.00749,   0.06657,   0.07477,  -0.00564,  -0.09918,  -0.09426,   0.07149,   0.01077,  -0.00072,  -0.00892,  -0.02041,   0.01405,  -0.03518,   0.02062,   0.08462,   0.02882,   0.03374,   0.01569,  -0.02205,  -0.03354,  -0.00072
   0.01077,   0.05672,   0.01241,  -0.06472,  -0.00564,  -0.04995,   0.07641,  -0.02041,   0.04031,  -0.06144,  -0.04339,  -0.05487,  -0.04339,   0.02718,  -0.01713,   0.00420,   0.00913,  -0.01056,   0.04031,  -0.05652,   0.01405,  -0.01713,  -0.01877,  -0.00892,  -0.02862,  -0.00400,  -0.00892,  -0.01549,  -0.03518,  -0.00400,  -0.07457,   0.08134,  -0.06472,  -0.04503,  -0.03682,   0.00585,  -0.08277,   0.05508,   0.05836,  -0.03026,   0.05836,   0.00913,   0.07149,   0.06164,  -0.01221,  -0.05980,  -0.00728,   0.06821,  -0.02369,  -0.04010,  -0.03354,  -0.02369,  -0.04503,   0.05508,  -0.08277,  -0.02698,   0.01241,  -0.02205,   0.06000,  -0.01549,  -0.02369,   0.01733,   0.00420,  -0.00728,   0.01405,  -0.04995,  -0.04667,   0.01241,  -0.00564,   0.06492,   0.03210,  -0.06144,   0.03867,   0.01733,  -0.06636,   0.03539,  -0.04339,  -0.02862,  -0.05323,   0.04031,  -0.01221,  -0.02698,  -0.03518,   0.03374,   0.08134,   0.06000,  -0.02533,   0.05344,   0.01897,  -0.01221,   0.00092,   0.03867,   0.00749,  -0.00236,   0.04031,   0.04195,  -0.03190,  -0.03354,   0.00749,   0.04687,   0.03703,  -0.03190,  -0.04995,  -0.04503,  -0.04831,   0.00749,   0.03374,   0.01241,   0.00913,  -0.02533,   0.07477,  -0.04995,  -0.04339,  -0.08277,  -0.03846,   0.03210,   0.00585,   0.03046,   0.01733,   0.02882,  -0.00400,  -0.02369,   0.13057,   0.01733,  -0.00400,  -0.05159,  -0.01877,   0.06328,   0.00092,   0.05016,   0.02062,   0.02390,  -0.01056,   0.00749,   0.02718,   0.00585,  -0.07949,  -0.02369,   0.01241,  -0.00236,  -0.02698,   0.04031,   0.01241,   0.01241,  -0.01713,   0.02882,  -0.03518,   0.02062,  -0.03518,   0.04523,   0.02718,   0.00749,  -0.04010,  -0.06308,   0.03374,   0.02062,   0.04687,  -0.08277,  -0.04831,   0.01733,  -0.01877,   0.00256,  -0.01385,  -0.04831,   0.00913,   0.06328,  -0.00236,   0.04359,   0.06821,  -0.00072,  -0.00892,  -0.00400,   0.07969,   0.00585,   0.00749,  -0.01056,  -0.01385,   0.09118,  -0.03026,   0.03046,   0.03210,  -0.03518,   0.04195,  -0.00892,  -0.05159,  -0.03026,  -0.02698,   0.02226,   0.04359,   0.06000,  -0.02041,   0.00913,   0.02882,   0.04523,  -0.05980,   0.03867,   0.02718,  -0.00236,   0.07149,   0.02718,   0.04851,  -0.00728,   0.01897,   0.00585,  -0.01221,   0.02062,   0.02390,  -0.03354,   0.02718,   0.00585,   0.03046,  -0.00892,   0.03867,   0.01077,  -0.06144,  -0.08277,  -0.03682,  -0.01549,  -0.01056,  -0.04010,   0.03867,  -0.02862,   0.00585,  -0.04175,  -0.02862,  -0.02862,   0.05180,  -0.03846,  -0.08934,  -0.02205,  -0.03846,  -0.01221,   0.06164,  -0.09754,   0.03046,  -0.00236,  -0.04667,  -0.07129,  -0.05652,  -0.01221,   0.06328,  -0.01549,   0.00420,  -0.06636,   0.05016,  -0.03190,  -0.03026,  -0.00564,  -0.00072,   0.03703,  -0.02205,   0.02882,  -0.00236,  -0.02205,   0.01241,  -0.06636,   0.05180,   0.00420,   0.00913,   0.05016,  -0.06964,   0.02882,   0.07805,  -0.01877,   0.00092,  -0.00564,   0.00092,  -0.00728,   0.01569,  -0.00236,  -0.01221,   0.01733,  -0.04667,   0.06000,   0.00256,   0.00913,  -0.01549,  -0.01056,   0.03539,   0.03210,  -0.02862,   0.08298,   0.03867,   0.00749,  -0.02205,   0.02062,  -0.01713,  -0.04667,   0.00256,  -0.01877,   0.01569,   0.00749,  -0.03190,  -0.04831,   0.05180,  -0.06636,  -0.01713,   0.00256,   0.01241,   0.02554,   0.02882,  -0.01221,  -0.00400,   0.01733,  -0.06472,   0.00256,   0.03867,  -0.02369,   0.03703,  -0.01713,  -0.02205,  -0.02533,   0.07969,  -0.04339,   0.02390,   0.02554,   0.01733,   0.05016,   0.01897,  -0.05652,   0.00585,   0.10759,   0.00420,   0.03374,  -0.06144,  -0.03354,  -0.02041,   0.01077,   0.02882,   0.00585,  -0.04831,   0.01733,  -0.05980,   0.01733,  -0.05980,  -0.01713,   0.02062,  -0.06964,  -0.00564,  -0.00892,   0.00092,  -0.01549,  -0.05323,   0.02718,   0.03539,   0.06492,   0.00420,   0.02554,   0.07313,  -0.00236,   0.02390,   0.01405,   0.05016,   0.00092,   0.01733,   0.01569,  -0.03354,  -0.00892,   0.03867,  -0.04010,  -0.02698,  -0.04831,   0.07149,  -0.00400,  -0.04175,   0.02554,  -0.03026,   0.00256,   0.02226,  -0.03682,   0.00420,   0.00585,   0.04195,  -0.02533,  -0.01385,  -0.01056,  -0.01056,  -0.04831,   0.01077,   0.03046,   0.00585,   0.01569,  -0.02533,  -0.04503,   0.02882,   0.00585,   0.02062,   0.00913,   0.01733,   0.00256,  -0.01221,  -0.01549,   0.04359,  -0.00236,   0.06328,  -0.02698,  -0.04175,  -0.05159,   0.02390,  -0.04175,  -0.02533,   0.00092,  -0.02205,   0.00256,  -0.00400,  -0.00072,  -0.03846,  -0.01877,  -0.01877,   0.01733,   0.04851,   0.03867,   0.06328,   0.04851,   0.07477,  -0.00400,  -0.05487,  -0.02369,   0.02226,   0.01733,  -0.00564,  -0.01221,   0.04031,   0.02718,   0.00256,   0.03703,  -0.00072,  -0.05816,   0.02062,  -0.02205,   0.04687,   0.02390,  -0.03682,  -0.04667,   0.00749,   0.03539,  -0.03354,  -0.00892,   0.00256,  -0.09918,   0.00256,  -0.04339,  -0.06144,   0.08298,   0.03703,   0.05508,  -0.03354,   0.01733,  -0.00564,  -0.04667,  -0.08277,  -0.02369,   0.07477,  -0.04175,  -0.08770,   0.01077,  -0.05652,  -0.04175,   0.02062,  -0.04667,   0.04687,   0.01077,  -0.03026,  -0.05323,   0.00585,   0.13221,  -0.02041,   0.06164,  -0.04831,   0.03046,   0.03867,   0.05836,  -0.03190,  -0.02369,   0.00256,  -0.02041,  -0.07293,   0.00256,  -0.07293,   0.02226,   0.00256,  -0.01549,  -0.08770,   0.00092,  -0.07129,   0.03210,  -0.02041,   0.02390,  -0.04339,   0.00585,   0.03374,  -0.04503,  -0.00400,   0.01733,   0.11908,  -0.02369,  -0.00072,   0.00913,   0.03374,   0.11088,   0.04031,   0.01569,  -0.02041,   0.06492,  -0.05323,  -0.01221,   0.01897,  -0.00400,  -0.04995,   0.02062,  -0.00728,   0.03703,   0.00585,  -0.06636,  -0.02369,   0.06657,   0.03703,   0.03210,   0.06328,  -0.00892,  -0.06800,  -0.02698,  -0.03682,   0.03703,   0.03374,  -0.05816,   0.03210,   0.04359,   0.03046,  -0.04175,  -0.06472,   0.04687,   0.00913,   0.00913,   0.00585,   0.02554,  -0.04175,   0.01241,  -0.03354,   0.01241,   0.00092,  -0.04010,  -0.00400,  -0.01221,   0.01569,   0.02062,  -0.01713,  -0.04831,   0.00092,   0.10103,   0.05672,  -0.03354,  -0.00236,   0.00749,   0.02718,   0.03703,   0.03374,  -0.02041,   0.01241,   0.02554,   0.01405,  -0.01877,  -0.00400,   0.05344,  -0.00564,   0.11088,   0.03046,   0.05016,  -0.03354,   0.09775,   0.04031,  -0.02862,   0.01241,  -0.00400,   0.01405,  -0.03026,  -0.04831,   0.00420,   0.08134,  -0.00892,   0.09282,  -0.03026,   0.00420,   0.10759,   0.00749,   0.06985,   0.01405,  -0.03026,  -0.02533,   0.02226,  -0.05652,   0.00749,   0.02062,  -0.02369,  -0.01713,   0.13549,   0.07477,   0.03374,  -0.01385,  -0.00236,   0.00256,  -0.02533,  -0.01056,   0.02390,   0.05508,   0.04851,  -0.03682,   0.01733,   0.01405,  -0.01385,   0.04195,   0.08134,   0.01733,  -0.07785,  -0.00728,   0.04031,  -0.06472,  -0.00072,  -0.01056,   0.07969,  -0.06964,  -0.04339,   0.01241,   0.11744,  -0.03190,   0.00420,  -0.00400,   0.02226,  -0.03682,  -0.04175,   0.01241,   0.00092,   0.06985,  -0.00892,   0.00913,  -0.02862,   0.04687,  -0.09098,  -0.00892,   0.01897,   0.00913,  -0.00564,  -0.06472,   0.02390,  -0.04010,   0.01733,   0.05344,   0.00256,  -0.01877,   0.01241,   0.03210,   0.01897,   0.02718,   0.06000,  -0.02369,   0.10595,   0.04195,  -0.01056,   0.03374,   0.01241,   0.03210,   0.04359,   0.06985,   0.01077,  -0.03026,   0.00256,   0.08298,   0.00256,   0.01241,  -0.07621,  -0.05159,   0.00749,  -0.02205,   0.04359,  -0.03682,  -0.01221,  -0.03190,  -0.03026,  -0.01713,   0.09939,   0.01897,  -0.00892,   0.03210,  -0.02862,  -0.00728,  -0.09754,   0.03703,  -0.00564,   0.03046,  -0.00400,   0.01897,   0.02062,   0.01897,   0.04195,  -0.03846,  -0.00564,  -0.02533,   0.02718,  -0.01877,  -0.00892,   0.04195,   0.04851,  -0.05159,   0.03210,  -0.01549,   0.03046,   0.06164,  -0.00400,  -0.02698,   0.01569,  -0.06144,   0.03539,   0.05344,  -0.02205,   0.03046,   0.02554,  -0.03518,   0.04359,  -0.05323,   0.02390,  -0.05652,  -0.00072,   0.02554,   0.01405,  -0.00892,  -0.02533,   0.04851,   0.05016,   0.02226,   0.00256,  -0.02205,   0.00092,   0.00913,  -0.04175,  -0.00400,   0.01077,  -0.08113,  -0.00236,   0.03210,  -0.00072,  -0.03682,  -0.03354,   0.00256,  -0.07129,  -0.00892,   0.02882,   0.02882,  -0.00728,  -0.02533,  -0.06144,  -0.05159,  -0.00400,   0.00420,   0.00420,  -0.00400,  -0.01056,  -0.03354,   0.00256,  -0.00400,  -0.05816,  -0.00400,   0.02554,  -0.07785,  -0.00892,   0.03539,   0.02390,  -0.00400,   0.00585,  -0.02698,  -0.01221,   0.00585,   0.02554,  -0.03026,   0.00585,  -0.01549,  -0.01713,  -0.05980,   0.04031,   0.03867,   0.00420,   0.04851,   0.02062,   0.00092,  -0.00728,  -0.01221,   0.02390,  -0.05159,  -0.02369,   0.00092,  -0.03846,   0.07149,   0.01405,   0.01405,  -0.00564,  -0.00728,  -0.03518,  -0.02533,   0.04687,   0.03539,  -0.02533,   0.02390,   0.04031,   0.01733,  -0.02698,   0.05180,  -0.00728,  -0.01056,  -0.03190,  -0.01549,  -0.02041,  -0.04831,   0.01241,   0.08298,   0.07969,  -0.05652,  -0.05487,   0.01241,  -0.00728,   0.06821,  -0.03354,   0.08462,  -0.01713,  -0.00400,  -0.06800,   0.00092,   0.10595,   0.00420,  -0.00236,  -0.00892,   0.02882,   0.02718,  -0.09754,   0.00585,  -0.04995,   0.00092,   0.01569,  -0.00564,   0.01897,   0.02226,  -0.02369,   0.05836,   0.01569,  -0.06472,   0.01897,  -0.02205,   0.01569,   0.09775,   0.10103,  -0.03682,   0.05508,   0.04031,   0.00256,  -0.07621,  -0.05652,  -0.03846,  -0.02205,   0.03046,   0.07313,   0.02062,  -0.02041,  -0.02698,  -0.06636,  -0.01385,  -0.00072,  -0.03518,   0.02390,  -0.04667,   0.05180,  -0.04667,  -0.01221,   0.03867,   0.04851,   0.07477,   0.03539,  -0.01385,   0.03374,   0.06492,  -0.00400,  -0.00728,   0.00256,  -0.07621,  -0.02533,  -0.00564,   0.05508,  -0.01713,  -0.04175,   0.05016,   0.01733,  -0.00564,   0.03046,   0.02882,  -0.02205,  -0.02862,   0.05508,  -0.07457,  -0.08441,   0.01569,   0.02718,  -0.00564,   0.03210,   0.01897,   0.06328,  -0.01221,   0.01077,  -0.04667,  -0.00236,  -0.06308,   0.03210,   0.00585,  -0.01549,  -0.01877,   0.00092,  -0.03846,  -0.07129,  -0.02533,   0.06821,  -0.00728,  -0.05323,  -0.02698,   0.06821,   0.02554,  -0.03026,  -0.08605,   0.06657,   0.00420,   0.04195,   0.06000,  -0.01056,  -0.02698,   0.04687,  -0.00728,  -0.01221,   0.00585,   0.07805,  -0.02533,  -0.04831,   0.03867,   0.01733,  -0.06144,   0.06328,   0.03210,   0.08790,   0.01897,  -0.00400,  -0.05980,   0.00256,  -0.04339,  -0.00236,   0.02882,  -0.00236,   0.04195,   0.06000,  -0.03026,   0.00092,   0.06821,   0.07969,  -0.07457,   0.00256,   0.02554,  -0.04010,  -0.00236,  -0.01056,   0.01241,   0.00420,   0.01897,  -0.03026,   0.02554,   0.01733,   0.02062,  -0.01549,  -0.00236,   0.03374,  -0.00236,   0.01241,  -0.01056,  -0.01713,   0.01405,   0.01569,  -0.04503,   0.02554,  -0.01385,  -0.01385,  -0.00892,  -0.05980,   0.04687,   0.03210,   0.00749,  -0.03190,  -0.00728,  -0.00236,   0.05016,   0.04031,  -0.02369,  -0.09098,   0.00585,   0.03046,  -0.08277,   0.00420,  -0.06144,   0.00420,  -0.04010,  -0.03190,   0.00420,  -0.01385,  -0.01385,   0.01569,   0.00749,   0.00256,  -0.00236,   0.05016,  -0.03518,  -0.01549,  -0.00072,  -0.04339,  -0.04831,  -0.02041,  -0.00564,   0.05344,  -0.00072,   0.05344,  -0.04175,   0.01405,  -0.00564,   0.08790
  -0.08113,   0.03374,   0.02882,   0.07149,  -0.01385,  -0.00236,   0.02882,   0.05016,   0.02062,   0.01569,  -0.02041,  -0.02698,   0.05836,   0.02718,   0.02390,   0.08462,   0.01897,  -0.03518,   0.04523,  -0.02369,   0.01241,  -0.02862,  -0.02041,   0.05180,  -0.03682,  -0.03682,  -0.02369,   0.04031,   0.00092,   0.05836,  -0.07949,  -0.01385,  -0.06308,  -0.01056,   0.04359,   0.02062,  -0.01056,  -0.00400,  -0.01713,  -0.00236,   0.00585,   0.00420,  -0.02698,  -0.04831,   0.01733,  -0.01713,  -0.04175,  -0.09262,   0.00420,  -0.01549,   0.05508,   0.04359,   0.06821,   0.06985,  -0.01056,   0.01241,  -0.00564,  -0.00564,   0.00092,   0.05508,  -0.00728,   0.05836,  -0.00728,  -0.03846,   0.04195,   0.08462,   0.04195,  -0.04010,   0.00749,  -0.03682,   0.05016,   0.01077,  -0.02205,   0.06492,  -0.03026,  -0.00400,   0.04195,  -0.00236,   0.03046,  -0.01056,   0.04031,  -0.06472,   0.05508,  -0.05159,  -0.01056,  -0.07457,  -0.08605,  -0.01385,  -0.02205,  -0.00728,  -0.02533,   0.02554,   0.08134,   0.02718,   0.02390,  -0.11395,   0.03374,   0.03703,  -0.04175,   0.04031,   0.03210,   0.00913,   0.07477,   0.05344,  -0.00564,   0.06657,  -0.00236,  -0.04667,   0.00092,  -0.01056,   0.01405,  -0.00564,  -0.05159,  -0.04010,   0.01241,   0.08462,  -0.09590,   0.01241,  -0.00072,   0.03046,  -0.03354,  -0.01056,  -0.05816,   0.02226,   0.00256,  -0.02698,  -0.05816,   0.05508,  -0.00892,   0.14698,  -0.05159,   0.02062,   0.00749,  -0.04831,  -0.06144,   0.00585,   0.01897,  -0.00400,   0.00092,   0.00749,   0.02718,   0.02390,  -0.01713,   0.02390,   0.04195,  -0.06636,  -0.02041,  -0.00072,   0.04687,  -0.00400,  -0.04175,   0.09446,   0.02390,  -0.02369,   0.00420,   0.01897,  -0.06636,   0.01897,  -0.01385,  -0.03354,   0.00749,   0.06492,   0.01733,  -0.03354,   0.04687,  -0.08605,  -0.02205,  -0.04339,   0.00913,  -0.04503,   0.06657,   0.05016,   0.10923,   0.04851,  -0.05980,   0.01077,  -0.00400,   0.03374,   0.02226,   0.06492,  -0.04010,   0.03210,   0.02882,   0.03867,   0.05836,   0.06821,   0.04687,  -0.06636,   0.00749,  -0.01877,  -0.08113,  -0.05816,   0.03210,  -0.03846,   0.02554,   0.07969,  -0.02698,  -0.06144,   0.05508,   0.01897,   0.04359,   0.16011,   0.06000,   0.01569,  -0.07129,  -0.04995,  -0.00072,  -0.03026,   0.04523,  -0.02533,   0.01077,  -0.04503,   0.04359,   0.05016,   0.03867,   0.02390,   0.03210,  -0.04010,  -0.03190,   0.01241,  -0.07293,   0.02718,   0.04523,  -0.04667,   0.01569,   0.05672,  -0.01877,   0.02226,  -0.02205,   0.07313,  -0.00564,  -0.03518,   0.03703,  -0.00236,  -0.00400,   0.03210,  -0.02533,   0.00913,   0.03867,   0.03046,  -0.03682,  -0.01221,  -0.00400,   0.00092,   0.02882,   0.00585,   0.00913,   0.05672,  -0.00564,  -0.00892,   0.04851,  -0.04503,   0.06821,   0.00585,  -0.01877,   0.02226,   0.02226,   0.03210,   0.03539,  -0.03518,   0.07641,  -0.06964,   0.04031,   0.06000,   0.05344,   0.00913,   0.01569,  -0.01877,   0.09446,  -0.04010,  -0.00072,  -0.02533,   0.02718,  -0.06308,  -0.04667,  -0.00400,  -0.00564,   0.04687,  -0.02698,   0.01077,  -0.03354,   0.00749,  -0.04831,  -0.00892,   0.01569,  -0.01549,   0.06328,   0.09282,  -0.05487,   0.00420,   0.05836,  -0.07785,  -0.01056,   0.03374,  -0.02369,  -0.08277,   0.06821,   0.06821,  -0.03518,   0.00749,   0.02882,  -0.01713,  -0.02698,   0.00256,   0.00256,  -0.05487,  -0.03846,   0.02882,  -0.03026,   0.01241,   0.02554,   0.06000,   0.02226,   0.01897,  -0.02862,   0.01405,  -0.06308,   0.03046,   0.02226,  -0.02369,   0.02226,   0.01405,   0.03046,  -0.05323,   0.00749,  -0.09918,  -0.04667,  -0.05652,  -0.00892,  -0.01713,  -0.01877,   0.06985,  -0.06636,   0.06164,  -0.02533,  -0.02369,   0.00092,  -0.05487,   0.01733,   0.01733,  -0.07457,   0.02718,   0.09118,   0.04523,   0.02718,  -0.03190,  -0.06308,  -0.00072,  -0.00236,   0.07313,  -0.04010,   0.05836,   0.01241,  -0.02698,  -0.02205,  -0.03190,   0.01241,  -0.01877,   0.06000,  -0.00564,  -0.06964,  -0.02698,  -0.01385,   0.03867,  -0.02862,  -0.02698,   0.10267,   0.01405,   0.00585,   0.00749,  -0.06800,   0.02062,   0.06164,   0.05508,   0.01569,  -0.01056,  -0.05980,   0.00585,  -0.03354,  -0.15826,   0.06657,   0.00913,  -0.04175,   0.04523,  -0.04175,  -0.02698,   0.08134,   0.01241,   0.02226,   0.02390,   0.01733,  -0.06144,  -0.01713,   0.03703,   0.00092,  -0.01385,   0.12400,   0.01733,   0.03867,  -0.10082,  -0.04831,  -0.00072,   0.06000,   0.00749,   0.09775,   0.05836,  -0.04339,   0.00256,  -0.04667,   0.00420,   0.01077,  -0.03354,  -0.03026,  -0.05487,   0.00420,   0.02226,   0.00256,  -0.00892,   0.00913,   0.07477,  -0.03190,   0.03703,  -0.03190,  -0.02698,  -0.03354,   0.03046,   0.01405,   0.05180,   0.01241,   0.00913,   0.03867,  -0.03846,   0.02062,  -0.00564,   0.01241,  -0.02862,  -0.00728,  -0.01221,   0.05344,  -0.00072,  -0.04175,   0.04359,  -0.04995,  -0.02205,  -0.04339,  -0.01056,  -0.02205,  -0.00400,   0.03210,   0.01569,   0.00420,  -0.09262,   0.00420,  -0.05652,  -0.01056,  -0.03190,   0.10923,   0.03046,  -0.01549,   0.05508,  -0.04010,   0.00585,  -0.02369,  -0.02698,   0.06328,   0.04523,  -0.09426,  -0.02533,  -0.02533,  -0.06472,   0.02062,  -0.02369,   0.07313,  -0.01549,  -0.02041,  -0.04667,  -0.00236,  -0.03846,   0.02390,   0.00092,   0.00092,   0.00749,   0.00092,   0.02390,   0.02718,  -0.08277,  -0.02041,  -0.03846,   0.03046,   0.07313,  -0.02369,  -0.04831,   0.09446,  -0.00400,   0.04195,   0.01077,   0.00420,  -0.00728,   0.05836,  -0.03354,  -0.08605,  -0.03846,  -0.01221,  -0.04503,   0.01405,  -0.02205,   0.07805,  -0.02698,  -0.02533,   0.00256,   0.08134,   0.04523,  -0.03026,  -0.04831,   0.04687,   0.08790,   0.00092,   0.01241,   0.01733,   0.02390,   0.03210,   0.05344,   0.07477,   0.03539,  -0.01056,  -0.03354,   0.07805,   0.04195,   0.01241,   0.02718,   0.01733,   0.01897,  -0.02041,   0.02226,   0.00420,   0.07313,   0.06000,  -0.00892,  -0.07621,  -0.02205,   0.00913,   0.03210,   0.07477,  -0.03682,   0.03703,   0.04031,  -0.01056,  -0.03682,   0.01241,  -0.01221,   0.00749,  -0.05980,   0.06164,   0.06328,   0.04359,  -0.06636,  -0.04175,   0.00256,  -0.02698,  -0.09426,  -0.04667,   0.00092,   0.03703,   0.05672,  -0.07129,  -0.02041,   0.07805,  -0.03190,  -0.03190,   0.02226,   0.06492,   0.00585,   0.05344,   0.02062,   0.02226,   0.01569,   0.05344,   0.01897,   0.03374,   0.03539,   0.02882,  -0.06800,  -0.01056,   0.05672,   0.00749,  -0.03682,   0.05180,   0.05672,  -0.01713,   0.11580,  -0.01549,  -0.00728,  -0.03190,   0.04687,  -0.04667,   0.01569,  -0.03518,  -0.02041,  -0.04503,  -0.00072,  -0.01221,   0.03374,   0.00749,   0.02882,  -0.00400,  -0.03190,  -0.06144,  -0.02862,   0.06821,  -0.02533,  -0.05487,  -0.01221,  -0.04831,   0.00092,   0.00749,   0.05344,  -0.00236,   0.00256,  -0.00892,   0.03374,   0.01733,   0.03867,  -0.00400,   0.01569,   0.03210,   0.00092,  -0.03190,  -0.03190,   0.01405,  -0.00728,  -0.01221,  -0.02205,   0.03374,  -0.02698,  -0.08770,   0.00749,   0.01077,   0.00749,  -0.02369,   0.01569,  -0.00072,   0.04523,   0.04031,  -0.01877,  -0.08277,  -0.07293,   0.04523,   0.02554,   0.09446,  -0.04339,   0.01897,   0.03867,  -0.03190,   0.01405,   0.01405,  -0.03846,  -0.00236,   0.03867,  -0.01549,   0.02554,  -0.01713,  -0.01549,  -0.05980,  -0.03026,  -0.03026,   0.05836,   0.01569,  -0.07785,  -0.03026,  -0.01056,   0.05344,  -0.02533,  -0.03026,  -0.06636,  -0.01385,  -0.03190,  -0.00564,  -0.00728,   0.04523,  -0.01877,   0.03867,  -0.01385,  -0.04995,   0.01077,  -0.00236,   0.04031,   0.05016,  -0.03518,   0.00749,  -0.00400,  -0.02041,   0.04359,  -0.03190,   0.08626,  -0.04831,  -0.01056,  -0.00564,   0.02226,   0.09446,  -0.01221,   0.10595,  -0.00564,   0.00256,   0.02226,   0.01405,  -0.02533,   0.01733,   0.04851,   0.00749,  -0.00236,  -0.01713,  -0.05816,   0.05016,  -0.00728,  -0.07129,  -0.05816,  -0.02533,  -0.01713,  -0.02205,   0.02062,   0.00256,  -0.03354,   0.01077,  -0.06636,  -0.04175,  -0.02205,  -0.00400,  -0.01713,   0.02554,  -0.00564,   0.04031,  -0.09098,   0.04359,   0.10431,  -0.00564,   0.09118,  -0.03354,   0.07641,  -0.01056,  -0.06308,   0.01405,  -0.02041,   0.03703,   0.02062,   0.03210,   0.00420,   0.03210,  -0.02205,   0.01241,  -0.02041,   0.00913,   0.00420,   0.01405,   0.00420,  -0.06636,  -0.02369,   0.02226,   0.02390,   0.02882,  -0.03682,   0.10595,  -0.03354,  -0.07129,   0.05180,  -0.04831,  -0.02041,  -0.01549,  -0.01877,  -0.00892,  -0.00728,   0.03374,  -0.01877,  -0.03354,   0.01733,  -0.02862,  -0.00564,  -0.06308,   0.04687,   0.01897,  -0.08441,  -0.00400,   0.03374,  -0.02205,   0.04523,   0.07313,  -0.04503,  -0.04175,  -0.01713,   0.01733,  -0.05323,  -0.01877,  -0.00892,  -0.06308,   0.01897,   0.01733,   0.00092,   0.03867,  -0.03846,   0.07313,   0.00092,  -0.05159,   0.01077,  -0.04503,   0.01569,  -0.02205,   0.02226,   0.08462,  -0.01713,   0.00749,  -0.01385,  -0.00072,   0.10103,  -0.02369,   0.02226,  -0.05159,  -0.01056,   0.10923,  -0.04995,   0.05508,  -0.00400,  -0.04503,  -0.02698,  -0.02862,  -0.05980,   0.01733,  -0.03518,  -0.01385,  -0.04995,   0.06000,  -0.04175,  -0.00072,   0.04359,   0.01569,   0.02718,   0.07641,   0.01897,  -0.02205,  -0.01549,  -0.00236,   0.02882,  -0.07293,   0.11744,   0.08298,  -0.09754,  -0.04503,   0.07641,   0.03703,  -0.02205,   0.04687,   0.01405,  -0.02205,   0.04523,  -0.02862,  -0.07949,   0.00749,  -0.01385,  -0.02041,   0.01569,  -0.04175,  -0.07129,  -0.05980,  -0.01549,  -0.05816,   0.04031,  -0.03682,   0.03703,  -0.04667,   0.04195,   0.06985,  -0.05323,   0.01897,   0.01569,  -0.08277,  -0.05652,  -0.04339,  -0.01877,  -0.04010,  -0.04175,  -0.05652,  -0.00072,  -0.02698,  -0.03846,   0.01569,   0.07313,   0.07805,   0.02554,   0.03374,  -0.04339,   0.00749,   0.03374,   0.02226,   0.01733,   0.02062,   0.00256,  -0.00728,   0.05016,  -0.08113,   0.06985,  -0.04010,   0.08954,   0.03210,   0.03867,  -0.01221,   0.02062,   0.03867,   0.01897,  -0.03026,  -0.02862,  -0.06308,   0.07641,  -0.07949,  -0.00892,   0.01733,   0.04359,   0.04031,  -0.04503,  -0.00400,   0.01405,   0.00749,  -0.06636,  -0.01221,  -0.01056,  -0.04831,  -0.01056,  -0.02369,   0.03046,   0.04851,  -0.03354,   0.01569,  -0.03846,   0.03539,  -0.00564,   0.02390,   0.06492,   0.06164,   0.07149,  -0.03026,   0.03210,   0.04687,  -0.01221,  -0.09426,   0.00585,   0.03374,   0.00749,   0.02226,  -0.00892,  -0.00400,  -0.00072,   0.01241,  -0.07457,  -0.02369,   0.01897,   0.02882,   0.01569,   0.09611,  -0.03354,  -0.01713,  -0.01221,  -0.01385,  -0.02369,  -0.02698,  -0.04175,  -0.00400,  -0.05323,  -0.03682,  -0.02369,   0.05344,   0.08626,   0.02882,   0.04195,  -0.02369,  -0.02533,   0.05672,  -0.00728,  -0.00072,   0.07149,  -0.08113,  -0.04667,   0.01405,   0.00092,  -0.03518,  -0.01549,  -0.00564,  -0.09918,  -0.01549,  -0.02698,  -0.00892,  -0.00236,   0.03210,  -0.02041,   0.04031,  -0.00892,  -0.02369,  -0.00236,  -0.05816,   0.06985,  -0.03190,  -0.00892,   0.00256,  -0.00728,   0.02062,  -0.04667,  -0.03190,  -0.01713,  -0.04175,   0.03046,   0.01241,  -0.01713,  -0.02205,  -0.06308,   0.05508,   0.03703,   0.06985,   0.00420,   0.04031,  -0.05159,   0.00749,   0.00585,  -0.03026,  -0.01221,   0.01241,  -0.04503,  -0.02205,   0.06821
  -0.07785,  -0.06308,   0.04523,  -0.01549,  -0.01877,   0.03374,  -0.03026,   0.03210,  -0.04339,   0.00256,   0.13713,   0.00913,   0.00256,  -0.01549,  -0.04010,   0.01405,  -0.04339,   0.08954,  -0.05487,  -0.07129,  -0.06964,  -0.01877,  -0.00400,  -0.02205,   0.03210,  -0.02698,   0.05344,  -0.00564,   0.00420,  -0.00564,  -0.06472,  -0.03354,   0.03046,   0.02062,   0.02390,   0.01077,  -0.09262,  -0.03026,   0.03539,  -0.02862,  -0.01549,  -0.07293,   0.01897,   0.03374,  -0.13036,  -0.09098,  -0.05487,  -0.00072,   0.00420,   0.03046,   0.00092,  -0.03354,   0.03374,  -0.00400,   0.00420,  -0.03518,  -0.03190,   0.00256,   0.00092,   0.00749,  -0.04831,   0.02226,   0.06821,   0.02226,  -0.04339,   0.01569,   0.04359,  -0.04995,   0.11580,   0.05672,   0.05508,   0.09611,  -0.04339,   0.00420,  -0.04995,  -0.04339,  -0.01056,  -0.02698,   0.04687,  -0.05487,  -0.06472,   0.04851,   0.02718,   0.02226,   0.01733,  -0.01713,   0.04851,   0.05344,   0.01897,  -0.00564,  -0.00236,   0.00913,  -0.05159,   0.01241,  -0.01221,   0.08134,  -0.03026,   0.04851,  -0.02205,   0.03374,  -0.09262,   0.00092,   0.04359,  -0.04667,  -0.08113,  -0.03190,  -0.00072,  -0.04339,  -0.01549,  -0.00236,  -0.06308,   0.04851,  -0.02862,  -0.00072,  -0.06144,   0.02554,  -0.00564,   0.02390,   0.09446,  -0.00400,  -0.01221,  -0.05487,  -0.03354,   0.03703,  -0.01056,  -0.01385,  -0.01549,  -0.04339,  -0.07949,   0.02226,   0.01733,   0.03210,   0.05016,  -0.00564,  -0.03846,   0.00420,   0.05836,  -0.14513,   0.00913,   0.00913,  -0.04339,   0.00092,   0.01077,  -0.11724,  -0.01385,   0.01405,  -0.01713,  -0.09426,  -0.04010,   0.01405,   0.09775,  -0.00072,  -0.02041,   0.08134,  -0.02862,  -0.05323,   0.03046,   0.00092,   0.03210,  -0.01056,   0.01077,   0.03374,  -0.01549,  -0.09262,  -0.01877,  -0.05487,   0.00092,   0.04031,  -0.04667,  -0.00892,  -0.09590,  -0.03682,   0.03867,   0.00256,   0.00913,  -0.00728,   0.00585,  -0.01549,   0.08298,   0.05180,   0.01241,   0.01897,   0.02718,   0.02062,   0.03374,  -0.07621,  -0.04339,  -0.01221,   0.04195,   0.01405,   0.03867,  -0.03518,  -0.02205,   0.08298,   0.01569,  -0.00236,   0.03703,  -0.00564,   0.09118,   0.03046,   0.04359,   0.00585,  -0.04667,  -0.02041,  -0.04175,  -0.06472,  -0.06144,   0.07313,   0.02390,  -0.02698,  -0.03846,  -0.03190,  -0.01056,   0.01569,   0.01077,   0.01569,  -0.01385,   0.05344,  -0.02369,   0.03867,   0.02390,   0.02554,   0.00420,  -0.06636,  -0.04339,  -0.03026,  -0.03846,   0.00913,   0.01241,  -0.05816,  -0.04831,  -0.00564,   0.00092,   0.04359,   0.03867,   0.06328,  -0.04339,  -0.06800,   0.05016,   0.01733,  -0.00236,   0.01733,  -0.10247,   0.04359,   0.01405,   0.04687,  -0.03682,   0.08954,   0.01569,   0.02226,  -0.09754,   0.06985,  -0.00728,   0.05836,   0.08954,   0.01733,   0.08954,   0.01569,  -0.03026,  -0.01221,   0.05672,  -0.11888,   0.00092,  -0.01056,   0.04195,   0.02882,   0.02718,  -0.03518,   0.01241,   0.05508,   0.00913,  -0.05816,   0.00749,   0.00913,  -0.01713,  -0.02205,   0.07477,  -0.02862,  -0.03190,   0.04523,   0.03210,  -0.00728,  -0.03518,   0.00420,  -0.03026,  -0.02862,   0.03374,  -0.14185,   0.04687,   0.00913,   0.00092,  -0.00400,   0.00585,   0.00420,   0.04687,  -0.06800,  -0.02041,  -0.05652,  -0.06472,  -0.00892,   0.01077,  -0.08441,   0.06000,   0.00420,   0.00092,  -0.04339,   0.02554,   0.04195,  -0.02533,   0.02882,  -0.04010,  -0.03190,   0.02554,   0.05508,   0.05672,  -0.01385,   0.07805,  -0.01056,   0.04851,   0.00092,  -0.00400,   0.02554,  -0.08605,   0.01077,   0.07805,   0.01897,  -0.00728,   0.00256,   0.01241,  -0.02698,  -0.06308,   0.05016,   0.01077,  -0.02698,   0.04359,  -0.01221,  -0.00072,   0.01733,  -0.03682,   0.04031,   0.03046,   0.03374,  -0.11067,  -0.00564,   0.02554,   0.05016,  -0.04010,  -0.05816,   0.04359,   0.01897,  -0.01713,  -0.01056,  -0.03026,  -0.03026,  -0.02369,  -0.02698,   0.11908,  -0.00564,  -0.00564,   0.02554,   0.02390,  -0.03846,   0.02226,   0.03703,   0.05836,  -0.00564,  -0.05816,  -0.00072,  -0.00072,   0.01241,   0.03210,  -0.02698,   0.01569,   0.05836,   0.00585,   0.02390,   0.03867,   0.01897,  -0.03682,   0.04031,   0.07477,  -0.04667,   0.03046,  -0.01385,  -0.01221,  -0.01877,   0.01897,   0.07149,  -0.04831,   0.06985,   0.00585,   0.06985,   0.06000,  -0.01877,   0.03867,   0.02882,  -0.00072,  -0.02369,  -0.06472,  -0.01549,  -0.02041,   0.01241,   0.04851,   0.04031,   0.00092,   0.00092,   0.07641,  -0.05980,   0.07969,   0.01077,   0.02718,   0.09611,   0.00913,   0.00585,   0.08626,  -0.03354,  -0.02041,  -0.00892,  -0.01056,   0.01733,  -0.06964,  -0.05816,   0.02554,   0.03539,   0.02390,   0.02062,   0.01569,  -0.00892,  -0.00728,   0.04851,  -0.07293,  -0.00564,   0.06492,   0.01405,  -0.05652,  -0.06144,  -0.05159,   0.06821,  -0.03846,  -0.02862,  -0.02862,  -0.04831,   0.11416,   0.05672,   0.00256,   0.03539,  -0.04175,   0.01241,   0.03374,  -0.03846,   0.03210,   0.03539,   0.08626,  -0.03026,   0.00749,   0.04031,   0.00585,  -0.04995,   0.01569,  -0.01056,  -0.02369,   0.00913,   0.00913,   0.13057,  -0.07621,   0.03867,  -0.06144,  -0.14513,  -0.06308,  -0.01713,   0.04195,  -0.01713,  -0.05323,  -0.00564,   0.04031,   0.00749,  -0.00564,   0.05508,   0.04195,   0.02390,   0.03539,   0.10267,   0.04851,  -0.02369,  -0.01056,   0.01897,   0.00256,  -0.01713,  -0.04831,  -0.00236,  -0.04503,   0.00749,  -0.02698,   0.03210,  -0.03354,   0.00092,   0.03867,   0.07313,   0.06328,   0.02062,   0.02062,  -0.07785,   0.07641,   0.01241,  -0.00564,   0.02062,   0.10923,  -0.00728,  -0.03026,   0.02226,   0.00420,  -0.00728,   0.10759,  -0.00400,   0.02390,  -0.01713,   0.03539,  -0.01549,   0.02390,   0.10759,  -0.02205,   0.02226,  -0.04831,   0.06985,  -0.02205,   0.05180,  -0.10739,   0.01241,   0.03867,  -0.07129,   0.01405,  -0.01877,   0.03374,  -0.07949,   0.00913,  -0.04339,   0.00913,  -0.03682,   0.03867,  -0.05323,   0.10267,   0.01241,  -0.03354,   0.05836,   0.06000,  -0.00072,  -0.04831,  -0.03846,  -0.03190,  -0.07949,   0.02226,  -0.04010,  -0.03354,   0.03374,   0.04031,  -0.06144,  -0.02533,  -0.02862,  -0.02862,   0.01897,  -0.12872,   0.09446,   0.01733,   0.09118,   0.07969,  -0.09590,  -0.00400,  -0.06308,   0.02882,  -0.05159,  -0.08605,  -0.04831,   0.03867,   0.11908,   0.00913,   0.10595,   0.07477,   0.04359,   0.04687,  -0.00072,   0.04523,   0.00913,   0.00913,   0.01733,  -0.01549,   0.07969,   0.05180,  -0.00072,  -0.01549,  -0.01549,   0.04195,  -0.01549,   0.00256,   0.01241,   0.02554,   0.06000,  -0.07949,  -0.03846,  -0.03354,   0.07805,  -0.04010,   0.05672,  -0.02533,   0.00256,   0.01077,  -0.07293,   0.01405,  -0.00892,   0.03867,   0.05016,   0.03539,   0.02718,  -0.01221,   0.07149,  -0.00400,  -0.06308,   0.02882,   0.09939,  -0.06144,  -0.00892,   0.00256,   0.00585,   0.13057,  -0.06308,   0.00749,  -0.01877,  -0.00564,   0.03046,   0.05344,   0.03210,  -0.02862,   0.00585,   0.03539,   0.00749,  -0.02205,   0.05180,   0.03210,  -0.03354,   0.01897,   0.04031,   0.03374,  -0.00072,  -0.02205,   0.02226,  -0.07949,   0.04523,  -0.00236,   0.02226,  -0.01385,  -0.08770,  -0.03026,   0.02882,  -0.02862,   0.05508,  -0.00892,  -0.00892,   0.00585,  -0.04831,   0.04195,   0.00749,  -0.01713,  -0.02205,  -0.00400,  -0.05159,   0.06328,  -0.02205,  -0.06800,   0.03210,   0.03210,  -0.03846,  -0.05652,  -0.09098,  -0.03846,  -0.00400,  -0.07129,  -0.03518,  -0.04667,   0.06164,   0.04851,   0.03046,   0.13549,  -0.05980,  -0.02862,   0.05672,   0.03867,  -0.00564,  -0.02533,   0.09282,  -0.02205,  -0.03026,  -0.02205,  -0.04667,  -0.02205,   0.01241,   0.06985,   0.00256,   0.01569,  -0.00564,   0.04851,   0.02554,   0.01733,   0.04031,  -0.02533,  -0.09918,  -0.08934,   0.01241,   0.01569,  -0.02533,   0.02554,   0.05180,  -0.03846,   0.00913,  -0.01713,  -0.01221,   0.06000,  -0.01056,   0.03374,   0.03867,  -0.04339,   0.00092,   0.07641,   0.04851,  -0.04339,  -0.03682,   0.01733,   0.00420,  -0.09590,  -0.01056,   0.00913,  -0.04010,   0.00585,  -0.05980,  -0.05487,  -0.03026,   0.04523,   0.05344,   0.03539,   0.06000,  -0.06964,   0.03210,   0.04523,  -0.02533,  -0.04831,   0.00092,   0.07313,  -0.00728,  -0.02369,  -0.01549,   0.09775,   0.03539,   0.05016,  -0.01713,  -0.01549,   0.01405,   0.00256,  -0.00400,  -0.06308,  -0.04010,   0.01077,  -0.02205,  -0.03518,  -0.06964,   0.01569,   0.03539,   0.02390,   0.00256,   0.10595,   0.08298,  -0.01549,   0.05508,  -0.08113,  -0.00400,   0.01569,   0.05508,   0.01405,  -0.00564,  -0.09262,   0.00256,  -0.03026,  -0.01549,   0.04359,  -0.01221,  -0.00236,   0.05836,   0.03210,  -0.04503,   0.07969,   0.00749,  -0.00236,  -0.05652,  -0.06964,  -0.02205,   0.06328,  -0.02041,   0.03374,   0.00256,   0.06328,   0.04523,   0.04195,  -0.03846,  -0.04175,   0.02062,   0.00585,   0.00749,  -0.06636,   0.13221,  -0.03682,  -0.04995,  -0.00564,  -0.01549,   0.00749,   0.09939,   0.01405,   0.01405,   0.05672,  -0.00728,  -0.02533,   0.04031,  -0.07621,  -0.04503,   0.03539,   0.02390,  -0.05159,   0.06985,  -0.05487,  -0.00564,   0.01077,  -0.02533,  -0.05159,   0.01241,   0.06492,  -0.05487,  -0.07949,   0.01241,   0.02390,  -0.04503,   0.02718,  -0.05487,   0.01405,   0.00749,   0.06164,  -0.05652,   0.06985,   0.05180,  -0.02698,  -0.00072,   0.00585,  -0.00564,   0.03867,  -0.01549,   0.04195,   0.07641,  -0.03190,   0.00420,   0.05016,   0.01405,   0.05344,  -0.06964,  -0.10247,  -0.08934,  -0.05323,   0.03046,   0.03539,  -0.03846,   0.02062,  -0.03846,  -0.02041,   0.05836,  -0.03518,   0.05836,  -0.03682,   0.06821,  -0.00564,  -0.04503,   0.01405,  -0.04175,   0.00913,  -0.09590,  -0.02041,  -0.07621,  -0.07785,  -0.08770,  -0.05487,  -0.00400,  -0.00236,   0.08298,   0.07969,  -0.01713,   0.01077,  -0.06308,   0.00092,  -0.02041,   0.05344,  -0.00072,   0.00092,  -0.04831,   0.00420,  -0.00400,  -0.04995,  -0.05159,  -0.03354,  -0.00072,   0.03210,  -0.04339,  -0.02533,   0.05672,   0.07969,   0.07969,  -0.06636,   0.01241,   0.01241,   0.04851,  -0.04667,  -0.03518,  -0.01713,   0.04359,   0.01077,  -0.03354,   0.08462,   0.01569,   0.04687,   0.03374,  -0.04667,  -0.01549,   0.03703,  -0.04667,  -0.04339,  -0.01385,   0.01077,  -0.04503,  -0.00564,  -0.03682,   0.08790,  -0.01713,  -0.00400,   0.03374,   0.00749,   0.04195,   0.05508,  -0.02698,   0.01077,  -0.04995,   0.03374,   0.00749,   0.00749,   0.06821,   0.00585,   0.09118,  -0.07457,  -0.05652,  -0.04339,  -0.04667,  -0.05323,  -0.08770,  -0.00564,   0.02882,  -0.02698,   0.05180,  -0.03190,   0.07149,  -0.01713,  -0.01713,   0.02226,   0.02718,  -0.05487,   0.00092,  -0.00892,   0.04687,  -0.04503,   0.01405,  -0.02862,   0.03374,  -0.02041,   0.01405,   0.02062,  -0.01877,   0.04687,   0.09282,   0.02718,  -0.05323,   0.00420,  -0.04339,   0.08298,   0.07313,  -0.04667,  -0.01221,   0.14862,   0.04687,  -0.00400,   0.00420,  -0.02533,   0.03703,   0.02062,   0.06328,  -0.00236,  -0.02041,  -0.01056,  -0.02533,  -0.00564,  -0.02369,   0.04195,  -0.03026,   0.05836,  -0.03682,   0.02390,  -0.02533,   0.00420,   0.06164,   0.00256,   0.00913,   0.07805,  -0.03518,  -0.03026,   0.07313,   0.05344,  -0.04831,  -0.00564,  -0.05323,  -0.05652,   0.04523,   0.07149,  -0.01549,   0.01241,   0.00913
  -0.02533,   0.02226,   0.02882,   0.03867,  -0.01056,  -0.03026,  -0.01221,  -0.06144,   0.05180,   0.05672,  -0.02698,   0.01241,  -0.02369,   0.00256,  -0.02533,  -0.01877,   0.05016,  -0.03190,  -0.07457,  -0.01221,  -0.00728,   0.04851,  -0.02041,  -0.03026,   0.08462,   0.02062,   0.02554,   0.02718,  -0.03026,   0.02718,   0.05508,   0.03539,  -0.03682,   0.04359,  -0.03354,  -0.03846,  -0.03026,  -0.00236,  -0.05323,  -0.02698,   0.04359,  -0.00072,  -0.03846,  -0.01877,   0.03539,   0.04359,   0.00092,  -0.03026,   0.03703,   0.02226,  -0.02533,  -0.00892,  -0.04339,   0.02226,  -0.01221,   0.00913,   0.00256,   0.04851,   0.03374,  -0.05159,  -0.05159,  -0.00236,   0.00585,   0.06000,   0.02226,  -0.01385,   0.01241,   0.04359,  -0.00400,   0.01897,  -0.07293,  -0.01385,   0.04523,  -0.02041,   0.02226,   0.02062,   0.00913,  -0.01385,  -0.04175,   0.03210,  -0.01221,  -0.02698,   0.00092,  -0.05159,   0.03374,  -0.02533,   0.00420,  -0.02698,  -0.00728,   0.05672,  -0.04010,  -0.02698,  -0.03846,  -0.02369,  -0.00892,   0.01077,   0.04031,   0.05344,  -0.05652,   0.01897,  -0.02205,   0.03539,   0.03210,   0.01569,   0.03867,   0.04195,  -0.00400,  -0.07129,  -0.01549,   0.00256,   0.00420,  -0.00072,  -0.00236,   0.03046,  -0.00236,   0.01733,  -0.06472,   0.03539,  -0.01549,   0.03374,  -0.01713,  -0.04503,  -0.10082,  -0.05980,  -0.00564,   0.11744,   0.05836,   0.03210,  -0.02205,   0.04031,   0.00256,   0.00420,  -0.04667,   0.01405,  -0.02533,  -0.03026,  -0.00072,   0.06657,  -0.00564,  -0.03354,  -0.01549,   0.01733,   0.03374,  -0.02698,  -0.08934,  -0.06308,  -0.02862,  -0.06636,  -0.06800,   0.01569,   0.01897,  -0.00564,  -0.04503,   0.03210,   0.05836,   0.02390,   0.05508,   0.07313,   0.08298,   0.02882,  -0.01385,   0.00913,  -0.00400,   0.10759,  -0.00892,  -0.01056,  -0.02369,  -0.03354,   0.01569,  -0.00728,   0.04523,  -0.02698,   0.03374,  -0.12052,  -0.06964,  -0.01549,  -0.01385,   0.00749,   0.00585,   0.03539,   0.00420,  -0.02041,  -0.03026,   0.00749,   0.02062,  -0.01877,  -0.01713,   0.05508,  -0.02862,   0.01241,  -0.04175,  -0.03190,   0.02226,   0.02882,   0.06000,  -0.02369,  -0.10903,   0.01241,  -0.00072,  -0.00892,  -0.08605,   0.04851,   0.06000,  -0.00892,   0.00749,   0.03210,  -0.04995,  -0.02369,   0.03046,   0.00585,   0.05344,   0.01077,   0.00749,   0.00256,  -0.08441,  -0.01713,   0.00420,   0.05180,   0.01405,  -0.03026,   0.04523,   0.04195,  -0.01549,  -0.04503,  -0.02041,  -0.04995,  -0.01056,  -0.02205,  -0.04175,  -0.03682,   0.05180,   0.01569,   0.00913,  -0.05159,  -0.03518,   0.08462,  -0.07293,   0.04359,   0.03046,  -0.03354,  -0.02369,   0.02718,   0.02226,   0.01241,  -0.01549,   0.01897,   0.02718,  -0.01713,  -0.07457,   0.02226,  -0.01549,  -0.03682,  -0.01877,  -0.07129,  -0.02862,  -0.03190,   0.05180,  -0.00236,  -0.02369,   0.01733,  -0.03682,   0.00913,   0.03374,   0.01733,  -0.01385,   0.03210,  -0.00892,  -0.03026,  -0.05323,  -0.00564,  -0.04667,  -0.04175,  -0.02369,  -0.01221,   0.01077,   0.08134,  -0.03026,  -0.02862,   0.01241,  -0.02369,  -0.04667,   0.06492,  -0.05487,   0.08626,  -0.03518,   0.01077,   0.02718,   0.04851,   0.05180,   0.04687,  -0.02862,  -0.01549,   0.02390,   0.04851,  -0.02041,   0.02062,  -0.03190,  -0.03026,  -0.02862,  -0.01549,  -0.00892,   0.07477,   0.05344,   0.00256,   0.01241,  -0.00072,  -0.01221,   0.00585,   0.02718,   0.03374,  -0.03190,   0.00256,  -0.00400,  -0.04831,  -0.02862,  -0.01221,   0.00913,  -0.00564,   0.07149,  -0.03682,  -0.03190,  -0.03026,  -0.11559,   0.06328,  -0.03682,   0.05508,   0.06328,  -0.00892,  -0.10082,  -0.03682,   0.00585,   0.02882,   0.02882,  -0.07293,   0.01733,   0.02390,  -0.03190,   0.03046,   0.03703,  -0.00072,   0.04195,   0.06328,   0.01241,   0.03210,   0.07805,   0.02390,  -0.01713,   0.09939,  -0.04175,   0.03210,  -0.00400,   0.07805,   0.01405,   0.05836,  -0.06800,   0.07969,   0.01241,   0.00913,  -0.02205,  -0.01056,  -0.00892,   0.00420,   0.04359,   0.05672,  -0.09590,  -0.02862,   0.00092,   0.04031,  -0.06800,   0.03703,  -0.00564,  -0.01221,  -0.00728,   0.01897,  -0.01549,   0.01077,   0.03046,  -0.05816,  -0.01221,  -0.04175,   0.01733,  -0.06800,  -0.03026,  -0.01385,  -0.01056,  -0.00072,   0.01897,  -0.03354,  -0.05652,   0.04523,   0.01405,   0.02882,  -0.08770,   0.01405,  -0.03682,  -0.08605,  -0.02698,  -0.05159,   0.01569,  -0.00892,  -0.04831,   0.01077,  -0.04339,   0.07477,  -0.00892,   0.02226,   0.04031,  -0.03846,  -0.00892,   0.00256,   0.04359,   0.00420,   0.01405,  -0.03846,   0.02718,  -0.02369,  -0.00400,  -0.02205,   0.02718,   0.03374,  -0.04831,   0.00256,   0.00749,  -0.04667,   0.02226,   0.00420,  -0.04010,   0.02554,   0.00420,  -0.05980,  -0.04010,  -0.00728,  -0.02369,   0.08626,   0.00092,  -0.05980,  -0.04010,   0.01077,  -0.03518,   0.01241,   0.07313,  -0.04831,   0.04523,  -0.05980,  -0.03518,  -0.00564,  -0.04667,   0.08134,  -0.00236,  -0.00400,  -0.02533,  -0.04339,  -0.01385,  -0.04995,   0.02390,  -0.05323,  -0.06636,   0.03210,   0.02718,  -0.03190,   0.02062,  -0.04175,   0.02390,  -0.04503,  -0.04175,  -0.11231,  -0.04010,  -0.02369,  -0.01221,   0.01733,   0.01733,   0.10103,  -0.04503,  -0.01385,   0.05344,   0.05508,  -0.01713,   0.03046,   0.02882,   0.02882,  -0.02533,   0.02718,  -0.02698,  -0.04995,   0.00256,   0.01241,   0.01077,   0.04359,   0.02226,   0.02062,   0.09118,  -0.02369,   0.00420,   0.02718,   0.03539,  -0.04175,  -0.01056,  -0.00236,   0.01241,  -0.02205,  -0.03846,  -0.00564,  -0.03846,   0.00092,   0.05180,   0.06821,   0.05836,  -0.01056,  -0.00892,  -0.00072,  -0.03682,   0.02226,   0.04687,  -0.00236,  -0.04010,   0.06000,   0.00256,   0.01733,   0.01241,  -0.00236,   0.05180,  -0.02041,   0.01897,  -0.03518,   0.06821,  -0.00728,   0.01405,   0.01569,  -0.01221,   0.00749,   0.02390,   0.07805,   0.07477,  -0.08934,   0.07149,   0.00092,   0.01241,  -0.03518,  -0.04667,  -0.00400,   0.07313,  -0.04175,   0.04523,  -0.04339,   0.02226,   0.01897,  -0.00892,   0.00420,   0.00256,  -0.02862,   0.00420,   0.05836,   0.03539,   0.06328,  -0.02205,  -0.03518,  -0.02369,  -0.05652,  -0.00564,  -0.10575,  -0.05816,   0.00913,  -0.01385,  -0.03190,  -0.04831,   0.06328,  -0.07129,   0.06164,   0.02390,   0.04031,  -0.06964,  -0.02041,  -0.03354,   0.01077,  -0.06144,   0.06492,   0.05508,   0.08134,  -0.00728,  -0.03682,   0.03867,   0.02718,  -0.01549,   0.02226,   0.02554,   0.02062,   0.03539,  -0.00564,  -0.04175,   0.03539,  -0.00728,   0.03867,   0.02554,  -0.09590,  -0.01221,  -0.01713,   0.00913,   0.01569,  -0.03518,  -0.05323,  -0.06964,   0.03539,  -0.02862,  -0.06800,   0.02554,  -0.03518,   0.01077,   0.00092,  -0.03682,   0.05508,   0.03539,  -0.02205,  -0.03682,   0.00256,   0.03867,  -0.09754,   0.04687,   0.04031,  -0.05980,  -0.07457,   0.04031,  -0.03518,  -0.02041,  -0.03026,  -0.00892,   0.05180,   0.01077,   0.06000,  -0.00564,  -0.00236,   0.03539,  -0.01056,  -0.03190,  -0.02862,   0.03046,   0.00256,  -0.01385,  -0.01221,  -0.02205,  -0.05652,  -0.05980,   0.03539,  -0.03190,  -0.01056,   0.00913,  -0.01056,  -0.04339,   0.05344,   0.01241,  -0.03846,  -0.04831,   0.02718,  -0.04831,  -0.03190,   0.01077,   0.01733,   0.01241,   0.04359,  -0.00236,  -0.06800,  -0.00892,  -0.01549,  -0.06308,   0.04031,   0.04523,  -0.04175,   0.00256,  -0.01877,   0.03867,   0.07149,   0.01897,   0.02226,  -0.04831,  -0.04339,  -0.04175,   0.02226,   0.11416,  -0.00564,   0.02062,   0.01405,  -0.03518,  -0.05980,  -0.00072,  -0.04010,  -0.03846,   0.02226,  -0.00564,   0.03703,   0.00092,  -0.00072,  -0.09098,  -0.04503,  -0.01713,  -0.01877,   0.04851,   0.06164,   0.04851,   0.01405,  -0.04995,  -0.09262,  -0.01056,  -0.06144,   0.00092,   0.03210,  -0.01385,  -0.04831,   0.04359,  -0.01713,  -0.01221,  -0.08113,   0.01733,  -0.01877,   0.01733,   0.01077,   0.08298,  -0.03682,   0.00256,   0.03374,  -0.00564,  -0.00072,   0.05344,   0.03374,   0.02226,   0.00420,   0.06492,  -0.00728,  -0.02205,  -0.01549,  -0.02369,   0.02718,   0.00749,  -0.05980,  -0.01221,   0.02882,  -0.02041,   0.05344,   0.00913,   0.02390,  -0.04175,  -0.04667,   0.01897,  -0.02369,   0.06328,  -0.02369,   0.02390,   0.02718,  -0.02698,  -0.03026,   0.01569,  -0.00892,  -0.03354,   0.01405,   0.03539,   0.03046,  -0.01877,  -0.04175,  -0.01877,   0.00420,   0.01897,  -0.00564,  -0.02369,  -0.03518,   0.01405,   0.00256,  -0.07457,  -0.00236,   0.00749,   0.03867,  -0.03026,  -0.01385,  -0.00564,  -0.02533,   0.00092,   0.04031,  -0.04503,   0.00092,   0.06985,   0.00092,   0.02390,  -0.07621,   0.06985,   0.01569,   0.02226,  -0.04010,  -0.01877,   0.00749,  -0.01221,   0.02062,   0.06985,  -0.02698,   0.01405,  -0.00072,  -0.03846,  -0.07621,   0.11744,   0.03374,   0.04687,  -0.06472,  -0.01221,   0.03210,  -0.00072,   0.01733,  -0.06636,   0.02226,   0.01077,   0.04195,   0.03867,  -0.04667,  -0.00400,  -0.00072,   0.04851,  -0.03026,  -0.00728,   0.06164,  -0.03846,  -0.02533,  -0.01549,   0.06492,   0.07805,  -0.01549,  -0.03682,  -0.02862,  -0.08934,  -0.00400,  -0.11395,   0.06985,  -0.01713,   0.03703,   0.00420,   0.02390,  -0.04667,   0.04031,  -0.02862,  -0.03190,   0.01405,   0.02554,  -0.04339,  -0.07621,  -0.04175,  -0.00892,  -0.05652,   0.02390,  -0.02205,   0.02882,  -0.04010,  -0.06308,  -0.04175,  -0.01221,   0.03703,   0.00585,   0.03539,   0.01241,   0.01897,   0.00256,   0.00092,   0.01241,  -0.07457,  -0.02205,  -0.01877,   0.01077,  -0.04175,  -0.00236,   0.04523,  -0.04667,   0.04195,   0.05836,   0.07313,  -0.08934,  -0.04667,  -0.02369,   0.03374,   0.06328,   0.00749,  -0.00564,   0.05180,  -0.01056,   0.02062,  -0.04995,  -0.04010,   0.03210,   0.00256,  -0.08277,   0.00256,  -0.00072,   0.05508,  -0.01221,   0.05836,   0.04523,  -0.01056,  -0.01877,   0.05836,  -0.00564,   0.02718,   0.04687,   0.01241,   0.03703,   0.00092,  -0.03354,   0.02554,  -0.03518,   0.01569,   0.03539,   0.04851,  -0.01385,   0.05672,  -0.01549,  -0.03190,   0.02718,  -0.01713,  -0.03026,  -0.04667,  -0.04667,  -0.00072,   0.06000,   0.04687,   0.03374,   0.01405,   0.00420,  -0.01221,   0.00913,   0.02718,  -0.06800,   0.01897,  -0.01056,  -0.01549,  -0.07785,   0.04031,   0.02390,   0.03867,  -0.00728,  -0.09918,  -0.02369,   0.01241,  -0.08605,   0.03703,  -0.01713,  -0.03518,  -0.01056,  -0.00236,   0.00256,   0.04687,   0.02390,  -0.01221,   0.04031,  -0.02041,   0.05180,   0.01569,   0.09775,   0.00092,   0.07805,  -0.00236,  -0.00892,  -0.04831,  -0.01713,   0.05836,   0.00256,  -0.02041,  -0.03190,   0.01569,   0.03703,  -0.01713,  -0.00728,  -0.00072,  -0.04175,  -0.00236,   0.08954,  -0.05323,  -0.03518,   0.00913,   0.05180,   0.01077,   0.01077,   0.03867,   0.00913,   0.11088,  -0.03190,  -0.00236,  -0.03682,  -0.02205,  -0.07785,   0.02062,  -0.01056,   0.04031,  -0.00892,  -0.04175,   0.06657,   0.05344,   0.01733,   0.02226,   0.04195,  -0.07949,   0.01241,  -0.00236,  -0.04010,   0.05180,  -0.04175,   0.03703,   0.02554,   0.00585,  -0.01056,  -0.02369,   0.01405,  -0.03026,   0.00092,  -0.04831,  -0.00728,   0.00092,   0.01733,   0.00585,  -0.05159,   0.02718,  -0.04995,  -0.05159,   0.01733,   0.06985,  -0.03190,  -0.04831,   0.00749,  -0.01877,   0.06000,   0.00749,   0.01733,  -0.04010,   0.07641
  -0.01221,  -0.03846,  -0.01056,   0.01733,  -0.00236,  -0.03026,   0.07969,   0.01897,   0.06492,  -0.05816,  -0.05652,   0.10431,   0.01733,  -0.05816,  -0.01713,   0.07313,  -0.01056,   0.09939,   0.03703,  -0.01877,   0.07477,  -0.03354,  -0.04831,   0.10103,  -0.03682,  -0.03190,   0.04523,   0.00256,  -0.01385,  -0.03518,  -0.02205,   0.02062,  -0.00728,   0.06657,   0.00749,  -0.06308,   0.02554,   0.00913,  -0.01056,   0.02062,  -0.00564,   0.00420,   0.04851,   0.00256,  -0.03518,   0.01405,  -0.02698,   0.01733,   0.00749,   0.01897,  -0.09754,   0.01405,   0.05180,   0.02062,   0.03703,   0.05344,   0.04851,  -0.08605,  -0.12052,  -0.03354,  -0.03846,  -0.02369,   0.04031,  -0.01549,   0.00585,  -0.03518,   0.03867,  -0.04175,  -0.01713,   0.01077,   0.00585,  -0.02533,   0.00585,   0.00092,   0.03539,   0.01569,  -0.02862,   0.05508,  -0.06636,  -0.05980,   0.00913,  -0.03354,  -0.03846,  -0.00564,  -0.00728,  -0.02205,   0.03046,  -0.02533,  -0.01221,  -0.05652,   0.00913,  -0.00072,  -0.01221,   0.03210,   0.04359,  -0.00728,  -0.00400,   0.01241,   0.05672,   0.04195,  -0.03682,  -0.01549,   0.01897,  -0.02041,  -0.01221,   0.08134,  -0.04010,   0.02718,   0.06000,  -0.03846,  -0.00072,   0.03210,   0.04195,   0.00256,  -0.03354,   0.02062,   0.02390,   0.09939,  -0.02041,   0.04031,  -0.01549,   0.04523,  -0.00892,  -0.01221,  -0.00072,   0.02390,   0.02390,   0.00749,  -0.11559,  -0.05980,  -0.00892,  -0.01056,   0.00092,  -0.08605,  -0.00400,   0.02390,  -0.00728,  -0.06636,  -0.01056,  -0.04175,  -0.00892,  -0.00728,  -0.07457,  -0.00236,  -0.01385,  -0.01385,   0.06328,   0.04195,   0.09282,   0.02718,   0.03703,   0.01077,  -0.02205,  -0.06308,  -0.01549,  -0.06144,  -0.03026,  -0.01549,  -0.01877,  -0.01877,  -0.04831,  -0.03682,   0.03374,   0.06164,  -0.01056,   0.04359,   0.04851,   0.01897,  -0.00236,   0.04687,   0.03210,   0.02882,   0.14370,   0.01897,  -0.00564,   0.00913,   0.05344,  -0.04831,   0.01077,  -0.00728,  -0.04339,  -0.00564,   0.01241,   0.03210,   0.05016,   0.00092,  -0.01549,  -0.03682,   0.05180,   0.03703,  -0.00400,  -0.04339,  -0.03190,   0.01897,  -0.02041,   0.02062,  -0.04339,  -0.04831,   0.00256,  -0.05159,   0.02718,  -0.10247,   0.02390,  -0.05652,  -0.05323,  -0.09590,  -0.04175,   0.00256,   0.05016,  -0.03846,   0.04523,  -0.00400,   0.00913,   0.04195,  -0.01221,  -0.01385,   0.03046,  -0.03026,   0.04195,  -0.05323,   0.02226,   0.01733,   0.05180,  -0.00400,   0.01569,   0.03539,  -0.02698,  -0.04995,  -0.04175,   0.05016,  -0.05487,   0.05344,  -0.03846,  -0.02041,   0.10103,   0.00585,   0.00749,   0.00256,  -0.02698,   0.04195,   0.02390,   0.05180,  -0.06636,   0.03867,  -0.01877,   0.01733,  -0.06636,   0.02390,  -0.04010,  -0.00072,   0.03374,  -0.02698,   0.00256,  -0.00236,  -0.02041,   0.04359,  -0.02533,   0.08298,  -0.08605,  -0.02862,   0.01897,   0.00420,   0.02226,  -0.00400,  -0.00728,  -0.07129,  -0.07293,  -0.09754,   0.05344,  -0.06636,   0.03539,   0.00749,   0.00913,  -0.00236,   0.01897,   0.05508,   0.02062,   0.04687,   0.01405,   0.02062,   0.10759,  -0.00892,  -0.00564,  -0.00400,  -0.11395,  -0.01221,  -0.01221,   0.01405,  -0.01549,   0.01241,   0.04523,  -0.00236,   0.03374,   0.01733,   0.08134,   0.03374,  -0.01056,  -0.03026,  -0.02369,  -0.03518,   0.01241,   0.00585,  -0.06472,  -0.09098,   0.05344,  -0.02041,   0.01405,   0.07805,  -0.06964,   0.05508,  -0.01877,   0.05672,   0.04851,   0.03046,  -0.04831,   0.03374,  -0.02862,  -0.04339,   0.08626,   0.00256,  -0.02369,  -0.04175,  -0.05159,   0.07149,  -0.00072,  -0.00728,  -0.01877,   0.01897,   0.01897,   0.02226,  -0.00072,  -0.00400,  -0.06800,  -0.03518,   0.00420,   0.01405,  -0.05159,  -0.02533,   0.01405,   0.00256,   0.06164,  -0.02533,   0.02226,   0.07969,   0.00913,  -0.04995,   0.00913,  -0.00236,  -0.00236,  -0.06144,  -0.05816,  -0.01549,  -0.01549,  -0.04667,  -0.01713,  -0.00728,  -0.02533,   0.01897,   0.07805,  -0.06144,   0.02062,  -0.05159,  -0.05487,  -0.01056,   0.04359,  -0.08113,  -0.02862,   0.02062,  -0.03846,   0.07477,   0.01077,  -0.01056,   0.01405,   0.10103,   0.01897,   0.06821,  -0.02369,  -0.05980,   0.05180,  -0.04010,  -0.04503,   0.02554,   0.05508,   0.00585,  -0.03026,  -0.01713,   0.01405,   0.03210,   0.02718,  -0.12052,   0.05344,  -0.06472,   0.03539,  -0.10739,  -0.04339,   0.05836,   0.05180,  -0.00236,  -0.02698,   0.04687,  -0.02533,   0.06164,  -0.02205,   0.05508,  -0.01221,   0.01241,  -0.01549,   0.08134,   0.01733,   0.04031,  -0.01221,  -0.00236,   0.04687,  -0.01877,   0.01405,   0.09282,  -0.05652,   0.13057,   0.00585,  -0.01549,   0.05180,   0.06328,  -0.00564,  -0.05323,   0.05672,  -0.02369,  -0.09754,   0.04031,   0.09282,  -0.01221,  -0.04339,   0.01897,   0.05180,   0.00256,  -0.03190,  -0.00728,   0.06328,   0.03046,  -0.04995,   0.07149,  -0.00236,  -0.00400,   0.00913,   0.00420,   0.05508,   0.05344,  -0.00892,  -0.02698,  -0.02041,  -0.03682,   0.00256,   0.06492,  -0.00072,  -0.01221,  -0.02698,   0.04851,   0.04359,   0.05836,  -0.03682,   0.04359,   0.05836,  -0.08770,   0.06000,  -0.01221,  -0.00892,   0.03046,  -0.02041,   0.04523,  -0.01221,   0.08462,  -0.05323,  -0.01385,   0.03210,  -0.03190,   0.00913,   0.01405,  -0.00072,  -0.02862,  -0.01549,   0.00585,  -0.02205,   0.04687,   0.00092,   0.00749,   0.02882,   0.00092,  -0.03518,  -0.00728,  -0.05980,  -0.01221,   0.08954,  -0.00892,   0.00092,  -0.04010,   0.04031,   0.00913,   0.01733,  -0.01549,  -0.00072,  -0.06636,   0.09282,   0.07313,   0.04523,  -0.01549,  -0.04995,  -0.03354,  -0.01549,   0.01405,   0.02062,   0.05672,   0.07805,  -0.01549,  -0.01056,  -0.04339,  -0.03354,  -0.02533,   0.04523,  -0.01056,   0.04687,   0.01077,   0.04851,  -0.03354,   0.10103,   0.03046,   0.05672,  -0.00892,  -0.01056,   0.06164,   0.00420,  -0.01221,   0.08298,  -0.02369,   0.04851,  -0.01385,  -0.03518,   0.00913,  -0.04010,  -0.01221,   0.02226,  -0.03354,   0.04523,   0.06000,  -0.05323,   0.01897,   0.06492,  -0.04667,   0.04851,  -0.00892,   0.00092,  -0.03518,   0.04195,   0.01733,  -0.00400,  -0.00400,   0.02718,  -0.08605,   0.01405,   0.09282,  -0.09754,  -0.02369,   0.03867,  -0.07785,  -0.04339,  -0.07129,   0.02554,  -0.04175,  -0.01549,  -0.04010,  -0.05323,   0.00420,  -0.01385,  -0.01877,  -0.03518,  -0.01549,   0.00420,  -0.00892,  -0.03846,  -0.04831,  -0.03682,   0.02554,   0.00913,   0.06164,   0.01077,   0.01077,  -0.01549,   0.06164,   0.06985,  -0.03026,   0.06821,   0.06328,  -0.00400,   0.00420,   0.00749,  -0.00400,  -0.07293,  -0.01221,  -0.02041,   0.02390,  -0.04503,  -0.02862,   0.04523,   0.04687,  -0.00728,   0.00913,   0.01241,   0.04523,  -0.06964,   0.00585,  -0.00400,   0.05180,  -0.00728,  -0.02698,  -0.01549,   0.00420,   0.00092,  -0.05816,  -0.11067,   0.08626,   0.02062,   0.01733,   0.01241,  -0.03846,   0.08462,   0.01897,  -0.06964,  -0.05323,  -0.03846,  -0.01877,  -0.02862,   0.01077,   0.07477,   0.01241,   0.01569,   0.02882,  -0.03190,   0.07641,   0.00585,  -0.07457,   0.00420,  -0.08441,  -0.00236,  -0.05816,  -0.10739,  -0.00072,   0.00585,  -0.05487,  -0.07949,   0.02882,  -0.01385,   0.03867,   0.10431,   0.03703,  -0.03190,   0.03046,   0.06000,  -0.00728,   0.01733,   0.02718,   0.01405,   0.05508,  -0.07129,   0.00585,  -0.02205,   0.04195,  -0.12052,  -0.10575,  -0.04995,  -0.00236,   0.08626,  -0.08277,   0.00749,   0.01077,  -0.04010,   0.10267,  -0.03354,   0.01241,  -0.07457,  -0.00072,  -0.01549,   0.02390,  -0.04339,  -0.01385,   0.10267,  -0.00728,  -0.03846,  -0.00728,   0.07313,   0.03374,   0.03374,  -0.04667,  -0.05487,  -0.03190,   0.01569,   0.04195,   0.05672,  -0.01221,  -0.03190,  -0.01385,  -0.00236,  -0.04175,  -0.02041,   0.01405,  -0.07785,  -0.01877,  -0.03846,  -0.07129,  -0.04667,  -0.02369,   0.05672,   0.05180,   0.03210,   0.00913,   0.04523,   0.03867,   0.02062,  -0.09918,   0.05016,  -0.02698,   0.06492,  -0.02041,   0.00092,   0.02882,  -0.04667,  -0.04831,  -0.07949,  -0.05159,   0.01733,  -0.02041,   0.08298,   0.01405,   0.02554,   0.01897,  -0.00400,   0.08134,  -0.02698,   0.00749,   0.03046,  -0.03026,   0.01077,   0.05672,  -0.07457,  -0.00236,   0.00913,  -0.01056,  -0.08113,  -0.00892,  -0.01877,  -0.05159,   0.02226,  -0.01713,  -0.00236,   0.00256,   0.01569,  -0.02862,   0.06164,   0.02390,   0.07149,   0.01241,  -0.02205,  -0.04667,   0.00585,   0.01241,  -0.02533,  -0.05159,  -0.02369,   0.00256,   0.02882,   0.00420,  -0.01056,   0.02554,   0.03210,   0.06657,  -0.01877,  -0.03846,   0.02718,  -0.00892,   0.04851,   0.10595,  -0.02533,   0.02554,   0.05672,   0.03703,   0.01733,  -0.06144,   0.00420,  -0.03190,  -0.02205,  -0.04831,   0.00420,  -0.04831,   0.00420,  -0.04995,  -0.00072,   0.00256,   0.02062,   0.04687,  -0.01385,   0.03374,   0.01241,   0.06985,  -0.04995,  -0.00236,  -0.02862,  -0.03026,  -0.10247,   0.06000,  -0.03354,   0.01405,   0.02554,   0.04359,   0.02390,   0.00420,  -0.01549,  -0.03026,  -0.06800,   0.06328,  -0.04503,   0.01405,   0.00092,  -0.06636,   0.02718,  -0.05487,   0.05508,   0.00092,   0.00256,  -0.01549,   0.05508,   0.01405,   0.04851,   0.00256,  -0.11724,  -0.06308,   0.05016,   0.00749,   0.00585,  -0.01056,  -0.01221,  -0.05487,   0.01733,  -0.04995,   0.04523,  -0.00728,  -0.00072,  -0.03190,  -0.10903,  -0.03190,   0.02554,   0.01241,  -0.05323,  -0.01385,  -0.01877,   0.05672,  -0.01056,  -0.00892,  -0.02205,   0.06328,  -0.01549,   0.02226,  -0.00564,  -0.04175,   0.02718,  -0.00728,   0.08626,   0.03539,  -0.03846,  -0.02041,  -0.02369,   0.07313,   0.04523,  -0.00236,  -0.04339,   0.00092,  -0.10082,   0.04687,   0.02226,   0.00585,   0.02718,  -0.03026,  -0.06472,  -0.06800,   0.00585,   0.02554,  -0.06144,   0.03703,   0.05508,  -0.09426,   0.08790,  -0.03354,  -0.05652,   0.04031,  -0.01713,   0.11580,  -0.05816,  -0.07129,  -0.03682,   0.03539,   0.01569,   0.06492,   0.03539,   0.08954,  -0.04995,  -0.06800,  -0.04010,   0.05180,   0.07149,  -0.02041,   0.05016,   0.06492,   0.04359,   0.06164,  -0.00564,   0.05344,  -0.04339,  -0.00728,  -0.00400,  -0.03846,   0.04031,   0.03867,  -0.03354,   0.02226,  -0.06472,   0.00420,   0.00913,  -0.08113,   0.00913,  -0.03026,   0.00420,   0.00420,   0.03046,  -0.00892,  -0.02205,  -0.02533,  -0.03190,   0.01405,  -0.06636,   0.11580,  -0.03518,   0.05508,   0.03046,   0.04687,  -0.06308,  -0.05652,   0.00256,   0.02718,   0.00092,   0.04851,   0.06328,   0.01897,   0.05016,   0.02062,   0.01569,   0.01241,   0.03703,   0.04523,  -0.04175,   0.01241,  -0.03026,   0.02390,  -0.00236,   0.11252,   0.01569,  -0.03190,  -0.01713,  -0.00728,   0.12729,  -0.03354,  -0.01056,  -0.03354,  -0.04339,  -0.06636,   0.02062,   0.00585,  -0.00236,  -0.04831,   0.01077,  -0.00892,  -0.00728,  -0.00400,   0.09446,   0.08298,   0.06328,  -0.00728,  -0.01385,  -0.01221,   0.00420,  -0.01221,  -0.04175,   0.04031,   0.00913,  -0.00728,   0.00913,  -0.03846,   0.02226,   0.01241,  -0.05816,   0.02062,   0.01405,   0.02390,   0.00420,  -0.00728,   0.01077,   0.00585,   0.03703,  -0.04995,   0.09118,  -0.01549,   0.02062,   0.03210,  -0.00564,   0.00913,   0.02718,  -0.02533,  -0.05980,  -0.05487,  -0.05652,   0.05344,  -0.06144,   0.08626,   0.01077,   0.03210,  -0.03026,   0.03046,   0.00256,  -0.01385
  -0.06800,   0.04195,   0.00420,   0.03703,   0.04359,  -0.01221,   0.02718,   0.00913,   0.03046,  -0.02369,  -0.03026,   0.03867,  -0.00564,  -0.10082,  -0.04995,  -0.01549,   0.03539,  -0.06308,  -0.02369,  -0.07621,   0.01405,   0.01569,   0.05180,   0.02226,   0.05836,  -0.01549,  -0.03518,  -0.00236,  -0.03354,   0.00913,  -0.01056,   0.06821,  -0.02041,  -0.08770,   0.02718,  -0.12872,  -0.02041,   0.00420,   0.02390,  -0.01713,   0.00256,   0.04031,  -0.01385,  -0.04175,  -0.04831,   0.03046,   0.06492,   0.01569,  -0.05487,   0.00420,   0.04687,   0.05508,   0.06492,   0.02062,  -0.09426,  -0.01549,   0.01405,  -0.09754,   0.00585,   0.06657,  -0.04339,   0.01897,  -0.00400,  -0.00072,   0.05836,   0.00585,  -0.02698,  -0.03026,   0.06657,   0.00585,  -0.05652,  -0.07457,   0.03210,  -0.09098,  -0.04503,   0.00256,  -0.03190,   0.01733,   0.04851,  -0.00728,   0.01733,   0.00256,  -0.06144,   0.06328,  -0.06472,  -0.05980,  -0.01713,  -0.06636,  -0.01877,   0.01897,   0.01405,   0.06821,  -0.02369,  -0.00236,  -0.05159,   0.04523,   0.05836,  -0.02369,  -0.01549,   0.01077,  -0.01713,  -0.05980,  -0.00564,   0.06657,   0.00420,   0.00092,   0.06657,   0.03703,   0.07641,   0.07149,  -0.02533,   0.00749,  -0.01056,  -0.02698,  -0.04175,  -0.03354,   0.01569,   0.00420,   0.02554,   0.03210,  -0.02041,   0.03046,  -0.03846,   0.02226,  -0.02698,   0.03374,  -0.04831,  -0.00564,   0.03210,  -0.00564,   0.00749,  -0.05652,  -0.03190,  -0.05159,   0.03210,   0.04031,  -0.00564,   0.05180,   0.01241,  -0.05159,  -0.00564,   0.03046,   0.01241,  -0.00400,  -0.00564,  -0.04503,   0.02718,  -0.05816,  -0.02369,   0.04851,   0.01241,   0.03046,   0.05672,   0.02390,   0.00256,  -0.00400,  -0.06800,   0.08298,  -0.01549,  -0.03682,   0.01569,   0.05508,  -0.00728,  -0.02698,   0.04195,  -0.01385,  -0.04010,   0.00092,   0.05508,  -0.03682,  -0.10739,   0.00256,   0.02718,   0.03539,   0.03210,  -0.00728,  -0.06800,  -0.05652,   0.01897,  -0.00728,  -0.03190,  -0.07785,  -0.00892,  -0.04010,  -0.02205,  -0.01056,  -0.00236,  -0.00400,  -0.06308,   0.04687,   0.01733,   0.02718,  -0.07129,  -0.06472,  -0.05487,  -0.02205,   0.02226,   0.02554,   0.00585,   0.04359,  -0.01877,   0.04687,  -0.01549,   0.07641,  -0.00892,  -0.00072,  -0.04503,   0.04195,   0.00585,   0.02226,   0.03046,  -0.01221,   0.02226,  -0.00728,  -0.03518,   0.00913,   0.01733,   0.02062,  -0.01385,  -0.03190,  -0.01713,  -0.01056,   0.04031,   0.00420,   0.10431,  -0.00236,  -0.00236,  -0.06472,  -0.05980,  -0.04339,  -0.02205,  -0.00072,  -0.00892,  -0.00072,   0.04523,   0.04031,  -0.03518,   0.01077,  -0.09754,   0.02062,  -0.02862,  -0.08605,   0.06164,  -0.03354,   0.04523,  -0.03190,  -0.07949,   0.06657,  -0.02369,  -0.00728,   0.01077,   0.00420,  -0.01221,   0.01405,   0.05344,  -0.01056,   0.01241,  -0.00728,  -0.00728,   0.01733,  -0.03846,   0.05672,   0.07149,  -0.07785,   0.01405,  -0.03518,  -0.02205,  -0.02205,   0.01077,  -0.00072,   0.01569,   0.12729,  -0.02205,   0.03867,   0.00913,  -0.01713,  -0.03518,   0.04687,  -0.01221,   0.05344,  -0.00564,   0.02226,  -0.03846,   0.05836,  -0.05323,  -0.04503,   0.03867,  -0.00564,  -0.04010,  -0.01385,   0.06164,   0.02718,  -0.02862,  -0.04175,  -0.00564,  -0.05487,   0.00256,  -0.02205,   0.03703,   0.04359,  -0.03518,  -0.03682,  -0.00236,   0.06985,  -0.03518,   0.03210,   0.00749,   0.02226,  -0.01549,  -0.01221,  -0.00400,   0.02062,  -0.04503,   0.05180,  -0.04010,  -0.07293,   0.00092,   0.00092,   0.04031,   0.04195,  -0.01221,  -0.03518,  -0.01385,   0.04687,  -0.03026,   0.03046,  -0.08441,   0.02554,   0.02390,  -0.03354,  -0.01549,   0.04523,   0.05508,   0.03374,   0.00092,   0.07641,   0.02062,   0.04523,   0.01569,   0.02226,   0.06328,   0.05180,  -0.03190,  -0.01713,   0.00749,  -0.05980,  -0.00892,  -0.06308,   0.07641,  -0.07949,  -0.02205,   0.00420,  -0.00728,   0.01733,   0.02882,   0.03046,  -0.01549,  -0.01549,   0.04851,   0.02062,  -0.02041,  -0.06964,  -0.01221,  -0.04831,   0.02718,   0.12893,  -0.03354,  -0.09918,  -0.00400,  -0.03354,   0.03210,   0.02718,   0.02718,   0.04195,   0.05180,   0.01897,  -0.03354,  -0.03190,   0.01077,  -0.02205,   0.03703,  -0.02533,   0.02062,  -0.04175,  -0.01056,  -0.04831,   0.04195,   0.01241,  -0.06472,   0.03210,   0.02062,   0.03703,  -0.04995,   0.00092,   0.01897,  -0.01056,   0.04195,  -0.02698,  -0.02205,   0.02718,  -0.00564,   0.05508,  -0.01221,  -0.01713,  -0.00564,   0.01569,  -0.03026,   0.02882,   0.04687,   0.05180,   0.11252,  -0.01385,   0.01405,  -0.01877,   0.00585,  -0.03354,   0.04851,   0.01897,  -0.10082,  -0.04010,   0.01077,   0.00913,   0.02062,   0.05344,  -0.05652,  -0.00892,   0.02226,   0.00749,  -0.01385,  -0.01056,   0.04195,   0.08298,   0.00585,  -0.05980,   0.00585,   0.03210,   0.07969,  -0.04503,  -0.03682,  -0.01056,  -0.01877,   0.04359,  -0.05980,   0.03374,   0.00092,   0.00420,   0.02718,  -0.03190,   0.03703,  -0.00892,   0.02226,   0.01241,  -0.03354,   0.01405,   0.00913,   0.01897,   0.03046,   0.03374,  -0.04010,  -0.04175,   0.06000,   0.00420,   0.02554,   0.00585,  -0.02698,   0.00420,   0.08298,  -0.00892,   0.02554,  -0.09426,  -0.02369,  -0.01877,  -0.06308,   0.00749,  -0.01713,  -0.06636,  -0.03026,  -0.04175,  -0.05980,  -0.01056,   0.02062,   0.03374,  -0.03518,  -0.06308,   0.04687,  -0.03518,  -0.00892,  -0.06144,  -0.03846,   0.02882,  -0.04175,  -0.02369,   0.06985,   0.02718,   0.00749,   0.05180,   0.02718,   0.00749,  -0.03846,   0.00256,   0.02882,   0.01241,  -0.01877,   0.03046,   0.00256,   0.04195,   0.05836,  -0.00728,  -0.03846,   0.02554,   0.10595,  -0.01221,  -0.01221,   0.02390,  -0.00892,  -0.01221,   0.02390,  -0.00400,  -0.02698,  -0.07949,  -0.01056,  -0.00892,  -0.01713,   0.06821,   0.03046,  -0.01713,  -0.00072,  -0.01385,  -0.01221,  -0.03026,  -0.02369,   0.00256,  -0.00072,   0.07805,  -0.03354,  -0.08441,   0.04851,   0.01897,  -0.00564,  -0.01385,   0.07313,  -0.00072,  -0.05487,  -0.08277,   0.05180,  -0.04175,   0.01569,   0.01897,   0.03374,  -0.00236,  -0.04010,  -0.10903,   0.03703,  -0.01221,  -0.04339,   0.04195,  -0.02698,   0.01241,   0.04851,   0.02718,  -0.09754,   0.00749,   0.01733,  -0.00400,  -0.03846,  -0.04010,  -0.01221,   0.10431,   0.00585,   0.03374,   0.07477,   0.02062,  -0.02041,  -0.03026,   0.00256,  -0.01221,   0.00256,   0.00256,  -0.03354,  -0.02205,  -0.03354,   0.02226,  -0.00564,   0.09775,  -0.05816,  -0.05487,   0.04523,   0.01733,  -0.03190,   0.01077,   0.05836,   0.00092,  -0.03354,  -0.00072,  -0.06472,   0.00585,  -0.04831,  -0.06636,  -0.06636,   0.05016,  -0.04339,  -0.04667,  -0.02205,  -0.00236,  -0.01385,   0.02226,  -0.08277,  -0.03518,   0.04687,   0.01405,   0.00256,   0.00585,  -0.00072,  -0.05816,   0.05344,  -0.00892,  -0.00400,   0.02390,  -0.02041,  -0.00236,   0.00420,   0.00749,   0.03210,  -0.01056,  -0.00400,  -0.05816,   0.01077,  -0.04503,  -0.06144,   0.02226,   0.00092,  -0.03682,  -0.02369,   0.00420,  -0.03190,  -0.00892,  -0.02533,   0.02226,  -0.01549,   0.10595,  -0.04667,   0.00749,  -0.03846,  -0.06800,  -0.04831,   0.00420,   0.03374,   0.00913,   0.04851,   0.00749,   0.03374,  -0.02862,   0.00913,  -0.04175,  -0.04831,   0.00749,  -0.01877,  -0.03682,   0.00256,   0.09282,  -0.08441,   0.02226,   0.05672,   0.04687,   0.02882,   0.03703,  -0.06964,   0.04031,  -0.04010,  -0.01221,   0.05016,  -0.02041,   0.05344,  -0.00728,  -0.08441,   0.07313,  -0.07785,  -0.02533,   0.02554,  -0.00564,  -0.05159,  -0.10739,  -0.03518,  -0.03682,  -0.01713,   0.03374,  -0.04995,   0.01897,  -0.04831,   0.02062,   0.06000,   0.04359,   0.01405,   0.02226,  -0.03190,  -0.04667,  -0.04339,   0.00256,   0.03867,   0.05672,  -0.06144,  -0.04339,  -0.04995,  -0.07457,  -0.01713,  -0.00400,   0.02226,  -0.00236,  -0.04339,  -0.00400,  -0.01056,   0.00749,   0.00256,   0.05836,   0.05836,   0.03539,  -0.00400,  -0.05487,  -0.09754,   0.04031,   0.04687,   0.03867,   0.08626,  -0.09262,  -0.00728,   0.00913,   0.02390,  -0.09262,  -0.01713,   0.02226,  -0.05487,  -0.03354,   0.01733,  -0.00236,   0.03210,  -0.00892,   0.00420,  -0.01221,   0.03539,  -0.03518,  -0.02041,  -0.01385,  -0.02041,  -0.07293,   0.02390,  -0.01385,   0.00092,  -0.03190,  -0.01549,  -0.02698,  -0.03026,  -0.06636,   0.02718,  -0.03682,   0.04031,  -0.03846,  -0.01713,   0.01405,  -0.01877,   0.01077,  -0.04503,   0.04851,  -0.04339,  -0.09262,  -0.04010,   0.01733,  -0.05487,   0.05344,   0.04195,  -0.01549,  -0.00728,   0.04687,   0.00256,   0.01569,   0.05508,  -0.02369,  -0.03846,  -0.04831,  -0.04175,  -0.04831,   0.03867,   0.04359,   0.00585,   0.00585,  -0.01056,  -0.01877,   0.03210,  -0.01549,   0.01733,   0.03867,  -0.07949,  -0.03846,   0.05344,   0.03539,   0.01733,  -0.05159,  -0.07129,   0.01241,   0.05180,   0.00913,   0.01733,  -0.01056,   0.03703,   0.02718,  -0.02205,   0.02226,   0.01569,  -0.05816,   0.01077,  -0.00892,  -0.02698,   0.00913,   0.03703,   0.02882,   0.05672,  -0.00236,  -0.04175,  -0.02041,  -0.01713,   0.00913,  -0.02041,   0.05180,  -0.01056,  -0.01385,  -0.03190,  -0.01549,  -0.02698,   0.01897,   0.06821,   0.01241,   0.00256,   0.05508,  -0.02698,  -0.05980,  -0.02369,   0.03374,   0.02882,   0.02554,  -0.03846,  -0.03026,  -0.01056,  -0.02041,   0.02718,   0.05836,  -0.04831,  -0.10247,  -0.00236,  -0.01385,   0.01405,   0.03210,   0.02882,  -0.00892,  -0.03354,  -0.00400,   0.06821,   0.01733,  -0.00564,  -0.02041,  -0.00072,  -0.03190,  -0.06964,  -0.03354,   0.00585,  -0.01713,   0.10431,  -0.06144,  -0.00072,   0.05836,   0.06328,  -0.04339,  -0.02862,  -0.01385,  -0.04339,   0.08954,   0.03374,   0.02062,   0.02226,   0.00585,  -0.05816,   0.00256,  -0.06964,  -0.04503,   0.02554,   0.08790,   0.07313,  -0.01385,  -0.04831,  -0.01713,   0.02390,   0.03374,  -0.01713,  -0.02369,  -0.06144,   0.03867,   0.02718,  -0.01549,  -0.09262,   0.01241,  -0.03190,  -0.00072,  -0.00728,  -0.02041,  -0.01549,  -0.06144,   0.02882,   0.04851,  -0.02698,   0.00913,   0.07641,   0.03539,  -0.02205,   0.04523,  -0.03518,   0.02882,  -0.03190,  -0.07129,   0.07313,   0.01405,   0.05344,  -0.02041,   0.04523,   0.03374,   0.01897,  -0.05487,   0.00913,  -0.01056,  -0.01385,   0.00749,   0.01569,  -0.08113,   0.05836,   0.00256,   0.01897,   0.00749,  -0.00564,  -0.01385,   0.03703,   0.02882,   0.00256,   0.04031,   0.01241,   0.01569,  -0.01221,  -0.05816,  -0.10247,   0.02226,  -0.04503,   0.01241,  -0.07621,   0.06000,  -0.03846,  -0.08605,  -0.01713,   0.06657,   0.01077,  -0.01385,   0.05672,   0.00092,  -0.00236,   0.03867,   0.00749,  -0.02041,   0.00913,   0.01241,   0.06328,   0.04195,   0.02226,   0.03539,  -0.06964,   0.03867,   0.05344,   0.04523,   0.00092,  -0.02533,   0.04031,  -0.08113,   0.04195,  -0.01221,  -0.03518,  -0.03026,  -0.00564,  -0.04667,  -0.03354,  -0.03026,   0.00092,   0.02554,  -0.00072,   0.03046,  -0.04831,  -0.04995,   0.01569,  -0.05323,   0.01897,   0.00092,  -0.03682,  -0.00400,  -0.00072,  -0.01877,   0.02390,   0.06492,  -0.04339,  -0.03190,   0.05180,   0.07149,   0.00256,  -0.06144,   0.00585,   0.02882,   0.04851,   0.00913,   0.06657,  -0.00892,   0.00420,   0.04031,  -0.04667,   0.04523,   0.03046,  -0.01385,   0.04359,  -0.03846,   0.02062,  -0.00400,  -0.03190,  -0.04667
  -0.03846,  -0.03846,   0.09118,   0.02062,   0.00256,   0.04851,  -0.01549,  -0.00236,  -0.01713,   0.04523,  -0.05816,   0.05672,   0.02226,  -0.01713,   0.07149,  -0.01713,  -0.00564,   0.03703,  -0.03846,   0.05672,  -0.01549,   0.02718,   0.01897,  -0.08605,  -0.01056,   0.03046,  -0.00564,   0.08954,   0.06328,  -0.02205,   0.03046,  -0.03354,  -0.01056,  -0.00728,  -0.04175,   0.03210,   0.04523,  -0.03026,   0.02554,   0.01569,   0.02882,   0.03210,  -0.00728,   0.11416,  -0.02369,  -0.00728,   0.08298,   0.00092,   0.02062,  -0.09426,   0.08626,   0.08298,  -0.03026,  -0.00892,   0.05016,   0.01897,  -0.04667,  -0.00564,  -0.03354,   0.02718,  -0.05980,   0.01569,  -0.06472,  -0.00236,  -0.00400,   0.03046,   0.02062,   0.00092,  -0.00564,   0.03046,   0.00092,   0.01733,  -0.00072,   0.01077,  -0.03354,   0.00749,   0.00585,  -0.02533,   0.02226,  -0.02041,  -0.02205,  -0.02205,  -0.04010,   0.02390,   0.05344,  -0.04667,  -0.02698,   0.00256,   0.02226,   0.13221,   0.03210,  -0.07293,  -0.01221,   0.00749,  -0.01056,  -0.00072,  -0.00072,   0.01241,   0.02226,   0.05016,  -0.00564,   0.02062,   0.02062,  -0.01056,   0.06492,  -0.01713,  -0.01056,   0.02062,   0.02554,  -0.00728,  -0.04831,   0.02718,  -0.00072,  -0.05487,   0.00749,  -0.00236,  -0.10247,  -0.02041,   0.00092,  -0.03190,   0.01241,   0.03703,  -0.00072,   0.04031,  -0.00728,   0.01569,   0.02882,   0.05344,   0.00256,   0.04851,  -0.04339,   0.04687,  -0.08605,   0.01733,  -0.00728,  -0.03846,  -0.06472,   0.02882,   0.03046,  -0.03518,  -0.02862,  -0.00072,  -0.00728,  -0.01385,   0.04195,  -0.06800,   0.03374,   0.00913,   0.07313,   0.08626,   0.01241,  -0.01221,   0.00256,   0.04851,  -0.04995,  -0.07457,   0.05344,   0.04195,   0.04195,  -0.05816,  -0.08605,  -0.00400,   0.06000,  -0.03354,   0.03374,  -0.02041,   0.02062,   0.05672,  -0.01877,   0.02882,  -0.01385,  -0.00400,  -0.02862,  -0.03682,  -0.07457,   0.01569,  -0.00892,  -0.04339,   0.00913,  -0.08441,   0.00256,   0.02554,   0.00420,   0.06328,  -0.01221,  -0.01549,   0.02062,   0.04031,  -0.08113,  -0.04503,  -0.00400,  -0.02041,  -0.03354,   0.07149,   0.04195,  -0.00728,  -0.05487,   0.02718,  -0.01877,   0.02226,  -0.00400,   0.02882,   0.01405,   0.04359,  -0.05652,   0.01241,  -0.03190,  -0.01877,   0.00913,  -0.07293,  -0.02533,  -0.05323,   0.01569,   0.02554,  -0.00728,  -0.00236,   0.02554,   0.00913,   0.04359,  -0.03354,  -0.04831,   0.05344,   0.06328,   0.08298,   0.00749,  -0.01877,  -0.03354,  -0.03518,  -0.02041,   0.03374,  -0.06144,   0.03374,  -0.03846,   0.01405,  -0.01877,  -0.08113,   0.01569,   0.04687,   0.02882,  -0.04995,  -0.08113,  -0.01221,   0.01241,  -0.02369,   0.02718,  -0.00400,  -0.01221,  -0.03518,   0.06164,   0.02390,   0.06000,  -0.00564,   0.01241,  -0.01056,  -0.05652,   0.00420,   0.00913,  -0.00400,  -0.01221,   0.03210,   0.08298,   0.10267,   0.03374,   0.04195,   0.09282,   0.02718,   0.04851,  -0.06144,  -0.02533,   0.00585,  -0.01221,   0.05180,   0.03374,  -0.00072,  -0.04010,  -0.03026,  -0.00400,   0.03539,  -0.02205,  -0.00072,  -0.02369,   0.01241,  -0.01549,   0.05016,   0.03374,   0.04195,  -0.01713,  -0.02862,  -0.00728,  -0.02205,  -0.00728,  -0.01549,   0.04031,   0.11908,  -0.01221,   0.02226,   0.02718,  -0.04175,  -0.02369,  -0.05980,  -0.00400,   0.01897,   0.00256,  -0.04667,  -0.06636,  -0.04667,  -0.07129,   0.02882,   0.01897,  -0.05159,  -0.02698,  -0.00564,   0.02882,  -0.02205,  -0.01877,  -0.03354,   0.04359,   0.02554,  -0.07293,  -0.05159,  -0.02205,  -0.06964,  -0.00728,   0.04195,   0.00749,  -0.02041,  -0.00236,  -0.01713,   0.01241,   0.02718,   0.03046,  -0.03190,  -0.01877,  -0.03682,  -0.05159,   0.01077,  -0.04667,   0.08298,   0.00913,  -0.10247,   0.02554,   0.01897,  -0.02369,  -0.00564,   0.00749,   0.03539,   0.02554,   0.07149,   0.05180,  -0.01877,   0.02226,   0.04195,   0.00585,   0.01077,  -0.02205,  -0.00892,  -0.02205,  -0.00728,   0.04031,   0.01897,   0.03703,  -0.02862,  -0.01877,   0.02062,  -0.01385,   0.03539,  -0.04831,   0.01569,   0.00585,  -0.01549,   0.03210,   0.00585,  -0.06144,   0.00092,   0.03539,  -0.04503,   0.05344,   0.07641,  -0.00072,  -0.00236,  -0.00564,  -0.00072,   0.02882,   0.02226,  -0.02041,   0.02554,  -0.02041,   0.00420,   0.04687,  -0.00728,  -0.07129,   0.01405,   0.04851,  -0.04010,  -0.00892,   0.01733,  -0.02369,   0.01733,   0.00913,  -0.04339,   0.05508,  -0.03354,   0.01897,   0.01569,   0.03374,  -0.02369,   0.00749,  -0.01549,  -0.00236,  -0.00400,   0.02390,  -0.02533,  -0.02533,  -0.09918,   0.03374,   0.00749,  -0.01385,   0.02062,  -0.01385,  -0.01385,   0.05508,  -0.00072,  -0.04503,  -0.00236,  -0.03190,   0.02882,  -0.01056,  -0.00236,  -0.05816,  -0.06308,   0.04031,   0.00749,  -0.04010,  -0.03846,  -0.03190,  -0.00564,   0.03046,   0.01569,   0.02062,   0.03210,  -0.01385,   0.00420,  -0.04010,  -0.04010,   0.02390,  -0.01056,   0.03539,  -0.02533,   0.00913,  -0.07949,   0.01733,   0.03867,  -0.01221,  -0.02205,  -0.03026,  -0.06964,  -0.00564,   0.07805,  -0.06308,   0.01405,  -0.01877,   0.03046,  -0.03026,  -0.02369,   0.07641,  -0.03354,   0.00913,  -0.09262,  -0.09426,   0.00092,   0.00420,  -0.01385,  -0.01713,  -0.02533,  -0.01385,  -0.06636,  -0.04667,   0.04195,  -0.02369,  -0.04667,  -0.04995,  -0.00892,  -0.02533,  -0.00892,  -0.00892,   0.01405,  -0.04995,  -0.00400,   0.03374,  -0.06636,  -0.03518,   0.04359,  -0.09098,  -0.02369,   0.03374,   0.00749,  -0.00564,  -0.05652,   0.05016,  -0.04175,   0.01241,  -0.08277,   0.00092,   0.04687,  -0.02041,  -0.05487,  -0.04339,   0.00092,  -0.01877,   0.00585,   0.00092,  -0.08277,   0.00420,  -0.04175,  -0.01221,   0.00092,  -0.02041,  -0.03354,   0.01405,   0.03210,   0.06492,   0.00256,  -0.02533,   0.02226,   0.02718,   0.10103,   0.03210,  -0.03190,  -0.01385,   0.02554,   0.03374,  -0.05487,  -0.03682,   0.02718,   0.05016,   0.01077,   0.00256,   0.13713,  -0.03354,   0.01897,  -0.04175,  -0.01221,  -0.01056,   0.01897,  -0.00400,  -0.05980,  -0.00400,   0.09118,  -0.04175,  -0.01056,   0.04687,  -0.03846,  -0.03026,   0.02882,   0.04687,  -0.00728,   0.06985,  -0.00564,   0.04359,   0.00585,  -0.01877,  -0.02369,   0.05672,  -0.06800,  -0.03026,   0.01897,   0.01405,  -0.01056,   0.03867,   0.01405,   0.00092,  -0.06472,   0.03374,   0.01077,   0.02882,   0.02882,   0.02226,   0.03210,   0.02226,  -0.04010,   0.08298,   0.06492,  -0.04339,   0.05180,   0.03374,   0.06164,  -0.01221,   0.00749,   0.00256,   0.06821,   0.04687,  -0.04339,  -0.03518,  -0.00072,   0.00256,   0.01733,  -0.04667,   0.04359,  -0.04831,  -0.04667,   0.02718,  -0.03354,   0.01569,   0.02390,  -0.00400,  -0.00728,  -0.02369,  -0.07785,   0.02882,  -0.01221,   0.02882,  -0.00072,   0.06328,  -0.03354,   0.00420,   0.01077,   0.03046,   0.06985,  -0.02369,   0.02062,  -0.01221,   0.02390,   0.02226,  -0.02041,   0.00092,   0.00913,   0.01241,  -0.00072,   0.01241,  -0.05487,  -0.01877,   0.03374,   0.01241,   0.00913,   0.02062,  -0.00236,  -0.07457,   0.03539,  -0.02862,  -0.01549,   0.05508,  -0.00400,  -0.05323,  -0.03518,   0.00420,  -0.01713,  -0.04667,   0.10103,   0.00256,  -0.00728,  -0.07129,   0.02882,  -0.06144,  -0.01877,   0.01733,   0.05508,  -0.02369,  -0.01056,   0.03867,  -0.10247,   0.01897,   0.00749,  -0.06308,   0.07313,  -0.00236,   0.03867,  -0.10247,  -0.02862,  -0.02533,  -0.05980,   0.04359,   0.04359,   0.02718,   0.04359,   0.03374,   0.01241,  -0.09262,  -0.07621,  -0.00564,  -0.06144,   0.03046,   0.04195,  -0.05159,   0.04687,  -0.02369,   0.00092,   0.03703,  -0.07129,   0.01077,   0.01405,  -0.01877,   0.00092,   0.01077,   0.01733,  -0.00072,   0.03867,   0.01897,   0.04031,   0.01077,   0.02390,  -0.03682,  -0.02041,  -0.00236,  -0.04995,  -0.02369,  -0.04339,   0.04523,  -0.06144,  -0.02698,  -0.03518,  -0.03354,  -0.00892,   0.03374,  -0.04667,   0.01897,  -0.00892,   0.07805,   0.08626,  -0.00072,   0.09775,   0.07969,  -0.05652,  -0.05816,  -0.00400,   0.03539,   0.06000,   0.05016,  -0.00400,   0.01241,   0.07477,   0.01077,  -0.04667,   0.02390,  -0.00564,  -0.00236,  -0.02369,  -0.00236,   0.03046,  -0.00892,  -0.01713,  -0.01877,   0.04359,  -0.01221,  -0.00400,  -0.00072,  -0.08934,   0.02062,   0.06164,  -0.04175,  -0.02533,   0.02718,  -0.00564,  -0.04995,   0.00256,  -0.00728,  -0.01385,   0.06328,   0.06985,  -0.01221,   0.01733,   0.04031,   0.06821,  -0.01385,  -0.03682,  -0.00564,   0.04195,  -0.03682,   0.00749,  -0.03190,   0.05672,  -0.03190,   0.05672,   0.04851,  -0.01385,   0.05508,   0.00913,   0.01733,  -0.04010,  -0.03682,  -0.03682,   0.01569,  -0.08277,   0.03374,  -0.03354,   0.01241,   0.03539,  -0.04010,  -0.03846,   0.04031,  -0.01549,   0.04031,   0.03374,   0.03374,  -0.04010,  -0.06964,   0.01569,   0.02554,  -0.06308,   0.03046,   0.07477,   0.02226,  -0.01713,  -0.02533,  -0.04995,  -0.02698,   0.07477,   0.03539,  -0.00892,  -0.00072,   0.00256,  -0.06636,   0.00749,   0.01241,  -0.07129,   0.04031,  -0.03518,  -0.09426,  -0.00728,   0.01569,   0.06657,   0.01569,   0.05836,  -0.02862,   0.09118,  -0.07949,   0.02062,  -0.00236,   0.01241,  -0.00564,   0.00913,   0.05344,  -0.02369,  -0.14842,   0.05508,   0.07641,  -0.01221,  -0.03846,   0.00420,   0.01897,   0.04031,  -0.04175,   0.03374,  -0.03190,   0.04359,  -0.05652,  -0.05159,   0.04031,  -0.07457,  -0.00072,  -0.01056,   0.00749,   0.01569,   0.00256,  -0.02533,  -0.06144,   0.05836,   0.02226,  -0.03518,  -0.03190,   0.06657,  -0.02041,  -0.02205,  -0.01221,   0.00585,  -0.00564,   0.04687,  -0.04831,  -0.02041,   0.05508,   0.00256,  -0.02533,  -0.01385,   0.03867,  -0.07949,   0.01077,  -0.04503,  -0.00728,  -0.01713,  -0.05980,  -0.03846,  -0.00236,  -0.03190,  -0.01056,  -0.06144,  -0.04175,   0.01897,  -0.01713,   0.04195,   0.10103,   0.04851,  -0.07129,  -0.04667,   0.06164,   0.06492,   0.01897,  -0.02041,   0.03867,  -0.00728,  -0.04503,   0.00585,  -0.00400,   0.03046,  -0.02369,  -0.00400,  -0.00400,  -0.00236,  -0.04175,   0.00749,  -0.07293,   0.01077,  -0.00072,   0.04359,   0.04687,   0.01405,   0.05180,  -0.09754,  -0.00892,   0.00749,  -0.06636,   0.05836,  -0.05323,   0.03539,  -0.01385,   0.01405,   0.01241,  -0.01713,  -0.04175,   0.04359,  -0.00400,  -0.03190,  -0.01549,   0.01405,   0.01569,  -0.01056,   0.04359,  -0.01221,   0.01077,  -0.00728,  -0.00072,   0.01077,  -0.04503,  -0.03518,   0.05344,   0.01405,  -0.00564,  -0.03518,  -0.04503,   0.02554,   0.00585,   0.01897,  -0.01385,   0.01733,  -0.05487,   0.01241,  -0.01549,   0.01405,  -0.01056,   0.03867,   0.04851,  -0.01713,   0.02390,  -0.00564,  -0.00072,  -0.00236,   0.05508,   0.04031,  -0.01713,  -0.00236,   0.07477,   0.01405,   0.02882,  -0.03682,   0.00092,   0.00585,  -0.04175,   0.05508,  -0.02533,  -0.01221,   0.02718,  -0.03846,   0.05836,   0.05508,   0.01405,   0.04195,  -0.05323,   0.03539,  -0.04010,   0.01897,  -0.03846,   0.00585,  -0.04339,   0.02718,   0.02062,  -0.00072,   0.03046,  -0.02041,   0.00585,  -0.02698,   0.05180,   0.02554,   0.06492,  -0.04010,   0.07149,   0.03046,   0.02062,  -0.04010,   0.05180,  -0.05816,   0.02062,  -0.03190,  -0.02205,   0.04031,   0.01077,   0.01241,  -0.07129,   0.04851,   0.02882,   0.00092,  -0.02862,   0.00749,   0.06164,  -0.03354,  -0.01549,   0.07969
  -0.03190,  -0.08113,  -0.04503,  -0.01713,  -0.03190,  -0.02862,   0.00420,   0.03046,  -0.07129,  -0.01549,  -0.07621,  -0.01056,  -0.03026,   0.05180,   0.03374,  -0.00564,   0.06821,   0.03703,   0.00749,  -0.05652,   0.02390,  -0.01549,   0.05344,  -0.01056,   0.03703,   0.03046,   0.00749,  -0.00072,  -0.00236,   0.05180,  -0.08113,  -0.02862,  -0.07785,   0.05180,   0.01733,  -0.08770,   0.02390,  -0.01385,  -0.00564,  -0.08770,   0.00585,  -0.00236,  -0.02533,  -0.01221,   0.01405,  -0.03190,  -0.03846,   0.01241,  -0.03190,  -0.05323,  -0.00400,   0.03210,  -0.00892,  -0.03190,   0.06657,  -0.08113,   0.06985,   0.00585,  -0.05652,  -0.04831,   0.03539,   0.03867,   0.00256,   0.00256,  -0.07129,  -0.00564,  -0.03354,  -0.02862,  -0.03026,   0.05508,  -0.02533,   0.03046,  -0.06144,   0.04195,  -0.04010,  -0.04503,  -0.06308,   0.07313,  -0.04831,   0.06492,   0.02390,  -0.00564,   0.01897,  -0.03354,  -0.04831,  -0.03026,   0.00092,  -0.07785,   0.08134,   0.01241,   0.03210,   0.02062,   0.05180,   0.00092,   0.04359,   0.01241,   0.02718,   0.11908,  -0.00400,  -0.04667,   0.04523,  -0.01221,  -0.04175,  -0.04175,   0.04687,  -0.02041,   0.04195,  -0.06308,   0.00749,  -0.08277,  -0.04667,  -0.02698,   0.09446,   0.02062,  -0.01713,   0.09118,   0.01569,   0.03539,  -0.00072,  -0.00236,   0.00256,   0.01077,   0.03374,   0.05672,   0.06821,  -0.06800,   0.06985,   0.00256,  -0.07785,   0.11088,   0.06657,  -0.04010,   0.00420,   0.03703,  -0.02369,  -0.06636,  -0.02369,   0.05508,  -0.08934,  -0.03518,   0.08298,   0.01569,  -0.02533,   0.16339,  -0.05980,  -0.02698,   0.01077,   0.00585,   0.02718,   0.01897,   0.00749,   0.00256,  -0.06308,  -0.00892,  -0.07457,  -0.02205,  -0.02533,  -0.02205,   0.02062,  -0.03190,  -0.05323,  -0.02862,  -0.00892,  -0.00892,   0.04687,  -0.01713,   0.08298,  -0.04010,   0.02062,  -0.03190,   0.07805,   0.02062,  -0.01713,  -0.07621,   0.04851,   0.01897,   0.02718,  -0.04175,   0.03210,   0.05672,   0.02882,  -0.06800,  -0.03190,   0.01405,  -0.07785,  -0.02041,   0.04359,   0.09446,  -0.03354,   0.07149,  -0.02041,   0.07313,  -0.01385,   0.03703,  -0.02369,  -0.03682,  -0.02862,   0.01241,  -0.03190,  -0.01385,  -0.04503,   0.00256,   0.09118,   0.01733,  -0.09426,  -0.03682,  -0.06144,  -0.06472,   0.01897,  -0.02533,   0.10103,  -0.05980,  -0.00728,  -0.02041,   0.02882,  -0.02698,  -0.00400,   0.13877,   0.08954,   0.02554,   0.08954,   0.01241,  -0.05159,   0.01897,  -0.03518,   0.08462,  -0.00564,   0.01077,  -0.04339,  -0.03026,  -0.03846,   0.06985,  -0.04339,  -0.00236,  -0.03682,  -0.00728,  -0.03518,  -0.01056,   0.00092,   0.03374,   0.06821,   0.00420,  -0.00564,   0.10923,   0.00092,  -0.00072,  -0.08277,  -0.04339,  -0.09918,   0.00585,   0.04359,   0.08462,   0.02554,  -0.03682,  -0.03846,  -0.04667,   0.02718,  -0.01877,   0.02062,   0.00092,  -0.01877,  -0.01221,  -0.05159,  -0.01056,   0.01077,   0.01733,  -0.01056,  -0.01713,  -0.01385,  -0.08934,  -0.05816,   0.07149,  -0.00072,   0.02062,   0.00420,   0.04195,   0.10267,  -0.03190,   0.02718,   0.04851,   0.05672,  -0.07293,  -0.00892,   0.03867,   0.00749,  -0.00892,  -0.00892,  -0.03846,  -0.03354,  -0.03682,  -0.03354,   0.01569,   0.03539,  -0.02205,   0.03374,   0.02062,  -0.02205,   0.03539,  -0.08934,  -0.04339,  -0.02205,   0.05016,   0.08626,  -0.00892,   0.04031,   0.06000,  -0.00728,  -0.02862,  -0.04995,   0.00913,   0.07969,   0.04523,   0.03210,  -0.04010,  -0.03846,   0.04031,   0.04195,  -0.03518,   0.04687,   0.01897,  -0.00564,  -0.07785,  -0.04831,  -0.04175,   0.02390,  -0.04503,   0.00585,  -0.01877,  -0.00728,  -0.00236,  -0.01549,  -0.01549,  -0.02041,   0.01241,   0.10759,   0.04687,  -0.07129,  -0.00564,   0.06657,  -0.01877,   0.01733,   0.07149,   0.00749,   0.01569,   0.01733,   0.05016,  -0.01221,   0.08790,   0.05836,  -0.02041,   0.02390,  -0.03682,   0.03046,  -0.03518,   0.04851,   0.05672,   0.06164,   0.07969,  -0.01877,   0.00420,   0.03374,   0.03703,  -0.02369,  -0.01549,   0.13385,  -0.00564,   0.03703,  -0.07129,   0.06328,  -0.00728,  -0.04175,  -0.08934,   0.00749,   0.07805,   0.07149,   0.07477,   0.04031,   0.02554,   0.00092,   0.01241,   0.00420,  -0.02862,   0.04687,  -0.03190,   0.01733,   0.05508,  -0.00564,  -0.08605,  -0.00728,  -0.02369,   0.05344,   0.06164,  -0.01221,  -0.00564,   0.02226,   0.00585,   0.03210,  -0.00400,  -0.01385,   0.00092,   0.00913,  -0.06472,   0.06328,  -0.01221,  -0.02533,  -0.01385,  -0.03026,   0.00092,  -0.07293,   0.03867,  -0.04339,   0.07969,  -0.00400,  -0.04831,   0.05016,  -0.02041,   0.04687,  -0.00892,  -0.05652,   0.04851,   0.06000,   0.00749,  -0.02698,  -0.02698,  -0.07457,   0.03046,   0.02718,   0.03867,  -0.00728,  -0.02698,   0.09282,   0.06821,   0.04195,   0.02062,  -0.01549,  -0.02369,   0.08462,  -0.01549,  -0.04995,  -0.07129,  -0.05816,   0.06821,  -0.05487,   0.02062,   0.04523,   0.00256,   0.01405,   0.01241,  -0.03846,  -0.02369,   0.04359,   0.05180,   0.01241,   0.05180,   0.05672,   0.00913,   0.02226,  -0.02533,  -0.03026,   0.03210,  -0.05159,   0.07805,   0.01077,   0.07969,  -0.03518,   0.08954,  -0.03682,  -0.09098,   0.03210,   0.05672,  -0.01385,  -0.07129,   0.01569,  -0.07949,  -0.05487,   0.00749,  -0.05980,  -0.01221,   0.02554,   0.01569,  -0.10411,   0.00420,  -0.01549,  -0.05980,   0.08462,   0.00256,  -0.01385,   0.01733,   0.00913,  -0.00728,  -0.01877,  -0.04175,   0.03210,   0.08462,  -0.00892,  -0.02862,  -0.03682,  -0.04503,   0.00092,  -0.08605,   0.04195,  -0.04503,   0.06164,  -0.03190,   0.00913,  -0.08113,  -0.03846,  -0.03354,   0.02062,  -0.05323,  -0.01877,   0.07805,  -0.02698,  -0.01713,  -0.02698,  -0.01549,  -0.06308,   0.03703,  -0.03518,   0.02226,  -0.06144,  -0.02862,   0.00913,  -0.03518,   0.01241,   0.00913,  -0.00236,  -0.11724,  -0.00400,  -0.02041,   0.05016,   0.08298,   0.08954,  -0.01713,   0.01077,   0.03703,   0.00913,  -0.00236,   0.00585,  -0.00400,   0.02718,   0.02062,   0.01897,  -0.02698,  -0.01713,  -0.00236,   0.09775,  -0.02205,   0.02226,   0.01241,   0.04523,  -0.00236,  -0.03518,   0.00256,   0.06492,  -0.03026,   0.02390,  -0.07129,   0.04523,  -0.01056,  -0.00564,   0.14206,   0.03210,  -0.03518,   0.08462,   0.06000,   0.04195,   0.00585,  -0.04010,  -0.02205,   0.01569,   0.02226,   0.00092,  -0.04831,   0.08954,   0.01897,  -0.03846,  -0.00400,   0.00913,  -0.04995,  -0.03354,  -0.00892,  -0.06472,   0.08298,   0.03703,  -0.02862,  -0.09262,   0.04031,   0.01897,   0.00749,  -0.05652,   0.03210,  -0.01713,  -0.02862,   0.02554,  -0.00236,   0.05016,   0.08790,  -0.08770,  -0.01549,  -0.02205,   0.01405,   0.00256,   0.03374,  -0.00564,   0.01897,   0.01241,  -0.01385,  -0.01877,  -0.02041,   0.04687,   0.02554,   0.03867,   0.05672,   0.03210,   0.02390,  -0.01549,   0.05016,  -0.08113,   0.00420,   0.08298,  -0.07785,  -0.02698,   0.01241,  -0.05487,   0.02062,  -0.01221,  -0.00400,  -0.12708,   0.01405,   0.00585,  -0.04667,  -0.06144,  -0.05980,   0.02554,  -0.02862,  -0.00564,  -0.07949,   0.03210,   0.04851,  -0.03026,  -0.08934,   0.02718,  -0.02533,   0.01569,  -0.02862,   0.03539,  -0.03190,   0.02390,  -0.07293,   0.01897,   0.00913,  -0.01056,  -0.01877,  -0.04175,  -0.01056,  -0.02369,  -0.01385,   0.03539,  -0.00564,  -0.00564,  -0.08770,   0.04523,   0.01897,  -0.04995,   0.02554,  -0.02205,  -0.01385,  -0.05487,  -0.04175,  -0.01877,   0.05508,   0.01569,  -0.01713,  -0.00072,   0.08954,  -0.00236,   0.06000,   0.00913,   0.03703,   0.01897,  -0.02533,  -0.00564,   0.03539,  -0.01713,  -0.00892,  -0.03190,  -0.02698,  -0.05487,  -0.02533,  -0.04667,   0.11580,   0.03539,   0.03210,  -0.01056,  -0.01385,   0.01733,   0.08790,  -0.07621,  -0.10247,  -0.02862,   0.03374,  -0.04339,   0.08298,   0.03867,   0.00092,  -0.00400,  -0.06964,   0.01405,   0.02554,  -0.00400,   0.01569,   0.06985,  -0.11231,  -0.03518,  -0.00892,   0.09939,   0.01897,   0.03539,  -0.01549,  -0.09098,   0.04195,   0.02062,  -0.05323,  -0.04995,   0.08298,  -0.07621,  -0.00236,  -0.08113,   0.02882,  -0.04175,  -0.00236,  -0.09262,  -0.02369,   0.05836,  -0.02369,  -0.02205,  -0.00892,   0.04195,  -0.04667,  -0.04503,  -0.03518,   0.03867,  -0.01713,   0.07477,  -0.00564,   0.08790,  -0.02862,   0.00585,  -0.03190,  -0.07621,  -0.00728,  -0.08934,   0.04687,   0.02718,   0.00913,  -0.02862,  -0.00400,  -0.03354,  -0.02041,   0.04687,   0.03539,  -0.00400,  -0.00236,  -0.04667,   0.06328,  -0.00072,   0.03374,  -0.08277,  -0.04831,  -0.03518,   0.06164,   0.00749,   0.01569,  -0.06472,   0.00256,   0.00585,  -0.01713,   0.00749,  -0.08934,   0.00749,   0.04031,   0.00256,   0.02226,  -0.04010,   0.08298,  -0.06636,   0.03867,   0.02882,   0.04195,   0.02062,   0.00256,   0.04031,   0.00749,   0.02718,   0.06657,   0.03046,  -0.06800,   0.00420,   0.00913,  -0.00728,   0.07477,  -0.05980,   0.00913,  -0.00072,   0.01405,   0.04359,  -0.00400,   0.03046,   0.02062,   0.00913,   0.01733,  -0.00400,  -0.03682,   0.00913,   0.00092,  -0.03846,  -0.00400,   0.00749,  -0.04175,   0.03703,  -0.04503,   0.03046,  -0.00728,  -0.01221,   0.07477,  -0.00400,  -0.05323,   0.01077,  -0.06144,  -0.04831,   0.06328,   0.02390,   0.06492,   0.03703,   0.00913,   0.01569,  -0.00072,   0.10595,   0.06328,   0.02226,  -0.02369,   0.02062,   0.04523,  -0.03026,  -0.01385,  -0.09754,   0.02882,   0.08626,  -0.03026,  -0.00236,   0.02882,   0.07149,   0.04687,  -0.06636,  -0.01221,   0.02226,   0.02718,   0.03539,   0.09939,  -0.05159,   0.07477,   0.01405,   0.03867,  -0.03190,  -0.08277,  -0.04667,  -0.00564,   0.08626,   0.05344,   0.01405,   0.01733,   0.07969,   0.05836,   0.09775,   0.03210,  -0.04339,  -0.04175,   0.03703,  -0.02369,  -0.04010,   0.01077,  -0.01549,   0.03867,  -0.00400,  -0.06964,  -0.02041,  -0.04010,   0.09282,   0.00256,  -0.07457,  -0.02698,   0.12729,  -0.01056,  -0.06636,   0.01569,  -0.08277,   0.10267,   0.09118,   0.06000,   0.01405,  -0.03682,  -0.00892,   0.03210,  -0.04503,   0.05672,   0.03867,  -0.02205,   0.04031,  -0.04503,   0.01077,   0.05016,  -0.00892,   0.00585,   0.04687,   0.00092,  -0.00728,  -0.07457,  -0.03518,   0.07805,  -0.03026,  -0.02369,   0.05672,  -0.06636,   0.00420,   0.01897,   0.01569,  -0.09754,  -0.00892,   0.05508,   0.05508,   0.03046,  -0.05323,  -0.04995,  -0.01877,  -0.00072,   0.06985,  -0.03354,   0.02554,  -0.03846,  -0.02041,  -0.00564,  -0.00728,   0.01569,   0.03046,  -0.02533,   0.03539,   0.02226,  -0.01713,  -0.06144,   0.01077,  -0.05323,   0.02882,  -0.01877,  -0.04503,  -0.03518,   0.01077,  -0.03518,  -0.04503,   0.03210,   0.02062,  -0.00728,   0.04687,  -0.00072,   0.00585,   0.02882,   0.00913,   0.05180,   0.09282,  -0.02533,   0.11908,  -0.07949,   0.00092,   0.05672,   0.00749,  -0.01713,  -0.03846,  -0.02041,  -0.01877,  -0.01221,   0.03867,  -0.02698,   0.07477,   0.00420,  -0.01221,  -0.04503,   0.02718,  -0.01221,  -0.00400,  -0.01056,  -0.00728,  -0.02698,  -0.00728,  -0.04503,  -0.08441,   0.01897,  -0.00892,  -0.01056,   0.03374,  -0.00728,   0.04851,  -0.02862,   0.03210,   0.00749,  -0.03190,  -0.03190,  -0.00728,   0.03210,  -0.07785,   0.06821,  -0.05159,  -0.00564,   0.02390,  -0.09426,  -0.04503,  -0.01549,   0.03703,  -0.00400,   0.02882,   0.03539,  -0.05487,   0.05344,  -0.06800,  -0.02041
  -0.01056,   0.01569,  -0.03518,  -0.02369,  -0.03190,  -0.01549,  -0.03846,   0.01569,  -0.06964,  -0.07785,   0.00749,  -0.01221,   0.00585,  -0.04339,  -0.00236,   0.05180,   0.08134,  -0.01385,   0.02554,  -0.00728,   0.03374,   0.03539,   0.03046,   0.06492,  -0.06964,  -0.00400,   0.00913,   0.01241,  -0.07621,   0.05016,   0.10431,   0.00420,  -0.00564,  -0.07785,   0.05836,  -0.05323,  -0.02369,   0.02554,   0.03046,   0.07477,   0.01077,  -0.03518,   0.02226,  -0.02533,  -0.02862,   0.00092,   0.03867,  -0.03846,   0.03374,   0.00256,  -0.00564,   0.01897,   0.01077,  -0.03354,  -0.04339,   0.04851,   0.09446,  -0.03846,  -0.01713,  -0.04010,  -0.01221,   0.03867,  -0.00072,  -0.01549,   0.03867,   0.00585,  -0.07293,   0.00913,   0.02390,  -0.01549,  -0.03026,  -0.04339,  -0.00236,   0.03374,  -0.02862,   0.08134,  -0.02698,  -0.02369,   0.06657,  -0.04175,  -0.00236,   0.01733,   0.09118,  -0.04010,   0.03210,   0.05836,  -0.02862,  -0.02369,   0.03539,  -0.04667,  -0.00728,   0.03374,  -0.05980,  -0.01385,   0.08790,  -0.00072,  -0.00072,  -0.05159,   0.00585,   0.06821,  -0.04995,  -0.04339,   0.03703,  -0.03190,  -0.06472,  -0.01877,   0.02390,   0.05508,   0.03374,  -0.06636,   0.10431,  -0.02369,  -0.03190,   0.01077,   0.04851,  -0.01385,  -0.00728,  -0.01056,  -0.01221,   0.04031,  -0.06308,   0.01077,   0.04523,   0.01077,   0.02226,   0.00913,  -0.01056,   0.02390,  -0.04995,  -0.01549,   0.01897,  -0.01056,   0.00420,   0.00585,  -0.05323,  -0.04175,  -0.01385,   0.07477,   0.05836,  -0.03026,  -0.02533,  -0.01877,  -0.11395,  -0.03190,  -0.01056,   0.01569,  -0.03026,   0.01241,  -0.06308,  -0.02533,  -0.00564,  -0.00400,  -0.06144,  -0.03846,  -0.05159,   0.04523,   0.08626,   0.03046,   0.02062,  -0.03354,   0.01241,   0.00092,  -0.03354,   0.02390,  -0.02862,  -0.00072,  -0.03354,   0.05836,   0.04195,  -0.01877,   0.00913,   0.00092,  -0.01877,   0.00913,  -0.02369,   0.02390,   0.00913,  -0.08113,  -0.04667,   0.07313,  -0.04175,   0.07969,   0.04851,   0.07313,   0.04031,  -0.00072,   0.00585,  -0.04175,  -0.01385,   0.02718,   0.00913,   0.03210,   0.06985,   0.04195,   0.02390,   0.05672,   0.02882,   0.04523,  -0.01549,   0.01241,  -0.06636,   0.02390,   0.02554,  -0.00892,  -0.06308,  -0.02862,  -0.01877,   0.04523,   0.01077,   0.03210,  -0.04831,  -0.10247,  -0.00400,   0.03046,   0.05508,  -0.00892,  -0.00072,  -0.00728,  -0.02041,  -0.01221,  -0.01713,   0.04523,   0.00092,  -0.02862,  -0.08605,   0.00585,  -0.03682,   0.03539,  -0.01713,  -0.00236,  -0.02041,  -0.00072,   0.04687,   0.00092,  -0.01549,   0.00913,   0.05180,   0.01241,   0.03539,   0.02554,  -0.00892,  -0.00072,  -0.03846,  -0.01056,   0.02226,   0.01405,  -0.02041,  -0.01549,  -0.04831,  -0.03518,  -0.03354,   0.05344,  -0.03190,  -0.00892,   0.02390,   0.01077,   0.02554,  -0.08277,   0.08134,  -0.00728,   0.02718,  -0.00728,  -0.03026,  -0.05159,  -0.00236,  -0.04503,  -0.04503,  -0.02698,  -0.04503,  -0.07129,   0.02062,   0.03867,   0.00256,   0.06164,   0.02882,  -0.03518,   0.04851,  -0.00728,  -0.03026,   0.00749,  -0.02369,  -0.02698,  -0.00400,   0.02882,   0.00585,   0.05180,  -0.00236,  -0.03518,  -0.03354,  -0.01056,  -0.00400,   0.01405,   0.02390,  -0.03026,   0.03210,  -0.00236,   0.02882,   0.02554,   0.00585,   0.08134,   0.05672,   0.08626,  -0.08113,   0.02062,   0.03867,  -0.04503,  -0.02533,  -0.05652,  -0.03354,  -0.01056,   0.03046,  -0.02041,   0.01241,   0.07313,   0.01241,  -0.03846,   0.00256,   0.05836,   0.09611,   0.04687,   0.01897,   0.04031,   0.07969,   0.03539,   0.00420,   0.01897,   0.03867,   0.01733,  -0.01877,  -0.04339,   0.04195,  -0.02369,   0.04031,  -0.06964,   0.01897,   0.08134,   0.00913,  -0.01713,  -0.00236,  -0.00892,   0.01569,   0.01077,   0.04687,   0.03046,  -0.02041,   0.05016,  -0.02533,   0.02062,  -0.02205,  -0.04503,  -0.07457,  -0.03518,  -0.02862,   0.02062,  -0.07785,   0.04195,  -0.03846,  -0.01385,   0.02226,  -0.01385,  -0.06144,   0.02062,  -0.02041,  -0.02862,   0.02390,  -0.01056,   0.02062,   0.04031,  -0.02533,   0.01733,   0.03867,   0.00585,   0.01405,   0.05672,  -0.01221,  -0.00564,  -0.09098,   0.04687,  -0.02369,   0.01733,  -0.00892,   0.02062,  -0.06472,   0.04851,   0.01569,  -0.01713,   0.03539,   0.07641,   0.05836,  -0.02369,   0.00092,   0.01077,   0.06164,  -0.00728,  -0.00728,   0.00585,   0.06657,  -0.01056,   0.05508,  -0.03846,  -0.01056,  -0.02041,  -0.01549,   0.02062,   0.07477,  -0.01877,  -0.01221,   0.01897,   0.05016,   0.02554,   0.05016,   0.07149,  -0.01549,  -0.00892,   0.04687,   0.00420,   0.01405,   0.01077,   0.02554,  -0.00400,   0.06492,  -0.00236,   0.02882,  -0.02369,   0.04359,   0.02882,  -0.00072,   0.00913,   0.06657,   0.02882,   0.01897,   0.00585,  -0.04831,   0.00420,   0.01241,  -0.06308,   0.04195,  -0.02369,  -0.04995,   0.00585,  -0.07785,  -0.03518,  -0.03190,   0.02554,  -0.00728,  -0.01221,  -0.03190,  -0.00892,  -0.01549,   0.03210,  -0.02041,  -0.03190,   0.00092,   0.04523,   0.02062,   0.10103,   0.04359,   0.03703,  -0.05323,  -0.00892,   0.01733,   0.03046,  -0.01877,  -0.01221,   0.09118,  -0.02041,   0.00420,   0.01733,  -0.00236,   0.03703,   0.01733,  -0.01549,   0.02226,  -0.07129,   0.03703,   0.06657,  -0.03354,   0.01077,   0.04687,  -0.00728,  -0.00072,   0.01897,   0.00585,   0.06821,  -0.02041,  -0.02862,   0.02390,  -0.04503,  -0.09098,  -0.04339,  -0.06800,  -0.02862,  -0.01713,   0.02718,  -0.05323,  -0.04010,   0.04687,  -0.03190,   0.01897,   0.00749,   0.00256,  -0.05652,  -0.00892,  -0.03354,  -0.02862,   0.05344,  -0.05323,  -0.05159,  -0.03518,  -0.04503,  -0.00400,   0.06000,   0.05344,   0.03867,   0.06164,   0.07477,  -0.01385,  -0.02041,  -0.03846,  -0.02369,   0.01897,  -0.03682,   0.00749,  -0.00072,   0.03539,  -0.01385,   0.03867,  -0.04339,  -0.03846,  -0.03518,   0.04031,   0.00749,   0.05672,  -0.00564,  -0.05159,   0.01897,  -0.04175,  -0.01713,  -0.03026,   0.03703,   0.00256,   0.03867,  -0.00892,   0.03703,  -0.00728,  -0.00892,   0.01077,  -0.06636,   0.03539,   0.05016,  -0.06308,   0.02390,  -0.07621,  -0.05487,   0.01897,  -0.11231,   0.00256,   0.01733,  -0.08934,  -0.03190,  -0.04339,   0.03539,   0.04359,   0.07969,   0.06328,  -0.00072,   0.02882,   0.05508,  -0.06964,  -0.03190,  -0.01056,  -0.00728,   0.05836,  -0.00564,  -0.05652,   0.01733,   0.12236,  -0.05652,  -0.02041,  -0.06964,   0.00256,   0.03703,  -0.08441,  -0.04339,   0.04687,  -0.00072,  -0.02698,  -0.00728,   0.01897,  -0.02533,   0.03374,  -0.02862,  -0.03354,  -0.05323,  -0.04339,   0.01241,   0.00420,   0.01241,   0.01569,   0.02390,  -0.05159,  -0.04995,  -0.10411,   0.04523,   0.01077,   0.06821,  -0.01877,   0.10431,  -0.02862,   0.04031,   0.01405,  -0.03518,   0.00092,   0.05016,  -0.02369,   0.04359,  -0.06308,  -0.01877,   0.02882,   0.02226,   0.01897,  -0.00564,   0.02718,  -0.04831,  -0.02205,  -0.04339,   0.02882,   0.02718,   0.00256,   0.01897,  -0.06800,   0.05344,  -0.04010,   0.03374,  -0.01056,   0.00749,   0.01569,   0.01733,  -0.01385,  -0.04667,  -0.01713,  -0.00400,  -0.07293,   0.00420,  -0.01056,   0.01733,   0.01897,  -0.03518,  -0.01056,   0.01897,  -0.05323,   0.01405,   0.01569,  -0.00892,   0.02718,   0.00092,  -0.05980,  -0.00564,  -0.05487,  -0.00072,   0.06985,   0.04031,  -0.04175,   0.04359,  -0.01713,  -0.01056,  -0.02041,   0.04851,   0.02062,   0.02554,   0.05344,  -0.10082,  -0.05980,  -0.04995,   0.04031,   0.02390,  -0.03190,  -0.01385,   0.03539,   0.08134,  -0.06800,  -0.05159,  -0.03354,  -0.03354,   0.06000,  -0.01877,  -0.01056,   0.01241,  -0.03682,   0.02718,   0.04523,   0.07805,   0.01077,  -0.02041,  -0.00400,  -0.01877,  -0.00400,   0.10267,   0.03210,  -0.06144,   0.06657,  -0.04339,  -0.01385,   0.00585,  -0.02369,   0.02226,   0.00749,  -0.00400,   0.04359,   0.02554,   0.02718,  -0.03354,  -0.01385,  -0.03354,  -0.04339,   0.03374,   0.09611,  -0.03354,  -0.06144,   0.02390,   0.09446,  -0.04339,  -0.01713,   0.01405,   0.00585,  -0.07457,   0.02062,  -0.00728,   0.01733,  -0.00728,  -0.03518,  -0.00728,   0.05180,  -0.00892,   0.02882,  -0.03354,  -0.03190,   0.05836,  -0.06144,  -0.03190,  -0.04503,  -0.01056,   0.04687,   0.01733,  -0.05980,  -0.01221,   0.01733,   0.03374,   0.02718,  -0.06472,  -0.00892,  -0.01221,   0.00256,   0.06164,   0.04195,   0.03703,  -0.07457,   0.02062,   0.01077,  -0.05980,  -0.00892,  -0.02862,   0.01569,   0.08462,  -0.00400,   0.01405,   0.02882,   0.02718,   0.05344,  -0.00728,  -0.01877,  -0.04667,  -0.02369,   0.02062,   0.03703,   0.07805,   0.01077,   0.02226,   0.00092,   0.03210,  -0.02533,   0.10103,  -0.01056,   0.06657,   0.00092,   0.05016,  -0.00564,   0.03210,  -0.03190,  -0.04339,   0.01733,  -0.01385,   0.12400,  -0.05652,   0.09118,  -0.04995,  -0.07129,  -0.02862,   0.01569,   0.02882,  -0.00728,  -0.02205,  -0.01221,   0.06328,   0.01569,  -0.03846,  -0.03846,   0.03210,  -0.08277,  -0.03682,   0.00585,   0.00913,   0.02062,  -0.00892,   0.05836,   0.01733,  -0.02205,  -0.01713,  -0.02041,  -0.01549,  -0.01877,   0.07313,   0.02226,  -0.02698,   0.03703,  -0.08441,   0.00913,  -0.07949,   0.06657,   0.01241,   0.00749,   0.01241,  -0.01056,   0.05508,  -0.01056,  -0.04503,  -0.04010,  -0.00564,  -0.05980,  -0.01056,  -0.01877,   0.01077,   0.03046,  -0.05652,  -0.02369,   0.03374,  -0.08441,  -0.00564,   0.02390,   0.04851,  -0.01549,   0.01569,   0.01241,  -0.01056,  -0.07785,  -0.00400,   0.05016,  -0.05980,   0.00092,  -0.11559,  -0.00072,  -0.08277,  -0.00892,   0.09118,   0.03210,  -0.02862,  -0.02369,   0.01569,   0.00749,  -0.04995,   0.07969,  -0.03682,  -0.03518,  -0.02698,  -0.00728,   0.02882,   0.05836,   0.00913,   0.01241,   0.08954,   0.05508,  -0.08605,   0.14206,   0.06492,  -0.08277,  -0.03190,   0.10267,   0.00256,  -0.05487,  -0.04010,   0.01241,  -0.03518,   0.02062,  -0.03518,  -0.00072,  -0.01713,  -0.01877,  -0.00564,  -0.03190,   0.07969,  -0.04339,  -0.02533,   0.01241,  -0.05323,   0.05180,  -0.03354,   0.03210,  -0.09754,  -0.04831,   0.01897,  -0.04175,   0.02718,  -0.01549,  -0.00892,   0.00256,   0.03210,  -0.04995,   0.01897,   0.03374,   0.01241,   0.01733,   0.07641,  -0.06472,  -0.05816,   0.05016,   0.02882,   0.00256,   0.00256,   0.00092,  -0.00072,  -0.05159,  -0.07785,  -0.00400,   0.02062,  -0.01056,   0.03539,  -0.01385,  -0.08441,   0.01405,   0.05508,   0.06657,  -0.05323,   0.07149,  -0.01877,   0.04031,  -0.05816,  -0.10082,  -0.00072,  -0.01877,  -0.09098,  -0.01221,   0.04195,   0.02062,  -0.14185,  -0.00400,  -0.06472,   0.00256,  -0.04503,   0.00913,  -0.00892,   0.00913,   0.01405,   0.03539,  -0.01056,   0.02390,   0.02062,  -0.11559,   0.01897,  -0.02533,  -0.01385,  -0.03354,   0.03867,   0.03703,   0.01569,  -0.07785,  -0.00892,  -0.04010,  -0.00892,   0.02718,  -0.02862,  -0.01056,  -0.01221,   0.05344,  -0.00072,   0.04523,   0.05180,  -0.06144,   0.03539,  -0.03354,   0.06821,   0.00256,   0.01241,  -0.01713,   0.00420,  -0.00728,  -0.05159,   0.00092,  -0.01549,  -0.06800,  -0.04175,  -0.04667,  -0.02533,  -0.05159,   0.00749,   0.02390,   0.10431,  -0.01713,   0.01405,  -0.02698,   0.00092,  -0.03846,  -0.00728,   0.01241,  -0.03682,  -0.01549,   0.01733,  -0.00236,   0.00585,   0.01077,  -0.06636,   0.04851,  -0.03846,  -0.02369,   0.06492
   0.07149,  -0.03354,   0.02390,   0.04359,  -0.04503,   0.02718,   0.05344,  -0.04175,  -0.03518,   0.04359,  -0.06800,  -0.03682,   0.01897,  -0.00564,  -0.01713,  -0.02698,  -0.00728,   0.04195,   0.04851,   0.03539,  -0.00400,  -0.02698,  -0.04667,  -0.04503,   0.05344,   0.06164,   0.00749,   0.00749,   0.00749,   0.02062,  -0.01221,   0.03703,  -0.07949,   0.01077,   0.01405,  -0.04995,  -0.05816,  -0.00072,   0.01077,   0.06657,  -0.06636,   0.03867,  -0.03682,   0.01897,   0.01733,  -0.00400,   0.07805,  -0.00564,  -0.00892,  -0.03846,  -0.02041,   0.01897,  -0.00728,   0.02226,  -0.08277,  -0.03190,  -0.00564,   0.02554,   0.00913,  -0.00236,   0.01241,  -0.04175,   0.08462,   0.03539,   0.00913,   0.06328,  -0.06964,  -0.01713,  -0.03354,   0.04359,  -0.10411,  -0.04995,  -0.01549,  -0.01713,  -0.04175,  -0.02369,  -0.02369,   0.02226,   0.01405,  -0.01056,   0.10923,   0.07313,  -0.04995,  -0.06964,  -0.00236,   0.00092,  -0.04339,   0.11580,   0.04687,   0.02390,  -0.01713,  -0.06472,  -0.02533,  -0.04010,  -0.06636,  -0.01056,  -0.00236,   0.00420,  -0.02369,   0.05016,   0.02882,   0.01897,  -0.04995,  -0.00564,  -0.02205,  -0.01221,   0.02062,   0.01897,  -0.03846,   0.00420,  -0.00892,  -0.04010,   0.05344,  -0.10247,   0.03703,   0.01077,   0.04523,   0.02882,   0.00749,   0.08134,   0.00092,  -0.02698,   0.00749,  -0.04995,  -0.00564,  -0.01877,  -0.01056,  -0.04503,   0.07641,  -0.12872,  -0.00892,   0.00420,   0.03210,  -0.02369,  -0.00728,   0.00420,  -0.00072,   0.03539,  -0.04339,   0.00749,   0.03703,  -0.00236,  -0.05487,   0.00749,   0.00420,  -0.02369,   0.02390,  -0.03682,   0.01733,   0.03703,   0.01897,   0.00092,   0.03046,  -0.00728,  -0.06472,  -0.00892,   0.05016,  -0.06964,   0.01405,  -0.02862,  -0.01877,  -0.05652,  -0.04503,  -0.05487,  -0.07457,   0.01733,   0.02390,  -0.01221,   0.04031,   0.05344,  -0.06308,   0.00420,  -0.06308,   0.03539,  -0.02698,   0.04687,  -0.04995,   0.07969,  -0.06964,   0.04359,   0.00749,  -0.03518,   0.00585,   0.02718,   0.00256,  -0.01877,   0.01241,  -0.00072,   0.02226,  -0.04667,  -0.02862,   0.01569,   0.01405,  -0.02369,   0.13713,   0.03703,  -0.00564,   0.01077,  -0.01877,   0.04687,   0.00256,  -0.02205,   0.07805,  -0.05816,  -0.03354,  -0.02698,   0.07477,  -0.00072,  -0.07785,  -0.06308,   0.03867,  -0.00072,  -0.05323,  -0.04831,   0.06328,   0.03539,   0.00092,  -0.02698,  -0.00236,   0.10923,  -0.00072,   0.06000,  -0.07457,   0.00256,  -0.01385,   0.05344,  -0.01056,   0.00420,   0.01405,   0.00585,   0.05672,  -0.04339,  -0.00728,  -0.01221,   0.02062,   0.02718,  -0.07457,   0.02390,   0.01241,   0.01733,  -0.00564,  -0.00236,  -0.10082,   0.04195,   0.05672,   0.02390,  -0.02041,  -0.02533,  -0.04010,  -0.05652,   0.08954,   0.05836,  -0.04995,  -0.01549,  -0.03190,  -0.00728,   0.05344,  -0.01221,   0.00420,   0.03867,   0.01241,   0.03539,  -0.08934,   0.07641,   0.04359,   0.02226,   0.01077,  -0.03682,   0.02062,   0.03703,  -0.04339,   0.02554,  -0.06308,  -0.01549,  -0.04667,  -0.00728,   0.02062,  -0.04175,   0.02062,  -0.00564,  -0.06800,   0.05180,  -0.01056,  -0.05652,  -0.08113,   0.00913,  -0.05652,  -0.01877,  -0.05652,   0.06328,   0.01241,  -0.00892,  -0.04831,   0.00256,  -0.02205,  -0.05323,   0.07313,   0.00913,   0.00256,   0.02718,  -0.02369,  -0.04995,   0.05672,  -0.03518,   0.06328,   0.05180,  -0.00236,   0.00420,  -0.03846,  -0.04995,  -0.00400,   0.02554,   0.03867,  -0.01056,   0.07805,  -0.01877,   0.05672,  -0.00728,   0.05180,   0.00913,   0.02718,   0.02882,   0.00913,   0.05016,   0.00420,  -0.05487,   0.04687,  -0.01549,  -0.03190,  -0.02205,   0.00749,  -0.00236,   0.03539,  -0.02205,  -0.04831,   0.03867,   0.02554,  -0.03682,  -0.01549,   0.02226,   0.01569,  -0.03190,   0.00256,  -0.01713,  -0.02041,   0.09775,  -0.03518,   0.02226,   0.00092,  -0.00072,  -0.01056,   0.04851,  -0.02041,  -0.00236,   0.04195,   0.09282,  -0.01221,  -0.01713,   0.07805,   0.01569,   0.05016,   0.00585,  -0.06636,   0.06164,   0.00256,  -0.00892,   0.01241,  -0.01877,  -0.06144,  -0.01221,  -0.03518,   0.00420,   0.06657,  -0.02533,   0.10431,   0.03539,  -0.01713,   0.03703,   0.00256,   0.01897,  -0.05159,  -0.03846,   0.05672,  -0.04667,   0.00092,   0.01733,  -0.03354,   0.06492,  -0.03026,   0.03703,  -0.00892,  -0.04995,  -0.04995,   0.02226,   0.00585,   0.05016,   0.04359,  -0.01549,  -0.01221,  -0.00236,  -0.06308,   0.00420,   0.02554,  -0.00728,  -0.01221,  -0.06636,   0.03046,  -0.00236,  -0.03190,   0.01241,  -0.07457,   0.03703,  -0.07621,   0.08134,   0.02226,  -0.03026,   0.04031,   0.00585,  -0.02698,   0.00256,  -0.02862,  -0.01549,   0.00092,   0.00913,  -0.05487,  -0.00072,  -0.02041,   0.12893,   0.01077,  -0.02041,   0.05672,  -0.02862,   0.04359,   0.02062,  -0.02862,   0.04687,   0.02226,   0.05508,  -0.02205,  -0.02369,  -0.00564,  -0.01056,   0.04687,   0.01405,   0.05344,  -0.00236,  -0.05159,  -0.02698,   0.01405,  -0.05159,  -0.03026,  -0.01385,  -0.00400,   0.04851,   0.04687,  -0.00072,  -0.06964,  -0.04010,   0.03046,   0.02062,  -0.08113,   0.02390,   0.03374,   0.01569,   0.05672,  -0.00728,  -0.02041,  -0.06964,   0.01405,   0.02718,   0.00420,  -0.09098,   0.05016,  -0.02041,  -0.06472,  -0.04995,  -0.03190,   0.00749,   0.04851,   0.07969,  -0.02698,  -0.08113,   0.07805,   0.04359,  -0.06800,   0.05672,  -0.06964,  -0.05652,   0.03374,   0.08134,  -0.01056,   0.08462,  -0.00236,   0.00420,  -0.06800,   0.05016,  -0.04831,  -0.09098,   0.00913,   0.05344,  -0.02041,  -0.00728,   0.01241,   0.01077,  -0.02533,   0.01241,  -0.00564,   0.07313,   0.02390,  -0.02533,   0.03046,   0.07477,  -0.00072,  -0.00072,  -0.01221,   0.05836,  -0.04667,   0.05836,  -0.00564,   0.03703,   0.10923,  -0.00400,   0.01405,  -0.03190,  -0.03354,   0.02554,  -0.02205,  -0.01877,   0.06164,  -0.02862,   0.00256,   0.00256,  -0.03682,  -0.02862,  -0.01877,   0.01733,  -0.08605,   0.06000,   0.01077,   0.03046,  -0.00236,   0.01897,  -0.02862,  -0.05980,  -0.00072,  -0.06964,  -0.03026,  -0.03190,  -0.01385,  -0.01056,  -0.04339,   0.00420,   0.06328,  -0.03682,  -0.00236,   0.03703,  -0.02862,  -0.00072,   0.02062,  -0.03846,  -0.01221,   0.01241,  -0.00236,  -0.01549,   0.00092,   0.00913,  -0.07949,  -0.03846,  -0.00236,   0.01241,   0.01897,  -0.07621,  -0.03190,   0.01405,   0.04523,  -0.03518,   0.00585,   0.02062,   0.03867,   0.00420,   0.03539,  -0.00564,   0.01077,   0.03703,   0.07477,  -0.01385,  -0.12872,   0.05180,  -0.00728,   0.04195,   0.00913,   0.01241,   0.02718,  -0.02041,   0.06492,  -0.04831,  -0.00400,  -0.01385,  -0.00400,  -0.00072,  -0.07457,   0.02390,  -0.00892,  -0.03682,   0.03210,  -0.02041,   0.04851,   0.01405,  -0.01221,  -0.00072,   0.01077,  -0.02533,   0.00749,  -0.02369,   0.00420,   0.01897,   0.00749,   0.01405,  -0.01385,   0.01241,   0.04687,  -0.05487,   0.02062,   0.03703,  -0.05159,   0.03374,  -0.04010,  -0.02205,  -0.06144,  -0.05980,  -0.06636,   0.03374,  -0.04339,   0.01077,   0.02062,   0.01241,  -0.01713,   0.04031,  -0.00892,  -0.01713,  -0.02369,   0.04031,  -0.01385,   0.05672,   0.05672,   0.02882,   0.10267,   0.06492,  -0.03190,   0.00749,   0.00256,   0.03374,   0.02062,   0.00092,   0.02554,   0.01569,  -0.00400,  -0.00400,   0.08626,  -0.00892,   0.04031,   0.02882,  -0.02533,  -0.00400,  -0.06472,   0.00420,  -0.03518,  -0.02205,   0.00256,  -0.02205,  -0.02862,   0.03867,  -0.00072,  -0.06472,   0.05508,   0.04851,   0.04031,  -0.00400,   0.05180,   0.00420,  -0.00728,  -0.04831,   0.01733,   0.04851,  -0.00728,   0.04687,   0.00913,  -0.02369,   0.02718,   0.03539,  -0.06144,   0.01733,   0.03210,   0.03867,   0.00420,  -0.04010,   0.02226,  -0.01056,   0.02226,  -0.04995,  -0.01221,  -0.00728,   0.03539,  -0.06144,   0.08954,   0.05180,   0.02554,  -0.09590,  -0.05159,   0.00585,  -0.00728,   0.03210,  -0.00072,   0.01405,  -0.04667,   0.07805,   0.04031,  -0.10247,   0.03374,  -0.02041,   0.03046,   0.10267,   0.03046,  -0.02533,  -0.01713,   0.04031,  -0.04175,  -0.04010,  -0.03682,   0.06492,   0.02390,  -0.05159,  -0.03190,  -0.02698,   0.02882,  -0.03190,  -0.01056,   0.03046,   0.09118,   0.01569,   0.05344,   0.07641,  -0.07293,  -0.04667,   0.06821,  -0.09590,   0.04851,  -0.02533,  -0.03354,  -0.03682,  -0.01713,   0.00092,   0.02882,   0.01241,   0.04195,  -0.06636,   0.04687,  -0.00728,  -0.02205,  -0.04667,   0.02062,   0.05016,  -0.05323,   0.07969,  -0.02205,   0.03539,   0.04359,  -0.02698,  -0.01385,   0.00913,  -0.07129,  -0.00892,   0.09611,  -0.04010,   0.04195,  -0.05652,   0.03703,   0.07805,  -0.01385,   0.07313,  -0.01713,  -0.08113,  -0.04831,   0.04523,  -0.06636,   0.02554,  -0.04995,   0.07313,   0.05836,  -0.08113,  -0.10411,   0.04359,   0.07805,  -0.06964,   0.03867,  -0.03682,  -0.00564,  -0.09426,   0.05344,   0.07641,  -0.02533,  -0.03190,  -0.08441,  -0.00564,   0.03046,  -0.05323,  -0.02369,   0.02554,   0.01733,  -0.02369,   0.00585,  -0.00564,   0.06657,   0.05508,  -0.06308,   0.03374,  -0.09098,  -0.01385,   0.02554,   0.00749,  -0.00072,  -0.01713,   0.08626,   0.01077,  -0.03190,   0.03210,   0.06000,   0.01569,  -0.08605,   0.01733,   0.03539,   0.02062,   0.00913,   0.05180,  -0.00400,   0.00420,  -0.01221,  -0.01713,  -0.05816,   0.05016,  -0.03518,   0.06328,  -0.03518,   0.04031,   0.01077,  -0.06472,   0.02554,   0.03374,   0.04851,  -0.03354,  -0.06964,  -0.04010,   0.01077,  -0.01713,   0.00585,   0.03374,  -0.02205,   0.04031,   0.02226,   0.00913,  -0.05323,  -0.02369,   0.05180,  -0.00728,   0.00092,   0.03374,  -0.00892,  -0.00072,  -0.03518,  -0.07293,   0.14206,   0.05180,   0.06164,  -0.01549,  -0.02041,  -0.00400,   0.03703,  -0.03190,  -0.01221,  -0.07293,  -0.01549,  -0.07293,  -0.02041,  -0.02533,  -0.05652,  -0.00564,   0.05344,  -0.03026,   0.02226,  -0.04010,   0.01897,   0.02718,  -0.04667,   0.04359,  -0.00072,   0.00420,   0.03374,  -0.03518,   0.04851,  -0.02369,   0.01077,  -0.01713,   0.00749,  -0.03846,   0.06657,  -0.03518,   0.05508,  -0.05980,   0.06000,   0.02882,  -0.06144,   0.02554,  -0.06472,  -0.02205,   0.04523,  -0.06472,   0.01897,   0.01241,  -0.01221,  -0.03518,  -0.04175,   0.01405,  -0.03846,   0.04195,  -0.00400,   0.02226,   0.04359,  -0.01549,  -0.04995,  -0.01385,  -0.00400,   0.02390,   0.00092,  -0.00400,  -0.11231,   0.06657,   0.08790,  -0.07949,   0.00420,  -0.00892,  -0.04995,  -0.04503,   0.01077,   0.04851,   0.05180,  -0.01056,   0.06164,  -0.06964,   0.05672,   0.04031,   0.02062,   0.01897,  -0.03846,  -0.00728,  -0.07785,  -0.00564,  -0.01221,   0.03703,  -0.03026,   0.03046,  -0.05487,  -0.06308,  -0.04995,  -0.01549,  -0.00072,   0.01405,  -0.00564,  -0.02041,  -0.00728,  -0.03190,   0.04523,  -0.05323,   0.01569,  -0.01221,  -0.03354,  -0.00728,  -0.00400,   0.00092,   0.00256,   0.02062,   0.02882,   0.01897,  -0.02041,   0.01897,  -0.04503,   0.00585,   0.10267,   0.02554,   0.07149,  -0.01385,   0.08134,   0.03046,   0.06492,  -0.06964,  -0.03026,  -0.00072,   0.03374,   0.00913,   0.00420,  -0.02369,  -0.01877,  -0.01877,   0.01897,  -0.10411,   0.00749,  -0.02205,  -0.03354,  -0.01713,   0.00420,  -0.00892,  -0.02698,  -0.01385,  -0.00564,   0.01733,   0.08954,  -0.05323,  -0.01713,  -0.01549,  -0.04175,   0.05016,   0.01569,  -0.04667,  -0.01549,  -0.03682
  -0.00236,  -0.03846,  -0.00236,   0.00585,  -0.04667,   0.00420,  -0.03026,   0.00749,   0.02390,   0.00585,   0.04523,   0.00585,  -0.00236,  -0.00892,   0.01077,   0.01569,   0.00749,  -0.00564,  -0.00564,   0.00092,  -0.03026,  -0.05159,   0.01733,   0.00913,   0.00092,   0.00749,  -0.02862,  -0.09590,  -0.02533,   0.04523,  -0.06472,  -0.01056,   0.03539,   0.00585,   0.05508,   0.00913,  -0.05980,  -0.01221,  -0.01877,  -0.02205,  -0.02369,   0.02554,   0.07805,   0.04195,  -0.03518,  -0.04995,   0.03703,   0.00092,  -0.02533,   0.06821,   0.03867,   0.06000,  -0.04010,  -0.02698,  -0.03190,   0.03703,  -0.06636,  -0.05159,   0.01733,  -0.00728,  -0.00236,  -0.07129,   0.05836,   0.02390,  -0.06144,   0.01241,   0.00585,  -0.05816,   0.05344,   0.05836,  -0.04339,   0.02062,   0.08462,  -0.04175,   0.03703,   0.04687,   0.00256,   0.04359,  -0.01385,   0.02554,   0.00256,  -0.01549,  -0.04339,  -0.00072,  -0.00072,   0.00092,   0.01405,   0.02226,  -0.02041,  -0.00728,   0.03703,  -0.01549,   0.02554,  -0.00072,   0.04359,  -0.05980,  -0.00564,   0.06821,   0.02554,   0.02718,  -0.05652,  -0.00236,   0.05344,   0.00256,  -0.04503,   0.02226,   0.04687,  -0.03354,   0.01897,  -0.00400,  -0.03026,  -0.02698,  -0.04503,   0.02554,  -0.01056,  -0.01549,   0.03046,  -0.05323,  -0.00236,   0.07641,   0.00256,  -0.01221,  -0.05159,   0.01733,  -0.04503,  -0.06800,  -0.06472,   0.03867,  -0.04175,   0.03374,  -0.04339,  -0.00728,   0.06985,  -0.09098,   0.02882,  -0.03190,  -0.05323,  -0.00564,   0.00913,  -0.00892,  -0.07457,   0.00913,  -0.01877,   0.07477,  -0.08770,  -0.02862,   0.04359,  -0.02533,   0.04851,   0.02390,   0.01405,  -0.01221,  -0.03846,  -0.06144,  -0.00400,  -0.01877,  -0.00892,   0.01733,   0.02718,  -0.01877,   0.05016,  -0.01713,  -0.01713,  -0.04503,  -0.05980,  -0.02369,  -0.00728,  -0.04175,   0.02226,  -0.03682,  -0.04175,   0.01241,   0.07805,  -0.00564,  -0.02533,  -0.02205,   0.03539,   0.01241,   0.00749,  -0.07129,  -0.00564,   0.02062,   0.03210,  -0.03682,  -0.02205,  -0.01713,  -0.04010,  -0.00236,   0.02226,  -0.02862,  -0.02862,   0.04523,   0.01241,   0.00749,  -0.02533,   0.06328,   0.07477,  -0.03026,   0.01733,  -0.00564,  -0.03682,   0.05016,   0.03374,   0.02554,   0.01733,  -0.06636,   0.05016,  -0.01385,  -0.00564,   0.00092,   0.00749,  -0.05980,  -0.00072,  -0.04831,   0.00913,   0.01077,  -0.06144,   0.00256,  -0.03682,  -0.04831,  -0.07457,   0.09118,   0.03210,  -0.06144,   0.05344,   0.02390,   0.03703,   0.08626,  -0.04831,  -0.02369,  -0.03354,  -0.02369,  -0.04175,  -0.00236,  -0.04339,   0.00585,  -0.02205,  -0.00564,   0.02226,  -0.05323,   0.01733,   0.04523,  -0.02205,   0.01077,   0.04195,   0.00913,  -0.03518,   0.00420,  -0.08277,   0.01569,   0.06657,   0.08134,  -0.04995,  -0.01056,   0.01569,  -0.06144,  -0.04175,  -0.00564,   0.03703,   0.02718,  -0.00072,  -0.02698,  -0.02041,  -0.02369,   0.02882,   0.06821,  -0.01549,   0.03210,   0.09282,  -0.01056,  -0.09098,  -0.01549,  -0.02205,  -0.05323,   0.01241,   0.05508,   0.09775,   0.05016,  -0.04667,  -0.02862,   0.06492,   0.03210,   0.06000,  -0.00728,   0.00256,  -0.05323,  -0.04831,  -0.02369,  -0.03026,  -0.05323,   0.03210,   0.02882,   0.03374,  -0.11724,  -0.03518,   0.09446,  -0.00564,   0.03374,  -0.00072,  -0.00564,   0.05836,   0.00585,  -0.00892,  -0.04831,  -0.02369,   0.07313,  -0.03846,  -0.04995,  -0.02862,  -0.04995,  -0.10739,   0.00092,  -0.02698,  -0.04831,  -0.02698,   0.06164,  -0.01056,  -0.02533,  -0.03190,  -0.03682,   0.00913,  -0.08277,  -0.07949,  -0.05159,  -0.01549,   0.08462,  -0.03190,   0.01241,  -0.02698,  -0.00400,  -0.05487,  -0.05980,  -0.03190,  -0.05816,   0.09611,   0.11252,  -0.00236,  -0.02533,   0.01733,   0.00420,   0.08462,  -0.00400,  -0.05980,   0.07149,  -0.02205,  -0.05816,   0.00256,  -0.00400,   0.01241,   0.00913,  -0.03682,   0.03374,  -0.08113,  -0.01549,   0.01733,   0.00256,   0.02718,   0.00749,   0.01733,  -0.05980,  -0.00236,   0.03867,  -0.00400,  -0.06472,  -0.01385,  -0.01549,  -0.02862,   0.01405,  -0.00564,  -0.01221,  -0.03682,  -0.06800,   0.02062,  -0.00564,  -0.00072,   0.07805,  -0.02698,  -0.00728,   0.03210,  -0.04010,  -0.01877,   0.02390,  -0.06964,   0.04687,  -0.06472,  -0.01056,  -0.03354,   0.04687,  -0.01221,  -0.01385,   0.03374,   0.05344,   0.08626,  -0.04667,   0.06657,   0.03867,  -0.00072,  -0.01713,  -0.01877,  -0.03846,   0.03374,   0.02554,   0.02718,  -0.00236,   0.02554,  -0.01221,   0.02882,  -0.10575,  -0.00728,   0.03539,   0.00256,  -0.07457,  -0.03682,   0.00585,  -0.03190,   0.05672,  -0.02041,   0.01897,   0.07149,   0.01897,   0.03703,   0.02554,   0.02718,  -0.00728,  -0.01713,   0.01569,   0.01241,   0.03374,  -0.04503,   0.02062,  -0.02533,   0.01405,   0.01897,  -0.01221,  -0.03846,  -0.03026,   0.10431,  -0.04175,  -0.00072,  -0.07785,   0.01897,   0.05180,  -0.04831,  -0.01877,   0.08462,   0.05672,  -0.05159,  -0.04995,   0.01733,  -0.07129,   0.07969,   0.02718,  -0.04010,  -0.00236,   0.04851,  -0.02862,  -0.01713,   0.00256,   0.02062,  -0.03190,   0.00585,  -0.03190,   0.03210,  -0.05816,  -0.00564,   0.03703,  -0.03190,   0.01569,  -0.01549,  -0.01549,  -0.03682,  -0.03354,  -0.03846,  -0.00564,   0.01897,  -0.08113,  -0.02369,   0.04031,   0.02062,   0.05672,  -0.03518,  -0.06472,  -0.01713,  -0.09426,  -0.02205,   0.02554,   0.02882,   0.00585,   0.07313,   0.02390,  -0.02533,   0.06328,   0.05836,   0.04195,  -0.02862,  -0.01549,   0.06985,   0.04359,   0.00256,  -0.07621,  -0.02698,  -0.04503,  -0.03190,  -0.03354,  -0.04831,   0.11908,   0.04523,   0.03046,   0.00913,   0.00585,   0.06328,  -0.01713,  -0.00400,  -0.00728,  -0.09426,   0.00913,  -0.02205,  -0.00728,   0.02390,   0.07969,   0.00092,   0.00420,   0.00420,   0.06821,  -0.02041,   0.00256,   0.00585,   0.01077,  -0.06964,  -0.05980,   0.06985,   0.07149,  -0.01713,   0.00749,  -0.02698,  -0.03190,   0.02390,   0.04359,  -0.04667,   0.01077,   0.05016,  -0.03026,   0.02226,  -0.05323,   0.15190,  -0.02533,   0.01897,   0.00092,   0.05508,  -0.00892,   0.00585,   0.00913,  -0.04667,  -0.04175,   0.03703,  -0.02862,  -0.06636,   0.00913,  -0.03190,  -0.01549,  -0.02862,   0.02718,   0.02062,   0.01897,  -0.05487,  -0.02533,  -0.07949,   0.04523,   0.00420,  -0.02369,  -0.01877,   0.03867,  -0.01221,  -0.03518,  -0.02041,   0.00092,  -0.05159,   0.00420,  -0.02862,   0.00420,  -0.00728,  -0.02698,  -0.00728,   0.03374,   0.03867,   0.02226,  -0.01877,  -0.00400,   0.02062,  -0.00072,   0.00749,   0.06985,   0.05836,   0.04851,  -0.00236,  -0.02698,  -0.06144,   0.01733,   0.00913,  -0.04667,  -0.02205,   0.00256,  -0.05980,   0.01077,   0.00256,  -0.04339,   0.05836,   0.02554,  -0.03518,   0.00256,  -0.06964,   0.01077,  -0.05159,  -0.03518,   0.00420,   0.00256,   0.07477,  -0.05652,   0.02718,  -0.01713,  -0.04831,  -0.02041,  -0.02041,  -0.01877,   0.02226,  -0.00564,   0.01241,   0.02718,  -0.03518,   0.00092,   0.05508,  -0.03846,  -0.00400,   0.05344,   0.04523,   0.00585,  -0.02862,   0.01897,  -0.00728,  -0.02041,   0.04523,  -0.00892,   0.00585,  -0.02369,   0.08790,  -0.01056,   0.02882,   0.06164,  -0.02369,  -0.03846,   0.00420,  -0.05652,   0.00749,   0.05016,  -0.04175,   0.00256,   0.07149,  -0.00072,  -0.00892,   0.03374,   0.02390,   0.01405,  -0.11067,   0.05180,  -0.00728,   0.02882,   0.04851,   0.00913,  -0.01877,   0.00256,   0.02226,  -0.02205,   0.01897,   0.05180,  -0.04667,  -0.00728,   0.02062,   0.01733,  -0.05816,  -0.01713,  -0.07785,   0.02882,  -0.08605,   0.05508,   0.00749,  -0.06144,  -0.04175,  -0.05159,  -0.04831,   0.00256,  -0.00072,  -0.02862,  -0.05816,   0.02390,   0.00256,   0.02390,   0.01897,   0.00092,   0.02390,   0.02718,   0.00420,  -0.01385,   0.01241,   0.01077,   0.08298,   0.02718,  -0.03682,   0.07477,   0.01897,  -0.04175,  -0.02369,   0.04687,  -0.07293,  -0.01877,   0.00913,   0.02390,  -0.01221,  -0.07129,  -0.01221,   0.04195,   0.01077,  -0.02533,   0.01077,  -0.04995,   0.00420,   0.06492,  -0.01221,   0.05836,  -0.04175,  -0.09590,   0.04195,  -0.09590,  -0.02533,   0.02226,  -0.05980,  -0.00072,   0.01569,  -0.05159,  -0.02205,   0.06164,   0.06164,   0.07477,  -0.09426,  -0.00728,  -0.03846,   0.07149,   0.10267,  -0.05323,   0.03210,  -0.08934,  -0.03026,  -0.01877,  -0.01056,   0.00585,   0.01077,   0.07313,  -0.01713,   0.04523,   0.02718,   0.01077,   0.00256,  -0.03026,  -0.02369,  -0.00728,  -0.01549,   0.05344,   0.00256,   0.09939,  -0.02205,   0.02062,  -0.06800,   0.02554,   0.01733,   0.02226,   0.03374,  -0.00236,  -0.04831,  -0.01713,  -0.02369,   0.03867,   0.02226,   0.05016,  -0.04995,   0.01733,   0.04851,   0.03703,   0.03374,   0.13713,   0.03703,   0.03539,  -0.04339,   0.07805,   0.00749,  -0.02041,  -0.00728,   0.04031,   0.00420,   0.03867,   0.02062,   0.01405,  -0.02698,  -0.04010,   0.03374,   0.05016,   0.05016,  -0.05487,  -0.03682,   0.00092,  -0.03190,  -0.02533,  -0.04995,   0.06657,  -0.00236,   0.00585,  -0.01385,   0.00420,   0.02554,   0.05016,   0.00092,   0.03867,  -0.02205,   0.02390,  -0.01385,   0.01569,   0.03867,   0.09939,   0.10103,  -0.07785,   0.04359,  -0.01877,  -0.00400,   0.03703,   0.06657,   0.01241,  -0.02862,  -0.02533,  -0.00728,  -0.06636,   0.01241,  -0.03026,   0.03867,   0.00913,  -0.01549,   0.11416,   0.06492,   0.03046,   0.12236,   0.02882,  -0.00892,   0.02718,  -0.06472,  -0.01385,   0.01077,   0.08462,   0.02390,   0.01241,   0.02390,   0.01077,   0.02062,  -0.02205,  -0.00400,   0.05016,  -0.04010,  -0.01713,  -0.03682,   0.00913,   0.01405,   0.00256,  -0.04995,  -0.04995,  -0.00400,   0.03539,   0.01897,  -0.04175,  -0.01056,   0.04359,   0.00420,   0.01405,  -0.00400,  -0.07293,  -0.01877,  -0.02369,   0.01405,  -0.04010,   0.01077,   0.10923,   0.00749,  -0.00728,   0.04195,   0.03046,  -0.03846,   0.10595,  -0.05816,  -0.02862,   0.01733,   0.01077,   0.01733,   0.11088,  -0.02533,   0.01569,   0.00913,  -0.02041,  -0.03846,  -0.05487,  -0.02862,   0.01405,   0.03539,  -0.00400,  -0.03354,  -0.00564,  -0.04339,  -0.01877,  -0.05159,   0.03374,  -0.03354,   0.01897,   0.01241,   0.02390,   0.01569,  -0.07785,  -0.03026,   0.08462,   0.07805,   0.01077,   0.01405,   0.01077,  -0.04503,  -0.02041,  -0.01713,  -0.02205,  -0.01385,   0.04195,  -0.01713,  -0.07949,   0.04687,  -0.04831,  -0.01221,  -0.05816,  -0.05652,  -0.03846,  -0.02533,  -0.03026,   0.09282,   0.01077,   0.02062,   0.01405,  -0.03190,  -0.02369,   0.04523,   0.00092,  -0.07129,  -0.00236,   0.01405,   0.00585,  -0.09754,   0.00749,   0.00585,  -0.04995,  -0.03026,  -0.01877,  -0.11888,  -0.00236,   0.09446,   0.02226,  -0.01385,   0.01733,   0.02062,   0.02062,   0.01405,   0.05016,  -0.00236,  -0.08605,   0.02554,  -0.00236,  -0.01056,   0.04031,  -0.04339,   0.05836,  -0.02205,   0.04851,   0.02554,   0.05344,  -0.02698,   0.04195,   0.01241,  -0.04175,   0.07149,  -0.09426,  -0.03846,  -0.05652,  -0.03190,   0.07641,   0.00092,  -0.05980,   0.04687,  -0.06308,  -0.01549,   0.00913,   0.06492,  -0.06308,   0.03867,  -0.01549,   0.03046,  -0.12708,  -0.03354,   0.04031,   0.02718,   0.02226,  -0.03682,   0.07313,  -0.06964,   0.00256,  -0.03354,  -0.08934,  -0.06800,   0.01733,  -0.03190,   0.02390,  -0.04995,  -0.03354,  -0.01221,   0.01897,   0.00420,  -0.00728
   0.07313,  -0.12052,  -0.02369,   0.10595,   0.06164,   0.05836,   0.00585,  -0.03682,  -0.01713,  -0.03846,  -0.01549,  -0.02533,  -0.05323,   0.02062,   0.06000,  -0.02698,   0.00256,   0.06821,   0.00420,  -0.01877,   0.04523,  -0.02533,  -0.01221,  -0.00072,  -0.04175,  -0.05487,   0.00585,  -0.08441,  -0.02698,  -0.01877,   0.03210,  -0.00400,  -0.10739,  -0.00236,  -0.05323,   0.01077,  -0.03026,  -0.00072,   0.04359,   0.00913,  -0.06800,   0.03867,  -0.01877,   0.03539,  -0.02698,  -0.00564,  -0.03518,  -0.00728,   0.00913,   0.02718,   0.01405,   0.00420,  -0.06800,  -0.03846,   0.03210,  -0.01385,   0.02062,  -0.05980,  -0.01549,   0.00420,   0.06164,  -0.03026,  -0.02698,   0.01733,   0.07969,  -0.05323,   0.02062,   0.05836,  -0.08770,  -0.03682,  -0.00072,  -0.07621,   0.00585,  -0.04010,   0.05016,  -0.05323,  -0.06472,   0.03046,  -0.05652,   0.02390,   0.01077,  -0.05816,  -0.04339,   0.01897,  -0.00072,  -0.05487,  -0.03190,  -0.06144,  -0.02041,  -0.01877,  -0.02698,   0.02554,  -0.01385,  -0.08441,  -0.07293,   0.04523,   0.01077,   0.05836,  -0.00564,  -0.01221,  -0.02041,  -0.05487,  -0.01713,   0.02882,  -0.00072,  -0.00072,   0.03046,  -0.04503,   0.03867,   0.06657,  -0.03026,   0.02718,  -0.04995,  -0.01877,   0.00585,   0.02882,   0.03539,  -0.01549,   0.04359,  -0.02205,   0.04031,   0.00256,  -0.00892,   0.03046,  -0.00400,   0.04687,  -0.01877,  -0.00236,   0.05508,  -0.03026,   0.04195,  -0.09590,   0.04523,  -0.02041,   0.01077,  -0.00072,  -0.03026,   0.05344,   0.01897,   0.01077,  -0.01221,  -0.01385,   0.03210,  -0.01221,   0.01897,  -0.06308,   0.01569,   0.01733,  -0.01385,  -0.00400,  -0.05323,   0.01241,   0.00913,   0.00092,   0.03374,   0.06164,   0.01241,   0.00585,   0.03210,  -0.04010,  -0.05816,   0.01569,   0.03703,   0.02226,   0.04523,   0.02882,  -0.02862,  -0.02698,   0.03539,   0.04031,  -0.01056,  -0.05487,  -0.09262,   0.08626,  -0.04175,   0.13057,   0.00913,   0.02718,  -0.00564,   0.01241,  -0.00400,   0.05344,  -0.05980,  -0.01056,  -0.03026,  -0.01713,  -0.08277,   0.00585,   0.00256,  -0.00892,  -0.02698,   0.00256,  -0.00728,  -0.01549,   0.00585,   0.08626,  -0.08441,   0.04523,  -0.02205,  -0.00564,   0.05672,   0.09939,  -0.02369,   0.05016,   0.00585,   0.05344,  -0.00236,  -0.03354,  -0.00728,  -0.00400,  -0.02533,  -0.04667,  -0.06800,   0.00749,   0.00913,  -0.06308,  -0.01713,  -0.04503,  -0.03518,   0.05016,   0.01077,   0.02718,  -0.01385,  -0.00400,   0.07477,  -0.00236,   0.00749,  -0.01221,   0.01077,   0.00585,   0.05180,  -0.03026,   0.01241,  -0.01221,  -0.04175,  -0.00728,  -0.02205,  -0.01877,  -0.01713,   0.01405,   0.02226,   0.00256,  -0.01713,   0.01405,  -0.03354,   0.02226,  -0.06800,   0.08954,  -0.00564,  -0.05980,  -0.00728,  -0.06308,   0.06000,  -0.00564,   0.00420,  -0.02369,  -0.00236,  -0.01056,  -0.06636,  -0.00564,  -0.06308,   0.01241,  -0.00564,   0.04359,   0.04687,   0.00749,   0.04359,   0.02390,   0.01077,   0.02390,   0.08954,  -0.00400,   0.00092,   0.09118,   0.05180,  -0.02205,   0.06985,  -0.00236,   0.02554,   0.01405,   0.01897,  -0.00400,   0.03703,   0.04687,  -0.06636,   0.01733,  -0.06636,   0.02390,  -0.03846,  -0.02698,  -0.01221,  -0.00072,  -0.02369,   0.01569,  -0.03190,   0.00585,   0.01569,  -0.02533,  -0.00400,   0.02390,   0.06985,  -0.01056,  -0.00728,   0.02226,   0.00256,   0.01897,   0.03703,   0.00092,   0.02226,   0.03374,  -0.08277,  -0.02205,  -0.02205,   0.01897,   0.02390,  -0.08605,  -0.03846,   0.02554,   0.05344,   0.00092,   0.02226,  -0.01877,   0.05836,   0.07641,  -0.01385,   0.03046,  -0.03518,  -0.02533,   0.03539,  -0.01385,  -0.05652,   0.04359,  -0.05323,  -0.06144,   0.05016,   0.02390,   0.04359,  -0.01713,  -0.01385,  -0.02698,   0.01241,   0.06328,   0.01077,  -0.03354,  -0.04175,   0.01405,  -0.04339,   0.01405,  -0.02862,  -0.00728,   0.03539,  -0.00236,  -0.05816,  -0.00072,  -0.04667,  -0.05980,  -0.06636,   0.02390,  -0.05487,  -0.02205,  -0.00892,   0.02390,   0.02390,  -0.02205,  -0.04667,   0.10431,   0.01241,   0.04031,  -0.03026,   0.12400,   0.06000,   0.06985,   0.01241,   0.02554,   0.04195,   0.00420,   0.03703,  -0.05816,  -0.04503,  -0.01877,  -0.02041,   0.00749,  -0.04175,   0.02718,  -0.04175,  -0.03518,  -0.04339,   0.04523,  -0.04175,   0.02390,  -0.01056,   0.00092,  -0.02533,  -0.05323,  -0.04503,   0.02554,   0.04523,   0.02718,  -0.06636,   0.03867,   0.00256,   0.00585,  -0.02041,  -0.00236,   0.04687,   0.02062,  -0.00564,  -0.08277,   0.01733,  -0.04995,  -0.08277,  -0.00236,  -0.01877,  -0.06308,  -0.01056,  -0.06144,  -0.04503,  -0.08277,   0.01569,   0.05344,   0.06164,  -0.02698,   0.01405,  -0.03518,  -0.03682,  -0.06964,  -0.09754,  -0.00728,  -0.02698,   0.01405,   0.06328,   0.03046,  -0.02862,  -0.11724,  -0.01877,   0.07805,  -0.03026,  -0.02205,  -0.01549,   0.01077,  -0.03682,   0.01241,   0.04195,  -0.01713,  -0.00072,   0.01897,  -0.10082,  -0.03518,  -0.01221,  -0.03354,   0.00913,   0.01569,  -0.00564,  -0.04010,   0.04851,  -0.05323,   0.00749,   0.01733,  -0.03518,   0.03539,  -0.02369,   0.00420,   0.04851,   0.04851,   0.02390,  -0.00236,  -0.06144,  -0.06308,  -0.02698,  -0.02862,   0.03374,   0.02882,  -0.04175,  -0.02205,   0.03867,  -0.04010,  -0.00072,  -0.02698,  -0.04667,  -0.02698,  -0.00892,   0.05508,  -0.03518,  -0.06144,   0.03374,  -0.01385,   0.05344,  -0.03682,  -0.00892,   0.03210,  -0.00072,   0.07805,   0.03210,   0.02390,   0.05344,   0.03374,   0.06985,   0.05344,  -0.04175,   0.05344,   0.03210,  -0.03354,  -0.05323,  -0.06472,  -0.02369,  -0.01713,  -0.09098,  -0.01056,  -0.02862,  -0.01713,   0.03046,   0.06492,  -0.01385,   0.01733,   0.10923,  -0.05487,  -0.01221,  -0.06472,  -0.01056,  -0.04831,  -0.03846,   0.05672,   0.05508,   0.06000,  -0.04339,   0.03703,   0.06821,   0.01077,  -0.04995,   0.04195,   0.07477,   0.01733,   0.05672,  -0.00728,   0.01569,   0.00092,  -0.00236,   0.02062,   0.00585,  -0.00564,  -0.00564,   0.03046,  -0.05487,  -0.05159,  -0.01056,  -0.04503,  -0.01385,  -0.02041,  -0.01877,   0.06492,  -0.04831,   0.00585,   0.01405,   0.00913,   0.04523,   0.06000,  -0.02862,   0.03703,  -0.03354,  -0.02862,   0.02554,   0.02554,   0.04687,  -0.04175,  -0.03846,   0.03867,  -0.02041,  -0.00564,   0.02718,  -0.01221,   0.01241,  -0.01549,   0.01077,   0.02554,   0.04687,   0.07149,  -0.02205,  -0.03190,  -0.07293,  -0.00892,   0.03046,  -0.01713,  -0.01549,  -0.07621,  -0.04503,   0.07149,  -0.00728,   0.01733,  -0.01549,   0.01569,   0.00092,  -0.07457,   0.02390,  -0.04503,   0.01569,  -0.01713,   0.02226,   0.02226,  -0.07129,   0.07313,   0.10103,   0.02882,  -0.02205,  -0.06144,   0.08134,  -0.06144,   0.02390,  -0.02369,   0.08298,   0.00749,  -0.00072,   0.08134,  -0.02369,  -0.00236,   0.05836,   0.03703,  -0.06800,  -0.01713,   0.05836,  -0.08934,  -0.02862,  -0.03518,  -0.01056,   0.02882,   0.00092,   0.01733,   0.00913,   0.03046,  -0.04175,  -0.05487,   0.08462,  -0.01549,  -0.02533,  -0.01056,   0.00749,   0.00749,   0.02554,   0.00256,   0.01241,   0.04031,   0.00256,  -0.00236,  -0.02205,   0.00256,  -0.00892,  -0.00236,  -0.05159,  -0.01385,  -0.03026,  -0.03518,  -0.03846,   0.02062,   0.00420,  -0.03846,  -0.02369,  -0.01877,   0.02390,   0.04195,   0.04523,  -0.00892,   0.04851,   0.05836,  -0.03682,  -0.06308,   0.00256,  -0.02698,  -0.01385,  -0.05323,   0.02718,   0.02062,  -0.03190,   0.03539,   0.00420,   0.05836,  -0.00236,   0.02226,  -0.11067,  -0.05487,  -0.01056,  -0.03354,  -0.05487,   0.03046,   0.02062,  -0.00236,  -0.06636,   0.02882,   0.03210,   0.02390,  -0.03190,   0.05672,  -0.08605,  -0.04010,  -0.03026,   0.05344,  -0.00892,   0.10103,  -0.01549,  -0.04175,  -0.00072,  -0.00236,   0.02226,   0.01405,  -0.02041,   0.02226,  -0.15006,   0.04851,   0.00585,   0.03867,   0.01569,   0.06492,  -0.09590,   0.02882,  -0.03846,   0.00749,  -0.01713,  -0.05323,  -0.01385,   0.03374,   0.02062,   0.03046,  -0.00564,   0.01077,  -0.05816,  -0.04667,  -0.06636,  -0.08277,   0.03539,   0.01405,   0.01733,   0.04687,   0.01241,   0.04687,  -0.01877,   0.00913,   0.03046,   0.01569,   0.03046,  -0.03354,   0.00585,  -0.02205,  -0.00892,   0.02226,  -0.05816,   0.03867,   0.01077,   0.01241,   0.09282,  -0.03026,  -0.07949,  -0.00564,  -0.00072,   0.00420,   0.01897,   0.03867,   0.03703,  -0.01549,  -0.00728,   0.05836,  -0.03846,   0.04851,   0.07477,   0.03539,  -0.04503,   0.00585,  -0.03354,  -0.04503,  -0.00564,   0.01077,   0.01569,   0.02554,   0.01733,  -0.02205,   0.02882,  -0.03518,   0.08626,   0.03374,  -0.03846,   0.06000,   0.06164,  -0.02369,   0.03539,   0.05508,   0.00092,  -0.04831,  -0.01713,  -0.00400,  -0.03682,  -0.05980,  -0.03354,  -0.10575,   0.04523,  -0.04995,  -0.01549,  -0.01549,   0.03539,  -0.00400,  -0.04175,  -0.02041,   0.10759,  -0.00564,  -0.11559,  -0.05159,  -0.03682,   0.06000,  -0.08113,   0.00749,   0.02226,  -0.05980,   0.00092,  -0.04010,  -0.00400,  -0.00728,   0.02718,   0.03374,   0.01405,   0.00585,  -0.02369,  -0.02533,  -0.04995,  -0.02862,  -0.00564,   0.09939,   0.01077,   0.02062,  -0.01877,   0.05344,   0.06000,  -0.09098,   0.06328,  -0.03682,   0.06985,   0.03210,   0.05836,  -0.04995,   0.02718,   0.03867,  -0.01713,  -0.01385,   0.02718,  -0.01713,   0.07313,  -0.02041,   0.00256,   0.02718,   0.00585,  -0.01877,  -0.00892,   0.00420,   0.01569,   0.01733,   0.13057,   0.02390,   0.00256,   0.03374,   0.00256,   0.07149,   0.01897,   0.03210,  -0.05323,  -0.03846,  -0.01221,   0.05836,  -0.00236,   0.10759,  -0.00728,  -0.02862,   0.03867,   0.06492,  -0.02369,  -0.03682,  -0.03682,   0.05672,   0.00420,  -0.04339,   0.00913,  -0.00728,   0.01077,  -0.02698,   0.06164,   0.05836,   0.06164,  -0.06472,  -0.05816,  -0.04010,   0.02718,  -0.06144,  -0.00892,  -0.01877,  -0.05816,  -0.05159,  -0.01056,   0.01897,  -0.04503,   0.00420,   0.05836,   0.06164,   0.00420,  -0.05652,   0.00913,  -0.01549,  -0.03026,  -0.03518,   0.07805,  -0.04339,   0.00749,  -0.02205,  -0.06472,  -0.01056,   0.06985,  -0.04010,  -0.01385,   0.02882,   0.04851,  -0.03190,  -0.01221,  -0.03354,   0.09446,  -0.01221,   0.02390,  -0.03682,  -0.02533,  -0.03026,   0.06328,  -0.09426,  -0.03518,  -0.01385,  -0.00072,   0.07149,  -0.03026,   0.02226,   0.02062,   0.01733,   0.03210,   0.06821,   0.02718,  -0.00892,  -0.03682,   0.05344,  -0.00892,   0.08790,  -0.05652,   0.01077,   0.10267,  -0.04175,  -0.01221,   0.11416,  -0.04503,  -0.05652,  -0.06964,  -0.00236,  -0.08113,   0.05016,  -0.10903,  -0.06308,  -0.01385,   0.06492,  -0.03026,   0.01569,   0.05344,  -0.02369,  -0.04503,  -0.05816,  -0.00072,  -0.00072,   0.01405,  -0.04667,  -0.00072,  -0.02041,  -0.04339,  -0.05159,  -0.01221,  -0.00072,  -0.02862,  -0.01549,  -0.01056,  -0.05816,   0.00749,   0.03867,  -0.06308,  -0.06308,  -0.04339,   0.04359,  -0.01713,  -0.03354,   0.08626,   0.01241,  -0.03682,   0.00913,   0.07313,   0.01569,  -0.01713,  -0.02698,   0.10923,   0.01897,  -0.01877,   0.00585,  -0.06636,   0.01405,  -0.01385,   0.01569,   0.04687,   0.00092,  -0.02698,  -0.05159,   0.00420,   0.01241,  -0.02698,   0.00420,   0.05508,  -0.06308,  -0.00400,   0.01241,   0.07149,  -0.03846,   0.00256,   0.00913,  -0.05487,   0.00092,   0.01077,   0.05180,  -0.04175,  -0.08934,  -0.01221,   0.02554
   0.04523,   0.02718,  -0.05487,   0.04195,  -0.09590,  -0.04503,  -0.00564,  -0.03518,   0.01569,   0.05180,  -0.04010,   0.02554,   0.00749,  -0.00728,  -0.06308,   0.02718,   0.01897,   0.02718,  -0.00728,  -0.02862,  -0.06144,   0.00256,  -0.01713,   0.00585,  -0.04175,  -0.01221,  -0.00072,  -0.00892,  -0.03518,   0.01077,   0.02554,  -0.01385,   0.03703,   0.00749,   0.02554,   0.07149,   0.02062,   0.00585,  -0.02533,   0.03374,  -0.01549,  -0.05487,   0.04523,  -0.01713,  -0.06144,  -0.06964,  -0.05652,   0.02062,  -0.02862,  -0.04995,  -0.02205,   0.03210,  -0.00400,   0.01733,   0.05672,  -0.00236,  -0.02862,   0.02718,  -0.00072,  -0.02533,  -0.00072,  -0.01221,   0.05344,  -0.01221,  -0.00072,   0.03539,   0.00585,  -0.02369,   0.02226,   0.00420,  -0.00892,  -0.03190,  -0.00728,  -0.04831,   0.06821,  -0.08770,  -0.03682,   0.06821,  -0.06800,  -0.02369,   0.02226,  -0.00892,   0.04687,   0.09446,  -0.02205,   0.01733,   0.02718,   0.00913,  -0.01713,   0.02390,  -0.02205,  -0.02862,   0.01241,   0.01897,   0.01077,   0.00749,   0.04195,   0.04687,  -0.00236,   0.03210,   0.01405,   0.00420,   0.01897,  -0.03682,  -0.03846,   0.05016,   0.01077,  -0.05487,   0.03374,   0.00092,   0.03046,   0.04195,  -0.07293,   0.01733,   0.03210,   0.02718,  -0.02205,   0.01405,  -0.01713,  -0.02698,   0.05836,  -0.05816,  -0.00072,  -0.04831,  -0.03846,  -0.01877,  -0.03518,  -0.03354,   0.09775,   0.06985,   0.02226,  -0.05487,   0.02882,   0.00092,   0.00585,  -0.01877,  -0.05159,  -0.01877,   0.02882,  -0.01877,   0.01733,  -0.05323,   0.01077,  -0.02205,  -0.07293,   0.01897,   0.05344,   0.01405,  -0.07785,  -0.02533,   0.04851,   0.04523,   0.05836,   0.02226,   0.01077,  -0.05816,  -0.00728,  -0.01056,   0.02226,   0.05180,  -0.06144,   0.00420,  -0.00564,  -0.04503,  -0.00728,  -0.06308,   0.02062,  -0.08113,   0.09775,   0.03539,  -0.05980,  -0.04831,  -0.00728,   0.04523,   0.08790,  -0.03846,  -0.00400,  -0.00564,   0.03210,  -0.04831,  -0.01056,  -0.02698,   0.02226,   0.01241,   0.00420,   0.00585,   0.07641,  -0.04995,  -0.03846,   0.02226,   0.00913,  -0.01877,   0.00420,   0.06657,  -0.05487,  -0.01385,  -0.05816,  -0.03354,   0.06492,  -0.00236,  -0.04503,   0.04851,   0.02226,  -0.01549,  -0.02533,  -0.05159,   0.03703,   0.01897,  -0.02205,   0.01897,  -0.02041,   0.03539,  -0.00400,   0.03539,  -0.01056,   0.03539,   0.03703,   0.04687,   0.00585,   0.00256,  -0.02205,  -0.00892,   0.04195,   0.00092,   0.00420,  -0.00400,  -0.04175,   0.05508,  -0.02862,  -0.08605,   0.07805,   0.03210,   0.05016,   0.00092,  -0.02041,  -0.05652,  -0.05980,  -0.02205,  -0.00728,   0.05016,  -0.05980,   0.02062,  -0.04503,   0.00256,   0.00585,   0.06492,  -0.00892,   0.00585,  -0.01056,  -0.00400,  -0.03846,   0.02554,  -0.02698,  -0.06964,  -0.03026,   0.00256,   0.00256,   0.11416,   0.01897,   0.04031,   0.00585,   0.02062,   0.01241,   0.04523,  -0.04175,  -0.02205,   0.01733,   0.00092,   0.01569,  -0.02041,  -0.04667,   0.02226,  -0.01877,  -0.00072,   0.00585,  -0.01713,  -0.00400,  -0.02041,  -0.02205,  -0.02862,   0.04031,   0.03210,   0.00256,   0.01241,  -0.02862,   0.03374,  -0.00236,  -0.01056,  -0.00892,   0.01569,  -0.04667,   0.01733,   0.05836,  -0.03190,  -0.03354,   0.10595,   0.01405,  -0.02698,   0.02062,  -0.01549,  -0.04995,   0.06821,   0.03374,   0.00420,  -0.04831,  -0.02862,  -0.04339,   0.01897,  -0.07621,  -0.01056,  -0.00072,   0.05836,  -0.01221,  -0.01549,   0.01077,  -0.02862,   0.00256,   0.00092,   0.04031,  -0.01713,  -0.03518,  -0.04339,   0.01405,  -0.06308,   0.06985,   0.03374,  -0.06308,  -0.04010,   0.04359,   0.05016,   0.03539,   0.04195,  -0.03846,  -0.00400,   0.02554,   0.01405,   0.02554,  -0.00400,  -0.03354,  -0.01221,  -0.00892,  -0.03190,  -0.01549,  -0.00892,  -0.04667,   0.02882,  -0.02533,   0.05672,  -0.05652,   0.08298,   0.05016,   0.01405,   0.00092,  -0.02698,  -0.00892,  -0.03354,  -0.00400,   0.06328,   0.00585,   0.00585,  -0.01221,  -0.02041,   0.04359,  -0.05159,  -0.03190,   0.04359,   0.01897,   0.05836,   0.03539,   0.02554,  -0.01056,  -0.04010,   0.06000,  -0.02533,   0.05836,  -0.02205,   0.02390,   0.05344,  -0.00072,   0.11252,  -0.08770,   0.06492,  -0.00236,  -0.04503,  -0.03354,  -0.03846,  -0.03190,   0.00913,  -0.03846,  -0.02041,  -0.03026,   0.02226,  -0.00236,  -0.05159,  -0.06800,   0.03539,   0.03046,  -0.04831,  -0.02698,   0.02390,  -0.04831,   0.01569,  -0.03682,   0.04851,   0.05508,  -0.01713,   0.07313,   0.00913,   0.02718,  -0.02533,   0.00749,   0.02554,  -0.00236,  -0.10247,   0.11416,   0.02226,  -0.00400,  -0.01221,   0.01241,   0.00256,  -0.02369,  -0.04175,   0.05508,   0.04851,  -0.01549,  -0.07785,   0.01733,   0.04687,  -0.00728,  -0.03026,   0.05016,  -0.00072,   0.00749,  -0.09098,  -0.01713,   0.01569,  -0.04667,   0.05016,   0.03046,  -0.03354,  -0.02533,   0.01241,  -0.03354,  -0.02369,  -0.02369,  -0.00892,  -0.00728,  -0.05652,  -0.02369,   0.02554,   0.00913,  -0.03026,   0.00585,  -0.03026,   0.00585,   0.03703,   0.04359,   0.01241,  -0.00728,   0.02062,  -0.04175,  -0.04010,  -0.01385,   0.00585,   0.06821,   0.08462,  -0.01713,  -0.04995,  -0.01877,  -0.02533,  -0.01713,  -0.00564,   0.01077,   0.04195,   0.04687,   0.00092,  -0.03026,   0.00585,   0.09939,   0.06985,   0.03867,  -0.00564,   0.02226,  -0.04175,  -0.02041,   0.01897,   0.10759,  -0.05323,   0.03867,   0.03867,  -0.00072,   0.03374,   0.05344,  -0.01056,  -0.02369,   0.04195,   0.03046,   0.02226,  -0.00400,   0.04031,  -0.02862,  -0.09590,   0.03703,  -0.06636,   0.01241,  -0.05816,  -0.04503,  -0.05980,   0.03374,   0.08790,  -0.04175,   0.08954,  -0.00892,  -0.01385,  -0.00400,   0.01077,  -0.09918,  -0.07785,   0.00749,  -0.01713,   0.03867,   0.03867,   0.02226,   0.04195,  -0.01549,   0.01077,  -0.02041,   0.01405,  -0.00400,   0.01897,  -0.00564,   0.02062,  -0.03846,  -0.00564,   0.05836,   0.03046,   0.03867,  -0.02533,  -0.02698,   0.07149,   0.03210,  -0.03354,   0.00749,  -0.02369,  -0.01385,   0.08790,  -0.01549,  -0.10247,  -0.06636,   0.05016,  -0.04010,  -0.04831,  -0.02041,   0.00913,  -0.02698,   0.03867,   0.01897,   0.04523,   0.01241,   0.04523,   0.02062,  -0.03518,   0.04195,   0.00256,   0.05016,   0.01897,   0.03210,   0.03867,  -0.01385,  -0.04503,  -0.01221,   0.05672,  -0.02862,  -0.05980,  -0.01549,  -0.09426,  -0.00236,   0.00585,  -0.04503,  -0.06308,   0.02062,   0.05180,   0.00092,  -0.02369,   0.00092,   0.00913,   0.02062,  -0.00072,   0.04359,   0.00092,  -0.04175,   0.02390,   0.00256,   0.02062,  -0.02533,   0.01569,  -0.04667,   0.05672,  -0.01385,  -0.01385,   0.05508,  -0.00564,  -0.05159,  -0.04503,   0.00913,  -0.01056,   0.04031,  -0.07949,  -0.00072,  -0.02205,   0.01569,   0.05016,  -0.02533,   0.02226,   0.04523,  -0.05159,  -0.05159,   0.02718,   0.02390,   0.02718,  -0.08277,   0.04195,  -0.00892,   0.00585,   0.02718,  -0.06472,   0.08790,   0.03867,  -0.03354,  -0.01713,  -0.03682,  -0.02205,  -0.00400,  -0.01549,  -0.03190,  -0.01877,   0.03046,   0.03703,  -0.05159,  -0.01385,  -0.01221,  -0.02862,   0.06328,   0.02062,   0.01405,   0.02226,  -0.02041,   0.05016,  -0.04831,  -0.06636,  -0.04831,   0.01241,  -0.01385,  -0.02533,   0.04359,  -0.03518,  -0.02041,   0.04195,  -0.04010,  -0.01877,  -0.00564,   0.05344,   0.01569,   0.03539,  -0.01713,   0.04523,  -0.00236,   0.06492,   0.00092,   0.00256,   0.05672,   0.00420,  -0.05816,  -0.03518,   0.01569,   0.05836,  -0.01056,  -0.01056,  -0.01221,   0.01569,   0.00585,  -0.00236,   0.02882,  -0.03190,  -0.03846,   0.11744,   0.05016,  -0.01549,  -0.00564,  -0.02369,   0.03374,   0.05672,   0.01897,  -0.00072,   0.07149,  -0.00236,  -0.04175,  -0.01877,   0.04359,  -0.03354,   0.02718,  -0.04339,   0.00749,  -0.04995,   0.03867,   0.01241,  -0.04667,  -0.06144,   0.02226,  -0.01221,   0.01897,  -0.01713,   0.04031,  -0.00564,  -0.06800,  -0.00400,  -0.05487,   0.00420,   0.04359,  -0.02862,   0.00913,   0.04523,  -0.03190,  -0.07293,   0.03867,  -0.02533,   0.03867,   0.03210,  -0.02041,  -0.03846,  -0.01056,   0.05836,   0.01241,   0.01077,  -0.02041,   0.04359,  -0.03026,   0.10923,   0.02882,  -0.05487,  -0.03518,   0.00585,   0.05016,   0.02226,  -0.00072,   0.06000,  -0.02041,   0.00420,  -0.00072,   0.03046,  -0.00564,  -0.00564,  -0.00072,   0.09775,   0.00256,  -0.01549,  -0.06964,  -0.00564,   0.00913,  -0.00072,  -0.02533,   0.03539,  -0.04339,  -0.05816,  -0.04010,  -0.03354,   0.01241,   0.05672,   0.06164,  -0.07457,   0.02718,   0.05016,   0.03046,   0.00092,   0.02226,   0.01569,   0.02390,   0.01241,   0.02554,   0.08298,   0.00420,   0.01241,   0.05180,   0.00420,  -0.01056,  -0.00892,  -0.03846,   0.00092,   0.04031,  -0.02533,   0.05016,   0.05836,   0.05180,   0.01077,  -0.02698,   0.01405,  -0.02698,   0.01733,  -0.02205,  -0.00728,   0.04195,   0.00585,  -0.04010,   0.02062,   0.02390,  -0.05323,  -0.03190,  -0.03518,   0.04523,  -0.01221,  -0.01385,  -0.07621,   0.02554,  -0.02041,   0.00585,  -0.01385,   0.08954,  -0.01056,  -0.01221,   0.04031,  -0.03518,  -0.05652,   0.01405,  -0.05816,  -0.07457,   0.02226,  -0.00236,   0.03046,  -0.00072,  -0.01221,   0.02226,  -0.01221,   0.00913,  -0.04175,  -0.00072,   0.00913,  -0.03518,   0.03539,   0.02062,   0.04523,   0.07149,  -0.04503,  -0.02205,   0.01241,   0.00749,  -0.01221,   0.03703,  -0.01056,   0.08626,   0.05836,  -0.01385,   0.07313,  -0.02205,  -0.06144,  -0.03518,  -0.02041,  -0.06636,   0.05344,  -0.02862,  -0.01549,  -0.04175,  -0.00564,   0.06328,  -0.00564,  -0.02698,  -0.00236,  -0.05816,  -0.05159,  -0.02369,  -0.02041,  -0.00236,   0.00256,   0.00420,   0.06164,   0.09282,   0.08462,   0.06164,   0.02390,   0.00256,  -0.10575,   0.02882,   0.07969,   0.01405,  -0.06800,   0.03046,   0.04195,  -0.06308,   0.07477,   0.04195,   0.07477,   0.02718,  -0.05487,   0.01897,  -0.05980,   0.00092,  -0.03682,  -0.01056,  -0.02533,  -0.01221,   0.01897,   0.03046,  -0.02862,   0.01733,   0.01569,   0.03210,  -0.01056,   0.04031,   0.01241,   0.04195,   0.01405,  -0.02369,  -0.03026,  -0.02862,  -0.01713,  -0.06636,  -0.00892,  -0.00072,  -0.01549,   0.06821,  -0.02698,   0.01733,   0.01241,   0.00092,   0.02882,  -0.03190,  -0.04175,  -0.03026,   0.06985,   0.01569,  -0.05159,   0.03210,   0.03867,  -0.01385,   0.01405,  -0.00728,   0.06492,   0.00585,   0.01897,   0.07969,  -0.02041,   0.01405,  -0.03846,   0.01897,  -0.01549,   0.02390,  -0.02533,   0.01077,  -0.01056,   0.04195,   0.03539,  -0.03518,   0.01569,   0.01569,   0.06821,   0.00913,   0.02226,  -0.02205,  -0.03026,  -0.03518,   0.04031,  -0.03518,  -0.01221,   0.02554,   0.00913,   0.02390,   0.04851,  -0.00728,  -0.02041,  -0.04667,   0.03374,   0.00420,   0.05016,   0.05672,  -0.00728,  -0.04010,   0.01405,   0.01405,   0.04031,  -0.04503,  -0.03518,   0.04687,  -0.02698,  -0.00400,   0.00092,  -0.02041,  -0.04010,   0.08298,  -0.01549,  -0.00564,   0.00585,   0.01569,   0.09611,   0.01405,   0.04851,  -0.03846,  -0.04667,   0.02718,   0.07149,  -0.00072,  -0.01385,  -0.01056,   0.03046,  -0.01713,  -0.04010,  -0.02533,  -0.01713,  -0.01221,  -0.00728,  -0.02369,  -0.01713,   0.00913,  -0.02369,  -0.03518,   0.05344,  -0.01056,   0.05672,  -0.04339,  -0.06308,   0.00256,  -0.02369,   0.00092,  -0.07457,   0.00256,   0.07641
  -0.07293,  -0.02698,   0.00913,   0.00749,   0.05344,  -0.00400,  -0.01385,   0.00913,  -0.02533,   0.03703,   0.00092,   0.04359,   0.06657,   0.02554,   0.05016,   0.04031,   0.02390,   0.00092,  -0.08605,   0.06657,  -0.00400,   0.03374,  -0.02369,   0.00420,  -0.03190,  -0.06636,  -0.06636,  -0.02862,  -0.02041,   0.01405,   0.02390,   0.00092,  -0.05652,  -0.00400,   0.10431,  -0.01221,  -0.09098,  -0.04831,   0.02882,   0.02718,  -0.01221,  -0.12872,   0.00420,  -0.02862,   0.11580,   0.02390,  -0.04667,  -0.01549,   0.03867,   0.07641,   0.00585,  -0.02862,  -0.04175,  -0.02041,  -0.07293,  -0.11395,  -0.02369,   0.00913,   0.01077,  -0.03354,   0.03867,  -0.05816,   0.08298,  -0.02862,   0.00749,   0.02390,   0.00092,  -0.02862,  -0.00236,  -0.04667,  -0.01221,   0.00256,  -0.01713,   0.00913,  -0.00564,  -0.00072,   0.03374,   0.02882,   0.01241,   0.01569,   0.01569,  -0.01056,  -0.09754,  -0.06308,   0.04851,  -0.01385,  -0.02862,  -0.03354,  -0.02533,  -0.02041,   0.04523,   0.00092,   0.01405,  -0.00400,  -0.11395,   0.03703,   0.02882,  -0.04010,  -0.06964,  -0.00728,  -0.04175,   0.01569,  -0.03518,  -0.03682,   0.04359,   0.05344,   0.00092,   0.03374,  -0.04010,  -0.12052,  -0.01549,  -0.00236,   0.03539,  -0.00236,  -0.00728,   0.01897,  -0.03682,  -0.00236,  -0.01385,   0.00420,  -0.03190,   0.04851,  -0.05816,  -0.06308,   0.03867,   0.03539,  -0.01221,   0.04687,  -0.02041,   0.02390,  -0.00564,   0.01569,   0.04687,   0.04523,   0.02390,  -0.07621,   0.05344,   0.04031,   0.00913,  -0.00072,   0.01897,  -0.02041,   0.04851,   0.00420,   0.03210,  -0.08605,   0.03867,   0.02718,  -0.03026,  -0.08934,  -0.00236,  -0.00400,   0.01569,   0.02554,  -0.03682,   0.06985,  -0.02533,  -0.02698,  -0.00072,  -0.09098,   0.03210,   0.01241,  -0.04010,   0.03703,  -0.05159,  -0.04010,  -0.11395,  -0.04995,  -0.00564,   0.00420,   0.00749,   0.02882,   0.02390,  -0.02698,  -0.03026,   0.09611,   0.01405,   0.02882,  -0.04503,  -0.00400,  -0.00236,  -0.00892,  -0.05652,  -0.04831,  -0.04831,   0.04195,  -0.02369,  -0.04831,   0.05180,   0.11744,  -0.04010,   0.10923,  -0.05323,  -0.01056,  -0.00072,  -0.02698,  -0.02862,  -0.03682,   0.05344,  -0.02369,  -0.07949,  -0.01549,  -0.04175,   0.00749,   0.06164,   0.06821,  -0.09918,   0.04687,   0.03703,  -0.04503,  -0.06308,   0.00092,  -0.02533,  -0.05652,   0.02390,  -0.01221,   0.00913,  -0.03846,   0.03703,   0.02226,  -0.00564,  -0.03518,  -0.06308,   0.01405,   0.04851,   0.00749,  -0.05487,  -0.07457,  -0.03518,  -0.05323,   0.01733,   0.00420,   0.01897,  -0.07785,  -0.02205,   0.03374,  -0.08441,  -0.04995,   0.02226,  -0.02862,   0.00420,   0.04195,  -0.01549,  -0.05487,   0.05508,   0.01077,  -0.09098,  -0.00564,  -0.05323,   0.01077,   0.00420,  -0.00892,   0.01405,   0.04851,  -0.01877,   0.01897,  -0.01877,  -0.02862,   0.03210,   0.00913,   0.04359,   0.02062,   0.04359,   0.00092,   0.08134,  -0.00072,  -0.04995,  -0.05816,   0.08134,   0.01405,   0.00749,   0.03210,  -0.00072,  -0.01056,   0.09282,   0.01897,  -0.00728,  -0.05816,  -0.04175,  -0.06964,   0.01405,  -0.00072,   0.01241,   0.01897,  -0.01713,  -0.01549,   0.00749,   0.07149,   0.04195,   0.01405,   0.00256,  -0.06308,  -0.00728,  -0.00072,  -0.00728,  -0.06964,  -0.07785,   0.11088,  -0.01549,  -0.01056,   0.02226,  -0.02698,   0.07149,  -0.04667,   0.05016,  -0.03026,  -0.01549,  -0.02533,   0.00092,   0.03046,   0.00749,  -0.04010,   0.04523,  -0.02041,  -0.03518,   0.05016,   0.02226,   0.02226,   0.06328,   0.03703,   0.01405,   0.05180,  -0.02041,   0.01733,  -0.03846,  -0.02698,  -0.04995,   0.02882,   0.01733,   0.04031,   0.04687,   0.00913,  -0.02862,  -0.04503,  -0.01713,   0.06328,   0.02390,   0.05672,   0.06657,  -0.06144,   0.01569,  -0.04010,   0.02554,  -0.04995,  -0.00236,   0.03210,   0.03046,  -0.02698,   0.02882,  -0.01221,  -0.00564,   0.03703,   0.03210,   0.00585,   0.01733,  -0.07293,   0.01569,  -0.02041,  -0.04010,  -0.01221,  -0.02369,  -0.04175,  -0.03190,   0.00256,   0.02882,  -0.00072,   0.00420,  -0.00236,  -0.06144,  -0.01056,   0.03046,   0.06657,   0.02390,  -0.01385,  -0.00400,   0.05508,   0.01241,  -0.03026,  -0.01385,   0.08298,  -0.04175,  -0.03518,  -0.04667,   0.00749,   0.05180,  -0.04010,   0.01405,   0.06164,  -0.04995,   0.07805,  -0.00072,   0.01405,   0.01077,  -0.01713,   0.03867,  -0.02862,   0.00420,   0.00256,  -0.01549,  -0.02205,   0.03210,   0.00092,   0.00092,  -0.00728,  -0.02041,   0.07969,  -0.03518,  -0.01221,  -0.02369,   0.04359,  -0.00892,  -0.02698,   0.05016,  -0.03026,   0.01569,   0.01405,  -0.05159,   0.02390,   0.09775,  -0.01385,   0.00420,   0.07969,   0.00585,  -0.01056,  -0.03026,  -0.00728,  -0.01221,  -0.04995,  -0.01385,   0.04031,   0.00092,   0.06164,  -0.02698,  -0.04503,   0.00092,   0.00256,  -0.02533,   0.01405,  -0.02369,   0.04851,   0.01733,  -0.03190,   0.03867,  -0.03026,   0.01569,  -0.07293,  -0.04667,  -0.04339,  -0.07457,   0.06000,   0.00749,  -0.01385,   0.00585,   0.00256,  -0.01877,   0.00420,  -0.10082,   0.06657,  -0.01877,  -0.03846,  -0.05652,  -0.01385,   0.01405,  -0.00236,  -0.01877,  -0.03026,   0.02882,  -0.01549,   0.05672,   0.00092,   0.04851,  -0.02862,  -0.01877,   0.07313,   0.03867,  -0.02862,   0.03374,   0.00913,   0.03374,  -0.02041,  -0.00236,  -0.00236,  -0.06636,  -0.00892,  -0.04010,   0.05672,  -0.05323,   0.04359,  -0.01221,   0.02390,   0.05672,  -0.00728,  -0.00892,   0.04359,   0.05836,  -0.06800,  -0.10575,   0.05836,  -0.04831,   0.06000,   0.03210,   0.00585,   0.01405,   0.03703,  -0.06636,   0.06657,   0.03539,   0.03046,   0.02882,   0.00585,   0.00092,  -0.01713,   0.00749,   0.01569,  -0.04010,   0.00913,  -0.01549,   0.00585,   0.01077,  -0.03354,   0.01241,  -0.11231,   0.01241,  -0.03682,  -0.02369,   0.05672,  -0.00236,  -0.01221,  -0.00892,  -0.00564,  -0.00072,  -0.02862,  -0.00072,   0.04523,  -0.00236,   0.05016,  -0.03518,  -0.07621,  -0.07949,  -0.03518,  -0.02369,   0.00420,   0.06328,  -0.04175,  -0.01056,   0.05672,   0.01569,   0.03867,  -0.05816,   0.00749,  -0.06472,   0.03210,   0.02390,  -0.04995,  -0.00892,  -0.00892,   0.04031,  -0.04339,  -0.03354,   0.01241,  -0.04667,  -0.10411,   0.00749,  -0.04503,   0.07313,  -0.07785,   0.06000,   0.08298,  -0.06308,   0.01569,  -0.02369,   0.05836,  -0.02041,  -0.01221,   0.02554,  -0.01877,   0.02226,   0.08134,  -0.01221,   0.00256,   0.01897,  -0.01713,   0.05508,   0.04195,  -0.00072,   0.01569,  -0.01221,  -0.01713,   0.02062,   0.02882,  -0.04339,  -0.00892,   0.02882,  -0.06800,  -0.04175,  -0.01221,  -0.02862,   0.04195,  -0.01713,  -0.03682,   0.00256,   0.01241,  -0.01549,  -0.03026,  -0.00564,  -0.04339,   0.03046,  -0.07785,   0.03867,  -0.04010,  -0.02698,  -0.00728,   0.00749,   0.03374,  -0.03846,   0.04195,  -0.02698,  -0.06308,   0.00256,  -0.00728,   0.00585,   0.01405,  -0.07621,   0.02390,   0.02390,   0.00585,   0.01241,  -0.04995,  -0.02862,  -0.00072,   0.01241,   0.02062,   0.00420,  -0.05487,   0.02062,  -0.00892,   0.02062,  -0.03682,  -0.01549,   0.05508,   0.06328,  -0.00072,  -0.01549,   0.03703,   0.00256,  -0.00892,  -0.03682,   0.00585,   0.06328,   0.04195,   0.01733,   0.08626,  -0.01056,  -0.04010,   0.05836,  -0.02862,   0.05672,  -0.01713,   0.05180,   0.07477,  -0.04010,   0.02226,   0.04031,   0.02718,   0.04195,  -0.05487,  -0.01713,   0.02390,   0.05180,  -0.03846,   0.09282,  -0.05816,  -0.05980,  -0.00728,  -0.03354,  -0.03354,  -0.04995,  -0.00728,  -0.05323,   0.03210,  -0.09426,   0.01077,  -0.02862,  -0.00892,   0.03703,   0.00092,  -0.03354,  -0.00728,  -0.04831,   0.01405,   0.00420,   0.02226,  -0.01713,   0.02226,  -0.00892,   0.01241,  -0.02862,   0.01405,   0.00585,  -0.01221,   0.04687,  -0.11067,  -0.06472,  -0.08605,   0.01897,  -0.02369,   0.00585,  -0.05159,   0.02226,   0.01405,  -0.00564,  -0.06964,  -0.02205,  -0.02041,   0.04031,   0.02062,  -0.02862,   0.03703,   0.01733,   0.03046,   0.00913,  -0.01385,   0.00256,   0.03374,   0.01241,  -0.02698,  -0.00400,  -0.03682,  -0.01549,   0.05180,   0.04851,  -0.01056,  -0.01221,  -0.00728,  -0.05323,   0.01897,   0.05672,   0.00585,  -0.02369,  -0.02862,  -0.02205,   0.03374,  -0.01221,   0.01241,   0.00749,  -0.08277,  -0.00892,  -0.04010,  -0.00400,   0.05180,  -0.00564,   0.01077,   0.10431,   0.06000,   0.06821,   0.01569,  -0.00728,   0.05180,  -0.02369,  -0.01056,   0.02226,  -0.07621,  -0.00728,  -0.03026,  -0.03682,  -0.03354,   0.01077,  -0.06800,  -0.02369,  -0.00564,   0.04195,  -0.03682,  -0.01877,   0.01897,  -0.00892,  -0.01221,  -0.02533,   0.02718,  -0.03682,   0.06164,   0.00749,   0.01077,   0.06985,  -0.09098,  -0.03682,  -0.05487,  -0.03026,  -0.03190,  -0.04175,  -0.04010,  -0.03846,  -0.02205,   0.00585,   0.01897,   0.00420,   0.02882,   0.00585,  -0.03846,  -0.03518,  -0.00400,  -0.01549,   0.02226,   0.05016,   0.06985,   0.02226,  -0.01877,  -0.02698,   0.02062,   0.01733,   0.01405,   0.07641,   0.00092,   0.02390,  -0.02205,   0.06492,   0.07641,  -0.00728,  -0.02041,   0.02882,   0.02882,   0.01241,   0.00913,  -0.03026,   0.03867,  -0.00400,  -0.01221,   0.01569,  -0.03682,   0.01405,  -0.00728,  -0.00892,   0.01569,   0.03867,  -0.02533,  -0.00564,  -0.00400,   0.01733,  -0.06636,   0.02062,   0.02062,   0.04195,   0.05672,   0.01733,   0.00585,   0.00913,  -0.02205,  -0.00236,  -0.05487,   0.03867,  -0.08441,   0.02882,  -0.00400,   0.01897,   0.04195,   0.07149,  -0.03354,   0.04031,   0.02554,  -0.04995,   0.02226,   0.01077,  -0.00400,   0.06821,   0.08462,  -0.07949,  -0.03846,   0.00749,  -0.06144,   0.03374,   0.04523,   0.01733,  -0.02369,   0.06164,   0.00256,   0.07805,  -0.00236,   0.06985,  -0.10575,   0.00092,   0.02390,   0.05016,  -0.00400,   0.01897,  -0.02533,  -0.05159,  -0.00072,   0.04523,  -0.04175,   0.02226,  -0.07949,   0.04195,  -0.01221,  -0.06144,   0.01569,  -0.04175,  -0.00400,  -0.02698,  -0.03846,  -0.03354,   0.03210,   0.02882,  -0.04831,   0.05672,   0.02062,  -0.03682,  -0.04667,   0.06000,   0.01569,   0.02226,   0.00092,   0.00092,  -0.03354,   0.10103,  -0.08277,  -0.02862,   0.05180,   0.08462,  -0.03354,   0.04031,  -0.04831,   0.00913,   0.02226,  -0.03026,  -0.11559,  -0.00236,  -0.01385,   0.03867,  -0.02533,   0.03867,  -0.00236,  -0.00072,  -0.02041,  -0.04010,   0.04523,   0.01897,  -0.03190,   0.02882,  -0.00072,  -0.04339,   0.00749,  -0.05980,  -0.04667,  -0.01385,  -0.00564,  -0.03190,   0.08462,   0.03046,   0.01733,   0.00749,   0.00749,  -0.05652,  -0.02041,  -0.01221,  -0.05159,  -0.07293,  -0.00728,  -0.01877,   0.00585,  -0.05652,   0.06328,  -0.02369,  -0.04339,  -0.02533,  -0.02862,  -0.04175,  -0.01221,  -0.04010,  -0.06144,  -0.01385,   0.00420,  -0.03518,   0.04851,   0.00092,   0.06985,   0.03210,   0.01897,   0.06985,  -0.01221,   0.00913,  -0.00892,  -0.08770,  -0.02862,   0.00420,  -0.00236,   0.00092,   0.04687,  -0.07949,   0.04031,  -0.06964,   0.07149,   0.07477,   0.02062,   0.00913,   0.01569,   0.01241,   0.02882,   0.05016,   0.05836,   0.01241,  -0.06144,   0.07313,  -0.04175,   0.09118,  -0.10575,   0.00420,   0.00749,  -0.04175,  -0.04010,   0.01897,  -0.06144,   0.00749,  -0.04667,  -0.00564,  -0.02369,   0.01733,  -0.01549,   0.07969,   0.01077,   0.02226,  -0.02369,  -0.03190,  -0.00236,  -0.03026,  -0.00400
  -0.01056,   0.02390,   0.00256,  -0.03026,   0.02718,   0.00585,   0.05836,   0.01077,   0.01569,   0.04687,  -0.04503,  -0.04175,  -0.01221,   0.04195,   0.02226,   0.02718,   0.02554,   0.09611,  -0.05816,  -0.01056,  -0.01221,   0.01405,   0.01077,   0.03374,  -0.04667,  -0.02041,  -0.01549,  -0.05323,  -0.08934,   0.01897,  -0.07457,   0.03374,  -0.04010,   0.02882,  -0.06800,   0.06821,   0.00913,  -0.02041,  -0.00236,   0.03210,   0.02062,  -0.01385,   0.03374,   0.03374,   0.00913,   0.01897,   0.02226,  -0.03026,   0.01733,  -0.00564,  -0.02205,   0.02062,  -0.05487,  -0.08441,   0.06657,  -0.00400,   0.00749,  -0.01056,   0.01897,   0.02226,  -0.09262,  -0.00564,  -0.06472,   0.03374,   0.04195,  -0.06144,  -0.04667,   0.01569,  -0.01221,   0.05180,   0.07641,  -0.02369,  -0.07293,   0.00585,  -0.00564,  -0.05652,  -0.07293,   0.01569,  -0.05323,   0.04195,   0.02062,   0.04195,   0.10431,  -0.00400,   0.01241,   0.04359,  -0.01549,  -0.08605,  -0.01877,   0.00256,   0.01405,   0.01897,   0.02226,   0.03374,  -0.09426,   0.00585,  -0.01877,   0.05180,  -0.00564,  -0.00072,   0.03703,  -0.04175,   0.02718,  -0.07785,  -0.04010,   0.03210,  -0.01056,  -0.08770,   0.02882,  -0.01221,   0.01569,   0.05016,   0.00420,  -0.03190,  -0.01385,  -0.01713,  -0.02041,  -0.02205,   0.00256,  -0.06472,   0.00913,   0.00092,   0.00256,  -0.02041,  -0.05816,  -0.04667,   0.03210,  -0.00400,   0.02554,  -0.07621,   0.00420,   0.05016,  -0.01385,   0.05344,   0.06000,  -0.01056,   0.04523,  -0.02698,  -0.07949,   0.02062,  -0.00564,   0.01241,   0.03046,   0.02062,  -0.03026,   0.06328,  -0.02041,   0.01077,  -0.06636,  -0.00728,   0.04031,   0.02062,  -0.03026,   0.07641,   0.03703,  -0.04010,   0.07969,   0.02882,   0.00749,  -0.02205,   0.01077,  -0.00728,  -0.01221,   0.01733,  -0.10082,  -0.01713,  -0.05323,  -0.01549,   0.04031,  -0.03026,   0.00749,   0.07969,  -0.01385,   0.02882,   0.01405,  -0.06636,   0.07149,   0.05016,  -0.02205,   0.07477,  -0.00892,   0.03539,  -0.03354,  -0.01056,  -0.00072,  -0.03354,  -0.00236,   0.03867,   0.01405,  -0.02862,   0.03867,  -0.03354,  -0.01221,  -0.06144,  -0.01549,  -0.00400,   0.00092,   0.02718,  -0.00072,   0.02882,   0.05180,  -0.02698,  -0.04995,   0.04195,  -0.00564,  -0.07293,  -0.00236,  -0.04339,  -0.03846,   0.01241,  -0.00728,   0.11580,   0.01077,  -0.01221,   0.01733,  -0.00236,   0.03867,   0.05672,  -0.01549,  -0.07129,   0.02226,   0.07641,   0.01405,   0.00913,  -0.05652,   0.04523,   0.00092,   0.00749,   0.01733,   0.00256,   0.00749,  -0.02533,   0.05836,   0.08134,   0.05016,   0.05016,   0.05016,   0.05180,   0.01241,  -0.04831,   0.01241,  -0.05487,  -0.00072,  -0.01221,   0.04031,  -0.01221,   0.06492,   0.13385,  -0.02533,  -0.03354,   0.02062,   0.02226,   0.00092,   0.01077,   0.00913,   0.01405,  -0.03190,   0.05344,  -0.02369,   0.03374,  -0.03846,  -0.05487,  -0.01549,  -0.01385,   0.00092,  -0.03026,  -0.03354,   0.02062,   0.05672,  -0.04503,  -0.02698,  -0.09262,   0.01241,  -0.08770,   0.05344,  -0.00072,   0.03046,  -0.00400,   0.04687,   0.08134,  -0.02041,  -0.01877,  -0.05487,   0.03046,  -0.05816,   0.00092,   0.05344,  -0.00072,   0.02882,   0.00092,  -0.01713,   0.00585,   0.00585,   0.03374,   0.05672,   0.00585,   0.06000,   0.03374,  -0.00564,  -0.04175,   0.03703,   0.05672,  -0.00728,   0.01405,   0.06492,   0.07313,   0.05836,   0.00420,  -0.01056,   0.01405,   0.01077,   0.03374,  -0.00892,  -0.01877,  -0.03354,   0.01569,  -0.01877,   0.10267,  -0.09918,  -0.00564,   0.01897,  -0.01385,  -0.03682,  -0.00728,   0.00420,   0.00749,   0.10267,  -0.05487,   0.01241,  -0.02205,  -0.03354,   0.03374,   0.01241,  -0.00400,   0.01897,  -0.05159,  -0.09754,   0.02226,  -0.04667,  -0.06964,   0.09446,   0.03374,  -0.00236,  -0.03682,  -0.02698,  -0.01221,  -0.00892,   0.03703,  -0.00564,   0.00092,  -0.03518,  -0.00236,  -0.08605,   0.08134,   0.00913,  -0.03190,   0.06164,  -0.00728,   0.04031,   0.05508,   0.00749,  -0.01056,   0.03867,  -0.04010,   0.07313,  -0.06472,  -0.02205,   0.06657,  -0.06472,  -0.00236,   0.03867,   0.00092,   0.02062,  -0.00236,   0.03703,   0.03374,   0.01405,  -0.10575,   0.01897,  -0.00236,  -0.05816,   0.04851,   0.04851,   0.04523,   0.03210,   0.01405,  -0.02369,   0.00420,  -0.02205,  -0.00072,   0.05508,  -0.00892,   0.00256,  -0.01056,   0.02226,  -0.05816,   0.03867,  -0.04175,  -0.02041,  -0.01385,   0.07313,   0.02062,   0.04523,   0.00256,   0.02718,   0.02554,   0.00585,  -0.02041,   0.04851,   0.00749,   0.03539,   0.00749,  -0.01385,   0.06821,   0.03046,  -0.01221,  -0.01877,  -0.02533,   0.06328,  -0.04667,  -0.01385,  -0.03846,  -0.05652,   0.01569,   0.01405,   0.00256,   0.09775,   0.03539,   0.01897,  -0.07785,  -0.02533,   0.01241,   0.05836,  -0.05816,  -0.01877,  -0.06472,   0.02390,   0.13221,  -0.00892,  -0.06472,  -0.02698,  -0.01877,   0.03374,   0.00749,   0.03539,  -0.04010,   0.08462,  -0.07785,   0.04523,  -0.06800,   0.01077,  -0.01221,   0.00092,  -0.03682,  -0.05323,   0.02554,  -0.02698,   0.05836,   0.02718,   0.02226,  -0.03846,  -0.04339,   0.04851,   0.03210,  -0.04175,   0.03867,  -0.06144,  -0.02533,   0.00913,   0.06821,  -0.04831,   0.02718,  -0.03682,   0.00420,   0.02718,  -0.03026,  -0.05323,  -0.03682,   0.02390,  -0.01221,  -0.02369,   0.01733,   0.00420,  -0.01713,  -0.02369,   0.02554,  -0.03026,  -0.04667,  -0.01877,  -0.04339,  -0.01713,   0.06821,  -0.00072,  -0.01056,   0.03374,   0.05672,  -0.02862,  -0.01877,  -0.04339,  -0.08113,   0.03539,   0.02062,   0.06985,   0.00585,  -0.02698,   0.00749,   0.09446,  -0.04175,  -0.06800,   0.00913,   0.03210,   0.06657,   0.05508,   0.01897,   0.03374,   0.04195,   0.04851,  -0.00072,  -0.00400,   0.00256,   0.03374,  -0.04667,   0.06985,  -0.01221,  -0.05816,   0.06000,   0.03867,   0.07477,   0.02226,   0.05180,  -0.01713,   0.03867,  -0.02205,   0.00585,  -0.00728,   0.02226,   0.07805,   0.03539,  -0.03682,  -0.00564,  -0.01221,   0.02226,   0.01897,  -0.03518,   0.00256,  -0.01056,   0.02390,  -0.03682,  -0.03846,   0.08790,  -0.04831,   0.03867,  -0.03846,   0.00749,  -0.03026,   0.05180,   0.00420,  -0.02205,   0.01077,   0.03539,   0.01897,   0.01733,  -0.00564,  -0.01713,   0.00256,  -0.03518,   0.05180,   0.08790,   0.01733,  -0.00072,  -0.04010,  -0.09098,   0.00585,  -0.02698,   0.01733,  -0.01549,  -0.07293,  -0.01713,   0.00256,  -0.05323,   0.04359,  -0.00892,  -0.00236,  -0.03354,  -0.04339,  -0.01221,  -0.06308,   0.07149,   0.03539,  -0.00564,   0.00092,  -0.06636,  -0.00236,  -0.06636,  -0.03682,  -0.02205,   0.01569,  -0.01549,  -0.00892,   0.05508,  -0.00400,   0.03210,   0.04195,   0.09446,   0.00749,   0.10267,  -0.02041,   0.06657,  -0.04995,  -0.07621,   0.07641,   0.03703,   0.00420,  -0.07457,   0.10431,   0.00092,  -0.00728,   0.03374,   0.03374,   0.03867,  -0.05323,  -0.06472,   0.01077,   0.03703,  -0.00072,  -0.02698,   0.02062,   0.05672,  -0.08605,  -0.00236,   0.07149,   0.01077,  -0.05159,   0.01897,  -0.06308,   0.04031,  -0.01221,   0.01077,  -0.01877,  -0.03026,  -0.06800,   0.07805,  -0.06800,  -0.04503,   0.00913,   0.00749,   0.06492,   0.04523,  -0.07293,   0.04195,  -0.03354,  -0.01549,  -0.01056,  -0.04339,  -0.02698,  -0.00072,  -0.05159,   0.01733,  -0.03190,  -0.00072,  -0.11724,   0.06000,  -0.01056,  -0.01549,  -0.05652,   0.01733,  -0.07129,  -0.05652,  -0.01549,   0.05016,   0.00749,   0.09611,   0.06821,  -0.06472,   0.01405,   0.01405,   0.00585,  -0.00072,  -0.04503,  -0.00072,  -0.07293,  -0.01549,   0.04523,  -0.02205,   0.00913,  -0.06800,   0.05836,   0.06164,  -0.03518,   0.00420,  -0.05159,   0.05180,  -0.00892,   0.00749,  -0.02862,  -0.05816,   0.02062,  -0.02369,   0.01405,   0.04195,   0.01733,  -0.02698,  -0.06636,  -0.04010,   0.03210,   0.00585,  -0.00564,  -0.02205,   0.03210,   0.02882,  -0.04010,  -0.03354,  -0.01056,   0.00749,  -0.05816,   0.00585,   0.00092,  -0.00564,   0.00749,   0.01569,  -0.02698,  -0.04667,   0.02554,  -0.09918,   0.01241,   0.03046,   0.01077,   0.01405,   0.03374,  -0.00400,   0.05180,   0.07149,  -0.02369,  -0.02205,  -0.02862,  -0.00892,   0.00256,  -0.06144,  -0.03190,   0.01077,   0.15026,   0.02390,  -0.06472,  -0.08113,  -0.00072,   0.05672,  -0.01877,  -0.01549,  -0.10411,  -0.00072,   0.00749,   0.01405,   0.05672,   0.10267,  -0.00400,  -0.01056,  -0.04667,   0.05672,   0.04195,   0.01569,   0.05344,  -0.00400,   0.06164,  -0.02369,  -0.04995,  -0.02041,   0.00092,  -0.05487,   0.03703,  -0.01713,   0.03210,   0.05508,  -0.02862,  -0.00728,   0.03374,  -0.06472,   0.05180,   0.01077,   0.05836,  -0.04667,   0.07313,   0.00420,  -0.03518,  -0.04831,  -0.03354,   0.08298,  -0.09262,  -0.02369,  -0.01549,   0.00420,   0.06164,  -0.00728,  -0.01877,   0.00749,  -0.01221,   0.00092,   0.03867,  -0.01056,   0.05180,  -0.01221,  -0.07949,  -0.00728,  -0.04175,  -0.01877,  -0.00236,   0.00585,   0.02718,   0.04851,  -0.03846,  -0.00728,  -0.09262,   0.06164,   0.00092,   0.01077,   0.04687,   0.02390,  -0.04831,   0.00749,   0.08954,   0.00913,  -0.02698,  -0.04667,   0.01733,  -0.04995,  -0.00400,   0.01897,   0.04687,  -0.04175,  -0.00728,  -0.03846,  -0.01221,  -0.01713,  -0.03846,   0.06328,  -0.00072,   0.01077,  -0.02698,  -0.01385,  -0.02698,  -0.04175,   0.04851,   0.03046,  -0.00072,   0.00585,  -0.02041,   0.04851,  -0.06144,  -0.04831,   0.00256,   0.01077,  -0.06144,   0.02882,  -0.05816,   0.04851,   0.00092,   0.07313,  -0.04995,   0.02390,  -0.04503,  -0.04667,   0.02062,  -0.04175,   0.06821,   0.03703,  -0.03354,   0.01077,  -0.02041,   0.01897,   0.01569,   0.00585,  -0.05323,   0.08134,  -0.02862,   0.07641,   0.00585,   0.02062,   0.01077,   0.03374,  -0.01056,   0.02882,   0.05016,  -0.02862,  -0.00236,  -0.01385,   0.03867,   0.02390,   0.01077,  -0.01877,   0.00585,   0.03703,   0.04687,  -0.05159,   0.05344,  -0.00892,  -0.03190,   0.00749,   0.01241,  -0.02862,   0.04195,   0.03539,  -0.06308,   0.00749,   0.00256,  -0.07457,  -0.00564,   0.02390,   0.09118,  -0.03846,  -0.04995,   0.00749,   0.02718,  -0.02862,  -0.01221,   0.00913,  -0.04010,  -0.00892,  -0.03190,  -0.01877,   0.01569,   0.00256,  -0.00892,   0.02062,   0.02062,  -0.07457,   0.01897,  -0.09098,   0.06328,  -0.03846,   0.04359,   0.02554,   0.02062,  -0.05323,  -0.01056,   0.08298,   0.02554,  -0.04667,  -0.00400,  -0.04667,  -0.03026,  -0.06800,  -0.03354,   0.01077,   0.01569,   0.01405,  -0.00072,   0.02718,   0.04523,  -0.01056,  -0.00564,  -0.01877,  -0.03190,  -0.01877,   0.02390,  -0.01877,  -0.04010,  -0.03190,   0.02226,  -0.01877,   0.00256,  -0.00892,   0.01241,   0.06821,  -0.04503,   0.01569,  -0.03190,  -0.03682,  -0.03682,   0.07313,  -0.08770,   0.02062,   0.01733,   0.01569,  -0.03518,  -0.08277,  -0.00892,  -0.03682,  -0.03846,   0.02554,  -0.02205,   0.04195,   0.07313,   0.00913,  -0.00072,  -0.00072,   0.03374,   0.10103,  -0.05652,   0.00913,  -0.01385,  -0.02698,   0.00256,   0.04687,  -0.01877,  -0.04175,  -0.07457,  -0.00564,   0.07149,   0.03539,   0.01241,  -0.01056,  -0.03354,   0.07313,   0.00092,  -0.05980,   0.01241,   0.00585,   0.01077,   0.03703,   0.06492,   0.03374,  -0.10739,  -0.01056,   0.04031,  -0.06144,  -0.03026,   0.00913,  -0.05816,  -0.02698,  -0.02862,   0.04687,   0.02882,  -0.00564,   0.02554,   0.01241
   0.01077,  -0.04175,  -0.04339,  -0.03518,  -0.04995,  -0.02698,   0.00585,   0.02062,  -0.02698,  -0.00892,   0.00585,  -0.02698,  -0.01549,   0.05016,   0.01077,   0.07149,   0.01733,   0.01897,  -0.05980,  -0.08113,   0.01733,  -0.04339,   0.06000,   0.01569,   0.02882,   0.03374,   0.07477,   0.06657,   0.03210,   0.02226,   0.01897,   0.00585,  -0.10082,  -0.02698,  -0.00072,  -0.06308,   0.01241,  -0.04010,  -0.10739,   0.04687,   0.08954,  -0.01877,   0.12072,   0.03539,   0.02062,  -0.05652,  -0.01221,   0.05508,   0.03046,   0.00585,   0.01733,  -0.08113,  -0.03354,   0.00585,   0.01897,   0.01897,   0.05016,  -0.04667,   0.01733,  -0.07129,   0.02062,  -0.01549,   0.03046,   0.09611,  -0.00072,   0.07641,  -0.02369,  -0.05652,   0.05180,   0.03539,  -0.00400,  -0.03846,   0.01405,   0.02718,   0.06000,  -0.02533,   0.00256,   0.05016,  -0.02862,   0.04195,   0.06164,   0.00092,  -0.04339,   0.02718,  -0.03026,   0.00585,  -0.00236,   0.04851,   0.05180,   0.02554,  -0.00564,  -0.01549,   0.08134,   0.03046,  -0.00236,   0.01405,   0.04523,  -0.07129,  -0.03026,  -0.00072,   0.02226,  -0.04010,   0.01077,   0.02226,   0.01077,  -0.03682,   0.02062,  -0.01877,   0.14206,   0.01241,   0.02718,  -0.01385,  -0.01221,  -0.04010,   0.04523,  -0.00728,   0.03046,  -0.01056,   0.01241,  -0.03518,   0.03374,  -0.02041,   0.00092,   0.00420,  -0.04831,   0.01077,  -0.02205,   0.03210,  -0.00728,   0.03046,   0.10267,  -0.01877,  -0.03190,  -0.01056,   0.04031,   0.06328,  -0.03190,  -0.01221,  -0.05487,  -0.02698,  -0.00728,  -0.02698,   0.00420,   0.02718,  -0.04503,   0.08626,   0.04359,   0.02718,  -0.00236,  -0.01385,  -0.00564,  -0.03026,   0.00092,   0.04359,  -0.01385,  -0.02862,   0.02390,   0.02882,  -0.00892,  -0.01549,  -0.06964,  -0.01877,   0.04851,  -0.02369,  -0.02533,  -0.00728,  -0.09918,  -0.01221,  -0.03846,   0.05836,  -0.02205,   0.02882,  -0.04995,  -0.05487,  -0.00072,   0.00092,   0.04687,   0.09939,  -0.02862,   0.07313,   0.06657,  -0.00564,   0.01733,   0.04523,  -0.01713,   0.00585,  -0.03518,   0.04851,  -0.02698,   0.08462,   0.03046,   0.03703,   0.02882,  -0.01549,   0.02882,   0.00256,  -0.03846,  -0.02533,  -0.03354,   0.03374,   0.02718,   0.06657,   0.04687,   0.05180,  -0.04831,   0.00749,   0.04359,  -0.02533,   0.08298,  -0.05323,  -0.00728,   0.04687,  -0.00892,   0.00420,  -0.01549,  -0.00236,   0.01733,  -0.02041,  -0.01877,  -0.06800,   0.06000,   0.05180,   0.04195,  -0.07293,   0.02226,   0.05180,  -0.00892,  -0.02698,  -0.06308,   0.04195,  -0.06144,  -0.05323,  -0.05980,   0.01241,  -0.01056,   0.01241,  -0.04667,  -0.06472,   0.04851,   0.02062,   0.05508,  -0.02205,  -0.01385,   0.08462,   0.03046,  -0.06144,  -0.08441,  -0.04175,   0.01077,  -0.03026,   0.03867,   0.06492,  -0.01549,  -0.00892,   0.00256,  -0.02533,   0.00585,  -0.03846,   0.00420,  -0.00728,   0.03210,   0.03703,  -0.00400,   0.05672,  -0.03026,   0.01733,   0.03867,  -0.07785,  -0.07785,   0.02390,   0.06821,   0.05672,  -0.03354,  -0.03682,   0.04031,  -0.00400,  -0.00564,   0.00585,   0.01077,   0.01241,   0.03374,   0.01405,  -0.02369,   0.00585,  -0.02698,   0.03210,   0.02882,   0.09611,   0.04031,  -0.02041,   0.05180,  -0.06636,  -0.04339,   0.00256,  -0.02041,  -0.00564,  -0.04010,   0.02390,   0.09282,  -0.10082,  -0.02041,   0.02718,   0.02554,   0.04523,   0.00092,  -0.02205,  -0.00400,  -0.03518,  -0.04995,  -0.06144,   0.06821,  -0.03682,  -0.00892,   0.01897,  -0.05652,   0.05508,   0.02226,  -0.02533,   0.00256,   0.03046,   0.02718,   0.02390,   0.00585,  -0.04503,  -0.04175,  -0.01385,   0.05672,   0.05344,  -0.02862,   0.02226,  -0.06472,  -0.00400,   0.07969,   0.07805,  -0.02698,  -0.00728,  -0.01549,   0.03374,   0.01405,   0.00585,   0.02882,  -0.01549,   0.05016,  -0.04175,   0.03867,   0.03210,   0.04687,   0.01077,  -0.00072,   0.03046,  -0.00236,  -0.09262,  -0.01056,   0.05672,   0.03210,  -0.03026,   0.04195,  -0.08770,   0.01569,   0.05180,   0.04687,  -0.03026,  -0.02041,   0.02226,  -0.04339,  -0.07129,  -0.00728,   0.08626,   0.05836,  -0.00400,   0.00585,   0.00092,  -0.02862,   0.03539,  -0.01385,   0.05180,  -0.02041,   0.04359,  -0.05323,  -0.00564,   0.03539,   0.07313,   0.04359,  -0.03190,  -0.06800,   0.03046,   0.00913,   0.03046,   0.01405,   0.02718,  -0.04010,   0.02718,  -0.04667,  -0.03846,  -0.00564,  -0.03026,   0.06000,  -0.02698,  -0.00564,  -0.01713,  -0.01713,   0.00749,  -0.08770,   0.00092,   0.04195,  -0.07129,  -0.00236,   0.05016,  -0.00728,  -0.02041,  -0.02533,  -0.01221,  -0.02862,  -0.07949,  -0.06308,  -0.01056,  -0.00072,  -0.06800,   0.02226,   0.01077,   0.05016,   0.08626,   0.03374,  -0.02041,  -0.01385,  -0.04667,  -0.01385,   0.00585,   0.05672,  -0.00072,  -0.03682,  -0.03354,   0.02554,  -0.00564,  -0.02205,  -0.04010,   0.07313,   0.01241,   0.00092,   0.01897,   0.05180,  -0.00400,  -0.01877,  -0.04175,  -0.01713,   0.01241,   0.06985,  -0.01713,  -0.00564,  -0.01221,  -0.01385,   0.04523,   0.00749,  -0.06636,   0.05016,   0.00256,  -0.02369,   0.00913,   0.06000,   0.03539,  -0.02698,  -0.05816,   0.02390,   0.01733,   0.12400,   0.07641,  -0.04175,  -0.04995,  -0.03518,  -0.05652,   0.01405,  -0.01056,   0.02554,  -0.04175,   0.05180,   0.00585,   0.00256,  -0.04339,  -0.00072,  -0.01056,  -0.09754,   0.00092,   0.02226,   0.01077,   0.04195,  -0.01056,  -0.00564,   0.06000,   0.00585,   0.04195,  -0.06472,   0.08298,   0.00749,   0.01241,  -0.02205,  -0.04010,   0.01733,   0.06164,   0.02390,   0.07969,  -0.01385,   0.03539,   0.02718,   0.01077,  -0.03354,  -0.01549,  -0.05487,   0.01405,  -0.02862,  -0.04010,   0.04031,   0.06821,   0.04359,   0.01405,   0.04851,   0.04195,   0.01077,  -0.00892,   0.04031,   0.06000,  -0.06636,   0.03539,  -0.07129,  -0.07457,  -0.02862,   0.01897,  -0.07129,   0.02226,  -0.00236,   0.01569,   0.04195,   0.02554,  -0.00728,  -0.04995,  -0.00400,  -0.04010,  -0.02698,  -0.00564,   0.01733,  -0.02533,   0.05180,   0.00420,   0.06821,  -0.00236,   0.02390,  -0.02369,  -0.00400,   0.00092,  -0.02862,   0.06657,   0.01077,  -0.01877,   0.01077,  -0.06800,  -0.02698,  -0.02369,  -0.01877,  -0.04503,   0.01733,   0.00420,  -0.03846,   0.06164,  -0.05159,  -0.03190,  -0.02533,  -0.00400,  -0.06308,  -0.05159,   0.03046,   0.05016,   0.03046,  -0.00564,  -0.02041,  -0.02862,  -0.00400,  -0.02698,  -0.04175,   0.05180,   0.00420,  -0.05652,   0.02390,  -0.01713,  -0.00564,   0.01405,   0.00749,  -0.00892,   0.04523,   0.00256,   0.02882,   0.02062,  -0.09754,   0.06657,   0.01077,   0.04523,  -0.02698,  -0.01056,   0.03867,  -0.03026,   0.05016,   0.03210,   0.00749,  -0.02862,   0.05672,   0.00420,   0.00749,  -0.02369,  -0.05980,   0.01241,  -0.03518,   0.02390,   0.01569,   0.00913,   0.07149,  -0.04995,   0.05836,   0.00913,   0.03867,   0.03539,  -0.04339,  -0.06964,   0.00092,   0.04195,  -0.03846,  -0.00892,  -0.02369,  -0.00564,  -0.07621,  -0.02369,   0.04523,  -0.01056,  -0.07621,   0.05508,  -0.03354,  -0.00072,  -0.00728,   0.03210,   0.02882,  -0.08277,   0.02226,  -0.01713,  -0.00072,   0.00585,  -0.01385,  -0.08605,   0.07641,   0.03539,   0.05180,   0.03374,   0.02062,   0.04523,  -0.08934,  -0.03354,  -0.10411,   0.03539,   0.06492,   0.05836,   0.02718,  -0.05652,  -0.00400,  -0.03846,  -0.00072,  -0.03026,   0.00420,   0.00585,   0.05672,  -0.04339,  -0.06144,  -0.04667,  -0.01056,  -0.01877,  -0.06472,   0.03210,   0.02062,  -0.01549,   0.03210,   0.04195,  -0.02533,   0.00749,  -0.05487,  -0.00564,   0.05672,  -0.00728,  -0.12052,  -0.02862,  -0.00728,  -0.10082,   0.01241,   0.06000,   0.04359,   0.02554,  -0.04010,  -0.04995,   0.00749,   0.01077,  -0.02698,  -0.06472,   0.02390,  -0.08934,  -0.00400,   0.00913,   0.01569,   0.00913,  -0.00072,  -0.00072,   0.02718,   0.01077,   0.00256,  -0.04667,  -0.06308,   0.05016,  -0.01713,  -0.06964,  -0.02205,  -0.11395,   0.06000,  -0.03190,  -0.01713,   0.00420,  -0.02369,  -0.02369,   0.00256,  -0.07293,   0.07477,   0.01897,  -0.08441,   0.03703,  -0.08934,  -0.03190,  -0.01877,  -0.02533,   0.04851,  -0.02369,   0.00420,  -0.02041,  -0.08441,  -0.01056,  -0.00400,  -0.01385,   0.01897,   0.01569,   0.09939,   0.13057,  -0.04503,  -0.04339,   0.03210,   0.05508,  -0.03190,   0.05672,   0.00256,  -0.01877,   0.05672,   0.01241,   0.03210,   0.03210,  -0.00892,   0.01733,  -0.02369,   0.00092,  -0.01549,   0.00092,  -0.03026,  -0.05159,   0.03374,   0.10103,   0.02554,   0.00092,   0.06985,  -0.03190,   0.05836,   0.01241,   0.01897,  -0.02533,  -0.03354,   0.00420,   0.07805,  -0.04995,   0.01733,  -0.01713,   0.02390,   0.03703,  -0.00564,  -0.02205,   0.04687,   0.01897,   0.00420,   0.01897,  -0.01385,  -0.02041,   0.03867,   0.03374,  -0.05980,  -0.01713,  -0.00236,  -0.05980,  -0.06964,   0.04687,  -0.00892,  -0.00400,   0.02554,  -0.02533,  -0.04995,   0.02390,  -0.01056,  -0.03190,  -0.00400,   0.05016,  -0.01713,   0.02554,   0.01733,  -0.00072,   0.06657,   0.00256,   0.04851,  -0.04667,  -0.05980,   0.00913,   0.01569,  -0.00564,   0.11908,  -0.09098,   0.00585,   0.05180,   0.12236,  -0.02698,   0.06492,   0.09775,   0.04851,  -0.00564,  -0.02533,   0.00585,  -0.02041,   0.05180,  -0.03682,   0.03867,   0.02882,   0.00585,   0.00749,  -0.01385,   0.04359,   0.03539,  -0.00892,   0.04523,  -0.10082,   0.04031,   0.02390,  -0.07949,   0.01569,   0.03046,  -0.00564,  -0.00400,   0.04359,   0.00585,  -0.03026,  -0.03518,  -0.08770,   0.03539,  -0.01056,   0.07477,  -0.03354,  -0.00236,   0.04851,   0.02882,  -0.02041,  -0.09754,  -0.03026,   0.01077,   0.07969,  -0.02041,   0.01897,   0.06492,   0.00092,  -0.00072,  -0.06144,   0.01241,  -0.09754,  -0.01713,  -0.02698,  -0.06964,  -0.02041,   0.01405,  -0.00400,  -0.05980,   0.05344,   0.03046,  -0.07949,  -0.02205,   0.13385,   0.03703,   0.02226,  -0.05652,  -0.04831,   0.04523,   0.07969,  -0.00072,   0.07313,   0.00913,   0.01569,   0.00256,  -0.03026,   0.00420,  -0.02205,   0.02390,   0.03046,  -0.03026,  -0.04010,   0.05672,  -0.06636,   0.04687,   0.02390,  -0.03190,   0.02062,   0.06492,   0.01733,  -0.01221,  -0.06636,  -0.00564,  -0.01549,   0.02062,   0.01077,  -0.03354,  -0.02862,  -0.01549,   0.01077,  -0.08113,   0.00585,   0.02882,  -0.05323,   0.04851,  -0.04010,  -0.00236,  -0.05487,  -0.01549,   0.08134,  -0.00892,   0.01405,   0.04195,  -0.04667,  -0.04831,  -0.02698,  -0.04339,  -0.11067,  -0.03518,   0.00092,   0.00913,   0.09611,   0.02226,  -0.01221,   0.05508,   0.02062,  -0.02041,   0.04687,   0.04851,   0.00256,  -0.02533,   0.02062,   0.02718,  -0.10247,   0.01241,  -0.04995,  -0.00728,   0.06821,  -0.03026,   0.00420,   0.05836,  -0.00072,   0.08462,   0.06821,  -0.04175,  -0.04995,   0.00092,  -0.00400,   0.00256,   0.01077,  -0.06144,  -0.04831,   0.00420,  -0.08934,   0.02226,   0.06164,  -0.07621,  -0.01385,   0.05016,   0.00913,  -0.00728,   0.02390,  -0.01713,   0.08134,  -0.06308,  -0.04339,  -0.01549,   0.02554,   0.09939,  -0.00892,  -0.01056,   0.04687,  -0.01877,   0.03046,   0.05016,  -0.04503,  -0.01056,  -0.03846,   0.02062,  -0.00400,   0.03374,   0.01241,  -0.04010,   0.09118,  -0.04831,  -0.06636,  -0.01385,   0.02554,   0.03703,   0.02882,  -0.02041,   0.05016,  -0.01549,  -0.00564,  -0.03846,   0.03539,  -0.03190,   0.00913,  -0.05323,  -0.00728,  -0.10739
   0.00749,   0.02062,   0.00913,   0.07477,   0.03046,   0.01897,  -0.02205,  -0.01056,   0.07805,  -0.04995,   0.13057,  -0.04667,   0.01569,  -0.03518,  -0.03846,   0.00913,  -0.04339,   0.00913,   0.05672,   0.02554,  -0.01713,  -0.02698,  -0.01877,   0.06328,  -0.02862,  -0.00564,  -0.02205,   0.01733,   0.03703,  -0.00072,   0.05836,   0.00092,   0.06657,  -0.03026,  -0.03846,   0.06657,   0.06164,   0.02062,   0.00256,   0.00913,  -0.00400,  -0.01056,   0.06657,   0.00420,   0.05344,   0.00585,  -0.00892,  -0.01713,  -0.03354,   0.07969,   0.00913,  -0.15334,  -0.00564,   0.05672,   0.02718,   0.02718,   0.04195,  -0.06800,   0.01241,   0.07969,  -0.01877,   0.01241,  -0.05323,   0.00256,   0.00092,   0.05508,   0.00420,  -0.06636,  -0.01877,  -0.08441,   0.11744,   0.04523,  -0.03518,   0.01897,   0.00420,   0.08790,   0.02554,   0.08626,  -0.03846,   0.00749,   0.07477,   0.00585,   0.04195,   0.07805,  -0.09262,   0.05672,   0.02882,   0.04687,  -0.02533,  -0.05652,   0.02062,   0.04851,   0.01077,  -0.11231,   0.06164,  -0.09918,   0.03210,  -0.03354,   0.04359,  -0.02369,  -0.04175,  -0.01877,   0.01569,   0.02390,  -0.08605,  -0.03354,  -0.02041,   0.01405,   0.00256,  -0.04175,   0.03867,  -0.03682,  -0.04010,  -0.01877,   0.02390,  -0.02369,  -0.05980,  -0.02862,  -0.01713,   0.03867,  -0.03354,  -0.03682,   0.03210,   0.01569,   0.00092,  -0.01877,   0.02390,   0.00256,   0.01897,  -0.04995,   0.02718,  -0.00236,  -0.03846,   0.03867,  -0.04175,  -0.00564,  -0.06472,  -0.01056,   0.06657,  -0.00072,  -0.09918,  -0.05323,  -0.01713,   0.01077,   0.00585,   0.09775,   0.02062,  -0.01221,   0.01897,  -0.05816,  -0.01385,   0.02226,  -0.02041,  -0.01385,   0.10267,   0.06164,   0.03539,   0.03210,  -0.05980,  -0.04175,  -0.04010,  -0.04175,  -0.00564,   0.02390,   0.11744,  -0.02041,   0.02718,   0.00585,   0.00913,  -0.02862,  -0.03026,   0.02554,   0.06985,  -0.01385,   0.03210,   0.03703,  -0.03026,  -0.06308,  -0.04831,   0.04195,   0.06328,   0.01897,   0.04195,  -0.07621,   0.03867,   0.03867,   0.07969,  -0.02369,   0.06328,   0.00092,  -0.04503,   0.07313,   0.06821,   0.02718,   0.01077,   0.01241,  -0.02369,   0.10431,   0.03046,   0.01897,   0.02226,   0.00913,  -0.01385,  -0.02698,  -0.06144,   0.07641,  -0.03682,   0.00749,  -0.04995,   0.02390,  -0.07293,   0.05672,   0.06657,  -0.00072,  -0.02862,  -0.02041,  -0.10575,  -0.01713,   0.01405,  -0.02369,   0.02062,   0.01077,   0.08134,   0.06328,  -0.00564,   0.06657,   0.05672,  -0.02041,   0.06492,  -0.04995,  -0.00236,   0.01077,   0.03539,  -0.02862,   0.04359,  -0.01549,  -0.00236,  -0.00400,   0.00092,  -0.02698,  -0.07293,   0.03210,   0.02062,   0.01569,  -0.02698,   0.08298,  -0.05980,  -0.00892,   0.00585,   0.03046,   0.04359,  -0.00564,  -0.04667,  -0.03190,  -0.01877,   0.02390,  -0.02698,  -0.00728,  -0.05487,   0.00749,  -0.01549,  -0.00236,  -0.04667,   0.01897,  -0.00236,   0.08462,   0.01897,   0.06164,   0.01733,   0.03210,   0.08134,  -0.02698,  -0.01056,   0.06821,  -0.00892,   0.04031,  -0.05816,   0.00585,  -0.09098,   0.02390,   0.02718,  -0.00892,   0.02554,  -0.01385,   0.02718,  -0.00072,  -0.05323,   0.03374,   0.02718,  -0.03518,   0.04687,  -0.06308,  -0.02862,   0.08954,   0.01733,  -0.09918,   0.02390,  -0.02369,   0.02718,   0.02390,  -0.04831,  -0.03682,   0.06000,  -0.05652,   0.01405,   0.02226,  -0.00072,  -0.05816,  -0.00728,  -0.02369,  -0.02698,  -0.00564,  -0.00892,  -0.08934,  -0.00400,  -0.01877,   0.04195,  -0.09590,  -0.05652,   0.04195,  -0.07785,   0.05672,  -0.00072,  -0.01713,  -0.03026,   0.05508,   0.03374,  -0.08277,  -0.11888,  -0.01385,   0.02062,  -0.01877,  -0.04175,  -0.02862,   0.01241,   0.04687,  -0.01713,  -0.00400,   0.03210,   0.12893,  -0.00400,  -0.05323,   0.02882,  -0.03518,   0.04851,  -0.04175,  -0.00072,   0.08134,  -0.03518,   0.09775,  -0.09098,  -0.03026,   0.01733,   0.02390,  -0.02533,   0.00749,  -0.00728,  -0.05980,  -0.04831,  -0.02041,  -0.05323,   0.05344,  -0.02041,  -0.04175,  -0.03682,  -0.06144,   0.00749,   0.05180,  -0.06144,   0.01077,   0.07641,   0.03210,   0.03867,  -0.05323,   0.04031,  -0.04831,  -0.11395,  -0.00400,   0.04359,   0.00585,  -0.02369,   0.02882,  -0.05159,   0.03703,  -0.00236,   0.00913,  -0.02369,  -0.00892,   0.02882,   0.03210,  -0.04831,  -0.08277,  -0.02041,   0.00420,  -0.00728,  -0.01056,  -0.05323,   0.02226,   0.07477,   0.04031,   0.00749,  -0.01056,   0.02226,  -0.03354,  -0.01056,  -0.03026,  -0.01713,  -0.00236,  -0.01221,   0.05672,   0.00092,   0.04195,  -0.07457,  -0.00236,   0.00256,  -0.01877,  -0.00728,   0.06492,   0.01241,   0.02882,  -0.01385,  -0.03682,   0.02226,  -0.04831,  -0.00236,   0.06328,   0.05180,  -0.05980,  -0.04995,  -0.04503,  -0.14021,   0.01733,  -0.06308,   0.06164,  -0.04175,  -0.03846,  -0.06800,   0.06328,  -0.03682,  -0.03026,   0.01569,  -0.10903,  -0.01221,  -0.00072,   0.04851,   0.04687,  -0.01385,  -0.02041,  -0.03518,  -0.04010,   0.00420,  -0.02862,  -0.00728,  -0.01056,   0.02390,   0.00092,   0.03210,   0.05016,  -0.00400,   0.02390,  -0.06800,   0.02882,   0.03046,   0.00749,   0.05180,  -0.04503,  -0.00072,   0.03539,   0.01733,   0.03046,  -0.04175,  -0.00072,   0.03210,  -0.03026,   0.07477,  -0.00236,   0.10759,   0.00256,   0.01405,   0.03539,  -0.07621,  -0.07621,  -0.05816,   0.04031,  -0.02041,   0.06821,  -0.03354,  -0.02698,  -0.03354,  -0.05159,  -0.04010,  -0.04995,  -0.04010,  -0.03354,   0.05344,  -0.07129,   0.04851,  -0.04175,  -0.00892,   0.04031,   0.03046,  -0.01056,  -0.04667,   0.00092,  -0.02369,   0.09939,   0.04031,  -0.06308,  -0.02041,   0.06328,   0.00420,   0.04687,  -0.03682,   0.02882,   0.06164,  -0.02205,   0.02554,  -0.09098,  -0.05652,  -0.01877,  -0.02041,  -0.00400,   0.08626,   0.03867,  -0.02533,  -0.04010,   0.01897,   0.05016,   0.01077,   0.05016,   0.01733,   0.05508,   0.03867,  -0.07293,   0.02226,  -0.03190,  -0.04503,   0.03046,  -0.01385,  -0.00236,  -0.00892,  -0.04831,   0.05672,   0.04195,  -0.02533,  -0.01221,  -0.00564,   0.00585,  -0.05159,   0.02062,   0.04523,  -0.00072,  -0.01056,  -0.06144,  -0.03190,  -0.04175,   0.01405,   0.00913,   0.00913,  -0.04503,   0.04523,   0.07477,  -0.00072,  -0.05980,  -0.04010,  -0.05816,  -0.01385,   0.02718,  -0.03354,   0.03539,  -0.01221,  -0.09262,  -0.05980,   0.00585,   0.05180,   0.08298,  -0.00728,  -0.00400,  -0.03190,   0.00092,   0.03046,  -0.03846,  -0.06308,  -0.00892,  -0.02533,   0.07477,  -0.11888,   0.01077,   0.10103,   0.04523,  -0.04667,   0.01405,   0.02062,  -0.07293,   0.03046,   0.05016,   0.03046,   0.02718,   0.03867,   0.03374,  -0.05323,  -0.06144,  -0.00400,   0.02226,  -0.00072,   0.06164,   0.00092,  -0.09098,  -0.04831,  -0.04175,  -0.00892,   0.01405,   0.01077,   0.02226,  -0.02041,  -0.04010,   0.02226,  -0.01713,  -0.05816,   0.03210,   0.01405,  -0.03846,  -0.04175,   0.00256,  -0.05487,   0.06985,   0.00256,   0.01405,  -0.00236,  -0.03190,   0.06000,  -0.02369,   0.07477,   0.07477,  -0.03354,   0.04359,  -0.00072,   0.00092,   0.00913,  -0.05816,  -0.00400,   0.08626,   0.00420,   0.01077,   0.05508,   0.02062,  -0.06800,  -0.00892,  -0.06144,   0.05016,  -0.01877,  -0.03190,  -0.04010,  -0.01221,   0.01405,  -0.01877,  -0.01549,  -0.04831,  -0.03026,  -0.02533,   0.07477,   0.02390,  -0.00564,  -0.04339,   0.09611,  -0.04339,  -0.02533,   0.02226,  -0.00728,   0.00092,  -0.03354,  -0.00072,   0.01569,   0.00092,  -0.01713,  -0.03354,  -0.00400,   0.01077,  -0.02862,   0.02718,   0.04359,  -0.03354,  -0.01056,  -0.03026,  -0.03026,   0.01897,  -0.05159,  -0.01549,  -0.01385,  -0.08934,  -0.02862,   0.02226,  -0.04339,   0.03210,  -0.01221,   0.01897,   0.02882,  -0.03682,  -0.00072,   0.01077,   0.02718,   0.02554,   0.02882,   0.00092,   0.00585,   0.02226,   0.01405,  -0.02698,  -0.04995,   0.04687,  -0.03026,  -0.06636,   0.07969,  -0.06308,  -0.01385,  -0.00072,   0.00256,  -0.00728,  -0.04010,   0.05836,  -0.00564,   0.02554,  -0.02369,  -0.07129,   0.00092,  -0.00400,   0.03867,  -0.04667,   0.06657,   0.01569,   0.01569,  -0.06636,   0.07313,  -0.00564,   0.00256,   0.01241,  -0.01221,  -0.05816,  -0.05980,  -0.02369,   0.01405,   0.06821,   0.04031,   0.00913,  -0.00072,   0.02062,   0.00749,   0.05016,   0.06000,  -0.04831,   0.02554,  -0.02041,   0.01897,  -0.01056,  -0.00072,  -0.00728,  -0.02205,   0.03867,  -0.02862,   0.01241,  -0.02369,   0.02554,   0.11252,   0.01569,   0.01405,   0.04523,   0.02226,  -0.07457,   0.03374,  -0.01385,  -0.03682,  -0.09098,   0.08134,   0.01405,   0.05836,  -0.01713,  -0.04175,  -0.08770,   0.00256,  -0.00892,  -0.09918,  -0.05652,  -0.01877,  -0.01713,  -0.04831,   0.02062,  -0.08605,  -0.00072,  -0.11067,  -0.01056,   0.06328,   0.01077,  -0.00236,  -0.00564,  -0.06308,   0.03703,  -0.05980,  -0.01549,   0.08626,   0.05836,  -0.02369,  -0.06308,   0.03046,   0.01241,   0.03539,  -0.01221,   0.02882,  -0.09590,   0.08462,   0.01733,  -0.03846,  -0.06472,  -0.09262,  -0.03026,   0.02390,  -0.01713,  -0.01713,   0.04195,  -0.00564,  -0.04995,   0.04851,  -0.05323,   0.00585,   0.05016,  -0.00072,   0.02554,  -0.06144,  -0.06964,   0.03210,   0.04195,   0.00913,   0.00092,  -0.00892,   0.04523,   0.03210,  -0.00728,   0.03374,  -0.02533,   0.00092,   0.06000,  -0.03518,  -0.06144,  -0.02041,  -0.00400,  -0.00728,  -0.06144,   0.01569,  -0.00564,  -0.04995,   0.02554,   0.02554,  -0.03190,   0.02718,   0.01405,  -0.04175,   0.04523,   0.02226,   0.01569,   0.03703,  -0.06964,   0.06657,   0.01897,  -0.06964,   0.00585,   0.02390,  -0.04010,  -0.00400,   0.01569,  -0.01385,   0.11744,  -0.05159,   0.02390,   0.00092,   0.03374,  -0.05487,  -0.02041,   0.04031,   0.03046,   0.02226,   0.07149,  -0.02041,  -0.06144,   0.01897,  -0.01385,  -0.10411,  -0.07129,   0.08462,   0.00256,   0.03867,   0.04523,   0.08954,   0.01241,  -0.03518,  -0.09262,   0.04687,  -0.05323,   0.01405,   0.02882,  -0.01221,  -0.01549,  -0.03354,  -0.01056,  -0.08770,  -0.03026,  -0.00564,   0.03210,   0.00092,   0.00092,   0.00913,  -0.05980,  -0.00728,   0.03046,  -0.01877,  -0.11559,   0.09775,  -0.03682,  -0.01877,   0.13877,  -0.01549,  -0.06800,  -0.02041,  -0.01385,   0.04523,   0.04851,   0.04359,  -0.07785,  -0.01877,   0.04687,   0.05344,  -0.05487,   0.04851,   0.04359,  -0.04175,   0.02718,  -0.03846,   0.07313,  -0.02205,   0.04523,  -0.02369,  -0.04831,   0.00749,  -0.02041,   0.08626,  -0.11395,  -0.00236,  -0.02369,  -0.09754,   0.04687,   0.04195,  -0.04503,   0.03374,   0.01077,  -0.01877,  -0.00728,   0.09611,   0.03046,  -0.05323,  -0.02698,   0.03374,   0.06000,  -0.10247,  -0.05323,   0.02554,  -0.08605,  -0.06308,   0.07477,  -0.01713,   0.06164,   0.02554,   0.10267,  -0.05159,  -0.01877,  -0.06472,  -0.00564,   0.10431,  -0.00072,  -0.00728,   0.06985,  -0.00892,   0.01569,   0.02718,   0.01733,   0.01241,  -0.05159,  -0.01221,   0.00913,  -0.09426,   0.01733,  -0.00072,  -0.04010,   0.02390,  -0.01221,   0.01077,   0.02718,   0.00256,   0.03374,  -0.01221,  -0.06308,  -0.05323,   0.00585,   0.04687,  -0.05487,  -0.00400,  -0.02698,  -0.03190,  -0.03026,   0.00256,  -0.05980,  -0.02533,   0.03046,   0.07477,   0.03703,   0.02390,  -0.01056,   0.03867,  -0.01056,   0.02390,   0.02718,  -0.05159,  -0.06472,   0.05016,  -0.03190,   0.01569,   0.03046
   0.00913,  -0.02205,  -0.06800,  -0.01877,  -0.07949,   0.00256,  -0.09098,   0.04851,  -0.01549,   0.09775,  -0.00564,   0.03374,   0.00585,   0.06657,   0.04523,  -0.03354,   0.01077,   0.03374,   0.01405,   0.01077,  -0.02862,   0.05508,  -0.01877,  -0.02041,  -0.00400,   0.01241,  -0.06636,   0.01733,   0.01897,   0.00256,  -0.04831,  -0.04503,  -0.01385,  -0.00564,  -0.05980,   0.00256,   0.01241,  -0.01549,  -0.02205,  -0.04831,   0.10759,  -0.01877,   0.03867,  -0.01713,   0.00420,  -0.02205,   0.01405,  -0.00236,   0.04851,   0.01897,   0.03046,  -0.03518,  -0.02041,   0.04523,   0.01733,  -0.00564,   0.01569,  -0.05816,   0.00913,  -0.01385,   0.06821,   0.02718,  -0.04995,   0.03867,   0.02062,   0.01405,  -0.00072,  -0.05487,   0.01241,  -0.04175,   0.02554,   0.06821,  -0.00564,  -0.05652,  -0.05159,  -0.02369,   0.02554,   0.03210,   0.04195,  -0.03190,   0.00256,   0.03374,  -0.05652,   0.04359,  -0.02205,   0.00749,   0.01897,  -0.02041,   0.06821,  -0.04667,   0.03867,   0.01897,  -0.02041,  -0.03354,  -0.09262,   0.02062,  -0.05323,   0.02882,  -0.05487,   0.06657,   0.02062,  -0.02205,  -0.03026,  -0.04995,  -0.05159,  -0.00236,  -0.03190,  -0.06472,   0.03374,   0.04851,   0.04359,  -0.05323,   0.02226,  -0.03190,  -0.07129,   0.10759,   0.01569,  -0.01549,   0.04851,   0.05836,   0.01405,  -0.06964,  -0.08277,   0.02226,  -0.08113,  -0.06144,  -0.08770,   0.00585,  -0.00564,   0.03867,  -0.00564,   0.00749,   0.02390,  -0.02533,  -0.05652,  -0.01056,   0.01241,  -0.07293,  -0.02041,   0.01897,  -0.08113,  -0.05159,   0.03867,   0.04523,   0.02226,  -0.00728,  -0.00728,   0.00092,   0.02226,  -0.03190,   0.03703,  -0.01385,   0.01241,   0.07149,  -0.00400,  -0.06144,  -0.00072,   0.03210,   0.03210,  -0.03354,   0.08790,  -0.03026,   0.04523,  -0.01877,   0.01405,  -0.02041,  -0.02369,  -0.09754,  -0.00564,  -0.03354,   0.00749,   0.00256,   0.02062,   0.04031,  -0.02862,   0.05508,   0.01405,   0.02062,  -0.00728,   0.07805,  -0.02041,   0.08626,   0.03539,   0.03867,  -0.05159,   0.05344,  -0.06800,   0.01241,  -0.01549,  -0.06308,   0.03374,   0.01077,   0.00256,  -0.08605,   0.01405,   0.04195,  -0.01221,  -0.01549,   0.01897,   0.06985,  -0.04831,   0.02554,  -0.11067,   0.00585,   0.02554,  -0.08277,   0.00585,   0.01405,   0.02062,  -0.03354,  -0.00400,  -0.01877,  -0.04175,   0.00092,  -0.04831,  -0.04010,  -0.01056,  -0.01385,  -0.04995,   0.01569,   0.02390,   0.00092,  -0.09262,   0.04523,   0.01241,   0.09446,  -0.01221,   0.06492,   0.03046,  -0.03026,   0.14206,   0.03867,  -0.01877,   0.09775,  -0.03682,  -0.04339,  -0.01877,   0.00585,  -0.04339,  -0.04339,  -0.03190,  -0.02041,  -0.06964,  -0.00400,   0.01733,  -0.00728,  -0.03682,   0.06328,   0.01733,  -0.02862,   0.03867,   0.00585,  -0.01385,  -0.00564,  -0.01549,  -0.03682,  -0.03518,   0.06821,   0.00420,   0.03046,  -0.05323,  -0.03026,   0.06164,   0.05672,   0.04851,   0.04523,  -0.02041,   0.06492,  -0.01221,   0.03374,   0.00913,  -0.02533,  -0.05323,  -0.03190,  -0.01713,   0.10431,   0.01405,  -0.04503,   0.00913,   0.03374,  -0.00564,  -0.03354,   0.02882,  -0.00564,  -0.05652,   0.04359,   0.02226,  -0.09754,  -0.01385,  -0.06144,   0.02390,  -0.03190,   0.05016,  -0.02041,  -0.04831,   0.00092,   0.01897,  -0.07621,  -0.03682,   0.04195,  -0.03682,  -0.01385,   0.03046,   0.02554,   0.01733,   0.02718,  -0.06800,  -0.03026,   0.04031,  -0.01221,  -0.14185,  -0.02698,   0.04195,  -0.02205,  -0.02533,   0.03210,  -0.06308,  -0.02862,   0.00585,  -0.07129,  -0.04503,   0.02226,  -0.05652,   0.01897,   0.02554,   0.03703,  -0.07621,   0.01077,  -0.01549,   0.00749,   0.03046,   0.02718,  -0.00236,  -0.00236,   0.05344,   0.00420,   0.01569,   0.02718,  -0.07457,  -0.02041,  -0.01713,  -0.04010,  -0.00236,   0.04851,   0.02882,   0.06492,  -0.01056,   0.01569,  -0.05487,   0.05180,  -0.02041,  -0.00728,  -0.08934,  -0.01713,  -0.04667,  -0.06800,  -0.06308,  -0.00400,   0.04687,  -0.01877,  -0.02533,  -0.05159,  -0.01385,  -0.00728,   0.03374,  -0.04831,  -0.04667,   0.05180,   0.03539,  -0.00892,   0.03210,   0.00092,   0.08462,  -0.03846,   0.00420,  -0.03846,   0.01077,  -0.07293,   0.09775,   0.06492,   0.00585,  -0.04995,   0.00585,   0.01733,   0.00749,   0.13713,  -0.05323,  -0.02041,  -0.02698,  -0.04010,   0.00913,  -0.04175,   0.04031,  -0.01713,  -0.00400,  -0.01713,   0.01077,   0.02554,  -0.14021,  -0.05816,  -0.07949,  -0.00728,   0.02390,   0.08790,  -0.01877,  -0.07621,  -0.09918,  -0.03190,   0.09282,   0.02226,  -0.04503,  -0.04339,  -0.01549,  -0.01549,   0.00913,   0.09775,   0.02062,   0.01569,  -0.04995,   0.04359,   0.00913,   0.02882,   0.03210,   0.00256,   0.02062,   0.06657,  -0.00564,   0.02390,   0.01405,   0.00913,   0.07313,  -0.01713,   0.00749,  -0.05159,  -0.02369,  -0.11395,   0.06328,   0.01733,  -0.06308,   0.00585,  -0.02205,  -0.00236,   0.02226,   0.00749,  -0.03026,  -0.01713,   0.02554,   0.01569,   0.08790,   0.06164,  -0.00400,   0.06985,  -0.01713,  -0.00728,   0.01569,  -0.01221,   0.01241,   0.05508,  -0.02041,   0.02554,  -0.03518,  -0.04503,   0.02882,   0.07149,   0.01569,   0.09446,   0.03374,  -0.01713,   0.00092,   0.00256,  -0.00236,  -0.05159,  -0.01056,   0.00420,   0.03046,   0.00749,  -0.06636,   0.00749,  -0.02205,  -0.02041,  -0.05487,  -0.00564,  -0.04667,   0.06821,   0.02062,  -0.00400,  -0.01713,  -0.05159,  -0.04339,   0.01241,   0.03046,   0.02390,  -0.01877,  -0.02533,  -0.04010,   0.00092,   0.00420,   0.02390,   0.05180,   0.03210,  -0.06800,   0.03374,   0.03867,  -0.02369,  -0.00400,  -0.03190,  -0.00072,  -0.03354,  -0.02698,  -0.00564,  -0.00564,  -0.02041,   0.02718,   0.00092,   0.00092,  -0.01221,   0.03703,  -0.09754,   0.01897,   0.03703,  -0.01877,   0.00913,   0.02226,   0.00585,  -0.13529,   0.04031,  -0.04339,  -0.02369,   0.01077,  -0.02205,  -0.03518,   0.01569,   0.04687,  -0.07785,  -0.03026,  -0.02533,   0.00256,  -0.00892,  -0.02205,   0.05180,   0.05672,  -0.02041,   0.03046,  -0.04667,   0.02882,   0.02062,  -0.02862,   0.03703,  -0.05816,   0.03046,  -0.01713,  -0.03354,   0.01569,   0.00913,   0.04851,   0.00585,  -0.01877,  -0.02533,  -0.03846,   0.05016,   0.05836,  -0.05816,   0.04523,  -0.04503,   0.02062,  -0.10575,   0.01077,   0.00913,   0.05344,  -0.02533,   0.01733,   0.01733,   0.02226,  -0.00236,   0.01405,  -0.01385,  -0.04175,   0.03210,   0.01241,  -0.04175,   0.03374,   0.00749,  -0.04831,  -0.05652,  -0.03354,  -0.02041,   0.02718,  -0.01713,  -0.00072,  -0.05980,   0.14370,  -0.03518,   0.05016,  -0.04995,   0.02718,  -0.02369,   0.00585,   0.01733,   0.02718,  -0.03026,  -0.01549,   0.04195,  -0.04503,  -0.06144,   0.05672,   0.00749,   0.06000,   0.06000,  -0.01385,  -0.03682,   0.03210,  -0.00892,  -0.01385,   0.02718,   0.04031,   0.00420,   0.00585,   0.01077,  -0.03354,  -0.04995,   0.09282,  -0.04503,   0.10595,  -0.02369,  -0.02369,   0.06328,  -0.00072,  -0.01713,  -0.03354,  -0.04503,   0.03210,  -0.05652,   0.05180,  -0.04831,  -0.04010,   0.01077,  -0.02041,   0.00420,   0.00256,  -0.02533,   0.01733,   0.04687,  -0.01877,  -0.00728,  -0.05980,   0.00585,  -0.00728,   0.09118,   0.01569,  -0.01877,  -0.02369,   0.03046,  -0.12708,   0.04195,  -0.05652,   0.00256,   0.03867,   0.05344,   0.00749,  -0.04010,  -0.03190,  -0.00236,   0.01733,   0.02062,   0.08790,   0.01897,  -0.07785,   0.00585,  -0.03518,  -0.00236,  -0.06308,  -0.01056,  -0.02205,  -0.01385,   0.03210,   0.08626,   0.03539,   0.01405,   0.06000,  -0.01221,  -0.05980,   0.00749,  -0.02862,   0.01897,   0.07805,   0.01077,  -0.02698,   0.06985,   0.02226,   0.04851,  -0.03846,   0.02062,   0.02554,   0.06821,  -0.03682,  -0.03682,   0.00749,  -0.06144,  -0.02698,  -0.14021,   0.02226,   0.01405,  -0.02862,   0.06328,  -0.00072,  -0.03190,  -0.04339,  -0.03518,   0.00256,   0.04031,  -0.00236,  -0.00728,  -0.01221,   0.01569,  -0.01713,   0.06492,  -0.01877,   0.05344,  -0.05816,   0.07313,   0.01733,   0.00749,   0.02062,   0.01897,  -0.03846,  -0.01221,  -0.03354,  -0.06800,  -0.01713,  -0.02862,  -0.01056,  -0.00564,  -0.06636,  -0.07293,  -0.04175,  -0.02205,  -0.05159,  -0.03846,   0.01077,   0.07641,  -0.08605,   0.07641,  -0.03682,   0.00913,   0.03867,   0.03210,  -0.02533,  -0.01549,  -0.01877,  -0.00892,  -0.03846,  -0.02862,  -0.00072,   0.02718,  -0.04339,  -0.04339,  -0.06636,   0.04851,   0.03539,   0.00585,   0.01077,  -0.01713,   0.06657,   0.01241,   0.02390,   0.02062,   0.02554,  -0.00728,  -0.02698,   0.04851,  -0.02862,  -0.00236,   0.00420,   0.02554,  -0.07457,   0.01077,   0.01733,   0.01077,  -0.01385,   0.03374,  -0.03354,  -0.02862,  -0.02041,  -0.05323,  -0.11395,  -0.03026,  -0.02041,   0.01569,  -0.01877,  -0.03026,  -0.01713,  -0.04010,  -0.04995,   0.02882,  -0.03026,   0.08462,   0.01897,  -0.00072,  -0.04503,  -0.08113,  -0.05487,  -0.02041,   0.05836,   0.02554,   0.00585,  -0.01713,  -0.00072,   0.03539,  -0.02862,  -0.03190,  -0.06472,   0.01077,   0.01897,  -0.01877,   0.06657,   0.03210,   0.01733,  -0.02862,   0.09118,   0.06821,  -0.03846,   0.00749,   0.03210,  -0.07949,   0.00092,   0.02554,   0.00913,  -0.01385,   0.08954,  -0.04831,   0.04195,   0.06164,   0.02554,   0.02226,  -0.00400,   0.02882,   0.06657,  -0.03026,   0.04195,  -0.02041,  -0.00236,  -0.00400,  -0.03026,   0.02062,   0.05180,   0.08790,   0.00749,   0.00092,   0.07805,  -0.00892,  -0.00892,   0.01733,   0.03374,   0.06164,   0.02882,   0.06492,   0.05836,  -0.04503,   0.00256,  -0.04995,   0.07313,  -0.02369,  -0.06144,   0.00092,  -0.03190,  -0.00400,   0.02554,   0.04523,   0.02390,   0.00420,  -0.01221,  -0.04175,  -0.06472,  -0.01713,  -0.00892,  -0.00236,  -0.04175,  -0.08770,   0.02062,  -0.08113,  -0.01385,  -0.00072,   0.03703,   0.01077,  -0.01056,   0.00749,  -0.03026,   0.04687,  -0.02205,   0.01733,   0.01897,  -0.00236,  -0.04995,   0.00420,   0.03046,   0.05180,   0.00256,  -0.00892,  -0.02041,   0.02882,  -0.04503,  -0.07621,   0.00913,   0.05016,   0.03210,  -0.03354,  -0.07785,  -0.04995,  -0.04831,  -0.02041,   0.01897,   0.01733,  -0.09590,   0.05836,  -0.07785,  -0.01877,   0.00092,   0.02882,  -0.04175,  -0.02862,  -0.05980,  -0.02533,  -0.07785,   0.03046,  -0.03190,   0.04359,   0.05508,   0.04851,  -0.03846,   0.02718,   0.06328,  -0.07129,   0.09939,   0.03539,   0.03374,   0.04687,  -0.01385,   0.00256,   0.02390,   0.00913,  -0.12544,  -0.06800,   0.00749,   0.03374,  -0.02205,   0.02718,   0.05508,  -0.07129,   0.00420,   0.11908,   0.00585,   0.07969,   0.00256,  -0.02862,  -0.01549,   0.05180,  -0.04175,   0.02062,   0.03046,  -0.01877,  -0.05652,   0.00256,   0.04687,   0.02062,   0.05016,  -0.01056,   0.04031,  -0.06472,  -0.09590,  -0.00400,  -0.01549,   0.03046,   0.01897,   0.03046,  -0.11724,   0.01077,   0.00749,   0.06985,   0.04523,  -0.01385,   0.01241,  -0.03354,   0.01405,   0.06328,   0.03703,  -0.03682,  -0.05980,  -0.03354,   0.02062,  -0.02205,   0.01897,   0.03046,  -0.01549,  -0.00728,  -0.01056,  -0.02041,  -0.00236,   0.00749,   0.05672,   0.02226,  -0.01221,  -0.00564,   0.02062,  -0.00236,   0.05836,   0.02390,   0.02882,  -0.07457,  -0.01221,  -0.03190,  -0.07129,  -0.01549,   0.04687,   0.02226,  -0.04175,  -0.00564,  -0.05652,   0.02718,  -0.01713,  -0.05816,  -0.01221,   0.00256,  -0.00728,   0.04687
   0.03703,  -0.07293,   0.03867,   0.01569,   0.03703,  -0.00892,  -0.08441,   0.03703,  -0.00072,   0.02062,  -0.05159,   0.05508,   0.00256,   0.01733,   0.01405,   0.03210,  -0.00236,   0.00256,  -0.09262,  -0.04503,   0.06492,   0.00913,   0.00749,   0.03539,   0.01569,   0.03867,  -0.01877,  -0.00072,   0.02226,   0.02390,   0.09775,   0.07477,  -0.01056,   0.04523,   0.02882,  -0.04339,  -0.02369,  -0.05980,   0.03046,   0.03867,   0.00749,  -0.01877,  -0.04339,   0.02882,   0.05180,  -0.03354,   0.02062,  -0.02205,   0.03046,  -0.04175,   0.05180,  -0.00072,  -0.03354,   0.04851,  -0.00236,   0.00256,   0.04195,  -0.08113,   0.03374,   0.01897,  -0.00236,   0.03703,  -0.04831,  -0.03846,  -0.01713,  -0.01713,   0.00585,   0.01897,  -0.11067,  -0.02205,   0.06657,   0.05672,  -0.00400,   0.03703,   0.07149,  -0.08770,  -0.04503,  -0.05652,  -0.01221,  -0.01385,  -0.00892,   0.03867,  -0.03682,   0.03374,   0.04031,   0.07149,   0.01569,   0.01405,   0.03867,   0.04523,   0.00913,   0.04359,  -0.00072,  -0.06800,  -0.00072,   0.06985,  -0.06472,  -0.04503,   0.04195,  -0.03846,  -0.00892,  -0.02205,   0.00913,   0.01897,   0.11416,   0.01077,  -0.02862,   0.00749,  -0.10739,  -0.03026,  -0.10575,   0.02554,  -0.04175,  -0.04503,  -0.00400,  -0.02041,  -0.01713,  -0.01056,  -0.00072,   0.00420,  -0.04995,  -0.00892,  -0.01713,  -0.01713,  -0.08113,  -0.13693,   0.00420,   0.01077,  -0.01713,   0.01241,  -0.00072,  -0.01549,   0.05016,  -0.02862,  -0.00072,   0.06328,   0.03539,   0.06492,   0.02882,   0.03867,   0.05508,   0.00585,   0.04195,   0.06000,  -0.02533,  -0.01385,   0.00749,  -0.01221,  -0.02205,   0.01733,  -0.05652,  -0.00892,  -0.03354,  -0.03026,   0.02062,   0.06492,  -0.02698,   0.00092,   0.00092,  -0.10739,  -0.02533,  -0.01877,   0.00256,  -0.03190,  -0.02862,  -0.04995,   0.03374,  -0.04175,  -0.02862,   0.01733,  -0.01385,   0.01077,   0.02554,  -0.01056,   0.04523,   0.00420,  -0.05980,   0.00913,   0.04359,   0.02718,   0.03210,   0.01077,   0.03046,  -0.02205,  -0.01713,  -0.00892,   0.01241,   0.04031,  -0.00728,  -0.02533,  -0.02698,  -0.01056,  -0.02041,  -0.04667,  -0.02862,   0.03210,   0.03703,  -0.02862,   0.01077,  -0.00400,  -0.00072,  -0.00236,  -0.01713,  -0.04339,   0.01569,  -0.04339,   0.02882,  -0.03846,  -0.00728,  -0.04503,  -0.06308,   0.00256,   0.06985,   0.03210,   0.04359,  -0.04339,  -0.05159,   0.01569,  -0.02205,   0.02390,   0.04195,   0.02882,  -0.03190,  -0.00892,   0.00913,  -0.02205,  -0.03518,   0.04195,  -0.05980,  -0.03026,   0.02062,   0.02718,  -0.01221,   0.02718,  -0.02041,  -0.00728,  -0.00728,   0.01569,   0.01241,   0.05836,  -0.00072,  -0.02862,   0.02062,  -0.05159,   0.01077,  -0.08441,  -0.01549,   0.02718,  -0.05652,   0.03210,  -0.03846,  -0.00564,  -0.04667,  -0.04503,   0.04687,  -0.04339,  -0.01056,   0.00585,  -0.03354,   0.02062,  -0.02205,   0.06164,  -0.04831,   0.00092,  -0.02698,  -0.03354,   0.05672,  -0.03846,   0.02882,   0.07969,  -0.04503,   0.00092,  -0.00728,   0.00092,   0.07477,  -0.04339,  -0.04175,  -0.04175,   0.01241,   0.02226,  -0.00728,  -0.00072,  -0.00400,   0.03210,  -0.06144,   0.03046,   0.04195,  -0.05980,   0.02062,  -0.00400,   0.01897,  -0.02205,   0.06821,   0.01405,   0.04195,   0.03046,  -0.03846,   0.04031,   0.04195,   0.01241,  -0.05980,  -0.01385,  -0.02533,  -0.00072,  -0.04339,  -0.00400,   0.02062,  -0.00400,  -0.06308,   0.02226,  -0.07949,   0.03374,  -0.01549,   0.00585,   0.02554,   0.05672,   0.03210,   0.01897,  -0.09426,  -0.01056,   0.04851,  -0.01056,  -0.00236,   0.01569,  -0.02369,   0.00913,  -0.03518,   0.05180,  -0.00236,  -0.02862,   0.04523,  -0.04667,   0.00913,  -0.04175,  -0.06144,   0.00913,  -0.09098,   0.03210,  -0.00892,  -0.01713,   0.01569,   0.04523,   0.03046,  -0.05816,  -0.01713,  -0.02698,   0.00256,  -0.02862,   0.00749,  -0.03190,   0.01241,   0.03867,   0.04359,   0.01569,  -0.02041,  -0.02862,   0.03703,   0.02062,   0.05344,   0.02062,   0.01077,  -0.05652,   0.01733,   0.00256,   0.04195,  -0.05652,   0.03703,  -0.07621,  -0.10247,   0.05836,   0.05016,  -0.05652,   0.06000,   0.01733,  -0.06800,  -0.04503,  -0.08770,   0.00585,  -0.02369,  -0.07949,   0.01569,   0.09611,   0.04359,  -0.03026,   0.05836,  -0.03026,  -0.01713,  -0.00072,   0.01405,   0.02718,   0.00749,  -0.00236,   0.05344,  -0.01056,  -0.02862,   0.03374,  -0.06964,  -0.02205,  -0.10247,   0.05836,   0.00092,  -0.04667,   0.00092,  -0.05159,  -0.02862,   0.04031,   0.07477,   0.06328,  -0.04503,   0.00585,   0.00749,   0.05344,  -0.00236,   0.06985,  -0.05816,   0.02390,   0.02226,  -0.02205,  -0.03026,   0.01733,  -0.00400,   0.04031,   0.00420,   0.03210,   0.06164,   0.03046,   0.02226,  -0.00236,   0.08462,   0.00585,  -0.04831,   0.04359,  -0.00892,  -0.00892,  -0.06800,   0.02554,   0.04851,  -0.00564,   0.01077,  -0.05323,   0.01405,  -0.03846,   0.03703,   0.00749,   0.01077,   0.04195,   0.02882,   0.00913,  -0.06144,   0.00749,   0.01897,  -0.01877,   0.04031,   0.02062,  -0.02533,   0.01405,  -0.09426,   0.02554,  -0.02041,  -0.08113,  -0.00400,   0.00092,  -0.04503,  -0.01713,   0.03046,   0.03867,  -0.01385,   0.00092,  -0.02369,   0.00420,   0.03867,   0.03539,  -0.02369,   0.02882,   0.05344,   0.00913,   0.00913,   0.02226,  -0.01221,   0.04687,   0.04195,  -0.01549,  -0.01549,  -0.03354,  -0.00072,  -0.04831,   0.03703,   0.03374,   0.00420,  -0.05159,  -0.04667,  -0.03354,   0.02390,  -0.05159,   0.07313,  -0.00564,  -0.01385,   0.00749,   0.02062,   0.02882,   0.00749,   0.04195,   0.00585,   0.00420,  -0.01385,   0.01897,   0.01733,  -0.01385,   0.05180,  -0.08113,   0.00256,   0.02718,  -0.04010,   0.05180,   0.00256,  -0.05816,   0.04687,  -0.09918,  -0.01549,   0.07313,  -0.06144,   0.02390,  -0.07785,  -0.03026,   0.09775,   0.02062,  -0.04339,  -0.04175,   0.01733,   0.00913,   0.06000,   0.02718,  -0.00892,  -0.02533,   0.02554,  -0.02041,   0.02554,  -0.07293,   0.07805,  -0.04667,  -0.02533,  -0.04339,   0.04359,  -0.10082,  -0.01221,  -0.00728,   0.00420,  -0.03190,  -0.07621,   0.06000,   0.06164,   0.00420,   0.00256,  -0.00072,   0.05180,   0.03046,  -0.05159,   0.05508,   0.02062,  -0.02533,  -0.02205,  -0.01221,  -0.02533,   0.02390,   0.02062,   0.00092,  -0.02862,  -0.02205,   0.01405,   0.03046,   0.00420,   0.04523,   0.03867,  -0.01385,  -0.08934,   0.03539,   0.04687,   0.01897,   0.06328,  -0.02369,   0.04523,  -0.01221,   0.03539,   0.00256,  -0.06800,   0.02882,  -0.02369,  -0.07129,   0.04195,  -0.03682,   0.00256,   0.02062,   0.06328,  -0.02862,  -0.01713,  -0.04831,  -0.02205,   0.00420,   0.04195,   0.05508,  -0.00892,   0.00256,  -0.01221,   0.02226,  -0.01221,   0.05016,  -0.04010,  -0.05159,  -0.04010,   0.04523,   0.04523,   0.06164,   0.01241,   0.03703,   0.02882,  -0.03682,  -0.02369,  -0.01549,  -0.02041,  -0.01877,   0.02554,  -0.01385,  -0.01056,  -0.00236,  -0.05159,   0.00913,   0.03210,   0.08954,  -0.02205,  -0.00564,  -0.06636,   0.04687,  -0.03846,  -0.01877,  -0.00236,   0.00420,  -0.00728,   0.00585,   0.00913,  -0.03354,  -0.00892,  -0.03026,   0.01733,   0.10103,  -0.02205,  -0.00892,  -0.01877,  -0.03682,  -0.08441,   0.05672,  -0.00892,   0.01405,  -0.00728,   0.00092,  -0.05487,   0.02226,   0.00092,  -0.03026,  -0.04831,   0.01569,   0.03539,   0.03374,   0.06821,  -0.03026,   0.09446,  -0.03190,  -0.01713,   0.08298,   0.05180,  -0.09426,  -0.03190,  -0.03682,   0.01241,  -0.00892,  -0.01221,  -0.01056,  -0.00236,  -0.05980,   0.00256,  -0.01877,   0.00913,   0.06164,  -0.02041,   0.01077,   0.01405,  -0.01221,  -0.02041,  -0.04175,  -0.07457,  -0.00728,  -0.03682,   0.01241,   0.07313,   0.00420,  -0.05816,  -0.04667,  -0.00728,  -0.05652,  -0.04667,   0.02390,   0.01405,  -0.02862,  -0.00236,   0.02062,  -0.00072,  -0.03518,   0.02554,  -0.04010,   0.07969,   0.02062,   0.00913,   0.09446,   0.07641,   0.01241,  -0.02205,   0.03210,  -0.00072,  -0.01877,  -0.03518,   0.02882,   0.00092,  -0.01221,   0.05508,  -0.03354,   0.02554,  -0.08441,  -0.01385,   0.06985,  -0.03846,   0.04851,   0.02226,   0.02390,   0.02882,  -0.03682,   0.03046,  -0.02041,  -0.06144,   0.03703,   0.01897,  -0.03682,  -0.04010,   0.08134,  -0.01056,  -0.01385,  -0.06636,  -0.04175,   0.00092,   0.03046,   0.05180,   0.00585,   0.05672,   0.00585,   0.08954,   0.07313,   0.01077,  -0.02041,  -0.03518,   0.02554,   0.04523,   0.08954,  -0.05980,   0.02062,   0.02062,   0.03374,  -0.03518,  -0.09918,  -0.04339,  -0.00236,  -0.01713,  -0.07785,   0.05016,   0.00420,  -0.03682,   0.06985,   0.04523,   0.02062,  -0.07785,   0.06985,  -0.07785,   0.06985,  -0.00236,   0.03703,  -0.02533,  -0.04831,   0.01733,  -0.00892,   0.05508,   0.07641,  -0.00892,   0.02554,   0.00092,  -0.01877,  -0.04339,  -0.00892,  -0.03846,   0.11580,  -0.02862,   0.07969,  -0.08770,   0.00913,   0.02718,   0.08462,   0.02062,   0.02554,   0.01405,   0.00749,  -0.10739,  -0.01221,  -0.01221,   0.05016,  -0.00892,   0.02226,  -0.07129,   0.03867,  -0.01713,  -0.03518,   0.00420,  -0.03846,   0.03867,  -0.01056,   0.04687,   0.00913,   0.05344,  -0.01877,  -0.01056,   0.04523,  -0.00236,  -0.04831,  -0.04831,  -0.02041,  -0.00072,  -0.03190,   0.03374,  -0.00728,  -0.02369,   0.00420,  -0.04831,  -0.00564,  -0.00728,  -0.02533,   0.01733,   0.01241,  -0.01877,  -0.01385,  -0.01385,   0.03703,   0.00256,   0.05016,  -0.06144,   0.08954,  -0.04995,  -0.01877,   0.02226,   0.04523,  -0.05816,   0.03046,  -0.04175,   0.01405,   0.05508,   0.00256,   0.04359,   0.08954,  -0.01549,   0.04851,   0.06328,   0.04523,  -0.02369,  -0.01385,  -0.02862,  -0.03190,  -0.02533,  -0.00400,  -0.03682,  -0.01385,  -0.02369,   0.07477,  -0.01713,  -0.05652,   0.02718,   0.10923,   0.01405,   0.02226,   0.04031,  -0.08934,  -0.08277,   0.07477,  -0.00564,  -0.03026,  -0.00400,   0.01897,  -0.03354,  -0.01877,  -0.05487,  -0.00400,  -0.08441,  -0.03354,  -0.01877,  -0.01221,   0.01077,  -0.01221,  -0.04010,  -0.03518,   0.03374,   0.02554,   0.00420,  -0.01385,  -0.00564,  -0.04010,  -0.03354,   0.06328,   0.01405,  -0.02041,  -0.05816,  -0.03026,  -0.04339,   0.05508,   0.00256,  -0.02698,   0.02062,  -0.04339,   0.00420,   0.04687,  -0.01549,   0.06657,   0.05672,  -0.01221,   0.00585,  -0.02862,   0.01569,  -0.00728,   0.04031,  -0.00400,  -0.08441,  -0.00564,  -0.04995,   0.00585,   0.03374,   0.02554,   0.10431,  -0.00400,   0.00913,  -0.04339,  -0.02862,   0.11580,  -0.00400,   0.02718,  -0.00728,  -0.02533,  -0.00236,  -0.04010,  -0.03190,   0.01569,  -0.04503,   0.02062,   0.01077,   0.01077,  -0.07785,  -0.00236,  -0.03354,  -0.04175,  -0.01877,   0.06821,   0.00092,  -0.06308,  -0.00728,  -0.02533,  -0.05652,   0.08462,  -0.02533,  -0.04831,   0.03046,   0.01569,   0.00420,  -0.06144,   0.06657,  -0.05323,   0.03539,   0.03046,  -0.01221,   0.05180,   0.06328,   0.00585,  -0.00400,  -0.01549,   0.01241,  -0.07129,  -0.00072,   0.03374,   0.01405,  -0.05980,   0.02226,  -0.02698,   0.02882,  -0.01221,  -0.05487,   0.03210,   0.01405,  -0.03846,   0.04195,  -0.02533,   0.00256,  -0.02698,   0.01241,  -0.03026,   0.08954,   0.05672,   0.00749,   0.03703,   0.05672,   0.02390,   0.00749,   0.01077,  -0.02533,   0.01405,   0.02882,   0.01569,  -0.05323,   0.08134,  -0.03354,   0.07641,   0.01241,  -0.07457,  -0.04010,  -0.03682
  -0.03846,  -0.04010,   0.00585,  -0.07949,   0.00585,  -0.04175,  -0.03354,   0.04523,   0.02718,   0.05016,  -0.08441,   0.02226,  -0.00236,  -0.00728,  -0.04175,   0.03374,  -0.03026,  -0.00892,  -0.03846,  -0.03190,   0.02062,  -0.01221,   0.05672,   0.06164,   0.00913,  -0.05816,  -0.06472,  -0.09262,   0.04359,  -0.06472,   0.03539,   0.00256,   0.02226,  -0.00400,   0.02390,  -0.00400,  -0.02533,  -0.03518,   0.01897,  -0.05980,  -0.00728,   0.00749,   0.01569,   0.02718,  -0.02205,  -0.07457,  -0.01549,   0.06000,  -0.00400,  -0.04667,   0.06164,   0.03210,   0.03374,   0.04195,   0.01077,  -0.04831,  -0.04339,  -0.03518,  -0.01221,   0.00749,   0.03539,  -0.08770,  -0.05652,   0.00585,   0.08298,   0.03703,   0.00749,   0.01569,   0.01241,   0.00749,  -0.03190,  -0.03190,   0.07477,  -0.02862,  -0.01221,   0.01569,  -0.01056,  -0.03026,  -0.02205,  -0.06472,  -0.00072,  -0.02041,   0.05672,   0.02390,  -0.06144,   0.03046,   0.01569,   0.01405,  -0.06800,  -0.00400,   0.00420,  -0.04667,  -0.00236,  -0.02041,   0.06985,  -0.03846,   0.00585,   0.02554,  -0.00400,  -0.07785,   0.08462,  -0.00236,  -0.01385,  -0.00892,  -0.02041,  -0.01549,   0.03046,  -0.04667,   0.01897,   0.03374,   0.02554,   0.03703,  -0.06144,  -0.00072,   0.05836,   0.00256,   0.04523,  -0.10739,   0.03210,  -0.05816,  -0.02369,  -0.02369,   0.04523,   0.01241,  -0.02041,   0.02718,   0.06492,  -0.01385,  -0.07621,   0.03210,   0.03867,  -0.03026,   0.04031,   0.01405,  -0.02041,   0.03046,   0.03210,  -0.03354,  -0.04503,   0.02882,   0.02882,  -0.01056,   0.01241,   0.02554,   0.06328,  -0.00400,   0.01569,   0.00585,  -0.01549,   0.05180,   0.02718,  -0.04503,   0.03703,  -0.03026,  -0.02041,   0.07149,  -0.04010,  -0.06144,   0.00913,  -0.03846,  -0.00892,  -0.03190,   0.05836,   0.03703,   0.00913,  -0.03026,  -0.00892,   0.03374,  -0.01385,   0.03210,   0.05672,   0.06492,   0.01077,  -0.01221,  -0.00892,   0.04359,   0.01569,   0.03703,   0.00749,  -0.05487,  -0.01549,  -0.05816,  -0.03190,   0.05836,  -0.03354,  -0.03518,  -0.00564,  -0.00400,   0.01077,   0.02390,  -0.03518,  -0.01877,  -0.00564,  -0.04339,   0.09775,  -0.00564,  -0.02862,   0.01077,  -0.03682,  -0.02369,   0.04851,  -0.02041,  -0.00072,  -0.00892,  -0.02369,   0.03703,   0.02390,   0.06328,   0.00420,  -0.01877,   0.02718,  -0.05323,   0.02062,   0.00749,  -0.04667,   0.05672,   0.08790,  -0.12544,  -0.00728,  -0.01056,  -0.00728,  -0.01056,   0.06000,   0.00256,  -0.03354,   0.08790,   0.01241,   0.04031,  -0.03354,   0.01405,  -0.06964,  -0.05487,  -0.00892,  -0.04503,  -0.03518,   0.00913,   0.10759,  -0.04339,   0.02390,  -0.03518,   0.02882,  -0.08113,  -0.02533,  -0.00400,   0.03539,  -0.06144,  -0.00072,  -0.02041,  -0.01056,  -0.01221,  -0.02533,  -0.03682,  -0.01056,  -0.07785,   0.01077,  -0.04503,  -0.05159,   0.00420,   0.01897,  -0.01385,  -0.01056,   0.00585,   0.02882,   0.08134,  -0.03518,   0.05180,  -0.02369,   0.05180,  -0.03026,   0.03703,  -0.03682,  -0.00728,   0.06164,   0.00256,   0.04851,   0.06000,   0.00749,  -0.04995,  -0.00564,  -0.05980,  -0.01221,   0.03374,  -0.04667,   0.04195,   0.00749,  -0.04831,  -0.00892,   0.08298,  -0.02205,  -0.02205,  -0.02041,  -0.03354,   0.04195,  -0.03846,  -0.06800,  -0.03190,   0.03867,  -0.00728,   0.01569,   0.02390,   0.05180,  -0.03682,   0.01733,   0.03210,  -0.01877,  -0.02533,  -0.03026,  -0.01713,   0.05016,   0.06164,   0.12236,  -0.09426,  -0.00564,  -0.00236,   0.01241,  -0.00728,   0.07477,  -0.02205,  -0.00728,   0.00749,  -0.01877,   0.03867,  -0.09590,   0.01897,  -0.01549,  -0.07129,   0.00256,   0.06000,  -0.02862,  -0.02862,  -0.02041,  -0.06964,  -0.01549,   0.01405,   0.03539,  -0.04831,   0.05180,  -0.00072,   0.05508,   0.01241,  -0.01877,   0.01569,   0.04851,   0.10595,  -0.01877,  -0.06636,  -0.02533,  -0.01056,   0.04359,   0.00256,   0.02390,  -0.01221,  -0.01877,  -0.05487,  -0.04995,  -0.00072,  -0.00564,   0.02882,   0.00256,  -0.01221,  -0.03846,   0.02554,   0.00092,   0.03703,   0.06657,   0.00092,  -0.06964,   0.00749,  -0.05323,  -0.04831,  -0.05652,  -0.00728,  -0.08113,   0.05016,  -0.00728,  -0.01549,  -0.02205,   0.05180,  -0.00236,  -0.03682,  -0.05159,   0.00420,   0.03046,  -0.03026,  -0.02369,   0.01733,  -0.03354,  -0.00400,   0.00913,   0.00420,   0.00256,  -0.00892,   0.06985,   0.06985,  -0.01713,  -0.04010,   0.01241,   0.06985,   0.01897,  -0.02533,   0.07969,  -0.01549,   0.00256,  -0.01385,   0.01241,   0.07477,  -0.00072,  -0.00892,   0.03374,   0.03210,  -0.00236,   0.06657,   0.00585,   0.00585,   0.02062,  -0.04339,  -0.01713,   0.01733,  -0.03190,   0.00585,  -0.07621,  -0.00728,  -0.01385,  -0.01056,  -0.02698,  -0.01056,  -0.05159,   0.03539,   0.08626,   0.00913,   0.01569,   0.03210,   0.03210,   0.00092,   0.06985,  -0.00236,   0.02554,   0.01733,  -0.05816,   0.04523,   0.07149,   0.11088,  -0.05816,  -0.01549,   0.02718,  -0.01221,  -0.01877,   0.02390,   0.01569,  -0.02698,   0.00913,   0.01897,  -0.03354,   0.01897,   0.01733,   0.04195,   0.10595,  -0.08277,   0.00092,  -0.00072,   0.05508,   0.02554,  -0.02205,  -0.00236,  -0.01877,  -0.03190,  -0.05323,   0.01077,  -0.01385,   0.03867,   0.07477,  -0.10247,   0.01733,   0.00092,  -0.05487,   0.01077,  -0.03518,   0.02554,  -0.00400,  -0.07293,   0.02390,  -0.05980,   0.00256,   0.00420,  -0.03190,   0.01405,   0.14370,   0.02554,  -0.02862,  -0.04175,  -0.00564,   0.02390,  -0.00728,  -0.03190,   0.04687,  -0.00728,  -0.03682,  -0.01056,   0.02062,   0.09775,  -0.02041,  -0.05980,  -0.04010,   0.00749,  -0.03026,  -0.02041,  -0.01877,  -0.00400,   0.03539,  -0.03518,  -0.07129,   0.01241,  -0.07457,   0.01405,   0.02718,   0.04687,  -0.03026,   0.02062,  -0.01056,   0.02882,   0.05836,  -0.03354,   0.01569,   0.01733,   0.04359,   0.01733,   0.03703,   0.01733,  -0.05487,  -0.03518,   0.03867,   0.01077,   0.01241,   0.03374,  -0.04175,   0.04359,  -0.00072,  -0.02862,   0.04687,  -0.05652,  -0.03026,  -0.03026,  -0.05323,  -0.04010,   0.03703,  -0.01877,   0.01569,   0.01897,  -0.03518,   0.01405,  -0.01385,   0.05344,   0.05180,   0.00749,   0.04687,   0.05180,   0.04687,  -0.00564,  -0.04503,   0.03374,   0.04195,   0.06821,   0.02554,  -0.03682,   0.04359,   0.04195,   0.00749,   0.11416,   0.01569,  -0.03026,   0.04687,   0.01733,  -0.02369,  -0.02041,  -0.02041,  -0.02862,  -0.04010,  -0.01549,  -0.00072,  -0.00236,  -0.01713,   0.01405,  -0.03026,   0.00092,  -0.00892,  -0.00072,  -0.03190,  -0.02041,  -0.04339,   0.00420,  -0.09262,   0.04687,  -0.00892,   0.01897,   0.03046,   0.00092,   0.00420,   0.00585,  -0.03518,   0.02554,   0.02554,   0.05016,   0.02554,  -0.01877,   0.05672,  -0.03682,  -0.02862,   0.01405,  -0.00236,   0.03867,  -0.07785,  -0.00728,  -0.01713,  -0.10739,   0.04195,  -0.06636,  -0.06308,   0.01897,   0.00420,   0.02062,  -0.03518,  -0.04995,   0.04851,   0.07477,  -0.07293,  -0.01713,  -0.01056,  -0.00400,  -0.03682,  -0.03846,   0.00256,   0.06000,  -0.04667,  -0.00892,   0.00913,  -0.00400,   0.03539,   0.01569,   0.05508,  -0.01549,  -0.04339,  -0.05487,   0.01733,  -0.04175,  -0.02205,  -0.03518,  -0.00564,  -0.04175,  -0.00564,   0.06821,  -0.01385,   0.01733,  -0.01221,   0.03374,  -0.08441,   0.01569,   0.00913,   0.00092,   0.06000,  -0.01056,   0.02554,  -0.05652,   0.03703,  -0.04010,   0.01897,   0.02226,  -0.06144,  -0.04995,  -0.05487,  -0.00400,  -0.03846,  -0.01385,   0.03374,  -0.01877,  -0.01713,   0.04851,  -0.01713,   0.02390,   0.01077,   0.00585,  -0.06964,  -0.04503,  -0.01221,   0.00092,  -0.04175,  -0.04831,   0.01897,  -0.06144,  -0.01713,  -0.00072,   0.03867,  -0.01221,   0.02390,  -0.02862,  -0.00564,   0.03867,  -0.05980,   0.00256,   0.03046,   0.00749,  -0.01877,  -0.04995,  -0.01713,   0.04031,  -0.04175,  -0.00236,  -0.06472,   0.04195,   0.12236,  -0.02369,  -0.04995,   0.01897,  -0.05652,  -0.02862,  -0.04010,  -0.05487,   0.00913,   0.01733,   0.01733,  -0.07621,   0.08954,   0.03210,  -0.01385,  -0.07293,   0.03210,  -0.01221,   0.00585,   0.03374,   0.01733,  -0.00564,   0.02062,   0.00256,  -0.00072,   0.01569,   0.01241,   0.04359,  -0.04995,  -0.06472,   0.05672,  -0.02205,  -0.03190,  -0.03354,  -0.11395,   0.09282,   0.00749,   0.03867,  -0.04995,   0.02882,   0.00913,  -0.03846,   0.02226,  -0.04010,   0.02390,  -0.03846,  -0.03682,   0.02882,   0.00420,  -0.00400,  -0.00564,  -0.05159,   0.13385,   0.06821,  -0.03026,   0.02226,  -0.02205,   0.05836,   0.02226,   0.02062,  -0.00400,   0.03539,  -0.06636,   0.10103,  -0.01056,   0.00420,  -0.01385,  -0.00400,   0.01897,  -0.09098,  -0.01221,   0.06492,  -0.03354,   0.03210,   0.04687,   0.00092,   0.10267,  -0.00072,   0.04687,   0.06821,   0.01733,  -0.08605,  -0.05980,   0.02882,   0.05180,   0.00913,   0.01733,  -0.00892,  -0.05487,  -0.00072,   0.01405,  -0.02041,  -0.01385,   0.04851,  -0.04339,   0.01077,  -0.05816,  -0.05980,  -0.04995,   0.00420,   0.04359,  -0.03518,   0.05016,  -0.05980,  -0.04995,   0.00749,  -0.09590,   0.02226,  -0.00072,  -0.02862,  -0.08113,  -0.03026,  -0.00072,   0.01077,  -0.00236,   0.00585,  -0.04175,   0.00420,  -0.04503,  -0.01385,  -0.02862,   0.05344,   0.03703,  -0.10903,   0.02718,  -0.09098,  -0.02369,  -0.04010,  -0.00892,   0.02718,  -0.02369,   0.03046,   0.01405,  -0.07129,  -0.00400,  -0.00892,  -0.03190,   0.00585,   0.02718,   0.00420,   0.02554,  -0.08113,   0.05016,   0.01733,  -0.01385,   0.03867,  -0.02369,  -0.01549,   0.07149,  -0.04831,   0.00913,  -0.03026,  -0.05487,  -0.00400,   0.00092,   0.04195,   0.09118,  -0.04010,  -0.02698,  -0.02533,   0.06164,  -0.03354,   0.01733,   0.05180,   0.02882,   0.00585,   0.00420,   0.01569,  -0.03190,   0.02226,  -0.08113,   0.00420,  -0.00892,   0.07149,   0.04359,   0.01241,   0.05344,  -0.01385,  -0.01713,   0.06657,   0.04359,   0.00256,  -0.02698,  -0.05159,  -0.07785,  -0.03026,   0.06821,   0.07641,   0.03867,  -0.02698,  -0.03518,   0.04195,   0.03210,  -0.10575,  -0.02205,  -0.05652,  -0.00728,  -0.06308,   0.03539,  -0.10082,   0.13057,   0.02062,   0.05016,   0.05016,   0.15026,  -0.04339,   0.02390,  -0.02533,   0.07313,   0.00749,  -0.05323,  -0.00400,   0.06000,  -0.02698,  -0.02698,   0.01077,  -0.02698,   0.00256,   0.07149,   0.08462,  -0.01221,   0.02390,   0.03539,   0.10267,   0.02882,  -0.02369,   0.06000,   0.06328,   0.01241,   0.02390,   0.04359,   0.01569,   0.02718,   0.02718,   0.01405,   0.10103,   0.00585,   0.02062,   0.04687,  -0.05159,  -0.03518,  -0.03846,   0.01077,   0.03374,  -0.03846,   0.00913,   0.03374,   0.00420,   0.01077,   0.03539,  -0.01549,   0.03703,  -0.02862,   0.00256,  -0.01056,   0.01733,   0.02226,  -0.06144,  -0.02205,  -0.01713,  -0.03518,  -0.05816,   0.00092,   0.06492,  -0.09426,   0.08298,  -0.01877,   0.00585,   0.05344,  -0.03518,   0.02062,  -0.05487,  -0.02205,   0.05180,  -0.02205,  -0.03518,   0.00749,   0.01405,  -0.00400,   0.02062,   0.01897,   0.00256,  -0.05487,   0.01897,   0.00092,  -0.00728,   0.00585,  -0.00728,  -0.03682,  -0.04175,  -0.02862,   0.01077,   0.02882,   0.03867,  -0.06308,   0.01241,   0.02226,  -0.01056,  -0.02205,   0.01897,   0.00749,  -0.02041,   0.03703,   0.06000,  -0.05652,   0.00585,   0.05344,  -0.00400,  -0.00400,   0.06492,  -0.03518,  -0.06308,  -0.04995,  -0.11231,  -0.00236,   0.02390
   0.03374,  -0.01877,  -0.00728,   0.04359,   0.00585,   0.04195,  -0.03846,   0.07805,   0.05672,   0.04851,  -0.00892,  -0.00564,   0.02390,   0.03046,   0.00420,   0.02718,  -0.00728,   0.00585,  -0.04831,  -0.04995,  -0.03846,   0.07477,  -0.00400,   0.02390,  -0.03026,   0.04195,   0.02882,   0.05180,   0.00913,  -0.09426,   0.01897,  -0.04831,   0.05016,   0.06000,  -0.00072,  -0.02369,   0.00092,  -0.07785,  -0.00564,  -0.00728,  -0.00072,  -0.02041,  -0.03846,  -0.06800,   0.00749,   0.03210,  -0.04995,  -0.03518,   0.02062,   0.00092,   0.00585,   0.01405,  -0.00892,   0.03539,   0.04523,   0.00749,  -0.03190,  -0.02041,   0.02718,  -0.02533,   0.04359,  -0.02698,   0.00420,   0.01733,   0.04195,  -0.01221,  -0.02041,   0.03374,   0.05672,  -0.04503,   0.05836,  -0.00072,  -0.01056,  -0.05652,   0.01733,  -0.07293,  -0.03026,   0.01733,   0.02554,   0.02062,  -0.02205,   0.01897,  -0.02698,   0.01897,  -0.01056,  -0.01877,  -0.02533,   0.05180,   0.04523,   0.00749,  -0.01385,   0.00913,   0.09282,  -0.05487,  -0.01385,   0.01405,  -0.07949,  -0.04831,   0.04359,   0.05344,  -0.00892,  -0.06144,   0.04851,  -0.04339,   0.01405,   0.07149,  -0.01221,   0.01897,   0.05672,  -0.02041,  -0.00400,  -0.00236,  -0.02041,  -0.04339,  -0.00728,   0.07969,   0.05836,   0.04359,   0.07805,   0.02226,   0.05016,  -0.02041,   0.02718,  -0.02369,  -0.01549,  -0.07457,  -0.08277,  -0.01713,  -0.03518,   0.05344,   0.08790,  -0.00236,   0.02882,   0.00585,   0.02226,   0.11416,  -0.03682,  -0.01221,  -0.06144,   0.03046,  -0.06308,  -0.01385,   0.01897,  -0.01549,  -0.00400,  -0.05159,   0.03046,   0.04359,  -0.03518,  -0.00728,   0.02390,  -0.02369,  -0.03354,   0.07477,   0.00256,  -0.07785,   0.07641,   0.03046,   0.01569,  -0.04010,  -0.04831,  -0.03026,   0.04359,  -0.01385,  -0.08605,   0.05344,  -0.00728,  -0.08770,  -0.07949,  -0.01713,  -0.01385,   0.06164,   0.00256,   0.05344,  -0.01877,  -0.01056,  -0.04010,   0.06328,   0.02718,  -0.06636,  -0.07457,  -0.04995,   0.09282,  -0.05159,   0.03867,  -0.02369,   0.01077,   0.05016,   0.00256,   0.07477,  -0.00564,  -0.01385,  -0.02698,  -0.02369,  -0.10082,   0.02226,  -0.00728,   0.01405,   0.08954,   0.09118,   0.08626,   0.03374,  -0.10575,   0.08790,   0.00092,  -0.03354,  -0.03846,  -0.03846,  -0.02533,  -0.06964,   0.04687,   0.05016,  -0.03026,  -0.04831,   0.00913,  -0.07457,  -0.00072,   0.02390,   0.06000,  -0.02698,  -0.00236,   0.07477,  -0.01056,   0.02062,   0.01241,   0.03210,  -0.05323,  -0.00892,   0.03867,   0.01733,  -0.00072,   0.07641,   0.03374,   0.03867,   0.01077,   0.05344,  -0.05159,  -0.05980,   0.03210,  -0.05652,   0.01569,  -0.00400,   0.00420,   0.00256,  -0.03682,  -0.00892,  -0.00072,  -0.03682,  -0.07457,  -0.02698,   0.04523,   0.04523,   0.04031,  -0.01221,   0.01733,  -0.05816,  -0.00236,   0.06164,   0.02554,  -0.02041,   0.02390,  -0.03190,   0.04195,   0.00420,   0.00585,  -0.02698,  -0.02533,   0.02226,  -0.01056,  -0.05487,  -0.05652,  -0.01877,  -0.02041,  -0.04667,   0.05016,  -0.09098,   0.00749,   0.05016,   0.03046,  -0.00072,   0.03046,  -0.00400,   0.06985,   0.06657,  -0.08770,   0.05344,   0.05016,   0.00420,  -0.01713,  -0.02533,  -0.03190,  -0.01877,  -0.02698,  -0.07293,  -0.03518,   0.00256,  -0.07621,   0.05180,   0.07149,   0.00749,  -0.00400,  -0.03190,   0.00913,  -0.00400,   0.01405,  -0.06800,  -0.03190,   0.07805,   0.03539,  -0.03518,   0.04031,  -0.02533,   0.02062,  -0.08441,   0.04195,  -0.00892,   0.00913,   0.02226,   0.07477,   0.04359,   0.04523,  -0.07785,  -0.02533,   0.03867,  -0.00400,   0.02226,  -0.12052,   0.00585,   0.04195,  -0.02698,  -0.03190,   0.09446,  -0.01713,  -0.00892,   0.06985,   0.03867,  -0.04667,   0.02062,  -0.01056,  -0.00564,  -0.02533,  -0.04667,  -0.00236,   0.03374,   0.01897,   0.00585,  -0.07129,   0.09118,   0.01241,  -0.02041,   0.00749,   0.09775,   0.00585,   0.02226,   0.00092,  -0.03846,   0.04195,   0.08954,  -0.01549,   0.02718,   0.01897,  -0.00564,  -0.02533,   0.01405,  -0.00728,   0.01241,  -0.05816,  -0.02041,   0.06657,  -0.05816,   0.03046,   0.00749,   0.13057,  -0.05487,  -0.02533,   0.03210,  -0.01713,   0.01405,   0.07313,   0.06821,  -0.08770,  -0.00728,  -0.04339,   0.00256,   0.05836,   0.04851,   0.10103,  -0.00400,  -0.04010,   0.07149,  -0.14677,   0.05672,  -0.02533,  -0.00072,   0.00256,   0.03867,   0.00913,   0.08298,  -0.03682,  -0.03026,  -0.06964,   0.08134,   0.02226,   0.01241,  -0.07949,   0.04031,   0.01241,   0.03867,   0.00913,  -0.01056,  -0.02533,   0.03210,  -0.00072,   0.04031,   0.04523,  -0.03846,   0.08790,   0.01569,   0.01405,  -0.03026,  -0.07457,   0.03539,   0.11088,   0.04195,  -0.08605,  -0.00728,   0.01733,  -0.01221,   0.05508,   0.02390,   0.02226,  -0.04503,   0.07149,  -0.03846,  -0.03354,   0.03539,  -0.03026,   0.00420,  -0.08770,  -0.04667,  -0.03026,   0.03046,  -0.02862,  -0.05487,  -0.05980,  -0.04175,   0.09775,   0.01405,   0.02390,   0.06000,  -0.03518,   0.08298,   0.01733,  -0.03026,   0.05180,  -0.03682,   0.03867,  -0.05816,  -0.00564,   0.04523,  -0.02041,  -0.07457,  -0.00564,   0.02718,   0.04687,   0.02390,   0.13057,   0.00092,   0.06985,  -0.01056,  -0.08441,  -0.01549,  -0.01221,   0.05836,  -0.00400,  -0.01385,   0.00913,   0.00420,  -0.00892,  -0.01056,   0.03210,  -0.07621,  -0.02205,   0.01241,  -0.02862,   0.04031,   0.05344,   0.01241,   0.05508,  -0.01713,  -0.00728,  -0.01877,  -0.01385,   0.01897,  -0.04175,   0.01733,  -0.01877,  -0.02698,   0.01241,  -0.07293,   0.03374,  -0.04995,   0.01569,  -0.02369,  -0.02205,  -0.04667,   0.02882,   0.03703,   0.03046,  -0.01549,   0.02882,  -0.01221,   0.04523,  -0.03190,   0.05180,   0.01241,   0.06985,   0.04031,  -0.08277,   0.00256,   0.00913,  -0.00236,   0.01405,  -0.04175,   0.02062,   0.02226,   0.01077,  -0.01713,   0.02226,  -0.00564,   0.04851,  -0.00072,  -0.03846,   0.02390,   0.02390,  -0.00728,  -0.06964,  -0.02041,   0.01405,  -0.06636,  -0.01877,   0.01077,   0.01405,  -0.05159,   0.06985,   0.00256,  -0.06308,  -0.03846,   0.00256,   0.04031,   0.01897,   0.03539,  -0.02041,  -0.03846,   0.03210,  -0.04503,  -0.00564,  -0.03846,  -0.06472,   0.00420,   0.00913,  -0.00072,   0.06492,   0.01897,   0.00749,  -0.04339,  -0.01056,  -0.00400,  -0.00564,  -0.05323,  -0.00564,  -0.00892,   0.00585,  -0.02205,   0.03046,   0.02226,  -0.02041,  -0.02862,   0.04359,  -0.05487,  -0.00892,   0.05180,  -0.04503,   0.04359,   0.08790,   0.00749,   0.02062,  -0.03026,  -0.02862,  -0.08770,   0.03539,  -0.00400,   0.01405,   0.06328,   0.02718,   0.05508,   0.04195,  -0.00564,   0.06164,   0.01405,  -0.03846,   0.01077,   0.01569,   0.02718,  -0.00564,   0.01569,   0.12400,   0.01077,   0.02554,  -0.00236,   0.03867,   0.00092,  -0.02533,  -0.01549,  -0.01713,   0.04523,   0.00913,   0.05344,   0.05836,  -0.05159,   0.02062,  -0.03354,  -0.01221,   0.00420,   0.04523,   0.00585,   0.05508,   0.05180,   0.07313,   0.01569,  -0.02698,  -0.03682,   0.00256,  -0.03354,   0.00092,   0.04851,   0.06328,   0.02554,   0.09282,  -0.01713,   0.00749,  -0.05159,   0.01077,   0.01733,  -0.01221,   0.03867,   0.02882,   0.05344,  -0.05980,  -0.05487,  -0.04010,   0.00256,  -0.04831,   0.05508,  -0.00072,   0.09446,  -0.03026,  -0.02041,   0.07969,   0.00585,   0.07313,   0.01897,  -0.04503,  -0.00892,  -0.00236,  -0.00072,  -0.03190,   0.04359,   0.02390,   0.02062,  -0.01713,   0.02062,  -0.01877,  -0.04503,  -0.05323,   0.07805,  -0.00564,   0.01733,   0.00420,  -0.01221,  -0.00400,   0.02226,  -0.07129,   0.05016,   0.03210,  -0.00564,   0.00092,   0.01241,  -0.05980,   0.01405,  -0.06472,   0.01897,   0.03703,  -0.00400,   0.00913,  -0.00072,  -0.02041,   0.05344,  -0.03518,  -0.02041,  -0.04667,  -0.04995,   0.03210,  -0.01713,   0.01733,  -0.03026,  -0.00892,  -0.01549,  -0.00072,   0.06000,  -0.00072,   0.05344,   0.03046,   0.02062,   0.01241,  -0.01385,   0.03867,  -0.03354,   0.02226,   0.03046,   0.01077,   0.03046,  -0.00236,  -0.00564,   0.00420,  -0.05816,   0.00420,  -0.00236,   0.09775,   0.00749,   0.01241,  -0.04175,  -0.02698,  -0.07293,  -0.10575,   0.04851,  -0.05159,   0.07805,   0.02882,   0.07313,   0.00420,   0.06821,   0.04031,  -0.05980,  -0.02369,  -0.02533,  -0.03518,  -0.00564,  -0.01549,  -0.01221,   0.01897,   0.04851,   0.01569,   0.02062,  -0.01385,  -0.02369,   0.07149,  -0.01056,   0.08626,   0.01569,  -0.00072,   0.00585,   0.04031,  -0.01549,   0.00913,   0.06492,  -0.04339,  -0.01549,   0.06328,  -0.01385,  -0.03518,   0.06492,   0.06985,   0.00913,  -0.03682,   0.06164,  -0.04339,  -0.06636,  -0.05980,  -0.00236,  -0.01385,   0.03703,   0.02226,  -0.00236,   0.01077,  -0.06800,   0.00749,   0.00585,  -0.01713,  -0.02862,  -0.06964,  -0.03026,   0.09118,  -0.06964,   0.02882,  -0.03190,   0.02390,   0.02554,   0.00092,  -0.03518,  -0.03682,   0.02390,   0.02062,  -0.01877,  -0.01713,   0.03210,   0.03374,   0.00913,  -0.05816,  -0.02533,   0.05344,   0.12236,   0.00256,  -0.04503,   0.05016,   0.01405,   0.00092,  -0.05652,   0.03703,  -0.02862,   0.05344,   0.02882,   0.01241,  -0.06144,   0.01569,   0.04359,  -0.05323,  -0.00892,  -0.01877,  -0.03026,   0.06492,  -0.06472,   0.01733,  -0.02533,   0.00092,   0.01241,  -0.04010,   0.00749,  -0.04831,   0.09118,   0.08462,  -0.03026,   0.01569,   0.06657,  -0.03518,   0.04359,  -0.03190,  -0.05816,  -0.00072,   0.00749,  -0.00728,  -0.00072,  -0.00236,  -0.00400,  -0.06636,  -0.02533,  -0.00236,  -0.05816,  -0.04339,   0.00420,  -0.12872,   0.02718,  -0.01221,   0.04359,  -0.04010,  -0.01385,  -0.04831,  -0.04175,  -0.00564,   0.05180,  -0.02041,   0.00749,   0.00256,   0.01077,   0.04031,  -0.02698,  -0.02205,   0.02882,   0.01569,  -0.01713,   0.04687,   0.01077,  -0.05487,  -0.00564,   0.05344,  -0.01549,  -0.01385,   0.00913,   0.04523,   0.03867,  -0.01221,   0.05508,  -0.04175,   0.01569,   0.05836,   0.03210,   0.00913,  -0.04010,  -0.05159,  -0.04339,  -0.03682,  -0.01221,  -0.01221,   0.06164,  -0.02698,   0.13057,   0.00585,   0.03210,  -0.02041,  -0.00236,  -0.02533,   0.06164,   0.03539,   0.07313,   0.02390,   0.04523,  -0.09918,   0.02390,  -0.01549,  -0.07457,   0.04359,  -0.07621,  -0.00728,  -0.00400,  -0.05323,   0.02062,  -0.00892,   0.03374,   0.01077,  -0.02533,  -0.06308,  -0.00400,  -0.03190,  -0.02533,  -0.04503,   0.01569,  -0.01056,  -0.05323,  -0.00564,   0.00256,   0.01569,  -0.04503,   0.01733,   0.00749,   0.03374,   0.00749,  -0.01877,   0.00749,  -0.00564,   0.03539,  -0.04995,   0.08298,  -0.01056,   0.04523,  -0.01056,  -0.00072,   0.01241,  -0.04503,  -0.02205,   0.00420,  -0.06636,   0.05344,   0.03374,   0.01241,  -0.01877,   0.04031,  -0.05159,  -0.07621,  -0.01056,   0.05016,  -0.03190,  -0.04831,   0.02554,  -0.05652,  -0.08605,  -0.01877,   0.02390,  -0.02533,   0.10431,   0.02062,  -0.00564,   0.03867,   0.01897,   0.04031,   0.02226,   0.02226,  -0.01877,  -0.02698,  -0.03026,  -0.01221,  -0.00728,   0.02554,   0.01077,  -0.02369,   0.00256,  -0.08277,  -0.04667,  -0.01713,   0.04195,   0.06328,  -0.02369,  -0.07949,  -0.11231,   0.01733,   0.00420,   0.00420,   0.02554,   0.01077,   0.08298,   0.02226,   0.04523,  -0.00236,  -0.00564,   0.02390,   0.05016,  -0.06964,  -0.03026,   0.03210,  -0.05816,   0.00585,  -0.04010,   0.01733,  -0.04339,  -0.05816
   0.03374,   0.06492,   0.04687,  -0.07457,  -0.08605,  -0.00072,  -0.01877,   0.00585,  -0.01385,  -0.01221,  -0.02533,  -0.02533,   0.03046,   0.01569,   0.04031,  -0.04010,  -0.09754,   0.02882,   0.03046,   0.01241,   0.02226,   0.03046,   0.01077,  -0.04667,  -0.06636,  -0.06636,  -0.08277,   0.04687,  -0.05816,   0.01241,   0.04195,   0.00913,  -0.03518,   0.04523,   0.04687,   0.05180,  -0.04010,  -0.04667,  -0.03190,  -0.01713,   0.00749,   0.05344,   0.10431,   0.03539,   0.00420,  -0.06144,  -0.06800,  -0.03026,  -0.00236,  -0.04503,   0.09282,   0.02718,  -0.05980,   0.02554,   0.02226,   0.04687,   0.04687,   0.01897,   0.02554,  -0.01056,  -0.02041,  -0.02041,  -0.03518,  -0.00072,   0.03703,   0.03046,  -0.02862,   0.08954,   0.06657,   0.00913,  -0.01713,   0.06000,  -0.03518,  -0.04175,   0.03374,  -0.00236,   0.03867,  -0.03518,  -0.00892,  -0.00892,   0.02062,  -0.00072,   0.08462,   0.00256,  -0.11559,   0.02882,   0.03703,   0.03046,  -0.00564,   0.02718,   0.03046,  -0.01385,  -0.03190,  -0.02533,   0.02226,  -0.04995,   0.02554,   0.02226,  -0.00728,  -0.02041,  -0.05323,   0.03539,  -0.06472,   0.02882,  -0.01877,   0.01241,  -0.02205,  -0.01221,   0.01405,  -0.10575,   0.06821,   0.09118,  -0.02369,  -0.03846,  -0.05159,   0.02554,   0.00749,   0.00256,   0.01733,  -0.02862,   0.00256,   0.01077,  -0.05487,  -0.00400,  -0.00236,  -0.03190,  -0.08277,   0.02718,  -0.00400,   0.01569,  -0.03682,  -0.06800,  -0.00892,  -0.02698,   0.06328,  -0.00728,  -0.03190,   0.03867,  -0.02698,  -0.03682,   0.00749,   0.07313,   0.04523,  -0.01056,   0.00092,  -0.03026,   0.04195,  -0.07293,   0.04031,  -0.01056,   0.04523,   0.03867,   0.05344,   0.03374,  -0.02041,  -0.07457,  -0.06800,  -0.03354,  -0.04010,   0.00585,   0.01077,   0.01241,   0.04851,   0.00585,   0.01733,   0.00256,  -0.02862,  -0.06964,  -0.08113,   0.01733,  -0.10411,   0.03703,   0.00256,  -0.03026,  -0.05323,  -0.08277,   0.03703,   0.00092,  -0.00400,  -0.00236,   0.00585,   0.00749,   0.04195,   0.01569,   0.11416,  -0.06964,  -0.06800,  -0.04339,   0.00420,  -0.00072,  -0.02041,  -0.00892,  -0.04995,  -0.05980,  -0.05652,   0.00420,   0.04851,  -0.00728,  -0.00564,   0.02882,  -0.04503,  -0.02862,   0.04195,   0.01897,   0.03867,   0.02062,  -0.00072,   0.01733,  -0.03354,   0.04523,   0.02390,  -0.00236,  -0.02205,   0.04851,  -0.04339,  -0.03026,  -0.06800,   0.01241,   0.03210,   0.01241,  -0.02205,  -0.03354,   0.04359,  -0.02862,  -0.06144,   0.06328,   0.06657,   0.02062,  -0.01713,   0.03539,   0.06328,   0.03046,  -0.04175,  -0.08605,  -0.00728,  -0.04503,   0.00585,   0.02882,   0.00092,  -0.03518,  -0.03682,   0.06000,  -0.02041,  -0.02205,   0.01405,  -0.04175,   0.00913,   0.00585,  -0.01221,  -0.00072,  -0.04503,  -0.01877,   0.04523,  -0.03026,   0.01733,   0.01241,   0.01897,  -0.03518,   0.04195,   0.02390,   0.03374,  -0.04503,  -0.02862,   0.07477,  -0.04667,   0.00913,   0.04031,  -0.07129,  -0.01549,  -0.02862,  -0.03354,   0.03539,  -0.00236,  -0.06800,  -0.04503,  -0.04175,  -0.01221,   0.00420,  -0.01056,  -0.03682,  -0.03682,  -0.02205,   0.00092,   0.04851,  -0.01385,   0.02390,   0.02554,   0.03210,  -0.02205,  -0.03518,   0.05508,  -0.04667,   0.01241,   0.05672,  -0.00236,   0.00913,  -0.01549,   0.00749,  -0.07949,   0.04851,  -0.04175,  -0.01713,   0.03867,  -0.02041,  -0.06800,  -0.05323,   0.00749,  -0.02862,   0.03539,   0.05180,   0.04031,  -0.04175,  -0.03518,  -0.07621,  -0.01877,   0.02718,  -0.05323,  -0.04667,  -0.03846,   0.03046,   0.04359,   0.01733,   0.01569,   0.05836,   0.00420,  -0.01877,  -0.03846,  -0.04175,  -0.06472,  -0.01056,  -0.03682,   0.03867,   0.07477,  -0.00564,   0.02226,  -0.10082,  -0.00892,   0.01897,   0.01897,  -0.06308,   0.00092,   0.02062,   0.02226,   0.02554,   0.01733,   0.04359,   0.05836,  -0.04175,  -0.00400,  -0.01056,  -0.03190,  -0.01877,   0.04687,  -0.01549,  -0.00728,  -0.03190,   0.02718,   0.03703,   0.00585,  -0.00728,   0.00420,  -0.02041,  -0.02698,  -0.02698,  -0.05980,  -0.03518,  -0.01221,  -0.04503,  -0.04339,   0.05508,   0.07641,   0.01897,  -0.03026,  -0.03354,   0.00749,   0.02718,   0.08462,   0.03046,  -0.00728,   0.06821,   0.00092,   0.00092,   0.05836,   0.00749,   0.02554,   0.09446,  -0.02533,  -0.02698,   0.02554,   0.03374,  -0.04995,  -0.02369,   0.02390,   0.01405,  -0.04010,   0.09446,  -0.03518,   0.00913,   0.06164,   0.07805,   0.02554,   0.01569,   0.01733,   0.01733,  -0.02862,   0.04851,   0.00092,  -0.04503,   0.06657,   0.04523,  -0.04831,  -0.01549,   0.02062,  -0.03846,   0.03703,  -0.01385,  -0.00892,  -0.00564,   0.03210,  -0.04339,  -0.00236,   0.04031,   0.04031,   0.01569,   0.01077,   0.03703,   0.00420,  -0.01056,   0.05672,  -0.02041,   0.02718,  -0.02698,  -0.03682,  -0.03026,   0.01897,  -0.02369,   0.04195,  -0.07785,  -0.02698,  -0.04010,   0.00092,  -0.01549,  -0.04995,   0.02554,  -0.00892,   0.12893,   0.01733,  -0.03354,  -0.03682,  -0.07129,   0.03703,   0.01405,   0.06000,  -0.03190,  -0.02205,   0.04359,  -0.04175,  -0.06636,   0.04031,   0.06821,   0.01405,  -0.06964,   0.01569,   0.05016,   0.00092,   0.02882,   0.04031,  -0.06636,  -0.00564,   0.00256,  -0.07949,   0.04031,   0.03539,   0.00913,   0.02226,  -0.04831,   0.04851,   0.00749,   0.03046,  -0.06472,   0.02554,   0.04523,   0.03867,  -0.01056,  -0.06144,   0.05836,   0.06657,  -0.02698,  -0.00892,   0.01733,   0.05836,   0.00913,   0.04031,   0.05344,   0.00585,  -0.04175,  -0.05652,  -0.00564,  -0.03190,   0.00420,  -0.01056,  -0.05159,   0.06328,  -0.01221,  -0.05323,   0.03374,   0.05508,  -0.09262,   0.00749,   0.00256,   0.07805,   0.03210,   0.04195,   0.03210,   0.03703,  -0.02862,   0.06492,  -0.04010,   0.03867,  -0.01221,  -0.00400,  -0.02862,  -0.02862,   0.00913,   0.05344,   0.08298,   0.06000,  -0.05487,  -0.01221,   0.03210,   0.03867,  -0.00072,  -0.03026,   0.01569,   0.03210,  -0.12708,   0.02390,  -0.01877,  -0.04503,  -0.01056,   0.05508,   0.00256,  -0.02369,  -0.04175,   0.05344,   0.01405,  -0.02205,  -0.08770,  -0.01221,   0.01077,  -0.02369,   0.02390,   0.03046,  -0.00400,   0.00749,   0.01077,  -0.03354,   0.00913,  -0.04175,  -0.03354,  -0.03518,   0.02062,   0.03703,   0.00420,  -0.02205,   0.01405,   0.03046,   0.02882,  -0.01713,   0.00749,  -0.05159,   0.10923,   0.06000,   0.01733,   0.03046,  -0.03354,  -0.03354,   0.03539,   0.04195,  -0.00400,  -0.00236,  -0.01221,  -0.00564,   0.00585,   0.07805,  -0.10575,   0.01897,  -0.00564,  -0.01877,   0.03210,  -0.00564,  -0.03518,  -0.09098,  -0.04503,  -0.02369,  -0.02533,   0.06000,  -0.00564,   0.04031,  -0.00564,  -0.05652,  -0.03846,  -0.01877,   0.05016,   0.01077,   0.07805,  -0.03354,  -0.01549,  -0.00400,   0.01569,  -0.07293,  -0.12380,   0.07477,  -0.03190,  -0.01221,  -0.04831,   0.04687,   0.00420,   0.02390,  -0.06636,  -0.07293,  -0.03354,   0.04031,   0.01897,  -0.01385,   0.03539,  -0.00236,  -0.02041,  -0.03846,  -0.02041,   0.02718,   0.05344,  -0.02369,  -0.03518,  -0.00728,  -0.02041,  -0.01713,   0.04031,   0.05016,   0.02882,   0.06985,  -0.08441,  -0.04339,  -0.03682,  -0.05323,  -0.05323,   0.02718,   0.08626,   0.02882,  -0.04175,   0.01897,  -0.00236,  -0.11559,   0.00092,  -0.02369,  -0.00072,   0.05344,   0.04195,  -0.01713,   0.02718,  -0.01713,   0.03867,   0.01897,   0.02062,   0.00749,  -0.02862,   0.05672,  -0.01877,  -0.01549,  -0.01549,   0.03703,   0.01569,  -0.00072,  -0.02862,   0.02062,   0.03703,  -0.10411,   0.01733,  -0.00400,   0.01077,  -0.01056,   0.07313,  -0.04010,   0.04851,   0.03703,  -0.04831,   0.01077,   0.02554,   0.02390,   0.01569,   0.05016,  -0.00728,   0.01241,   0.02390,  -0.01221,  -0.03682,   0.10431,  -0.07129,   0.05508,  -0.08934,   0.07477,   0.00092,   0.03046,  -0.04175,   0.04031,  -0.08113,   0.08298,  -0.03190,   0.02390,  -0.01056,  -0.02533,   0.02062,   0.00585,  -0.06964,  -0.05323,   0.00256,  -0.06800,   0.00585,  -0.02698,  -0.00728,   0.07805,  -0.00892,   0.05836,  -0.03026,   0.06164,  -0.01056,   0.02554,  -0.03026,  -0.02533,   0.01405,   0.02062,  -0.05816,  -0.04667,   0.06985,   0.00749,  -0.02041,  -0.03354,   0.05016,   0.03703,   0.04359,   0.02554,   0.05016,  -0.06144,  -0.06636,  -0.04667,  -0.06636,   0.03374,   0.02390,  -0.04831,  -0.02369,   0.00092,   0.05016,   0.05508,   0.05180,  -0.01056,   0.02390,   0.05836,  -0.07621,  -0.02533,   0.01077,   0.05672,  -0.07949,   0.00420,   0.07805,   0.08298,  -0.00400,  -0.03846,  -0.00400,   0.05180,   0.05508,  -0.01385,  -0.08605,   0.00585,  -0.03354,  -0.17960,  -0.03354,   0.00585,  -0.05980,   0.00420,   0.04687,   0.04359,  -0.02533,   0.04031,  -0.05816,   0.03703,  -0.08441,  -0.05652,   0.02554,   0.05344,   0.00256,  -0.03682,  -0.01549,   0.00420,  -0.01549,   0.03703,   0.04687,   0.05016,   0.03046,   0.00092,   0.02554,   0.00420,   0.06000,  -0.03518,  -0.02369,  -0.04831,   0.02882,   0.00092,   0.00092,   0.08954,   0.03703,  -0.00728,   0.05180,  -0.01877,   0.02718,  -0.05816,  -0.05487,   0.02390,   0.07969,  -0.04667,  -0.03846,   0.05672,   0.06000,   0.03046,  -0.02205,  -0.05816,   0.08954,  -0.00072,   0.03046,  -0.04339,  -0.01385,  -0.04175,  -0.00564,  -0.01877,  -0.01056,   0.00749,   0.05672,   0.08790,   0.05344,  -0.07129,   0.06328,   0.04851,  -0.01221,  -0.00400,   0.01405,  -0.02205,   0.03046,   0.02390,   0.00256,   0.01733,   0.05180,  -0.02862,   0.03210,   0.00749,  -0.01877,  -0.00400,  -0.04339,  -0.01056,  -0.05323,   0.02554,  -0.04175,   0.04687,  -0.00072,  -0.01549,   0.08626,   0.00913,  -0.00400,   0.00256,   0.02390,   0.03703,   0.02882,   0.02718,  -0.05980,   0.03867,   0.03046,   0.02718,   0.01569,   0.04031,  -0.05980,   0.01897,  -0.00564,  -0.02698,   0.03867,  -0.06144,  -0.06144,  -0.04667,   0.03867,   0.09282,   0.04195,   0.08462,  -0.01221,  -0.07129,   0.00749,   0.06821,   0.00913,   0.03374,  -0.07785,  -0.05323,   0.01405,  -0.07621,   0.05672,  -0.08113,  -0.03354,  -0.00072,   0.10759,   0.01405,   0.07969,   0.03703,  -0.03026,   0.02554,  -0.00072,   0.01733,  -0.00072,  -0.03026,   0.04523,   0.05344,  -0.02533,   0.06492,   0.02062,   0.01569,  -0.05487,   0.02390,  -0.03518,  -0.01385,   0.04195,   0.05672,   0.02226,  -0.00892,   0.02062,  -0.03682,  -0.00400,   0.06821,  -0.01056,  -0.03682,  -0.01385,   0.01405,  -0.07785,   0.01569,   0.01569,   0.00256,   0.03046,   0.00092,  -0.10082,  -0.04339,  -0.08277,   0.05344,   0.04359,   0.02554,  -0.06636,   0.00420,   0.08626,  -0.03190,   0.04031,   0.01241,   0.01733,  -0.02862,   0.08790,  -0.00892,  -0.03682,  -0.03354,   0.04687,  -0.04010,  -0.01549,  -0.07293,   0.01241,  -0.03682,  -0.04010,  -0.01056,  -0.02698,  -0.01385,  -0.06308,   0.02390,   0.04359,  -0.02862,   0.03374,  -0.00072,  -0.01056,   0.06492,   0.00749,   0.01733,  -0.04667,  -0.00400,  -0.07129,  -0.02205,   0.03539,   0.01241,  -0.02862,  -0.01056,   0.00256,   0.06492,  -0.02205,  -0.04339,  -0.01221,  -0.03026,  -0.03682,   0.03867,  -0.07621,   0.00420,   0.02882,   0.07149,   0.02390,  -0.06636,  -0.00400,   0.01897,   0.00749,  -0.00400,  -0.06964,   0.12072,  -0.03026,  -0.01221,   0.05344,  -0.01877,  -0.03354,   0.01897,  -0.02369,   0.01241,  -0.04339,  -0.01549,   0.00749,  -0.01056,   0.03210,  -0.04667,  -0.00564,   0.03046,  -0.00400
  -0.00072,  -0.13365,  -0.04995,  -0.03518,  -0.04010,  -0.01713,   0.03539,   0.02226,   0.07969,  -0.01385,  -0.02862,   0.05508,   0.03867,  -0.02698,  -0.02533,   0.03210,   0.02718,   0.03046,  -0.03354,  -0.07457,   0.02390,   0.06492,   0.08134,   0.07149,   0.00092,   0.05180,   0.00256,   0.03046,   0.00585,  -0.01877,   0.04359,  -0.06800,  -0.00564,  -0.01056,  -0.00072,   0.06821,   0.00913,  -0.01877,   0.06492,  -0.00236,   0.00256,  -0.06472,  -0.07621,   0.06328,   0.04359,   0.04851,  -0.06144,  -0.02698,  -0.02698,   0.04359,  -0.01056,  -0.08605,   0.05836,  -0.04995,   0.03539,   0.01077,  -0.01056,  -0.05487,   0.07477,  -0.01056,  -0.01549,   0.06657,  -0.08441,   0.03210,  -0.04010,  -0.02533,   0.04031,  -0.00892,   0.00092,  -0.02698,   0.00256,   0.03046,  -0.02533,  -0.11888,   0.01077,  -0.01549,  -0.00892,   0.02554,   0.02226,   0.13713,  -0.00400,   0.06164,  -0.03026,   0.04523,   0.00749,   0.00585,   0.03210,   0.13221,   0.00585,  -0.06964,   0.01405,   0.01241,  -0.00236,  -0.02205,  -0.00400,  -0.00072,   0.01077,  -0.11724,   0.01733,  -0.04667,   0.06492,  -0.10411,   0.04031,   0.02390,   0.00585,   0.03539,   0.01897,  -0.13201,   0.05672,  -0.09098,  -0.03846,   0.04359,   0.12400,   0.06328,  -0.04339,   0.01241,   0.03539,   0.00420,  -0.03190,   0.00585,   0.03046,  -0.03682,   0.00420,   0.01241,  -0.05487,   0.06164,  -0.01713,   0.03374,   0.00256,   0.01897,   0.06164,  -0.04175,   0.05836,   0.05508,   0.00913,  -0.00236,  -0.01056,  -0.05980,  -0.05487,   0.00585,   0.02062,  -0.01056,  -0.03518,   0.04687,   0.00256,  -0.10739,   0.09282,   0.02062,   0.01569,   0.01733,  -0.02205,   0.00256,   0.06657,   0.08954,  -0.00236,  -0.01221,  -0.07785,   0.04359,  -0.08605,   0.02390,   0.01077,   0.02062,   0.00913,  -0.05159,  -0.04831,   0.01405,   0.05180,  -0.01549,  -0.01713,  -0.03682,  -0.05652,   0.06657,  -0.04175,  -0.02533,   0.02226,  -0.04175,   0.01897,   0.03703,  -0.04831,  -0.00892,  -0.06636,  -0.02698,   0.01733,   0.05508,  -0.03190,  -0.08441,   0.06328,   0.01897,  -0.05816,  -0.01549,  -0.03846,   0.06000,  -0.01056,  -0.07293,  -0.04010,   0.01733,  -0.04339,  -0.01221,  -0.03190,   0.01405,  -0.01385,  -0.02041,   0.00420,  -0.01713,   0.01733,  -0.00564,  -0.04339,  -0.10739,  -0.02041,  -0.03190,  -0.03518,   0.03539,  -0.05652,  -0.03190,   0.01897,   0.00092,  -0.04339,   0.04195,   0.03046,   0.00420,  -0.02205,  -0.02205,   0.00913,   0.04851,   0.10103,   0.11088,  -0.03518,  -0.02369,  -0.06472,   0.04851,   0.14862,  -0.03682,   0.01405,   0.00585,   0.00913,   0.01897,  -0.09262,  -0.00400,  -0.02533,  -0.01385,   0.04359,  -0.02205,   0.03210,  -0.02533,  -0.01221,   0.04851,  -0.00728,  -0.03190,   0.02554,   0.05016,   0.03703,  -0.00400,  -0.02041,  -0.03518,   0.01569,  -0.07949,   0.03374,   0.04851,   0.03374,   0.01405,   0.02718,   0.00420,   0.02226,   0.01241,   0.04359,  -0.08277,  -0.00892,   0.03867,   0.06328,  -0.04339,   0.07805,  -0.00400,   0.06328,  -0.02533,   0.05016,  -0.05980,   0.08954,  -0.04667,   0.01733,   0.11580,   0.02062,   0.04359,  -0.05980,  -0.01713,  -0.04995,  -0.00236,  -0.01549,   0.03539,  -0.01056,   0.03210,  -0.00072,   0.01405,   0.01077,   0.04523,  -0.05816,  -0.05980,   0.04523,   0.08462,   0.00749,   0.05672,   0.10267,  -0.04503,   0.03046,   0.00913,   0.04031,   0.05180,   0.04523,   0.03867,   0.07313,  -0.01221,  -0.06144,   0.01077,   0.04031,  -0.05652,   0.01077,  -0.01056,  -0.00400,  -0.09426,   0.03539,   0.03210,   0.14534,   0.04031,  -0.03026,   0.01241,  -0.08277,   0.01405,   0.12072,   0.05016,  -0.04339,   0.05016,  -0.02533,   0.06821,   0.09282,  -0.04010,   0.03210,   0.00420,   0.04851,   0.01569,  -0.00236,  -0.09754,   0.02062,   0.01241,   0.00256,   0.02390,  -0.03354,  -0.00564,   0.01897,   0.01077,  -0.10575,  -0.04010,  -0.01713,  -0.07293,   0.06985,   0.00256,   0.04031,  -0.02041,   0.00256,  -0.03190,  -0.01056,   0.05672,   0.11416,  -0.04995,   0.05180,  -0.00728,   0.00913,  -0.04175,  -0.00236,   0.02718,  -0.04503,   0.03210,  -0.03026,  -0.03354,   0.05344,   0.01077,  -0.02533,  -0.09098,   0.02554,   0.01733,   0.02062,  -0.00728,  -0.03354,   0.00092,   0.10595,   0.01897,  -0.06964,   0.02062,  -0.04339,  -0.06308,  -0.02533,  -0.00236,  -0.03354,   0.08298,   0.02718,  -0.00236,   0.04195,  -0.02369,   0.02390,   0.01077,   0.04523,   0.03703,  -0.00892,   0.00913,   0.01897,   0.03374,   0.09939,   0.01405,  -0.07621,  -0.09426,   0.00256,   0.00092,   0.01733,   0.02390,   0.04195,  -0.00892,   0.02390,  -0.02862,   0.03374,   0.00420,  -0.07293,   0.01405,   0.06328,   0.01569,   0.02718,  -0.00728,   0.08954,  -0.00892,  -0.01549,   0.00913,   0.04359,   0.00420,  -0.11067,   0.05836,  -0.00892,  -0.02698,   0.01241,  -0.01549,   0.04195,   0.05016,   0.02718,  -0.02862,   0.06000,  -0.00400,  -0.01056,  -0.02369,   0.02226,  -0.02205,   0.02554,  -0.01549,   0.00420,  -0.07949,  -0.01056,  -0.01713,   0.04195,  -0.06308,   0.01405,  -0.02862,   0.04359,   0.01405,   0.04523,  -0.07129,   0.02062,  -0.05487,   0.05016,   0.00585,   0.00749,   0.01405,  -0.08277,   0.00913,  -0.04339,   0.05344,  -0.08441,   0.01405,  -0.05980,  -0.04010,  -0.00564,  -0.00072,   0.05344,   0.09118,   0.09446,   0.03539,   0.04523,  -0.02533,   0.08626,   0.00913,   0.00420,   0.01897,  -0.00072,   0.01897,  -0.03190,   0.03210,   0.01405,   0.03867,   0.06657,  -0.07293,  -0.04339,  -0.00236,  -0.06964,  -0.00892,   0.03210,   0.06492,  -0.02369,   0.00256,  -0.03846,   0.00256,  -0.01877,   0.00420,   0.06000,   0.02062,   0.03867,   0.01241,   0.02226,  -0.05980,  -0.01549,  -0.11395,   0.02718,   0.02718,   0.10431,  -0.02205,   0.05180,  -0.00400,   0.01241,   0.03374,   0.02062,  -0.01549,  -0.04175,  -0.00400,   0.01405,  -0.01385,  -0.01221,   0.02226,   0.03046,   0.02882,  -0.06144,  -0.01549,  -0.00236,  -0.08113,  -0.02205,  -0.02698,   0.05508,  -0.03518,  -0.04831,  -0.00236,   0.02554,  -0.03518,   0.03867,  -0.00072,  -0.03026,  -0.02533,  -0.00892,   0.05344,  -0.05159,  -0.02862,   0.02554,  -0.03026,   0.00256,  -0.08605,  -0.01221,  -0.07129,  -0.04010,   0.02062,   0.03539,   0.03210,  -0.02533,   0.06328,  -0.05980,  -0.01221,   0.04851,  -0.08113,   0.10595,   0.00256,  -0.04503,  -0.05980,   0.06985,   0.01405,  -0.01713,   0.06164,  -0.00728,   0.06164,   0.07641,   0.04195,   0.01897,  -0.07949,   0.04687,   0.03374,   0.03046,   0.03867,   0.02882,  -0.00236,   0.00256,   0.08626,   0.00256,  -0.03518,   0.02062,   0.04851,  -0.04175,   0.07313,   0.02554,   0.00749,   0.06000,  -0.02862,  -0.00564,  -0.01385,  -0.05159,   0.01897,  -0.03846,   0.00420,  -0.06964,  -0.05816,   0.00913,  -0.01385,   0.05836,   0.00749,   0.05344,  -0.04667,   0.07477,  -0.00400,   0.00256,  -0.05323,  -0.04010,  -0.03518,  -0.00236,  -0.07457,   0.05344,   0.05016,   0.00420,  -0.05980,  -0.04831,  -0.04010,   0.02554,  -0.01549,   0.04031,  -0.00072,  -0.02533,  -0.05323,  -0.02533,   0.01897,   0.07477,   0.05344,  -0.00892,   0.01569,   0.00585,   0.04195,   0.00420,   0.02226,  -0.00728,   0.07313,   0.03539,   0.04031,   0.04195,   0.01569,  -0.01385,   0.01241,  -0.02369,   0.05344,  -0.01385,   0.05344,  -0.05816,  -0.02862,   0.03703,  -0.02698,  -0.00072,   0.00420,   0.05672,   0.05344,   0.07969,  -0.05323,   0.02062,   0.04523,   0.01897,   0.02718,   0.03046,   0.01405,   0.04031,   0.01241,   0.05672,   0.10923,   0.05344,   0.04851,  -0.08441,   0.02882,   0.01077,   0.01241,   0.01241,   0.13713,  -0.05652,  -0.02533,  -0.04339,   0.00913,   0.04851,   0.00256,  -0.01549,  -0.03682,   0.00256,   0.04031,   0.03210,  -0.00400,  -0.07129,  -0.02533,   0.02718,  -0.05159,   0.05016,   0.00092,   0.00749,  -0.00728,   0.02062,   0.05344,  -0.04175,  -0.04667,   0.03046,   0.00913,  -0.07621,  -0.04175,  -0.08113,  -0.01549,   0.11580,   0.07313,  -0.03518,   0.00585,  -0.00400,   0.01569,   0.05672,   0.01569,  -0.00728,   0.04523,   0.06657,  -0.01385,  -0.01221,   0.01405,   0.01405,  -0.08770,   0.02390,  -0.03026,  -0.06636,   0.03703,  -0.09918,   0.01897,  -0.02041,   0.02554,   0.06328,   0.02554,  -0.08770,   0.08134,  -0.00728,  -0.00564,  -0.08605,   0.00913,   0.02718,  -0.05652,   0.02554,  -0.04010,   0.02390,   0.02882,  -0.08113,   0.08790,  -0.06472,  -0.00892,  -0.03682,  -0.02698,  -0.04831,   0.00092,  -0.00892,  -0.02862,   0.00749,   0.05016,  -0.03682,   0.02390,   0.02882,  -0.03354,   0.08134,  -0.05159,  -0.02698,   0.10267,   0.01405,   0.06492,  -0.00400,   0.06164,  -0.02533,  -0.05816,  -0.03354,  -0.05652,  -0.03354,  -0.00564,   0.07149,   0.06657,  -0.01877,   0.03703,  -0.04503,   0.00420,   0.01405,  -0.03682,  -0.00564,  -0.05159,  -0.03190,  -0.07293,  -0.02369,   0.02554,   0.02554,  -0.03846,   0.07477,  -0.02698,  -0.01549,  -0.01713,   0.06657,  -0.01877,   0.02226,   0.01241,   0.03867,  -0.03518,  -0.05816,   0.01897,   0.01733,   0.06328,  -0.07457,  -0.02205,   0.00092,   0.05836,  -0.07293,   0.03867,  -0.03026,   0.02882,   0.08626,   0.03703,  -0.00892,  -0.05323,   0.08298,   0.03210,   0.07969,  -0.06636,   0.01569,  -0.03026,   0.03046,   0.01897,   0.03374,   0.03046,   0.04195,   0.03374,  -0.00400,   0.02554,   0.06492,  -0.01549,  -0.05816,  -0.00564,   0.05672,  -0.01877,   0.06164,   0.02554,   0.07805,   0.01405,  -0.03518,   0.04031,  -0.05652,   0.02554,   0.01897,   0.03210,  -0.00400,   0.05180,   0.03867,   0.00749,  -0.13693,   0.01405,   0.02718,   0.01897,  -0.11724,   0.00420,  -0.04995,   0.03374,  -0.00892,  -0.03518,  -0.01221,   0.06821,  -0.04667,   0.02390,   0.04851,   0.02226,   0.02226,  -0.02205,   0.01241,   0.00092,   0.02882,  -0.11067,   0.01241,   0.00420,   0.00913,   0.00913,  -0.02041,  -0.01385,   0.12893,   0.06492,   0.12236,  -0.02369,  -0.04503,   0.01405,   0.00585,   0.05344,  -0.00564,  -0.02533,   0.04523,   0.00585,   0.01241,   0.07805,   0.02390,  -0.06800,   0.05508,  -0.07457,  -0.00728,   0.05180,   0.01733,  -0.02205,   0.01569,   0.00256,  -0.04010,  -0.04339,  -0.04175,  -0.02862,  -0.03518,   0.01569,   0.01241,   0.01405,   0.01733,   0.04359,   0.04031,  -0.05159,   0.03867,  -0.01713,  -0.03190,  -0.13529,  -0.00400,   0.01077,   0.02554,  -0.03026,   0.03210,  -0.04995,   0.00585,   0.03867,   0.00749,  -0.04831,   0.03539,  -0.02862,  -0.02862,  -0.05487,  -0.05159,   0.00256,  -0.02533,  -0.02041,   0.01897,   0.00420,  -0.00728,  -0.00564,   0.08134,   0.09775,   0.02390,   0.04195,   0.07969,  -0.06144,   0.00913,   0.01569,   0.04031,  -0.05323,   0.02390,  -0.05487,  -0.04667,   0.03374,   0.09611,   0.06492,   0.01077,   0.03210,  -0.03846,   0.02390,  -0.02369,  -0.05323,  -0.03518,  -0.08605,  -0.03682,   0.04195,   0.04195,   0.06821,   0.00420,   0.00256,  -0.04010,   0.00420,  -0.00564,  -0.04010,   0.00749,   0.00092,   0.08134,   0.10595,  -0.01385,   0.03046,   0.00092,   0.00092,  -0.06144,   0.01405,  -0.01385,   0.02226,  -0.06472,  -0.10575,  -0.04503,  -0.09754,   0.07313,   0.00913,  -0.04831,  -0.02533,  -0.03846,   0.02718,   0.01241,  -0.09590,   0.07641,  -0.02698,  -0.10739,  -0.02533,  -0.03354,  -0.02041,   0.06821,  -0.00892,  -0.03354,   0.00256,   0.04851,   0.06164,   0.00749,   0.00913,  -0.01713,  -0.00892,   0.02554,  -0.00072
  -0.00072,   0.02718,   0.05836,  -0.02041,   0.02062,   0.06000,  -0.04503,  -0.05980,  -0.00236,  -0.00236,  -0.03026,   0.05344,  -0.01713,   0.02718,  -0.00728,  -0.01385,   0.07969,  -0.00728,  -0.03026,   0.03539,  -0.02533,  -0.01877,  -0.03846,  -0.00564,  -0.00564,   0.06821,  -0.01385,   0.01733,  -0.01877,   0.03703,   0.00585,  -0.03026,   0.02226,   0.06000,   0.03539,   0.00913,  -0.00892,  -0.00728,   0.06000,  -0.05487,  -0.07457,  -0.02041,  -0.08605,  -0.04831,   0.08626,  -0.05487,  -0.01056,   0.00256,   0.05508,  -0.01549,   0.03703,  -0.00892,  -0.02533,  -0.00564,  -0.00236,  -0.02698,   0.02390,  -0.01221,  -0.08441,   0.02226,  -0.09918,  -0.03190,  -0.04667,  -0.00236,  -0.03518,   0.02226,  -0.03026,   0.02554,  -0.00400,   0.08298,   0.09775,   0.03539,  -0.03518,  -0.04503,  -0.05980,  -0.01713,   0.06657,   0.02390,  -0.05323,   0.10923,   0.05672,  -0.05323,  -0.00728,   0.02390,   0.00092,  -0.00400,  -0.03682,   0.00420,  -0.08441,   0.02882,  -0.01713,  -0.03846,  -0.00236,  -0.00400,  -0.02205,  -0.02862,  -0.05159,  -0.06472,   0.03703,   0.05344,   0.01241,   0.00913,   0.06657,   0.06164,   0.10267,  -0.13036,  -0.00400,   0.03210,   0.03539,   0.05672,  -0.02862,  -0.09262,   0.02882,   0.02226,  -0.01549,  -0.02205,   0.01405,  -0.04339,   0.02390,  -0.06472,   0.02554,   0.02062,   0.01077,  -0.04175,   0.05344,   0.00585,  -0.06964,   0.06492,  -0.00892,  -0.01713,   0.00913,  -0.00564,   0.01569,   0.03539,   0.02390,  -0.00236,  -0.03846,  -0.08441,  -0.00728,   0.00420,  -0.05816,   0.04031,  -0.02862,   0.05180,   0.02718,  -0.02041,   0.01241,  -0.04175,   0.04359,  -0.02369,   0.02554,   0.05508,  -0.01056,   0.05180,   0.06000,  -0.02698,   0.00913,  -0.05487,   0.00420,  -0.02041,   0.02718,  -0.00400,   0.09775,   0.00749,   0.03046,   0.05344,   0.00092,  -0.08934,   0.06492,   0.00092,   0.03539,   0.03374,  -0.04010,  -0.06636,  -0.06964,   0.00749,   0.01405,  -0.02698,   0.04031,  -0.07293,   0.07149,  -0.00236,   0.01405,  -0.01221,   0.01733,   0.05672,   0.01733,   0.02554,   0.04851,  -0.02041,   0.03374,   0.00420,  -0.01385,   0.08134,   0.02226,   0.00585,  -0.04831,  -0.03354,   0.03703,  -0.09754,   0.01241,  -0.02698,   0.02226,   0.02718,   0.04687,  -0.03026,   0.06000,  -0.06472,  -0.00400,  -0.03026,  -0.02205,   0.02226,   0.08790,   0.02882,  -0.02041,  -0.01549,  -0.06144,   0.03374,  -0.06144,   0.05508,  -0.00236,   0.01897,  -0.04503,   0.04523,   0.03703,   0.00420,   0.08298,   0.01077,  -0.05980,  -0.07949,   0.00913,  -0.00072,  -0.00236,   0.04031,   0.00585,  -0.07293,   0.08790,  -0.03518,   0.02554,   0.03210,   0.03046,   0.02718,   0.03703,  -0.00728,  -0.02698,   0.07805,  -0.02698,  -0.08441,   0.02390,  -0.02698,   0.05180,   0.03703,  -0.03026,   0.00420,  -0.06308,   0.03703,   0.03210,  -0.05816,  -0.04995,   0.02390,  -0.01056,   0.02062,  -0.07949,  -0.02205,  -0.00892,  -0.04339,   0.04031,  -0.01877,  -0.04667,  -0.02369,   0.00420,   0.00420,   0.03703,   0.00092,  -0.00400,  -0.00072,  -0.02369,   0.02062,  -0.08934,   0.01733,   0.04031,  -0.01713,  -0.03190,  -0.00892,  -0.10247,   0.01405,   0.00256,   0.00092,   0.02226,   0.03046,   0.02718,   0.04851,   0.04523,   0.02718,  -0.04339,   0.03703,  -0.00072,   0.07313,  -0.02533,   0.05180,   0.01241,  -0.00400,  -0.01385,  -0.01221,   0.00585,   0.03374,   0.01897,   0.00749,   0.01405,  -0.00236,   0.07805,   0.06164,   0.04195,  -0.06964,   0.04031,  -0.02862,  -0.03518,  -0.05323,  -0.00400,  -0.04010,   0.00420,  -0.06308,  -0.00072,  -0.01385,   0.00092,  -0.05323,   0.00256,   0.04031,  -0.03518,  -0.09426,   0.01569,   0.01897,  -0.00728,  -0.00236,   0.01897,  -0.03026,  -0.00072,  -0.00236,   0.03210,  -0.02205,   0.00749,  -0.03026,  -0.04010,   0.02226,  -0.04010,   0.01733,  -0.05652,   0.02226,   0.03374,   0.02882,  -0.01877,   0.03539,  -0.00564,   0.00913,   0.01241,  -0.03846,  -0.02533,   0.03046,  -0.01713,  -0.03846,  -0.01221,  -0.02862,  -0.06144,  -0.01549,   0.03539,  -0.02205,   0.03374,  -0.03354,   0.07313,   0.01241,   0.02390,   0.02062,  -0.00564,  -0.04339,   0.06985,  -0.05159,   0.00749,   0.02718,  -0.02205,  -0.00564,   0.03046,   0.02226,   0.06000,   0.00092,  -0.05652,  -0.01877,  -0.08441,  -0.06964,  -0.01056,   0.05672,   0.02390,   0.05836,  -0.03026,   0.05836,   0.01897,  -0.02698,  -0.12380,   0.03046,  -0.01221,   0.01569,  -0.02698,  -0.03518,   0.08790,   0.03210,  -0.05159,   0.02554,  -0.05816,  -0.06308,  -0.01385,   0.00749,   0.01077,   0.00585,  -0.07293,  -0.09754,   0.04523,   0.03374,  -0.04175,  -0.05652,   0.07805,  -0.00236,   0.01241,  -0.02041,  -0.01221,   0.03210,   0.02390,  -0.00400,  -0.04175,  -0.04831,   0.07805,   0.05508,  -0.00728,   0.05508,  -0.02041,   0.00913,  -0.00236,   0.05836,  -0.03518,  -0.00400,   0.01897,  -0.00728,  -0.05980,  -0.05816,   0.00913,   0.02554,  -0.03354,   0.00420,   0.02390,   0.02390,  -0.03682,  -0.00400,  -0.00072,  -0.03518,  -0.03190,   0.03539,   0.01569,   0.00585,   0.03867,   0.05180,  -0.01713,  -0.08934,   0.04687,   0.03867,   0.07477,   0.06985,  -0.03190,  -0.08770,   0.00913,   0.09118,   0.01569,   0.03210,   0.00256,  -0.00400,  -0.03026,   0.06000,  -0.03190,  -0.00236,  -0.04831,   0.00256,   0.03703,   0.06985,   0.03867,   0.02554,  -0.04667,   0.01733,  -0.00728,  -0.04831,  -0.02369,   0.01569,   0.01077,   0.00585,  -0.01385,  -0.00564,   0.03539,  -0.01221,   0.01569,   0.00420,   0.00585,   0.00256,  -0.00400,   0.00749,  -0.02041,  -0.00236,   0.03046,   0.00749,  -0.03354,   0.02882,  -0.09426,   0.07969,  -0.00072,  -0.02205,  -0.01549,   0.01077,   0.02882,  -0.01549,   0.05672,   0.00585,   0.01569,   0.04195,  -0.00892,   0.00256,   0.03210,  -0.04339,  -0.02205,  -0.03518,  -0.02533,  -0.04667,  -0.02698,  -0.04831,   0.02390,   0.02226,   0.03703,   0.00749,   0.01405,   0.03374,  -0.03026,   0.00092,  -0.09098,   0.01733,  -0.04667,  -0.00892,  -0.07129,   0.00420,  -0.06308,  -0.09098,   0.07641,   0.03374,   0.03046,  -0.05816,  -0.02369,   0.03046,  -0.00564,  -0.02205,  -0.06636,  -0.04995,  -0.04175,   0.06657,  -0.02533,   0.04851,  -0.01549,  -0.07457,   0.02554,   0.01241,  -0.08770,  -0.04503,  -0.00236,   0.04523,   0.01569,   0.07477,   0.04195,   0.00092,   0.01405,  -0.05159,   0.02390,  -0.00728,   0.05016,   0.00749,  -0.00892,   0.00256,   0.04031,   0.03703,  -0.02041,   0.03210,   0.05672,   0.08626,  -0.05652,  -0.05323,  -0.09754,   0.01241,  -0.02533,  -0.01056,   0.03539,  -0.04503,  -0.03354,  -0.07621,  -0.03682,   0.05180,  -0.02369,   0.02882,  -0.00400,   0.02062,  -0.00072,  -0.00236,  -0.00892,   0.01241,   0.02390,   0.01077,   0.03210,   0.00913,   0.00092,  -0.00564,   0.04359,   0.00913,   0.05508,   0.00749,   0.04523,  -0.00564,   0.01077,  -0.02041,  -0.08441,   0.01569,  -0.01549,   0.03210,   0.05672,   0.01241,  -0.07621,  -0.05816,   0.04195,  -0.07457,   0.03374,   0.06492,   0.00585,   0.02718,   0.01405,   0.00749,  -0.06472,  -0.06308,  -0.02041,   0.00256,   0.00092,  -0.04175,  -0.02369,  -0.01221,   0.03046,  -0.02041,   0.02062,  -0.01713,  -0.00400,  -0.01713,   0.03046,  -0.05323,  -0.03026,  -0.04667,   0.01405,   0.00420,  -0.04175,  -0.00728,   0.02718,   0.02390,   0.05344,   0.00913,   0.01241,  -0.05980,  -0.01056,  -0.03354,  -0.01056,  -0.03682,  -0.00728,  -0.01877,  -0.03354,   0.02882,   0.00420,  -0.05816,   0.02226,  -0.01056,  -0.07949,   0.04687,  -0.04503,   0.02882,   0.04523,  -0.04010,  -0.01056,  -0.01549,  -0.03846,   0.01897,  -0.04010,   0.00585,   0.03210,   0.00585,   0.00092,   0.03210,   0.01897,  -0.08113,   0.06821,   0.03539,  -0.03190,  -0.02862,  -0.01056,   0.00420,   0.04031,  -0.07785,   0.06821,  -0.04831,   0.01077,   0.05344,   0.00420,   0.09775,   0.04359,  -0.02041,  -0.04175,   0.00420,  -0.00728,   0.02882,  -0.00236,  -0.00892,   0.06000,  -0.01385,   0.01897,  -0.02533,  -0.02041,   0.01405,  -0.02698,   0.02226,  -0.00564,   0.03210,   0.03046,   0.06164,  -0.06144,   0.06821,  -0.04175,   0.03374,  -0.08113,  -0.00400,  -0.00400,  -0.06144,  -0.00564,   0.04195,  -0.01713,   0.07805,   0.00420,  -0.00236,   0.05672,  -0.01385,   0.06985,  -0.02205,   0.02882,  -0.01385,  -0.02205,   0.07805,  -0.01221,  -0.07457,   0.01405,   0.03539,  -0.07621,  -0.01385,   0.09446,  -0.00892,  -0.03190,  -0.01877,   0.01897,  -0.00892,   0.04687,   0.01897,  -0.04995,  -0.04995,   0.01733,   0.05344,   0.00092,  -0.00564,   0.00420,   0.06985,   0.03210,   0.01569,   0.05180,  -0.02041,  -0.07949,   0.00913,  -0.04339,  -0.07457,   0.02882,   0.02062,   0.02062,   0.05836,  -0.01549,  -0.04339,   0.03703,   0.07477,  -0.00728,  -0.04831,  -0.03354,   0.00256,  -0.03518,  -0.00728,  -0.03518,   0.00749,  -0.02862,  -0.04667,  -0.00236,   0.01569,   0.00256,   0.00913,   0.00256,  -0.03518,   0.01569,   0.04031,  -0.03846,   0.05016,  -0.01549,   0.05508,  -0.04175,  -0.00728,   0.02718,  -0.05980,   0.03539,  -0.01056,  -0.02698,   0.03374,   0.02390,   0.01733,   0.08134,  -0.00400,  -0.02862,   0.00420,   0.00585,   0.00749,  -0.00072,  -0.00892,   0.00585,   0.03210,   0.02390,   0.02062,   0.02882,  -0.04831,   0.00092,   0.03210,  -0.05487,  -0.00892,  -0.04010,  -0.00564,  -0.04831,   0.04851,  -0.04339,  -0.04175,  -0.00728,   0.00585,  -0.01549,   0.04523,  -0.00072,  -0.01385,  -0.05980,   0.01405,  -0.03354,   0.01733,   0.02390,   0.05508,   0.03867,  -0.02041,   0.04195,  -0.05323,  -0.01713,   0.07969,  -0.01549,  -0.01713,   0.02554,  -0.11231,  -0.04667,  -0.00400,  -0.05159,   0.02882,   0.06328,  -0.09098,  -0.00072,   0.01569,  -0.01221,   0.01733,   0.02062,   0.02882,   0.00913,   0.04195,  -0.00236,  -0.06636,  -0.02041,   0.01405,   0.07313,  -0.08277,  -0.00400,  -0.04995,  -0.05159,   0.06164,   0.07641,   0.05180,   0.08790,  -0.03190,  -0.02533,   0.03703,   0.01077,   0.00749,  -0.02698,  -0.01549,  -0.01056,   0.03867,  -0.00892,  -0.01056,   0.00420,  -0.03026,  -0.00236,   0.03374,   0.00749,  -0.01713,   0.02226,   0.01077,  -0.08934,   0.00749,   0.01405,   0.04031,   0.00749,   0.06985,   0.02226,   0.01077,  -0.08770,  -0.00072,  -0.00236,   0.00913,   0.01241,  -0.02369,   0.01241,  -0.03026,   0.00256,   0.05672,   0.04851,  -0.02862,   0.01897,  -0.00564,   0.01241,   0.04031,  -0.03518,  -0.02698,  -0.02698,   0.00256,  -0.09426,  -0.00072,  -0.04995,   0.03703,  -0.06800,   0.07969,  -0.03846,  -0.01713,   0.06000,  -0.03518,   0.01733,  -0.02205,   0.02882,  -0.05652,  -0.04175,   0.05672,   0.01569,  -0.06308,  -0.08277,   0.02718,  -0.04175,   0.00913,   0.05344,  -0.02533,   0.02226,   0.03046,  -0.05323,  -0.03354,  -0.04175,   0.01077,   0.02390,  -0.01221,   0.00256,   0.02718,   0.00913,   0.00749,  -0.08770,  -0.01056,   0.03046,  -0.05980,  -0.07621,   0.00256,  -0.08441,  -0.05980,  -0.02698,   0.00585,  -0.00892,  -0.00236,   0.03703,  -0.00400,   0.06328,   0.01405,  -0.03846,   0.04359,   0.05180,   0.01897,   0.01077,   0.00256,  -0.00728,  -0.04503,   0.01897,   0.10595,  -0.01877,   0.03539,  -0.00236,  -0.00236,   0.00092,  -0.00236,   0.06821,   0.00256,  -0.02205,   0.02718,   0.00749,  -0.05159,   0.05180,   0.01733,  -0.06144,   0.09775,   0.05672,  -0.08605,  -0.00564,   0.00420,  -0.02862,   0.00585,   0.00092,   0.10595
  -0.01056,   0.00749,   0.00585,  -0.09098,  -0.04503,  -0.03190,  -0.02205,  -0.08277,  -0.10411,   0.00256,   0.07969,  -0.01221,   0.09775,   0.02062,   0.06657,  -0.03026,   0.04523,   0.08462,  -0.01221,   0.07313,   0.01569,  -0.01056,  -0.05323,  -0.02698,  -0.04503,   0.00092,  -0.04339,  -0.04995,  -0.08113,  -0.03682,  -0.01385,  -0.03518,   0.06000,   0.07805,  -0.02205,   0.05016,  -0.00892,   0.03867,  -0.00400,   0.00420,  -0.02533,  -0.03682,  -0.01877,  -0.01713,   0.01405,  -0.02041,  -0.00728,  -0.04503,  -0.05816,  -0.01221,  -0.00072,  -0.03354,   0.04359,  -0.04667,   0.08134,   0.01405,  -0.00236,  -0.00728,  -0.00400,  -0.00400,   0.00092,  -0.02041,   0.00420,   0.02718,  -0.06472,  -0.01549,  -0.01056,   0.00256,  -0.06144,  -0.05159,   0.01897,   0.01077,   0.02554,  -0.06800,  -0.01549,  -0.03518,  -0.01549,  -0.04995,  -0.02205,   0.01897,   0.02718,  -0.00072,   0.01241,   0.03374,  -0.06144,  -0.04667,   0.01897,  -0.02041,  -0.06308,  -0.10739,  -0.02862,   0.03539,  -0.03682,  -0.00892,  -0.05816,  -0.00728,  -0.03846,  -0.00564,  -0.08934,   0.01077,  -0.00728,  -0.02369,  -0.03190,  -0.01221,  -0.05487,   0.07969,  -0.02862,  -0.03354,  -0.02041,   0.00256,   0.04851,  -0.02862,   0.01897,   0.04687,   0.01241,   0.04851,   0.00420,  -0.02041,   0.01077,  -0.06472,  -0.07621,   0.08626,   0.00585,  -0.00072,   0.01077,  -0.00236,   0.01733,   0.00585,   0.01241,  -0.03682,   0.09118,  -0.00564,  -0.02533,   0.01733,   0.07149,   0.05836,  -0.00072,  -0.04667,   0.01405,  -0.05159,   0.10431,  -0.07621,   0.03867,  -0.00072,  -0.03518,   0.09282,  -0.05323,  -0.02369,  -0.01385,   0.06492,  -0.00892,  -0.00728,  -0.00728,   0.02226,   0.01077,   0.00585,  -0.02698,   0.02390,   0.04851,  -0.03026,  -0.04503,  -0.02369,   0.01077,  -0.07293,  -0.04339,   0.01241,   0.01897,  -0.00728,  -0.03354,   0.01569,  -0.08934,  -0.01221,   0.01733,  -0.00400,   0.04195,   0.07149,   0.02062,  -0.03682,  -0.08113,  -0.01056,  -0.04175,  -0.04831,  -0.00236,  -0.01056,   0.02062,   0.04687,  -0.02205,   0.03210,  -0.00892,  -0.02862,  -0.02698,   0.09611,   0.05836,  -0.08934,  -0.04831,  -0.03354,  -0.00072,  -0.06636,  -0.00892,  -0.02862,  -0.02205,   0.04523,   0.02062,  -0.00892,   0.02554,  -0.06964,   0.00420,  -0.03190,  -0.05487,   0.03539,  -0.05323,  -0.00236,   0.02226,  -0.01221,   0.05016,   0.04851,  -0.06964,  -0.00400,  -0.00400,   0.06657,   0.00256,   0.07969,   0.03539,   0.01241,  -0.00892,   0.08298,  -0.02698,  -0.01549,  -0.08441,  -0.12216,  -0.04503,   0.01405,   0.07149,  -0.07457,   0.02226,  -0.03190,  -0.05652,  -0.01713,  -0.00728,  -0.01385,   0.12893,   0.01569,  -0.02369,  -0.08770,  -0.01713,  -0.00728,   0.00092,  -0.04995,  -0.02041,  -0.01713,   0.06492,   0.00420,  -0.01713,   0.07477,   0.00749,   0.00256,   0.06328,  -0.02369,   0.03539,  -0.02533,   0.00913,   0.01241,  -0.04010,   0.01897,  -0.04175,   0.03210,  -0.05323,   0.04523,  -0.00564,  -0.04503,  -0.02205,   0.02554,  -0.00564,  -0.01385,   0.03210,   0.03539,  -0.07457,   0.00420,   0.05508,  -0.05487,  -0.00236,   0.03703,   0.01569,  -0.01713,  -0.03354,   0.09775,  -0.02533,   0.03046,  -0.01385,  -0.00400,  -0.05652,  -0.04995,  -0.01221,  -0.10575,  -0.03682,  -0.02205,  -0.02698,   0.07969,  -0.07785,   0.03539,   0.07313,   0.04195,  -0.02205,  -0.01056,  -0.06472,   0.01897,  -0.08770,   0.02554,  -0.02698,  -0.08277,  -0.00892,  -0.04175,  -0.06800,   0.00256,  -0.07949,  -0.02369,   0.06328,   0.03046,   0.03539,   0.00585,   0.03703,   0.03210,  -0.05652,   0.03210,   0.04359,   0.05672,  -0.02205,  -0.07785,  -0.00072,  -0.01385,   0.02554,   0.07313,  -0.03846,   0.01897,   0.05180,  -0.02369,  -0.00564,   0.02062,   0.01569,  -0.00728,   0.05180,  -0.00072,  -0.00564,  -0.06308,   0.02554,   0.06000,   0.02718,  -0.00072,   0.04195,   0.00092,  -0.04831,   0.02062,   0.02390,   0.00092,   0.06000,  -0.01549,  -0.01056,  -0.10411,   0.00092,   0.02554,   0.00749,  -0.08770,  -0.01877,  -0.04503,  -0.02369,   0.00420,  -0.00236,   0.03210,   0.03867,  -0.04503,  -0.01056,   0.00092,   0.00420,   0.06328,  -0.03354,   0.00913,   0.00420,  -0.01056,  -0.05652,  -0.02205,   0.03703,   0.04851,  -0.02698,   0.05508,   0.04031,  -0.02862,   0.05836,   0.09282,  -0.00400,   0.05180,  -0.01877,   0.02226,  -0.02041,  -0.02698,   0.02882,  -0.06308,   0.02882,   0.02226,   0.02226,  -0.08934,   0.05180,   0.09118,   0.06492,  -0.03026,  -0.00236,  -0.04995,   0.04687,   0.10103,  -0.03682,  -0.04995,   0.01569,   0.05344,   0.05344,   0.05672,   0.00913,   0.15518,  -0.06800,  -0.01549,  -0.00236,  -0.00400,   0.06492,   0.00585,   0.02718,   0.01405,  -0.02862,   0.00913,   0.04523,   0.02226,  -0.01385,  -0.07457,   0.01733,   0.00749,   0.01405,  -0.03846,  -0.02862,   0.05180,   0.00913,   0.04851,   0.00749,  -0.01877,  -0.00400,  -0.03190,   0.06821,   0.03539,   0.03046,  -0.02533,   0.05180,   0.03046,   0.05672,  -0.02533,  -0.04339,   0.11908,   0.01405,   0.00092,   0.00585,  -0.00564,   0.00913,   0.00913,  -0.10411,  -0.00892,   0.00420,  -0.01877,  -0.02041,  -0.02041,   0.03210,  -0.08770,   0.10759,   0.02062,  -0.04010,   0.00420,  -0.02041,   0.06492,   0.03867,  -0.04503,   0.04195,  -0.02041,  -0.00400,   0.01569,  -0.01056,  -0.04995,  -0.02862,   0.07969,  -0.08441,   0.08298,   0.01241,   0.02226,  -0.06964,   0.03046,   0.00913,  -0.03518,  -0.03026,  -0.11231,   0.04031,  -0.04503,  -0.04010,  -0.01713,   0.08954,  -0.00892,   0.01241,  -0.08441,   0.02718,   0.05344,   0.01241,   0.10759,   0.03539,   0.03539,   0.09775,   0.06821,  -0.02533,   0.02226,  -0.08113,   0.02390,  -0.00236,   0.05836,   0.00749,  -0.05652,   0.04031,   0.02226,   0.09939,  -0.03026,  -0.01056,   0.03867,   0.00749,   0.06492,  -0.05816,   0.01569,   0.02882,  -0.08605,  -0.04339,  -0.07293,   0.02718,  -0.01877,  -0.05652,   0.00256,   0.06657,  -0.04175,  -0.02369,   0.04687,   0.00092,  -0.03190,   0.00749,   0.00256,  -0.05487,   0.03374,  -0.01385,  -0.03190,  -0.01385,   0.02390,   0.00420,   0.00585,   0.05344,   0.00420,  -0.05816,   0.03210,   0.01241,  -0.03846,   0.03867,   0.05180,   0.00749,   0.00749,   0.05344,  -0.00236,  -0.00236,  -0.02698,   0.05016,   0.11580,  -0.03518,  -0.02533,   0.08790,  -0.07129,  -0.09918,   0.00092,  -0.01221,  -0.03518,  -0.01549,   0.09775,  -0.02698,   0.00585,   0.00749,  -0.02205,  -0.02533,   0.02718,   0.00256,  -0.06964,  -0.00564,  -0.00072,  -0.03026,  -0.04831,  -0.02862,  -0.04339,   0.07969,   0.02390,   0.05016,  -0.05652,   0.06164,  -0.02205,   0.04851,  -0.00236,  -0.08441,  -0.01385,  -0.02698,   0.05672,  -0.04339,   0.09775,  -0.00892,   0.03210,   0.05672,  -0.01056,  -0.09098,  -0.03190,   0.00256,   0.02226,  -0.00728,   0.02882,  -0.03518,   0.01733,   0.01241,  -0.02041,   0.01241,  -0.02369,   0.00749,   0.07477,  -0.00072,  -0.03354,  -0.03190,   0.01405,   0.05180,  -0.04667,  -0.04175,  -0.07785,   0.03210,  -0.04667,   0.04031,  -0.00728,  -0.04831,   0.04195,  -0.00072,  -0.06144,   0.00256,   0.04359,   0.02062,   0.02390,  -0.04503,   0.01077,  -0.07293,  -0.00400,  -0.07457,  -0.01549,  -0.06472,  -0.07293,   0.03539,   0.00092,  -0.00728,  -0.05487,  -0.03518,  -0.04995,   0.03046,   0.08462,   0.03703,  -0.02369,   0.02226,  -0.06800,  -0.02041,  -0.03026,  -0.03682,  -0.04339,  -0.00400,   0.01241,  -0.00892,  -0.01713,   0.01569,   0.06821,  -0.06144,   0.01569,   0.02226,   0.02062,   0.02062,   0.01405,  -0.01877,  -0.01056,  -0.04667,   0.04687,   0.00913,   0.05508,   0.02390,  -0.03846,  -0.05159,   0.01733,  -0.04175,   0.02718,  -0.01221,   0.00585,   0.02226,   0.00092,  -0.07457,  -0.02533,  -0.04667,   0.00256,  -0.01221,   0.01733,   0.00092,  -0.03026,   0.02554,  -0.03354,  -0.04339,  -0.05487,   0.13057,  -0.06144,   0.03046,  -0.01056,   0.01897,   0.01241,   0.02226,  -0.06964,  -0.01549,   0.02226,  -0.09098,   0.00913,   0.02718,  -0.06144,  -0.00564,   0.02718,   0.00256,   0.01733,  -0.03846,   0.00585,   0.00913,  -0.04667,  -0.01549,   0.03539,  -0.03518,   0.00585,   0.02882,  -0.07129,  -0.07129,  -0.04010,  -0.03190,  -0.00072,   0.00585,   0.01569,  -0.01385,   0.08134,  -0.02369,   0.01897,   0.01569,  -0.00728,  -0.07621,   0.08462,  -0.01713,  -0.01549,   0.02554,  -0.05323,   0.01241,  -0.02698,  -0.03354,  -0.05487,  -0.01713,   0.00585,   0.02390,  -0.03026,  -0.03518,  -0.03190,  -0.02041,   0.00913,   0.05508,  -0.01877,   0.00913,  -0.05159,   0.03210,  -0.06308,  -0.03190,   0.03867,   0.07477,   0.01077,   0.03539,   0.04359,  -0.05487,  -0.01221,   0.02554,  -0.01713,  -0.00728,   0.00585,   0.03374,  -0.00728,   0.00913,   0.01569,   0.00913,   0.02554,   0.04195,   0.03046,   0.05672,  -0.04667,   0.02718,   0.02718,   0.00913,   0.10595,  -0.04831,   0.06985,  -0.02698,   0.05016,   0.04851,  -0.04667,  -0.07293,   0.04359,  -0.06144,  -0.03190,   0.01077,  -0.01385,   0.00749,  -0.02698,   0.00420,   0.05672,   0.04031,  -0.03026,   0.01897,  -0.04667,   0.02882,   0.00256,   0.06000,   0.00256,   0.02390,   0.04687,   0.06985,  -0.07457,  -0.02698,  -0.05487,   0.01077,  -0.01221,  -0.00564,   0.01733,  -0.01385,   0.03374,   0.05508,   0.00585,  -0.02862,   0.05180,  -0.07949,  -0.03354,  -0.03846,   0.03703,  -0.01877,  -0.06636,   0.05508,   0.04851,  -0.00072,  -0.04503,  -0.04995,   0.06657,  -0.04831,  -0.01221,  -0.01385,   0.04195,  -0.01221,  -0.02862,  -0.04503,   0.01241,   0.05508,   0.05672,  -0.00564,  -0.05816,  -0.04667,   0.01569,   0.00913,   0.02554,  -0.07949,   0.06985,  -0.12872,   0.00092,  -0.00236,   0.05016,   0.02554,  -0.04175,  -0.02205,  -0.01221,  -0.02862,  -0.03846,   0.01077,  -0.08113,  -0.05487,   0.02882,  -0.04667,  -0.06308,   0.02062,  -0.04503,  -0.04339,   0.04195,   0.06657,  -0.04339,  -0.00728,   0.03867,  -0.01385,   0.06164,   0.03703,   0.00420,  -0.05487,   0.00585,  -0.04339,   0.10103,  -0.04995,  -0.08441,   0.04031,  -0.02205,  -0.08934,   0.00420,  -0.04831,   0.07641,   0.05344,  -0.01385,  -0.01549,  -0.01385,   0.10103,  -0.03190,   0.00749,   0.01405,   0.00420,   0.09118,  -0.04831,  -0.01056,  -0.09918,   0.02226,   0.00256,  -0.03518,  -0.02862,   0.02062,   0.00913,  -0.04831,   0.02062,  -0.01549,  -0.04503,  -0.02369,   0.12565,   0.04687,  -0.01877,   0.03046,  -0.04339,  -0.00892,   0.04031,   0.04195,   0.05508,   0.07313,   0.05180,  -0.05323,   0.02226,  -0.03518,  -0.04995,  -0.03682,   0.00256,  -0.04831,  -0.01056,  -0.03026,   0.00585,   0.03210,  -0.01056,  -0.02698,   0.02390,  -0.04175,   0.00913,   0.04523,   0.05672,  -0.06308,  -0.01877,   0.02554,   0.00749,  -0.01385,  -0.01056,   0.03539,  -0.02205,  -0.03846,   0.04687,   0.04523,   0.09118,  -0.05980,   0.07313,  -0.00728,  -0.07621,   0.04851,  -0.05159,  -0.04667,   0.08954,  -0.03354,   0.01897,  -0.00072,   0.01897,   0.02062,  -0.00072,   0.02226,  -0.04667,  -0.00728,  -0.02698,  -0.01221,  -0.03354,  -0.02533,  -0.02041,   0.04851,   0.06492,  -0.04175,   0.00913,  -0.00892,   0.02390,  -0.02041,  -0.00728,  -0.02041,   0.05672,  -0.03846,   0.06492,   0.01077,   0.09282,  -0.01221,  -0.05980,   0.00092,  -0.00728,   0.08954,  -0.02041,   0.03210,  -0.09426,  -0.00236,  -0.05159,   0.04687,   0.06164,   0.00913,   0.06164,   0.03374,   0.01405,   0.04195
  -0.06308,   0.11908,   0.01241,  -0.02369,   0.02882,   0.00585,   0.03539,   0.05672,  -0.00236,  -0.01385,   0.06492,   0.04031,   0.02390,   0.00749,   0.07313,   0.02554,   0.00585,   0.12893,  -0.01385,  -0.04667,   0.01077,   0.00420,  -0.00564,  -0.03026,  -0.04667,  -0.00072,  -0.00564,   0.07313,  -0.04339,  -0.02041,   0.01897,  -0.02041,  -0.01549,   0.02226,   0.00420,   0.03046,  -0.02205,   0.07477,   0.02062,   0.03867,   0.04031,  -0.00072,   0.06821,  -0.01221,   0.02718,  -0.01877,  -0.06964,  -0.04831,   0.03210,   0.00749,  -0.00236,   0.02718,  -0.00236,  -0.03682,  -0.02369,   0.02882,  -0.01221,  -0.02205,  -0.02205,  -0.00236,  -0.01549,   0.00585,   0.00585,  -0.03846,   0.01733,  -0.01385,  -0.00236,  -0.04175,  -0.05652,  -0.04667,   0.08134,  -0.01056,   0.03210,  -0.04339,  -0.05487,   0.03539,   0.01241,  -0.01221,   0.02226,  -0.06800,  -0.00400,  -0.01221,  -0.10903,   0.04195,   0.02226,   0.01405,  -0.04667,   0.04359,   0.04687,  -0.00400,  -0.06308,  -0.02698,   0.05344,  -0.03026,   0.03046,  -0.05816,   0.01569,  -0.08277,   0.06164,   0.02062,   0.06492,   0.02554,   0.05836,   0.03210,  -0.02862,   0.09611,  -0.05487,   0.00092,  -0.04667,   0.02226,  -0.07129,   0.00092,   0.01405,  -0.00072,   0.01405,   0.05672,   0.03703,  -0.00400,  -0.01056,  -0.02369,   0.03210,  -0.01713,   0.00420,  -0.04503,   0.01569,   0.02882,  -0.04831,  -0.02698,  -0.01056,   0.01241,  -0.02698,  -0.02698,  -0.02205,  -0.03026,   0.07149,  -0.01056,   0.01897,   0.04687,   0.03867,   0.01241,  -0.05816,   0.00092,  -0.00236,   0.07313,   0.00749,   0.03046,   0.07313,  -0.01385,   0.04359,   0.02226,   0.00092,   0.03539,  -0.03682,   0.04195,   0.02390,   0.01897,   0.01897,  -0.03354,   0.01405,  -0.01385,  -0.04339,  -0.00728,  -0.02041,   0.00585,   0.07313,  -0.05652,  -0.06308,   0.02390,  -0.00728,   0.00092,   0.02390,  -0.00072,  -0.05816,  -0.01877,   0.01077,   0.05180,  -0.00236,  -0.03190,  -0.10739,  -0.04175,   0.07641,   0.03867,  -0.06964,  -0.00564,   0.02882,   0.01569,  -0.01221,  -0.02533,   0.05836,  -0.04667,  -0.00400,   0.01077,  -0.00236,   0.03210,   0.05016,   0.01077,   0.01077,   0.09775,  -0.10411,   0.03374,   0.00092,   0.03046,  -0.02041,   0.00256,  -0.00892,   0.00092,  -0.05323,   0.00092,   0.02390,  -0.03682,  -0.04995,  -0.04175,   0.03703,  -0.02533,  -0.02369,  -0.00728,  -0.02041,   0.00420,  -0.05159,   0.05180,  -0.02698,  -0.00564,  -0.04995,   0.04359,  -0.04995,  -0.00728,   0.00420,   0.01569,  -0.03354,  -0.03026,   0.02554,   0.04851,   0.07477,  -0.07621,  -0.06636,  -0.06308,  -0.01385,  -0.02862,  -0.03846,   0.03374,  -0.04667,   0.00256,  -0.01713,   0.00256,   0.00256,   0.07149,  -0.00072,  -0.09426,   0.04195,  -0.02369,  -0.01713,  -0.04010,  -0.00072,  -0.01549,  -0.03846,  -0.03354,  -0.01713,  -0.01713,   0.00420,   0.02226,  -0.03026,  -0.00892,  -0.05652,   0.00092,  -0.05487,   0.03539,   0.00092,  -0.04667,  -0.04339,  -0.00236,   0.02390,  -0.01713,   0.11580,   0.01241,  -0.02041,  -0.01385,   0.00092,  -0.04010,   0.02062,   0.00585,   0.06000,  -0.04831,   0.08298,  -0.00728,   0.04523,   0.04851,  -0.03190,   0.05016,   0.02062,   0.03210,   0.01569,  -0.04010,  -0.02205,   0.01077,   0.09611,  -0.04503,   0.03867,  -0.06144,   0.01077,   0.07969,  -0.01549,  -0.05323,  -0.01056,  -0.03026,  -0.04831,   0.04359,  -0.01221,  -0.03682,   0.11088,   0.03539,  -0.00892,  -0.02698,   0.05344,  -0.01713,  -0.07621,  -0.01549,   0.03539,  -0.00728,  -0.05323,   0.00749,  -0.03354,  -0.02533,  -0.03682,  -0.04339,  -0.05816,   0.00092,  -0.04339,   0.02882,  -0.07129,  -0.07457,   0.06492,  -0.04010,   0.02554,  -0.05487,  -0.02369,   0.00092,  -0.05159,   0.00913,   0.00256,  -0.03190,  -0.01877,  -0.00072,  -0.05487,   0.02226,   0.00749,  -0.06800,   0.04359,   0.06985,   0.00420,   0.02882,   0.00585,  -0.04995,  -0.03026,  -0.04831,  -0.02533,   0.04359,  -0.02533,   0.07805,  -0.02041,   0.03374,  -0.02862,   0.00256,  -0.00400,   0.07477,   0.00420,  -0.02862,   0.01897,   0.00420,  -0.00892,  -0.02041,  -0.01549,   0.05180,   0.03703,  -0.10082,   0.02062,  -0.03682,   0.02718,  -0.03518,  -0.11559,   0.00256,   0.04687,  -0.10903,   0.01897,  -0.06636,  -0.14349,  -0.00236,  -0.09754,  -0.05487,   0.01897,  -0.02533,  -0.00564,  -0.03682,  -0.01713,  -0.02698,   0.04851,   0.05672,  -0.01877,   0.03539,   0.02390,  -0.07785,  -0.00400,  -0.05980,   0.06328,   0.00913,  -0.01056,  -0.03190,  -0.06308,  -0.02698,  -0.01877,  -0.04339,  -0.00564,   0.01897,  -0.01221,  -0.05323,  -0.05159,   0.00749,   0.00420,  -0.04831,   0.05508,   0.02882,   0.02062,  -0.00236,  -0.02041,   0.00420,  -0.03846,   0.05672,   0.01569,  -0.02369,  -0.00564,  -0.04503,  -0.05487,   0.03374,   0.06657,   0.03867,   0.03046,  -0.01221,   0.03703,  -0.01385,  -0.00236,  -0.05980,  -0.05159,   0.06164,  -0.02533,  -0.02862,   0.04031,   0.00256,  -0.01056,  -0.10082,  -0.01713,   0.07313,  -0.02205,   0.01405,  -0.00072,  -0.00400,   0.04687,   0.04851,  -0.02205,   0.00092,   0.03046,  -0.03354,  -0.00072,   0.03703,  -0.00072,   0.07477,  -0.04995,  -0.03026,   0.01241,   0.00585,  -0.00072,  -0.01385,  -0.04010,   0.01569,  -0.02533,   0.05508,   0.05836,   0.02554,   0.01569,   0.01241,  -0.00564,   0.02718,   0.00092,   0.00913,   0.02554,  -0.06964,  -0.00400,   0.02718,  -0.04175,   0.01733,   0.00585,  -0.00728,   0.04031,   0.00092,  -0.02041,  -0.06144,  -0.00728,   0.01569,  -0.06308,   0.01897,   0.07149,  -0.02862,   0.00256,   0.00256,   0.03539,  -0.04010,   0.03703,   0.03210,  -0.01221,  -0.01385,  -0.05323,   0.01733,  -0.00236,   0.06657,   0.01733,  -0.05323,  -0.04667,   0.02390,  -0.06800,   0.00256,   0.07805,  -0.04339,   0.03374,  -0.01713,  -0.01056,   0.05016,  -0.00728,   0.05016,  -0.05652,  -0.03682,   0.06164,  -0.00892,  -0.02698,   0.03210,   0.00256,   0.03703,   0.02062,   0.06492,  -0.00400,   0.00913,   0.00913,   0.01241,  -0.01713,   0.00913,  -0.00236,  -0.06636,   0.05508,   0.06985,  -0.00400,  -0.03682,  -0.04339,  -0.05323,  -0.02205,   0.00256,   0.05180,  -0.02698,  -0.06308,   0.06492,  -0.10082,   0.02718,  -0.00236,   0.01897,  -0.02698,  -0.02205,  -0.00072,   0.03867,  -0.05980,  -0.06800,   0.02226,  -0.00728,  -0.10082,   0.02554,   0.00420,   0.04195,  -0.05652,   0.04687,   0.05016,  -0.03846,   0.00749,   0.04851,   0.06657,  -0.03518,   0.05016,  -0.00236,   0.00749,   0.03374,  -0.02533,  -0.03026,   0.00420,  -0.01877,   0.06985,  -0.02698,  -0.03682,  -0.03190,   0.02226,  -0.06964,  -0.04995,  -0.04339,  -0.03026,   0.04195,  -0.03846,  -0.05323,   0.00256,  -0.06636,  -0.01713,   0.01405,  -0.00728,  -0.09590,   0.00092,  -0.04667,  -0.07621,   0.01405,   0.09446,  -0.03518,   0.00913,   0.02226,   0.06000,   0.06164,   0.04851,  -0.02369,  -0.02533,  -0.01221,   0.09446,   0.02718,   0.07641,   0.01897,   0.03539,  -0.01385,  -0.07949,   0.06492,  -0.06144,  -0.01221,  -0.00564,   0.04031,   0.03046,  -0.00072,  -0.00892,  -0.02533,  -0.01549,   0.00420,  -0.06308,   0.01569,  -0.00728,  -0.00728,  -0.00236,  -0.07621,  -0.01056,   0.00256,  -0.02369,  -0.05487,   0.02062,   0.01077,   0.01897,  -0.06308,   0.05344,  -0.02533,  -0.06472,  -0.00728,   0.01733,   0.02554,   0.01897,   0.04523,  -0.05980,  -0.00892,  -0.02698,   0.03539,   0.01077,   0.04195,   0.03539,  -0.02369,   0.07149,  -0.01385,   0.01241,   0.03867,  -0.00892,   0.05344,   0.01405,  -0.04010,  -0.03190,  -0.10575,  -0.04339,  -0.05159,  -0.01713,   0.00913,  -0.02369,  -0.01221,  -0.01385,   0.01405,  -0.03026,   0.03374,  -0.04175,  -0.00072,   0.02226,   0.01733,   0.03374,   0.05180,   0.01077,  -0.01221,   0.01405,  -0.04339,  -0.05159,  -0.02698,  -0.01056,  -0.01877,   0.02062,  -0.03518,   0.02554,  -0.04503,  -0.03190,   0.00092,  -0.01385,   0.04031,  -0.03354,  -0.02533,  -0.04339,   0.01241,   0.00256,   0.00749,   0.01241,   0.04851,   0.00092,   0.01241,  -0.02205,   0.00585,  -0.01713,   0.01405,   0.02062,   0.02882,  -0.02698,  -0.03518,  -0.02369,   0.08298,  -0.05980,  -0.06800,   0.05344,  -0.09262,  -0.00400,   0.00913,  -0.03026,   0.04195,  -0.01549,   0.02718,   0.05180,  -0.03190,  -0.02533,  -0.01056,   0.03210,   0.04195,   0.01569,  -0.06472,   0.09446,   0.11580,  -0.02698,  -0.06144,   0.00256,   0.03046,  -0.01713,  -0.04831,  -0.05487,  -0.01549,   0.00256,  -0.04339,  -0.01713,  -0.00236,   0.00749,   0.02062,   0.04359,  -0.09098,  -0.04831,   0.01077,  -0.02533,  -0.05487,   0.03867,   0.02390,   0.03703,   0.00913,   0.01077,  -0.03190,  -0.01385,  -0.03190,  -0.04667,   0.02718,   0.01569,  -0.00236,  -0.02205,  -0.01713,  -0.02205,  -0.02698,  -0.08934,   0.03374,  -0.02533,  -0.02369,   0.04031,  -0.02205,  -0.01877,   0.05180,   0.00092,   0.00256,  -0.03682,   0.01569,  -0.02862,   0.00092,  -0.02862,   0.01569,   0.05180,   0.01569,  -0.02369,   0.01241,  -0.01549,  -0.00400,   0.04195,  -0.04831,   0.01241,   0.01241,   0.05508,   0.04851,   0.07149,  -0.00728,   0.00585,  -0.05980,   0.03539,  -0.04667,   0.00256,   0.01897,   0.04851,  -0.01385,  -0.00236,  -0.02533,  -0.01877,   0.00749,  -0.05652,   0.01405,  -0.00728,   0.03046,  -0.06800,   0.02554,  -0.05323,   0.00256,   0.00256,   0.03703,  -0.00892,   0.06328,   0.00092,   0.00256,  -0.03682,   0.02390,   0.00749,   0.06328,  -0.01221,   0.06821,  -0.04339,  -0.01385,  -0.03354,  -0.04175,   0.06821,  -0.01221,  -0.02698,   0.09282,  -0.00072,   0.03046,   0.02226,  -0.09590,  -0.03354,   0.05672,  -0.02533,   0.04195,   0.01241,   0.05016,  -0.01549,  -0.02041,   0.01733,  -0.07129,  -0.03190,  -0.02205,  -0.00400,   0.07641,  -0.01385,   0.01405,   0.01405,  -0.02698,   0.01733,  -0.01713,  -0.06800,   0.04195,  -0.02369,   0.02390,  -0.03518,  -0.03026,   0.02718,  -0.04995,  -0.02862,  -0.05652,   0.05344,   0.00256,  -0.04010,  -0.08770,  -0.03846,   0.02554,  -0.02041,   0.07641,   0.03867,   0.05508,   0.06657,  -0.04010,   0.08954,  -0.01385,   0.06000,  -0.00400,   0.00749,  -0.03026,  -0.06800,  -0.02205,  -0.02862,  -0.01877,  -0.05323,  -0.00400,  -0.02041,   0.04195,  -0.01056,  -0.00072,  -0.00072,   0.05672,   0.08298,   0.07805,  -0.10411,   0.01569,   0.01405,   0.02882,   0.01897,   0.02226,  -0.02041,  -0.00892,  -0.02369,  -0.02369,   0.00092,   0.00585,  -0.03190,   0.00092,   0.03539,  -0.09754,  -0.05159,  -0.06964,  -0.02862,   0.00585,   0.03539,   0.01077,  -0.04503,  -0.02041,  -0.00564,   0.01077,  -0.00400,   0.02390,   0.00256,   0.04031,  -0.06144,  -0.00564,  -0.01385,  -0.03846,  -0.02369,  -0.06636,   0.00913,  -0.02533,  -0.03026,   0.09282,  -0.00400,  -0.04339,  -0.02533,   0.01405,  -0.00236,   0.06657,   0.02390,   0.02554,  -0.06308,   0.02062,  -0.01056,  -0.00072,  -0.01877,  -0.07949,   0.00256,   0.03867,  -0.03518,   0.06000,   0.02554,  -0.02369,   0.05672,   0.00092,  -0.05816,  -0.01713,   0.05836,  -0.01877,  -0.02862,  -0.01549,  -0.00236,   0.04031,  -0.04995,  -0.01385,  -0.04010,  -0.01221,  -0.02041,   0.03210,   0.02718,  -0.09426,  -0.01713,   0.03210,  -0.07457,   0.03703,   0.02226,  -0.06636,   0.00749,   0.02882,   0.02226,  -0.01713,  -0.06800,  -0.04831,  -0.02862,   0.01569,   0.05508,   0.01897,  -0.02533,  -0.01385,   0.03539,   0.04031,   0.05672,  -0.00892,  -0.00728,   0.02062
   0.11088,   0.06328,   0.05180,   0.02390,   0.02062,   0.04359,   0.02882,   0.03046,  -0.06636,  -0.04831,  -0.07457,   0.03374,   0.12565,   0.00913,  -0.00564,  -0.06308,  -0.03026,   0.00092,   0.09118,   0.07149,  -0.10411,  -0.03518,   0.08298,  -0.00564,  -0.07785,   0.01077,   0.00749,  -0.00072,  -0.05487,   0.02226,  -0.02698,  -0.02533,   0.00585,   0.02882,  -0.05980,  -0.00564,   0.01405,  -0.00564,  -0.04010,  -0.03026,   0.06328,   0.01405,   0.03210,   0.03046,  -0.06308,  -0.02698,  -0.02862,  -0.01385,  -0.00400,   0.06164,   0.03210,   0.10595,   0.04851,  -0.00892,  -0.00072,  -0.08934,   0.02390,   0.01405,   0.03703,   0.01241,  -0.05652,  -0.06800,  -0.02862,  -0.04339,  -0.01221,   0.04523,  -0.02205,  -0.03682,  -0.03026,  -0.04175,  -0.01877,  -0.04831,  -0.04995,   0.12893,  -0.02533,   0.02718,  -0.05159,   0.08298,   0.06821,  -0.01713,   0.01897,   0.04195,   0.03210,  -0.03026,   0.07313,   0.04523,   0.00585,   0.13221,   0.05344,  -0.00400,  -0.04175,  -0.00564,   0.01897,   0.10431,   0.10431,   0.00913,  -0.06636,  -0.01549,   0.00256,  -0.03026,   0.07149,   0.05180,  -0.00072,   0.03210,  -0.04175,   0.04031,  -0.00072,   0.04195,  -0.00400,   0.01241,  -0.11067,  -0.03354,   0.03867,  -0.00564,  -0.02205,  -0.03682,  -0.04175,  -0.08441,   0.02882,   0.15354,  -0.02862,  -0.01056,   0.05836,   0.02554,  -0.01056,  -0.03846,   0.03867,  -0.05159,   0.07805,   0.03539,   0.00092,  -0.02862,  -0.01385,  -0.04503,  -0.02041,   0.01077,   0.02882,   0.00749,   0.07313,   0.00092,  -0.06144,  -0.00236,   0.02718,   0.02882,  -0.04995,   0.01569,   0.05344,  -0.02205,  -0.04010,   0.00420,  -0.01056,  -0.03518,   0.02554,  -0.12872,   0.00913,  -0.02862,   0.06164,  -0.04831,  -0.04831,   0.03867,   0.03703,  -0.00236,  -0.03682,   0.00420,   0.04523,  -0.00892,   0.03867,  -0.05816,  -0.01549,  -0.08277,  -0.05323,  -0.01877,  -0.00728,  -0.06636,   0.00749,  -0.00400,   0.06821,   0.01077,  -0.07621,  -0.01549,   0.01405,  -0.02369,  -0.02862,   0.09939,   0.05180,   0.01241,   0.06000,   0.02882,   0.01569,  -0.00400,  -0.00400,  -0.02533,  -0.01877,  -0.08770,   0.02062,   0.02882,   0.00913,   0.05016,  -0.04667,  -0.07785,  -0.02698,  -0.03190,  -0.05323,   0.03539,  -0.07457,  -0.09262,   0.07641,  -0.02698,   0.03867,  -0.04831,  -0.01056,   0.06821,   0.07313,   0.00749,  -0.03026,   0.07969,  -0.01385,   0.01733,   0.06000,  -0.00728,  -0.02862,  -0.02205,  -0.04175,   0.02062,   0.02390,   0.01733,   0.10431,   0.00420,  -0.04503,   0.01405,   0.01733,  -0.05487,  -0.00072,   0.04687,   0.02882,  -0.00236,   0.07313,   0.07969,  -0.03190,   0.04359,  -0.01549,  -0.00564,  -0.03682,   0.02718,  -0.06800,   0.08462,   0.02554,   0.04031,  -0.07129,  -0.05980,  -0.00236,  -0.04339,  -0.01549,   0.15026,  -0.00892,  -0.01385,  -0.00728,  -0.03846,  -0.03682,  -0.00564,  -0.04667,  -0.06308,   0.01405,   0.00092,  -0.01713,   0.05016,   0.06328,   0.04031,  -0.04667,   0.03703,  -0.01549,   0.00749,  -0.09426,   0.04031,  -0.02205,   0.05016,   0.02062,   0.06164,   0.01405,   0.01077,  -0.06964,   0.05672,   0.03210,   0.00913,   0.04851,  -0.01221,   0.01569,   0.02390,   0.08134,   0.12893,  -0.05323,  -0.00564,   0.01733,  -0.03190,   0.02554,  -0.03026,  -0.04010,   0.00092,  -0.05487,   0.02062,   0.03703,  -0.06144,   0.02718,  -0.03682,   0.03867,   0.00913,   0.01405,  -0.05323,   0.10431,  -0.03682,   0.05672,   0.02062,  -0.00892,  -0.07457,  -0.08113,   0.01897,   0.09939,  -0.00236,   0.03867,  -0.03682,   0.05016,  -0.04175,   0.04523,   0.00092,   0.01733,   0.06657,  -0.02533,   0.00420,   0.05836,  -0.00236,   0.03210,  -0.00400,   0.02226,   0.03867,  -0.00892,   0.02226,   0.00092,  -0.00400,  -0.04503,  -0.04175,  -0.00892,  -0.04010,  -0.04175,  -0.08770,  -0.02041,  -0.01056,  -0.10247,  -0.05159,  -0.01385,  -0.04010,   0.03867,  -0.02369,  -0.00892,   0.03210,   0.00913,  -0.01549,   0.03703,   0.01405,   0.01733,  -0.01056,   0.07149,   0.02226,  -0.02698,  -0.02041,  -0.03354,  -0.00400,   0.00092,  -0.05323,  -0.00400,  -0.00400,  -0.01713,  -0.01385,   0.01405,  -0.05652,  -0.05980,   0.03539,  -0.07457,   0.00913,   0.03374,  -0.06964,  -0.06636,   0.01733,   0.05344,  -0.00072,   0.01077,   0.02226,   0.03374,  -0.01056,  -0.01221,   0.02062,  -0.01056,   0.01569,  -0.03518,   0.05836,   0.09282,   0.01733,   0.05344,  -0.05159,  -0.00236,  -0.03026,  -0.02698,  -0.00728,  -0.08277,   0.05672,  -0.08441,   0.01405,  -0.01385,  -0.09262,  -0.06800,  -0.01385,  -0.01713,  -0.05652,   0.05836,   0.03210,  -0.01056,  -0.04831,  -0.00400,   0.02718,   0.01569,  -0.01549,   0.01897,  -0.00892,   0.02718,  -0.03518,   0.01569,  -0.01877,  -0.00400,  -0.04831,  -0.00892,  -0.01056,   0.00585,  -0.06964,   0.09446,   0.12400,   0.03867,   0.10595,   0.04359,  -0.00236,   0.01077,  -0.06800,  -0.03846,   0.01241,  -0.01056,  -0.05980,  -0.06964,  -0.00236,   0.03210,  -0.03682,   0.06821,  -0.00564,  -0.00564,   0.01733,   0.00585,  -0.00728,   0.03867,   0.06492,   0.05180,   0.01241,   0.05836,  -0.00236,   0.05180,  -0.00564,  -0.01713,  -0.03518,  -0.02041,   0.09611,  -0.04175,  -0.11395,   0.02882,   0.00749,  -0.03026,  -0.01713,  -0.00892,   0.00092,  -0.05323,  -0.02862,   0.03374,  -0.00892,   0.06000,   0.00585,   0.03046,  -0.04995,  -0.00728,   0.03539,   0.01897,  -0.03190,   0.01733,  -0.04667,   0.01241,   0.08790,  -0.03518,   0.09775,   0.03046,   0.01733,   0.00420,  -0.00236,  -0.02698,  -0.02041,  -0.04831,   0.03539,  -0.07949,   0.06000,   0.02718,   0.09611,   0.00585,   0.04687,  -0.02533,  -0.05652,  -0.05159,  -0.06308,   0.02062,   0.02554,  -0.03190,   0.14862,   0.02718,  -0.02205,   0.03210,   0.07149,  -0.00892,   0.01077,   0.04031,   0.02226,  -0.04175,   0.00256,  -0.08934,  -0.00892,  -0.04831,   0.02718,  -0.00728,  -0.00400,   0.01405,   0.03703,   0.04031,   0.04687,   0.10431,  -0.00564,  -0.04339,  -0.02698,  -0.00236,   0.06000,   0.04031,  -0.03846,   0.01241,   0.04031,  -0.04667,  -0.04831,  -0.03518,   0.01405,  -0.01549,  -0.00236,  -0.05159,   0.04359,  -0.06800,   0.02226,  -0.00564,   0.03210,   0.08626,  -0.01385,  -0.01877,   0.06821,  -0.00564,  -0.00564,   0.04031,   0.07149,  -0.00236,  -0.05487,   0.01241,  -0.02862,   0.01405,   0.12893,   0.01405,  -0.00072,   0.06821,  -0.01056,  -0.02205,   0.00092,  -0.03682,  -0.10575,   0.00092,  -0.02533,  -0.03190,   0.12236,  -0.06308,   0.02882,   0.06821,   0.01897,   0.02554,   0.00913,   0.03046,  -0.00236,   0.02882,   0.10431,   0.01733,   0.01897,  -0.07785,   0.02882,  -0.00072,   0.00585,   0.05016,  -0.01056,   0.00749,   0.02226,   0.04687,  -0.00400,   0.00913,   0.02718,   0.09611,  -0.01877,  -0.12708,  -0.00236,   0.00585,  -0.00728,  -0.00236,  -0.00072,  -0.02533,   0.02390,   0.04851,  -0.08934,   0.03046,   0.09775,  -0.02862,  -0.05816,  -0.00400,   0.03046,   0.04031,  -0.00236,  -0.00728,   0.04523,  -0.03518,   0.02718,   0.01733,  -0.01385,   0.04687,   0.08626,  -0.07457,   0.05508,   0.03210,  -0.08113,   0.01241,   0.04687,   0.13057,   0.02226,  -0.02862,  -0.02533,  -0.06636,  -0.02041,   0.08462,  -0.00564,  -0.06472,  -0.01385,  -0.01221,  -0.00892,  -0.01549,  -0.07293,   0.04523,  -0.03518,  -0.00236,   0.02390,  -0.03190,  -0.00728,   0.05508,   0.04195,   0.02390,  -0.04339,   0.01241,  -0.03682,  -0.04339,  -0.05980,  -0.00236,  -0.02041,  -0.06636,   0.00256,  -0.01221,   0.01569,  -0.02862,  -0.00728,  -0.00236,   0.05836,  -0.01877,   0.05508,  -0.02862,  -0.01056,   0.04523,   0.07641,   0.05508,   0.03046,  -0.11231,  -0.05159,  -0.00892,  -0.03026,   0.00420,  -0.02369,   0.03867,  -0.01221,  -0.03682,  -0.04339,  -0.00236,   0.07805,  -0.06144,  -0.00400,   0.02554,  -0.06636,  -0.03518,  -0.02041,   0.00256,   0.03374,   0.01569,  -0.03518,  -0.00400,  -0.06472,   0.03703,  -0.07621,   0.03210,   0.03046,  -0.03354,   0.10267,  -0.02041,   0.06164,  -0.02862,  -0.00892,   0.08134,   0.05180,  -0.00728,   0.11088,  -0.05323,  -0.00564,  -0.02533,  -0.06308,  -0.01056,  -0.11067,  -0.00564,  -0.04010,   0.04851,  -0.02698,   0.02390,  -0.00564,  -0.07785,   0.03046,   0.02718,  -0.04010,   0.05508,   0.03703,  -0.06964,   0.05180,  -0.04667,   0.05344,   0.05344,   0.06821,   0.01733,   0.00092,   0.04687,   0.04851,  -0.08605,   0.02718,   0.02882,   0.05016,   0.03867,   0.06328,   0.01897,  -0.11559,   0.03046,  -0.05487,  -0.05487,  -0.03190,  -0.00728,  -0.02862,   0.04031,   0.03046,  -0.05980,  -0.03846,   0.07149,   0.02390,   0.03210,  -0.06144,   0.04523,  -0.00236,   0.06164,  -0.04175,  -0.13857,   0.03374,  -0.02862,   0.04523,  -0.04010,  -0.07949,   0.02226,  -0.10247,   0.04523,  -0.04503,   0.06492,  -0.11231,  -0.00728,  -0.04339,   0.05344,   0.00749,  -0.00072,   0.11252,   0.03867,  -0.05652,  -0.01221,   0.01733,   0.02226,  -0.03846,  -0.02041,  -0.03026,  -0.01056,  -0.02862,   0.06492,   0.10759,  -0.02205,  -0.04339,  -0.00400,  -0.01221,   0.08790,   0.03374,   0.04031,  -0.02369,   0.09118,  -0.04995,  -0.00072,   0.03539,   0.01077,   0.06657,  -0.00892,  -0.02862,   0.06657,   0.05836,  -0.02041,  -0.01549,   0.06657,   0.02062,  -0.03682,   0.01241,   0.04851,   0.01241,  -0.00892,   0.05508,  -0.05323,  -0.09590,   0.03539,   0.00585,   0.07805,  -0.07129,  -0.03026,  -0.03026,  -0.01385,   0.02882,   0.01569,  -0.04503,   0.08790,   0.05180,   0.01733,   0.06328,   0.01241,  -0.00892,  -0.02369,  -0.04995,   0.01897,   0.02062,   0.06492,   0.07805,   0.04195,  -0.00400,   0.01077,   0.01241,   0.02226,   0.01733,   0.04851,   0.07313,   0.03210,  -0.00400,   0.06821,   0.04687,  -0.00236,  -0.02205,  -0.01549,   0.04359,   0.03374,   0.00420,   0.08954,  -0.05487,   0.09775,  -0.00400,  -0.08277,  -0.09262,   0.08626,  -0.04339,   0.00092,  -0.00564,  -0.00400,   0.02390,  -0.00892,  -0.01877,  -0.01549,   0.01241,   0.04523,  -0.02041,  -0.04503,  -0.02369,  -0.01877,   0.01569,  -0.06964,  -0.04010,  -0.00400,  -0.02205,  -0.01549,  -0.07949,  -0.06308,   0.00256,  -0.02698,   0.01077,  -0.07457,  -0.05652,   0.05180,   0.04031,  -0.00072,   0.02062,   0.06328,  -0.10575,   0.06000,   0.02390,   0.02062,   0.01733,   0.01733,   0.03374,  -0.02533,  -0.00728,   0.04687,   0.00913,   0.00585,  -0.05159,   0.02390,  -0.01056,  -0.00564,   0.01569,  -0.04175,  -0.06800,  -0.00400,   0.00749,  -0.03682,  -0.03682,   0.01241,  -0.09262,  -0.01056,  -0.02041,   0.01733,  -0.11888,  -0.02698,  -0.02862,  -0.02041,   0.00420,  -0.00892,  -0.02205,   0.08134,  -0.02862,  -0.01877,  -0.00892,  -0.04010,   0.00256,  -0.06472,  -0.03682,   0.01569,  -0.07129,  -0.08605,  -0.04995,   0.03539,  -0.00236,  -0.02698,  -0.01549,   0.00913,   0.04851,   0.02718,   0.00749,   0.01897,   0.09118,   0.05508,  -0.03682,  -0.09426,   0.02718,  -0.00728,  -0.02698,   0.04359,  -0.01549,   0.04195,  -0.02698,  -0.02041,   0.00092,  -0.02533,  -0.02205,  -0.01385,  -0.05159,   0.02390,  -0.02369,  -0.10082,  -0.06636,  -0.02862,  -0.00564,  -0.05980,  -0.03190,  -0.00564,   0.13877,   0.06164,  -0.03190,   0.00256,   0.03046,  -0.00236,  -0.06308,   0.01077,  -0.01549,   0.10759,  -0.01877,  -0.05816,  -0.06144,   0.10595,   0.00420,  -0.00564,   0.02226,  -0.01713,  -0.09098,  -0.05980,   0.04687,   0.05508,  -0.07785,  -0.00564,  -0.00728
   0.06164,   0.02390,  -0.03026,   0.01733,   0.06000,   0.04851,  -0.03354,   0.01405,   0.04523,  -0.02862,   0.03046,   0.07149,   0.00749,   0.01077,  -0.00564,   0.02226,   0.07969,  -0.05159,   0.10103,   0.11908,  -0.06636,   0.02226,   0.00256,   0.02062,  -0.00564,   0.03867,   0.03539,   0.06164,   0.03210,   0.05344,   0.03703,  -0.04010,  -0.01549,  -0.01713,  -0.06144,  -0.07293,  -0.04010,   0.04523,   0.07969,  -0.04175,   0.02718,   0.01077,   0.07149,   0.10431,   0.04359,   0.10759,   0.01733,  -0.07949,   0.02718,  -0.01877,   0.04523,   0.01077,   0.04523,  -0.03354,  -0.02533,   0.02062,  -0.04010,  -0.08605,   0.06000,   0.01077,   0.00256,   0.00913,   0.02882,  -0.02041,   0.04195,  -0.03354,  -0.04339,  -0.01549,   0.04687,  -0.01056,  -0.03026,   0.02390,   0.06000,  -0.05487,  -0.05323,  -0.02205,   0.01733,   0.00092,  -0.00236,  -0.02369,  -0.03026,   0.02390,  -0.05159,  -0.01549,   0.02062,   0.02226,   0.00749,   0.00913,   0.03539,  -0.01056,  -0.01549,  -0.02041,   0.05836,   0.02226,   0.02718,   0.06164,   0.04523,  -0.03026,  -0.06636,  -0.02533,  -0.03518,   0.02226,   0.04359,   0.01733,   0.06985,   0.01897,   0.04195,  -0.00728,  -0.05323,   0.00585,   0.05344,   0.00256,  -0.00728,  -0.01877,   0.02226,  -0.01221,   0.11252,  -0.02862,  -0.01549,   0.01897,  -0.05652,  -0.00400,   0.03046,  -0.00892,   0.06985,   0.00585,   0.09939,  -0.02698,  -0.01877,   0.02062,   0.05016,   0.02718,   0.05508,   0.00585,  -0.01221,  -0.01056,  -0.01221,  -0.02698,   0.04851,   0.00256,   0.01897,  -0.06144,  -0.03682,  -0.03354,  -0.03846,   0.06821,   0.06164,  -0.07457,  -0.00564,   0.00749,  -0.01713,  -0.01056,  -0.08277,   0.00092,   0.03210,  -0.00892,   0.01569,   0.05672,  -0.04503,   0.00585,   0.04031,  -0.00892,   0.01897,   0.03210,   0.02882,  -0.01056,  -0.00400,   0.01405,  -0.08934,  -0.01877,   0.05180,  -0.09754,  -0.12708,  -0.04667,   0.15026,   0.03210,   0.01077,   0.03046,   0.04687,  -0.01877,   0.02390,   0.03374,   0.03210,  -0.02533,   0.01569,  -0.01549,  -0.07949,  -0.02533,   0.06821,   0.03374,  -0.00072,  -0.01713,   0.00749,  -0.04010,   0.01733,   0.05016,   0.01077,   0.02882,  -0.08441,   0.05016,   0.04851,   0.06164,   0.02554,   0.00256,   0.06985,  -0.03682,  -0.07129,   0.03046,   0.02226,  -0.05652,  -0.03026,   0.01077,  -0.03026,  -0.02041,   0.06000,   0.04851,  -0.01549,  -0.04831,  -0.05487,  -0.04175,  -0.02533,  -0.11395,  -0.01549,   0.01077,  -0.00564,  -0.02533,   0.01241,   0.02882,   0.00092,  -0.02205,  -0.03682,  -0.02533,  -0.06636,  -0.00236,  -0.04995,   0.02226,   0.02718,  -0.05159,  -0.05159,   0.00420,  -0.09098,  -0.03190,   0.04031,   0.02718,  -0.00236,  -0.02369,   0.00256,  -0.03682,   0.06821,   0.03374,  -0.02533,  -0.02041,   0.02390,   0.01569,   0.05836,  -0.04339,   0.10923,  -0.03846,  -0.00400,   0.00749,   0.04687,   0.00749,   0.04851,   0.01897,  -0.00400,  -0.12052,   0.01077,  -0.12544,  -0.04010,   0.07477,  -0.02862,   0.04195,   0.01077,   0.03703,  -0.05980,  -0.03518,   0.02226,   0.02718,   0.00913,   0.04851,   0.04359,   0.00420,  -0.07785,  -0.02041,  -0.03190,   0.06328,   0.01569,  -0.03682,  -0.01877,   0.04523,   0.02226,  -0.03518,  -0.00892,  -0.00728,   0.02390,   0.04031,   0.07149,   0.03046,  -0.01221,  -0.00564,   0.01897,   0.04851,  -0.01713,   0.01897,   0.03539,  -0.03354,   0.02062,   0.04195,  -0.03190,  -0.01549,  -0.04667,   0.02390,  -0.02369,   0.01241,   0.02882,  -0.03846,   0.00585,   0.03867,  -0.03518,  -0.02698,   0.05180,   0.06985,  -0.04339,  -0.03026,  -0.01713,   0.06164,   0.03046,  -0.01549,   0.07805,   0.07969,   0.02554,  -0.00564,   0.01241,  -0.00236,   0.02718,   0.01897,   0.01077,   0.06657,   0.02226,  -0.03846,   0.01405,   0.02390,   0.06328,  -0.00728,   0.09282,   0.01405,   0.08134,  -0.11395,   0.00092,  -0.04339,  -0.00400,   0.03539,   0.03703,   0.02390,   0.00256,  -0.01877,  -0.03354,  -0.00564,   0.00585,   0.00092,  -0.02041,   0.01241,   0.05180,  -0.05816,  -0.06636,   0.06985,  -0.05323,   0.00092,   0.00092,   0.03539,   0.06164,   0.02390,   0.04195,   0.00585,   0.07805,   0.06000,  -0.00892,   0.00420,   0.02062,  -0.00728,  -0.00236,   0.03867,  -0.11559,  -0.03190,  -0.04503,   0.06492,  -0.03846,  -0.03846,  -0.05323,   0.00749,  -0.07457,  -0.00400,  -0.01385,  -0.02698,   0.01241,   0.02062,  -0.02698,   0.00256,  -0.05980,  -0.06472,  -0.00400,   0.03867,  -0.02862,   0.03210,   0.07477,   0.08790,   0.02882,  -0.04667,  -0.01385,  -0.02533,   0.09446,  -0.06144,  -0.01385,   0.06821,   0.12400,  -0.01221,   0.01733,   0.02554,   0.06657,   0.00256,   0.01733,   0.05180,  -0.02369,  -0.01877,   0.05016,  -0.01056,   0.01897,  -0.02205,   0.03374,   0.05344,  -0.07621,   0.07149,  -0.02533,  -0.05323,  -0.00236,   0.00092,   0.01897,  -0.02205,  -0.00892,   0.00585,  -0.01385,   0.02390,  -0.03190,  -0.01221,  -0.05652,   0.01569,   0.00092,   0.04031,   0.01077,  -0.00892,  -0.07457,  -0.03354,  -0.03846,  -0.03026,  -0.03518,  -0.03846,   0.00913,  -0.07129,  -0.06144,   0.00420,  -0.02205,   0.01569,   0.01897,   0.04523,   0.02718,  -0.03354,   0.04195,  -0.00236,   0.02062,   0.06821,  -0.02862,   0.03703,  -0.03354,  -0.01385,   0.02062,  -0.03846,  -0.03026,  -0.03190,   0.00585,  -0.04503,   0.05672,  -0.05487,   0.03867,  -0.09590,  -0.01056,  -0.00072,   0.03046,   0.09446,  -0.01056,  -0.00236,   0.04523,  -0.01056,   0.03539,   0.02554,  -0.05159,   0.00749,  -0.02533,   0.03703,   0.00420,   0.06657,  -0.13529,   0.05344,  -0.03682,   0.02554,  -0.11559,   0.00749,   0.05672,  -0.05980,  -0.02369,   0.02718,  -0.00728,   0.01569,   0.06985,  -0.08605,   0.00749,   0.04031,   0.08626,  -0.04175,   0.00749,   0.04031,  -0.01221,  -0.01549,   0.00092,   0.03210,   0.09118,   0.07805,   0.01733,  -0.00892,   0.05672,  -0.01385,   0.02390,   0.09118,   0.04851,  -0.02698,   0.05508,  -0.03682,  -0.03518,   0.06328,   0.03210,   0.08790,  -0.02533,  -0.00728,  -0.04339,   0.02390,   0.06328,   0.02226,   0.05672,   0.08790,  -0.08934,  -0.01385,   0.02882,   0.05508,   0.01077,   0.03703,  -0.04175,  -0.02041,   0.01733,  -0.00728,  -0.05159,  -0.00072,   0.04195,   0.00256,   0.02554,   0.04031,   0.07313,  -0.04831,  -0.04010,  -0.04831,   0.01077,  -0.01385,   0.06328,  -0.01056,   0.01077,  -0.06308,   0.03539,   0.03703,   0.04359,   0.02882,  -0.02533,  -0.00236,   0.01405,  -0.01221,  -0.00236,  -0.05816,  -0.06472,  -0.01385,   0.06000,  -0.02205,  -0.00564,   0.00420,  -0.02533,  -0.00564,   0.10759,  -0.05323,  -0.00072,  -0.04010,  -0.02862,  -0.04667,   0.08134,  -0.04503,  -0.01056,  -0.04831,  -0.04339,   0.07641,  -0.04175,   0.02718,  -0.00728,  -0.03354,  -0.05816,   0.03539,   0.03046,   0.05344,   0.00749,  -0.07457,   0.00749,   0.01077,  -0.03518,   0.06657,  -0.00400,  -0.00072,  -0.01713,  -0.05980,  -0.00072,   0.05344,   0.00420,  -0.00728,   0.00749,   0.00749,   0.02390,   0.08462,   0.01077,  -0.11724,   0.08134,   0.02062,  -0.04831,   0.06164,   0.03210,  -0.07457,   0.02390,  -0.04831,   0.13221,   0.10923,  -0.02533,   0.02390,   0.00913,  -0.02041,  -0.06800,  -0.00892,   0.07477,  -0.01221,  -0.03682,  -0.05159,  -0.01385,   0.03539,   0.08134,   0.02718,  -0.02369,   0.03210,   0.01733,  -0.03682,   0.03867,  -0.01221,  -0.01056,  -0.00892,   0.01733,   0.04523,   0.02390,  -0.06308,   0.04359,  -0.09426,  -0.05487,   0.01733,   0.00420,  -0.02862,   0.04031,  -0.01221,   0.00256,  -0.01221,   0.00913,  -0.04175,   0.04851,   0.03210,   0.06328,  -0.00892,   0.07805,  -0.03026,  -0.01877,  -0.03518,   0.01897,  -0.05980,  -0.02862,  -0.11231,   0.00256,  -0.01056,  -0.05980,   0.00913,   0.04195,   0.04031,  -0.01549,   0.05508,   0.02390,  -0.00072,   0.03703,   0.00749,  -0.08113,  -0.05652,   0.03210,   0.02390,   0.00749,  -0.01385,   0.02718,   0.01897,  -0.03518,   0.01897,  -0.00072,   0.01405,   0.02062,  -0.02041,   0.00749,   0.02718,   0.01241,   0.05344,  -0.02041,   0.01897,   0.02554,   0.01569,   0.03539,   0.07313,  -0.03190,   0.03210,   0.00420,  -0.03682,   0.01733,  -0.00728,  -0.01549,   0.05180,   0.00913,   0.00913,  -0.05816,   0.01733,  -0.04831,   0.03210,   0.00913,   0.05016,  -0.05816,   0.03539,   0.01897,  -0.06144,   0.00092,  -0.00400,   0.05508,   0.02390,  -0.02369,  -0.04010,  -0.04831,  -0.01221,   0.15354,   0.02882,   0.07313,  -0.03846,  -0.05980,  -0.03354,   0.04359,   0.01733,   0.02554,  -0.01549,  -0.01713,   0.03374,   0.01897,   0.00585,   0.07149,   0.02882,   0.03046,   0.04031,   0.06492,   0.07477,  -0.03026,  -0.00728,   0.05344,  -0.00236,   0.00749,  -0.06144,  -0.00400,   0.03210,  -0.06144,   0.00256,   0.03210,   0.03046,  -0.00892,  -0.06636,   0.01569,   0.01733,   0.04359,   0.00913,   0.01241,  -0.01549,  -0.05816,  -0.01877,  -0.06472,   0.02718,   0.02226,   0.05836,  -0.01221,   0.03210,  -0.01713,  -0.03682,   0.02718,   0.00585,  -0.04831,   0.07477,  -0.08605,   0.04359,   0.06492,  -0.02862,   0.00749,  -0.06144,  -0.07457,   0.09775,   0.05836,  -0.00072,   0.00420,   0.02882,  -0.00400,   0.05344,  -0.03354,   0.02718,  -0.03682,   0.08626,  -0.01385,   0.03374,  -0.03518,  -0.03190,  -0.00728,   0.07969,  -0.04339,   0.00913,  -0.00072,   0.01241,  -0.03026,  -0.02533,   0.01077,   0.01241,  -0.00236,  -0.05159,  -0.06472,   0.00913,   0.02390,  -0.06800,   0.02226,   0.01241,  -0.06472,   0.02390,  -0.00728,   0.04031,  -0.05487,  -0.00892,  -0.02698,   0.01077,   0.06985,   0.06164,   0.01405,  -0.01713,  -0.00236,   0.04359,   0.03703,  -0.01549,  -0.08441,   0.07969,  -0.02698,   0.06492,   0.00749,   0.02554,  -0.03354,  -0.03682,  -0.02698,  -0.00400,  -0.02369,   0.02554,   0.04195,  -0.01385,   0.00420,  -0.02041,  -0.02205,  -0.01877,  -0.00400,   0.00256,  -0.08605,   0.06164,   0.03703,  -0.02862,   0.01405,   0.04031,   0.05016,   0.02226,   0.04687,  -0.06144,   0.01897,   0.04851,   0.00092,  -0.01385,  -0.00564,  -0.00728,  -0.06964,  -0.03026,   0.08790,  -0.01713,  -0.05980,   0.01733,  -0.02698,   0.02718,   0.06821,   0.02882,  -0.04175,  -0.01056,  -0.01549,   0.05672,   0.04195,   0.05016,   0.08790,   0.05836,   0.02062,  -0.01221,   0.01241,   0.05180,   0.04523,   0.04523,   0.06821,  -0.01385,  -0.03190,  -0.00564,   0.01405,  -0.05323,  -0.05980,   0.00092,   0.01733,   0.09118,   0.06985,  -0.08605,  -0.01385,   0.06328,   0.02226,   0.06492,  -0.06144,   0.01241,  -0.03354,   0.07313,   0.02062,  -0.01549,  -0.04667,   0.05508,   0.05180,  -0.04175,  -0.06472,  -0.06800,   0.01405,   0.01405,  -0.00892,   0.10431,  -0.06800,  -0.00564,  -0.00564,   0.08134,   0.04195,  -0.10082,   0.01569,   0.03703,  -0.04175,   0.00420,   0.03210,   0.03703,   0.00749,  -0.07949,  -0.02041,   0.05836,  -0.01877,  -0.08277,   0.01733,   0.03703,  -0.00236,  -0.05323,   0.07805,   0.11744,   0.02062,   0.02554,   0.06657,   0.02390,   0.05836,  -0.01877,  -0.04175,   0.01077,   0.02718,   0.02554,   0.03539,  -0.04339,   0.06000,  -0.06144,   0.02390,  -0.05816,  -0.04010,  -0.00892,   0.03703,   0.03374,  -0.05980,   0.01405,   0.02226,   0.00749,   0.00092,   0.03046,   0.03374,   0.08134,   0.03046,   0.00913,  -0.06800,   0.01241,  -0.03026,   0.02390,  -0.00728,  -0.03518,  -0.00072,   0.03210,  -0.04010,   0.01405,   0.02390,  -0.01385
   0.03703,   0.05016,  -0.02698,   0.00092,   0.04195,   0.00092,   0.05508,   0.09118,   0.01897,   0.01569,   0.03539,  -0.01877,  -0.00072,  -0.04831,  -0.00400,  -0.07129,  -0.04831,   0.06000,   0.01405,  -0.02369,  -0.04010,   0.08134,  -0.03518,  -0.09590,  -0.04667,   0.05672,   0.16011,   0.02062,  -0.06800,  -0.00236,   0.02226,  -0.03190,   0.05508,   0.04359,  -0.00728,  -0.03518,   0.09118,   0.03539,  -0.00564,  -0.02533,   0.07805,  -0.00072,  -0.05652,   0.01405,   0.00585,   0.00092,   0.07313,   0.04359,  -0.00400,   0.00585,   0.03374,   0.05344,  -0.06964,   0.00420,  -0.08770,   0.00749,  -0.01877,  -0.00072,   0.00749,   0.01569,  -0.01056,  -0.03026,  -0.07621,   0.03867,   0.04851,  -0.00236,  -0.01221,  -0.01877,   0.01897,   0.00749,  -0.00236,  -0.00564,   0.00585,  -0.06964,  -0.02369,  -0.05652,  -0.01713,   0.02226,   0.03867,   0.00256,  -0.02205,  -0.00400,  -0.03190,   0.04523,  -0.00892,  -0.02041,   0.06657,   0.05180,  -0.06800,  -0.00400,   0.08626,  -0.07785,   0.04195,  -0.01549,  -0.00072,   0.03046,  -0.04339,   0.04359,  -0.03026,   0.00092,  -0.03846,   0.05672,  -0.01385,  -0.00236,  -0.00564,  -0.04339,  -0.00236,   0.02062,  -0.02041,   0.04031,  -0.05159,   0.00585,   0.00256,   0.04195,   0.06164,  -0.01221,   0.03046,   0.02226,  -0.00400,   0.03210,   0.03210,   0.01241,  -0.02205,   0.04523,   0.01077,   0.02882,   0.00256,   0.00256,   0.00420,  -0.02862,   0.10431,   0.06985,  -0.03846,  -0.06800,   0.05016,  -0.03846,   0.04687,  -0.01385,   0.01897,  -0.07293,   0.02390,  -0.02533,   0.06821,  -0.02862,   0.12565,   0.03374,   0.01241,  -0.03518,  -0.04667,  -0.03518,   0.04687,   0.03539,   0.01569,   0.01405,  -0.04503,  -0.01056,  -0.00564,   0.00420,  -0.02369,  -0.02862,   0.05672,  -0.05652,  -0.00072,  -0.00564,   0.07313,  -0.04995,   0.00585,  -0.00728,   0.03539,   0.04359,   0.00913,  -0.02533,   0.05508,   0.03867,   0.02062,  -0.03518,  -0.04339,  -0.04339,   0.06328,   0.03374,   0.00092,   0.00420,  -0.00564,  -0.01713,  -0.02369,  -0.08441,  -0.00728,   0.08462,   0.01569,  -0.04995,   0.00420,   0.02062,  -0.09754,  -0.03026,   0.05836,   0.00420,   0.03539,   0.03210,  -0.08605,   0.00092,  -0.00072,   0.02718,  -0.01549,   0.05672,  -0.01385,  -0.01713,  -0.04667,  -0.05159,  -0.02533,  -0.06144,   0.05180,   0.04687,  -0.00236,   0.02390,   0.02062,   0.03867,  -0.00400,  -0.00236,   0.01241,  -0.00400,  -0.01877,  -0.02041,  -0.04995,   0.04031,   0.00913,   0.04359,  -0.01221,   0.06328,   0.05344,  -0.02205,   0.03703,  -0.02862,  -0.02862,   0.00092,   0.06164,  -0.00728,  -0.01056,   0.02390,  -0.04010,  -0.01713,   0.00420,  -0.01056,   0.06492,   0.05836,  -0.00892,   0.04359,   0.00256,  -0.07621,  -0.01221,   0.02882,   0.01405,   0.05344,   0.04687,   0.04195,  -0.02369,   0.01569,   0.00092,   0.03703,  -0.05980,   0.06000,  -0.08277,  -0.06800,  -0.02698,  -0.02369,   0.00913,  -0.04503,  -0.10739,   0.02390,   0.00420,  -0.09426,   0.08790,  -0.03026,  -0.01877,  -0.00892,  -0.05652,   0.04687,  -0.02205,   0.05344,   0.06328,   0.03867,  -0.00072,  -0.02862,  -0.04995,  -0.03354,   0.04687,  -0.02041,   0.03046,   0.10103,  -0.02862,  -0.00564,  -0.01713,  -0.04667,   0.07149,   0.05672,  -0.00892,  -0.02862,   0.04031,  -0.04175,  -0.00564,   0.15518,  -0.00072,  -0.00400,  -0.00400,   0.00092,   0.00420,   0.00092,   0.01405,   0.02718,   0.01897,   0.01897,  -0.01713,   0.05016,   0.04195,   0.00749,   0.00420,   0.05180,   0.03703,   0.04195,  -0.04010,  -0.06308,  -0.01385,  -0.01713,  -0.04339,  -0.09590,  -0.02862,   0.05836,   0.01241,   0.00420,  -0.02862,  -0.03354,   0.02062,   0.01897,   0.01733,   0.05180,  -0.03026,  -0.00892,   0.04195,  -0.01713,   0.01569,   0.02882,  -0.03518,   0.01897,   0.06328,  -0.00400,  -0.03354,  -0.03026,   0.00749,  -0.08113,   0.05344,  -0.03354,   0.03539,   0.04523,  -0.01713,  -0.00728,   0.09611,   0.00256,  -0.03354,   0.04523,  -0.00236,   0.02390,  -0.02369,   0.01241,  -0.00892,   0.02062,   0.02226,   0.00256,   0.02062,   0.00092,  -0.01713,   0.04031,   0.04687,  -0.04010,   0.04031,   0.03374,  -0.03682,   0.02554,   0.04195,  -0.01877,  -0.00564,   0.02062,  -0.05159,  -0.00892,  -0.03354,   0.01405,  -0.03026,  -0.01713,  -0.03846,  -0.00564,   0.06492,  -0.01549,   0.00913,  -0.01056,   0.05672,  -0.03682,   0.00092,   0.00749,  -0.02369,   0.01077,   0.00749,   0.04359,   0.03539,   0.03539,   0.01077,  -0.08441,  -0.03682,   0.08790,  -0.03026,   0.03046,   0.00420,   0.00749,  -0.02369,  -0.01385,  -0.02041,   0.06000,  -0.02369,  -0.00728,   0.05508,   0.09939,   0.07477,   0.02062,  -0.00728,   0.03046,  -0.03354,   0.04359,  -0.02862,  -0.01549,   0.03703,  -0.00728,   0.01569,   0.04523,   0.01241,   0.00092,  -0.00236,   0.01405,  -0.04339,   0.03703,  -0.02369,  -0.04010,  -0.04503,  -0.03518,   0.03374,  -0.02862,   0.01569,   0.00585,  -0.03354,   0.09118,  -0.11888,   0.05016,  -0.04339,  -0.03682,   0.04359,  -0.05159,  -0.01385,  -0.02698,  -0.09590,  -0.04339,  -0.03026,   0.03539,   0.04687,   0.03867,  -0.01877,   0.00585,  -0.05816,   0.02390,   0.04359,  -0.01713,  -0.02698,   0.03867,  -0.07129,  -0.07293,   0.01405,  -0.06144,   0.02554,  -0.03518,   0.05180,  -0.03026,   0.15190,   0.04359,   0.06000,   0.08626,   0.00420,   0.03703,   0.08462,   0.06164,   0.03867,  -0.00072,   0.03210,  -0.04503,   0.01569,   0.04359,  -0.02041,   0.08626,   0.02882,   0.09282,   0.05672,  -0.00236,  -0.05980,   0.03374,  -0.01713,   0.05836,  -0.03026,  -0.00236,   0.01733,  -0.01221,   0.07641,  -0.02533,   0.04687,   0.00420,  -0.03026,   0.02882,   0.06164,   0.00420,  -0.00564,  -0.07949,  -0.00728,  -0.03518,  -0.00072,  -0.15334,  -0.02041,  -0.02041,  -0.00892,  -0.01221,   0.04687,  -0.02205,  -0.01549,  -0.04175,  -0.03026,   0.05016,   0.00749,  -0.04831,   0.01077,   0.00749,   0.06000,  -0.11067,   0.06492,   0.04031,  -0.07129,  -0.01713,  -0.02041,  -0.04667,  -0.01549,  -0.02862,  -0.01221,  -0.04339,   0.00749,   0.00256,  -0.04175,   0.05836,   0.02882,   0.07149,   0.12565,   0.04195,   0.03703,  -0.05323,   0.02554,  -0.04667,  -0.01056,  -0.01877,  -0.06472,   0.03539,   0.01241,  -0.00564,   0.06328,   0.06657,  -0.02862,   0.03703,  -0.01549,  -0.00892,   0.00585,   0.06492,   0.02062,   0.00092,  -0.02205,   0.01897,  -0.02205,  -0.01713,   0.05016,  -0.04175,   0.03867,  -0.00728,   0.04195,   0.06821,  -0.02041,   0.01569,  -0.01877,   0.00092,  -0.00072,   0.08298,  -0.04503,  -0.02533,   0.03867,   0.07477,   0.05016,  -0.05487,  -0.02533,  -0.00236,  -0.10411,   0.03046,   0.05344,   0.00585,   0.09282,  -0.00236,   0.03703,  -0.02041,  -0.00400,  -0.00564,   0.04523,   0.06985,  -0.12872,   0.01077,  -0.04010,   0.02226,  -0.05323,   0.00256,  -0.05652,   0.04523,   0.00749,   0.02226,  -0.00400,   0.05508,  -0.07457,  -0.03026,   0.01897,  -0.05652,  -0.04831,   0.10103,   0.06164,  -0.05323,   0.03210,  -0.06308,   0.03046,   0.00256,   0.07969,   0.14206,  -0.03354,  -0.07457,   0.00749,   0.05672,  -0.01385,  -0.05652,  -0.00236,   0.03867,  -0.06144,   0.06164,  -0.05323,   0.02554,  -0.04175,   0.07969,  -0.02533,   0.02554,   0.07641,  -0.04010,   0.02882,  -0.04667,  -0.00236,   0.00585,   0.01569,  -0.07621,  -0.00072,   0.01897,   0.00913,   0.00585,  -0.04995,  -0.01877,  -0.04175,  -0.06800,   0.00913,   0.02882,  -0.05487,  -0.07457,  -0.06144,   0.02554,   0.00749,  -0.01385,  -0.02369,   0.01077,  -0.00892,  -0.05487,   0.02226,   0.05836,   0.07641,   0.00256,  -0.05652,  -0.04175,  -0.03518,   0.02554,  -0.04175,  -0.02698,  -0.05159,  -0.02369,  -0.06636,  -0.00892,  -0.01056,  -0.03026,   0.00256,  -0.04667,   0.00913,   0.08298,   0.04851,   0.01897,  -0.00400,   0.02718,   0.03539,  -0.01221,   0.02226,   0.00913,   0.06164,  -0.00564,   0.00913,   0.02062,   0.04851,  -0.01877,   0.02718,   0.03867,  -0.03518,   0.04687,  -0.04503,   0.04523,  -0.01221,  -0.04667,  -0.00892,   0.01405,   0.04851,  -0.05323,  -0.07785,  -0.03190,  -0.03682,   0.06164,   0.04687,  -0.03846,   0.04523,   0.02062,   0.01897,   0.07313,   0.02554,   0.06985,  -0.02369,  -0.04339,  -0.00728,  -0.00072,  -0.06964,  -0.00892,   0.00913,  -0.02205,  -0.00400,  -0.06800,   0.04359,  -0.07293,   0.04031,   0.01733,   0.01405,   0.04359,  -0.06964,  -0.05652,   0.03539,   0.00256,   0.05016,  -0.00072,   0.00913,  -0.05159,  -0.02369,  -0.04010,  -0.05323,  -0.06964,  -0.05816,   0.04359,  -0.02533,   0.02554,   0.03210,  -0.05487,   0.01733,  -0.04010,  -0.02205,   0.04851,   0.08462,  -0.10082,   0.01405,  -0.00072,  -0.03190,   0.00420,  -0.06144,   0.07313,   0.00256,  -0.01549,  -0.00236,   0.03374,   0.09611,  -0.07949,  -0.03682,   0.08462,  -0.08277,  -0.04010,  -0.00072,   0.00913,  -0.06144,  -0.03190,   0.08134,   0.00749,  -0.00728,   0.01569,  -0.02205,  -0.06800,   0.02390,  -0.08770,  -0.05159,   0.00092,  -0.02205,  -0.09262,  -0.05487,  -0.03354,   0.02226,  -0.03518,  -0.04667,  -0.00892,   0.00256,  -0.01056,  -0.05159,   0.01733,   0.00420,   0.00092,  -0.05323,   0.02390,  -0.01549,   0.09939,  -0.00728,   0.02390,   0.01077,   0.03867,  -0.03190,  -0.00892,  -0.04339,  -0.05652,   0.00913,   0.00585,   0.05836,   0.02718,  -0.01549,  -0.00564,  -0.06964,   0.07641,   0.01733,   0.02226,  -0.03190,  -0.02369,   0.00913,  -0.02698,  -0.00564,  -0.07129,  -0.01221,  -0.03682,   0.01405,  -0.04503,   0.00420,  -0.02698,   0.03703,   0.02718,   0.09118,  -0.00564,  -0.05980,   0.00749,  -0.00728,  -0.01221,   0.03374,   0.00585,   0.00092,  -0.00072,   0.04195,   0.06821,   0.00585,   0.02062,  -0.02698,  -0.03354,  -0.00236,   0.06492,  -0.06800,   0.01077,  -0.05652,   0.00585,   0.06821,  -0.01385,  -0.05159,  -0.10903,   0.00256,   0.00749,  -0.05816,   0.00420,  -0.07949,   0.04195,  -0.00892,   0.04031,   0.01733,   0.05344,   0.03046,   0.03374,   0.04031,  -0.00236,  -0.04503,   0.03703,  -0.03026,  -0.05159,   0.02062,   0.03374,  -0.04175,   0.07805,  -0.01221,   0.03374,  -0.05816,   0.02226,  -0.03518,   0.01241,   0.00420,  -0.01549,   0.05180,  -0.00236,  -0.07621,   0.01405,  -0.02041,   0.02718,   0.05508,   0.00420,   0.02554,  -0.01877,   0.04687,   0.03374,  -0.00892,  -0.01713,   0.01241,  -0.02862,   0.01569,  -0.00564,   0.00092,   0.01241,   0.01897,   0.02882,  -0.02369,  -0.02533,   0.02390,   0.06657,   0.05672,   0.02390,   0.00585,  -0.05816,   0.05344,  -0.04339,  -0.00892,  -0.02041,   0.10103,   0.06985,  -0.04503,  -0.03026,   0.00092,  -0.01877,   0.04851,   0.04031,  -0.03026,  -0.02862,  -0.05980,  -0.04010,   0.06164,   0.01077,   0.00256,  -0.05980,   0.00749,   0.05180,  -0.01877,  -0.01549,  -0.04831,   0.05344,  -0.01713,   0.00749,  -0.06800,  -0.01713,  -0.01056,   0.06492,   0.02882,   0.01077,   0.04031,   0.00420,   0.00749,  -0.03518,   0.01405,  -0.02041,   0.05016,   0.10595,  -0.02862,  -0.00236,  -0.01549,  -0.01221,  -0.04831,  -0.06144,  -0.00072,  -0.01221,   0.07805,  -0.01713,   0.02062,   0.02718,   0.03703,   0.00913,  -0.01221,   0.04359,   0.02390,  -0.06308,   0.01733,   0.00420,   0.01733,   0.04523,   0.00913,  -0.00072,   0.09118,  -0.03518,   0.00420,   0.02226,   0.02554,  -0.05980,  -0.00400,  -0.05980,   0.01077,   0.05508,   0.00749,   0.00913,   0.04523,  -0.01549,  -0.08441,  -0.01877
  -0.07457,  -0.00236,  -0.04175,  -0.00892,  -0.05652,   0.00585,   0.00913,  -0.03518,   0.01897,  -0.03682,  -0.02369,   0.05016,  -0.07785,   0.00749,   0.00749,  -0.01877,  -0.03846,  -0.02533,  -0.00400,  -0.02533,  -0.01056,  -0.02205,   0.02718,   0.02062,   0.00256,   0.08462,   0.00913,  -0.03354,   0.05180,   0.00420,  -0.00564,   0.01241,  -0.00236,  -0.04339,   0.03539,  -0.02369,   0.02718,  -0.01221,  -0.02533,   0.01241,  -0.00728,  -0.01056,   0.01897,  -0.01549,   0.03046,  -0.01221,  -0.05487,   0.12072,  -0.07293,   0.00092,  -0.02533,  -0.02698,  -0.01713,  -0.06308,   0.02882,  -0.00892,  -0.01549,  -0.03190,  -0.00564,  -0.00564,  -0.06636,   0.03867,  -0.06800,  -0.02698,  -0.04995,  -0.01713,   0.03046,   0.03210,   0.00749,  -0.03518,   0.05672,  -0.04010,   0.02062,  -0.02862,  -0.02041,  -0.11231,  -0.00564,   0.03046,   0.00256,  -0.01385,  -0.02533,  -0.00728,   0.08134,   0.00749,   0.06328,   0.04031,  -0.02041,   0.06164,  -0.00072,   0.01897,   0.04195,   0.00092,   0.07313,  -0.01385,  -0.03190,   0.06000,   0.02062,   0.05016,  -0.02862,  -0.00564,   0.03539,  -0.03682,   0.06821,  -0.08441,   0.05180,  -0.02862,  -0.01549,   0.03539,   0.01897,  -0.03518,   0.00585,   0.00092,  -0.04667,  -0.00072,   0.01569,   0.00585,   0.02882,  -0.11888,  -0.01056,   0.07149,   0.04687,   0.01569,  -0.00400,  -0.09098,   0.04687,   0.00585,   0.02226,  -0.01877,   0.01405,  -0.04010,   0.00420,  -0.06144,   0.00420,  -0.05323,  -0.01549,  -0.04667,  -0.02862,  -0.05816,   0.08954,   0.00092,   0.03374,   0.02718,  -0.05980,  -0.06144,   0.02390,   0.00913,   0.01733,  -0.04175,   0.06164,   0.06657,  -0.01385,   0.00749,   0.06492,  -0.02041,  -0.03026,   0.04359,  -0.00728,   0.00092,   0.06492,  -0.01056,  -0.04175,   0.07641,  -0.05487,  -0.00236,   0.05836,  -0.09262,   0.05672,  -0.00400,   0.02390,   0.02062,   0.01077,  -0.03026,  -0.05816,   0.03539,   0.00585,  -0.05323,   0.05508,  -0.08277,  -0.03846,  -0.00564,  -0.01549,  -0.04010,  -0.00728,  -0.04667,   0.06657,  -0.03190,  -0.01221,   0.06821,  -0.00728,   0.06985,   0.02882,  -0.00072,  -0.06472,  -0.07457,  -0.03026,   0.00913,   0.06821,   0.07969,  -0.09918,  -0.04995,  -0.00072,   0.10431,  -0.00892,   0.03539,  -0.07785,   0.08954,  -0.01549,  -0.01713,  -0.01385,  -0.06308,   0.03374,  -0.01221,  -0.01385,  -0.01385,   0.00256,   0.00913,   0.00913,   0.04851,   0.08298,   0.01241,   0.01077,  -0.03026,  -0.03354,   0.03374,  -0.02862,  -0.02862,  -0.01385,   0.03374,   0.02554,   0.06657,   0.07969,   0.14041,   0.03210,   0.00256,  -0.04175,  -0.01385,   0.02390,  -0.00400,  -0.03190,   0.03703,  -0.01385,  -0.06636,   0.05016,   0.00749,  -0.00892,  -0.06800,  -0.02369,   0.02718,   0.04195,  -0.05323,  -0.02533,   0.01569,  -0.05816,  -0.06964,  -0.05323,   0.03046,   0.02882,   0.02390,  -0.01713,   0.00092,  -0.01385,   0.00913,  -0.05652,  -0.09098,   0.01077,  -0.04995,   0.01569,  -0.00072,  -0.03846,   0.05672,  -0.05487,  -0.05323,   0.01733,   0.01405,  -0.02533,  -0.06308,  -0.01385,  -0.00728,   0.01569,   0.01569,   0.10595,  -0.03682,  -0.10082,  -0.00236,  -0.03354,   0.00749,  -0.02369,  -0.02698,  -0.03190,  -0.00400,  -0.02041,  -0.00072,   0.00913,  -0.00728,   0.04523,   0.03703,   0.02226,  -0.04503,   0.00913,   0.05508,  -0.08441,   0.03867,   0.02718,   0.02718,  -0.00400,   0.05836,  -0.03026,   0.02226,   0.06164,   0.07149,   0.01077,  -0.06472,  -0.11395,   0.02226,   0.02554,  -0.00892,  -0.02698,   0.01241,   0.07641,   0.00585,   0.01733,   0.01405,  -0.03518,   0.07805,   0.01897,  -0.01713,  -0.02041,  -0.02041,  -0.10411,   0.00256,  -0.05816,  -0.03354,   0.02554,   0.05344,  -0.07785,   0.08626,  -0.03846,  -0.04175,   0.00420,  -0.04175,  -0.05652,  -0.03190,   0.03374,   0.09446,   0.11580,  -0.02698,   0.06328,   0.10595,  -0.02205,  -0.08277,  -0.05159,  -0.00728,   0.03374,   0.01405,   0.00913,   0.00092,   0.01405,  -0.00892,   0.01241,   0.02882,  -0.01221,  -0.01713,   0.06821,  -0.04831,   0.05672,   0.01405,   0.03210,   0.05836,  -0.01713,  -0.02205,  -0.00892,  -0.00564,   0.06821,  -0.04339,   0.06000,   0.00585,  -0.00892,  -0.01221,  -0.01713,  -0.02369,  -0.04831,   0.03374,  -0.02205,   0.05508,   0.05016,   0.13221,  -0.00236,  -0.01221,   0.03210,  -0.01877,   0.03374,   0.02554,   0.04031,   0.05180,   0.01405,  -0.02698,   0.01569,   0.02390,   0.03539,  -0.05487,   0.00749,  -0.09590,   0.06000,  -0.02369,  -0.04503,  -0.07785,  -0.09590,  -0.04667,   0.02718,  -0.02533,   0.04195,  -0.07293,  -0.06144,  -0.01549,   0.00092,  -0.01549,   0.03539,  -0.01221,   0.08298,   0.03046,  -0.00728,  -0.06308,   0.05508,   0.00420,  -0.02041,  -0.02533,   0.00749,   0.03046,  -0.03518,   0.03867,  -0.03026,   0.00420,  -0.15990,   0.02882,  -0.03190,   0.01077,  -0.00892,  -0.02862,   0.04687,   0.06164,  -0.01549,  -0.00072,   0.00420,   0.02390,  -0.04010,  -0.05816,  -0.04339,   0.03046,  -0.02698,  -0.05159,  -0.02533,   0.06985,  -0.06144,  -0.03846,   0.02226,  -0.02698,   0.00585,   0.04195,  -0.05652,  -0.00892,  -0.00892,  -0.02369,  -0.00728,   0.01241,   0.01405,  -0.06472,   0.02062,  -0.05323,  -0.07293,   0.01241,   0.06492,   0.00749,   0.04359,   0.01569,  -0.00564,   0.03210,  -0.02369,  -0.00072,  -0.01056,  -0.01385,  -0.07621,  -0.02205,  -0.00236,  -0.10082,   0.04195,   0.06492,   0.00256,  -0.04667,  -0.04010,   0.02554,  -0.01549,  -0.04175,  -0.07129,   0.00913,  -0.05323,   0.02062,   0.02226,  -0.04010,  -0.09098,   0.04851,   0.03210,  -0.10903,   0.01241,  -0.02862,  -0.02862,   0.00420,  -0.01549,   0.00256,  -0.03354,  -0.01549,   0.10759,  -0.07129,  -0.01877,  -0.04995,   0.08462,   0.03867,   0.00256,   0.06985,  -0.00892,   0.05672,  -0.04175,   0.02062,   0.03539,  -0.04995,  -0.05816,   0.03867,   0.04359,   0.03374,   0.02554,  -0.08113,   0.03867,   0.00585,   0.05344,   0.03374,   0.05016,   0.00420,   0.09282,   0.00913,  -0.05652,   0.05672,   0.07477,  -0.01877,   0.01569,   0.09611,   0.05016,  -0.01713,  -0.08605,   0.07805,   0.01241,  -0.01713,  -0.01385,  -0.03026,  -0.04995,  -0.06636,   0.01569,  -0.00236,   0.00420,   0.00749,   0.04031,  -0.02862,  -0.00892,   0.00420,   0.02882,   0.00749,   0.02882,   0.00256,   0.02718,   0.08462,   0.06657,   0.07313,   0.09775,  -0.04995,   0.04031,   0.06328,   0.00749,  -0.00400,   0.03703,   0.06985,   0.05180,   0.04031,   0.10431,  -0.03026,   0.03374,  -0.07293,   0.01897,   0.05344,   0.01897,   0.09611,  -0.00072,  -0.00728,  -0.02533,   0.03539,   0.03046,  -0.02862,   0.04687,  -0.07785,  -0.06800,   0.00913,   0.07477,   0.00585,  -0.06800,   0.01077,  -0.01713,   0.06492,  -0.00400,  -0.03518,   0.04359,   0.04523,  -0.01549,  -0.06472,   0.03374,   0.03374,   0.00092,  -0.01549,  -0.00072,  -0.00072,  -0.02698,   0.03703,  -0.03354,   0.00749,   0.07149,  -0.03354,   0.05180,  -0.04175,   0.00913,   0.05836,   0.02718,   0.01569,  -0.00400,   0.01897,   0.01897,   0.01241,   0.00256,  -0.07949,  -0.04995,  -0.04667,  -0.04831,  -0.09426,  -0.00892,  -0.02369,   0.02062,  -0.01713,   0.04031,  -0.06144,  -0.07293,   0.07313,  -0.04175,   0.08790,   0.00420,  -0.03682,   0.00913,  -0.02698,  -0.09426,  -0.04503,  -0.00564,   0.06985,  -0.06144,  -0.02533,  -0.04995,  -0.01056,  -0.04175,   0.05344,  -0.00564,   0.05016,  -0.03026,  -0.04010,   0.02554,   0.04195,  -0.02041,   0.00256,   0.10759,   0.03210,   0.00749,  -0.02698,   0.04031,   0.06492,  -0.07457,  -0.08770,   0.01569,  -0.07129,   0.02390,  -0.00728,   0.06000,  -0.07129,  -0.00072,  -0.00892,   0.01569,  -0.03026,  -0.05487,  -0.05159,  -0.09590,  -0.04503,   0.01405,  -0.00400,   0.00092,  -0.08934,   0.04031,  -0.03846,  -0.01221,  -0.03026,   0.00913,   0.00585,   0.10595,   0.04195,  -0.01877,  -0.06144,  -0.03026,  -0.01713,  -0.06144,   0.04851,  -0.04995,  -0.01221,  -0.06308,   0.00092,  -0.00072,   0.01733,   0.03374,  -0.00564,   0.01405,   0.01733,   0.00749,   0.01569,  -0.03190,   0.01897,  -0.03846,  -0.00400,  -0.08113,  -0.00564,   0.00585,  -0.01056,  -0.08277,   0.00913,  -0.04831,  -0.03026,  -0.05487,   0.07805,  -0.00892,  -0.01385,  -0.00728,  -0.03846,   0.04359,  -0.02698,  -0.04503,   0.00585,   0.01569,   0.03374,  -0.00236,  -0.04831,   0.02062,   0.02390,   0.09775,  -0.02041,  -0.03846,  -0.07293,   0.03703,   0.01897,   0.01077,  -0.00072,  -0.04175,   0.04031,   0.04195,  -0.05323,   0.05016,   0.00092,   0.01733,   0.08134,  -0.01056,   0.00749,   0.00585,   0.01405,  -0.00400,   0.04523,   0.05672,  -0.03354,   0.04031,   0.08298,  -0.06636,   0.03374,   0.00256,  -0.00400,  -0.09590,   0.02226,  -0.04503,   0.05016,  -0.00564,   0.02390,   0.03867,  -0.04995,  -0.04339,   0.02062,   0.06164,   0.00420,   0.01569,   0.02882,   0.03046,  -0.07457,   0.02062,  -0.00892,   0.08790,  -0.06308,   0.07477,   0.04359,   0.03867,   0.03867,   0.00749,  -0.05159,  -0.05323,   0.05508,   0.09611,  -0.05323,  -0.02698,  -0.00400,  -0.02533,  -0.02698,   0.02226,   0.06164,  -0.08441,   0.00913,   0.02226,  -0.01056,   0.00256,   0.07805,  -0.00400,  -0.06800,   0.03046,  -0.00400,  -0.04010,  -0.01056,   0.00585,   0.05672,   0.03210,   0.03374,  -0.01385,  -0.00236,   0.03046,   0.02226,   0.01733,   0.00749,   0.02718,  -0.04010,   0.04359,  -0.00892,  -0.04175,   0.01077,   0.00749,   0.02554,   0.04195,   0.11744,   0.16339,  -0.02369,  -0.02862,   0.02226,  -0.03846,   0.02390,  -0.00892,   0.02390,   0.08462,  -0.04667,  -0.03682,   0.04523,  -0.06472,   0.01405,   0.00749,  -0.03026,   0.07641,   0.07149,   0.07149,   0.01241,  -0.02862,   0.05016,  -0.00072,   0.04523,  -0.03518,   0.05016,  -0.01385,  -0.00236,   0.02390,  -0.01877,   0.01241,  -0.01877,   0.04851,  -0.00236,   0.03046,  -0.00564,   0.01405,   0.04523,   0.00585,  -0.00892,   0.05836,   0.00092,  -0.04995,  -0.09098,  -0.00892,   0.00420,  -0.00072,  -0.05159,  -0.00892,  -0.05159,  -0.01221,   0.04195,   0.00256,  -0.04831,   0.05180,   0.09775,  -0.01221,  -0.00400,  -0.00728,  -0.00072,  -0.04010,   0.01897,  -0.02369,   0.00256,   0.01897,   0.03539,  -0.07785,   0.16503,   0.05180,  -0.00564,  -0.01549,   0.09446,   0.01077,  -0.03518,  -0.06144,   0.06328,   0.08298,   0.04359,  -0.06308,   0.01405,  -0.04175,   0.04031,   0.04687,   0.04523,  -0.04667,  -0.02041,   0.00749,  -0.02862,   0.01241,  -0.02205,  -0.04339,  -0.10082,   0.00913,   0.00256,   0.03867,  -0.04503,   0.00749,  -0.06472,  -0.06472,   0.03046,   0.03374,   0.04851,  -0.08770,   0.00749,  -0.00072,   0.01733,  -0.11395,  -0.00236,  -0.02533,   0.00092,  -0.01549,  -0.04667,   0.01241,   0.01241,  -0.00400,  -0.05980,  -0.06964,   0.05672,  -0.03026,   0.00092,   0.05180,   0.02882,  -0.02533,  -0.00728,   0.02554,   0.05672,   0.05672,   0.00256,   0.04687,   0.04851,  -0.05652,  -0.00072,  -0.00236,   0.05016,  -0.02533,   0.03867,  -0.02698,  -0.03846,   0.04359,  -0.06472,  -0.03354,  -0.10247,   0.02390,  -0.01877,  -0.03682,  -0.00728,   0.04359,  -0.04339,  -0.01385,   0.06657,   0.06328,   0.05344,   0.02554,  -0.05487,   0.01077,   0.05508,   0.02718,  -0.07129,   0.04359,  -0.02369,   0.04851,  -0.06636,   0.01241,  -0.00400,  -0.01713,  -0.06472,   0.03046,  -0.04010,   0.02062,  -0.05487,  -0.10082,   0.01733,   0.00749,  -0.00400,  -0.02041,  -0.04995
   0.02882,   0.02882,   0.06000,  -0.01713,  -0.00236,   0.04851,  -0.00400,  -0.00400,   0.07969,   0.01241,  -0.00236,   0.08134,  -0.00236,   0.09775,  -0.03846,   0.06492,  -0.03354,  -0.01056,  -0.04175,  -0.03354,   0.00256,   0.01569,  -0.03846,   0.03539,  -0.00400,  -0.00728,  -0.04339,  -0.00236,   0.01733,  -0.00400,  -0.03026,  -0.01385,  -0.03846,   0.00585,  -0.00236,  -0.07785,   0.02554,   0.00092,   0.00092,   0.03046,   0.04195,  -0.01056,  -0.01713,   0.00749,   0.02554,  -0.07129,   0.02390,   0.00749,   0.00913,  -0.01385,   0.09118,   0.06000,  -0.03682,  -0.02533,   0.03539,   0.01405,   0.06328,   0.03374,  -0.00236,  -0.02369,   0.07641,  -0.03682,  -0.05816,  -0.04503,  -0.06636,   0.02226,   0.01405,  -0.03518,  -0.02205,   0.00749,  -0.04339,   0.01733,   0.02390,  -0.00072,  -0.04667,   0.01897,   0.06821,   0.01405,  -0.02041,   0.01733,  -0.05159,   0.01897,   0.01569,  -0.08605,   0.00913,  -0.01385,  -0.04995,  -0.01056,  -0.01713,  -0.03518,  -0.07949,   0.03539,  -0.07949,   0.00256,  -0.02862,  -0.03354,  -0.04339,  -0.01056,  -0.00728,   0.01405,   0.00585,   0.01405,  -0.04175,  -0.01056,  -0.00564,   0.03539,  -0.00236,   0.02226,   0.03374,  -0.03190,  -0.02862,  -0.03026,   0.02882,   0.00420,   0.04523,   0.01569,  -0.00892,  -0.03190,  -0.02041,  -0.00400,  -0.02041,   0.02554,  -0.00400,  -0.00564,  -0.03846,   0.03703,   0.00913,  -0.07949,  -0.01713,   0.02554,  -0.04831,   0.01077,   0.01569,   0.06657,  -0.00236,   0.04031,   0.05016,   0.02062,  -0.03026,  -0.03682,   0.00420,   0.01241,   0.06000,   0.01077,   0.01405,   0.00749,  -0.04667,  -0.06636,  -0.00564,   0.07805,   0.00913,   0.01241,  -0.00072,   0.01569,  -0.05159,  -0.05487,   0.00749,   0.00585,  -0.07129,   0.07969,   0.03703,  -0.00892,   0.01569,  -0.03026,  -0.09262,   0.01405,   0.04031,   0.00749,   0.06328,  -0.04995,  -0.02862,  -0.00892,   0.02882,   0.07641,   0.02554,  -0.06800,   0.00256,   0.00420,  -0.03846,   0.05508,   0.01405,   0.07149,  -0.05652,   0.02062,  -0.01549,  -0.02862,  -0.02698,   0.03374,  -0.07293,   0.02554,  -0.00072,  -0.06636,  -0.03354,   0.04687,  -0.03682,   0.05508,  -0.01713,  -0.02205,  -0.01385,  -0.00072,  -0.04995,   0.07805,  -0.00236,  -0.02205,  -0.03190,  -0.03354,  -0.04010,   0.00092,   0.06492,   0.00092,  -0.04010,  -0.01221,   0.03867,  -0.01221,   0.02554,  -0.06800,  -0.00072,  -0.01221,  -0.00400,  -0.00072,  -0.00564,  -0.02369,   0.00256,  -0.04175,  -0.05487,   0.00092,  -0.04339,   0.07477,  -0.05323,   0.02882,   0.01569,  -0.02862,   0.01897,  -0.07785,  -0.02041,  -0.00728,   0.03539,   0.09939,   0.06000,   0.04359,  -0.04339,   0.02718,  -0.05487,   0.01077,   0.00913,  -0.00564,   0.03210,  -0.11231,  -0.02369,  -0.07621,  -0.02369,  -0.05980,   0.00092,  -0.05816,  -0.06964,   0.01241,   0.02718,   0.05180,   0.07149,   0.03539,   0.01405,  -0.01056,  -0.03354,   0.02226,  -0.02041,   0.00420,   0.01733,  -0.00400,   0.03046,  -0.10739,   0.04031,  -0.00072,  -0.03354,   0.01897,   0.01241,   0.04687,   0.00585,  -0.03682,  -0.01713,  -0.01877,   0.00420,  -0.01549,  -0.08277,   0.07313,  -0.00564,   0.01405,   0.04359,   0.05672,  -0.01549,  -0.06636,  -0.03354,  -0.04503,  -0.00564,  -0.06144,  -0.08770,   0.06328,  -0.00892,   0.06164,   0.00420,   0.08134,  -0.00892,   0.01405,   0.02062,   0.01897,  -0.03026,   0.05508,  -0.00072,  -0.01221,  -0.07129,  -0.02205,  -0.06144,  -0.07293,   0.03703,   0.03703,   0.00256,   0.00913,   0.05344,   0.02882,  -0.00072,  -0.04010,  -0.00564,   0.00420,  -0.00728,   0.04523,   0.08134,   0.01897,  -0.02369,   0.02390,  -0.01549,   0.03867,  -0.02862,   0.07313,   0.02062,  -0.07785,   0.00749,   0.00585,   0.00092,   0.02062,  -0.03682,   0.05344,  -0.03682,  -0.01713,  -0.01056,   0.00092,  -0.02533,  -0.06964,   0.03703,  -0.00236,   0.03374,  -0.03518,   0.03374,   0.08134,  -0.03518,   0.06000,   0.01897,   0.00749,  -0.05816,   0.00092,  -0.02533,  -0.04010,  -0.01877,  -0.01056,  -0.04831,   0.01569,   0.02554,  -0.02862,  -0.01385,   0.04523,  -0.01713,   0.09282,   0.00585,   0.07477,  -0.01549,   0.04851,  -0.07621,  -0.03518,   0.02390,  -0.00892,  -0.04339,   0.05016,   0.04523,   0.01077,   0.02062,   0.02062,   0.00256,   0.04195,  -0.03354,   0.07969,   0.03867,  -0.00072,  -0.02369,  -0.12544,   0.04031,  -0.04503,  -0.00728,   0.02226,   0.01405,  -0.04667,  -0.02041,  -0.02698,   0.05836,   0.02062,  -0.02698,   0.01241,   0.02226,   0.01241,  -0.04010,   0.04359,   0.02882,   0.11252,  -0.10247,  -0.02041,  -0.09098,  -0.03682,  -0.05652,   0.06164,  -0.02205,  -0.04339,   0.05836,  -0.02041,   0.01077,  -0.01549,   0.03210,   0.05836,   0.06821,   0.07969,   0.04031,   0.03374,   0.09939,  -0.03846,   0.02554,  -0.06636,  -0.04175,  -0.04175,  -0.01056,   0.01569,   0.08954,   0.03867,  -0.01549,   0.02226,   0.02882,   0.06492,   0.03374,  -0.02369,  -0.04667,  -0.02205,   0.02554,  -0.07949,  -0.00564,   0.04359,   0.04523,  -0.02862,  -0.06636,   0.02718,   0.05836,   0.01897,   0.02554,   0.00420,   0.03539,   0.11416,   0.01241,  -0.08770,   0.02062,   0.01405,  -0.05323,   0.02062,   0.00749,   0.00092,   0.01569,  -0.01221,  -0.03190,   0.07641,   0.05344,   0.05016,  -0.01877,   0.05508,   0.02554,   0.01077,   0.03046,  -0.02862,  -0.03190,   0.01405,  -0.06472,  -0.02698,   0.03539,  -0.01221,   0.03374,   0.03210,   0.01241,   0.06821,   0.11580,   0.02226,   0.01405,   0.01405,   0.00092,   0.04031,  -0.02533,  -0.06964,   0.06657,   0.03374,   0.00256,  -0.01385,   0.05672,  -0.00728,  -0.07457,   0.03374,  -0.00400,   0.02390,  -0.08113,   0.00256,   0.14698,   0.04523,   0.00092,   0.03374,   0.02718,   0.06164,  -0.05652,  -0.03518,   0.03210,  -0.00400,  -0.00236,  -0.01056,   0.01569,  -0.01385,   0.03046,  -0.04503,   0.02718,  -0.00072,   0.04359,   0.02226,  -0.08277,   0.01241,  -0.01221,  -0.05487,  -0.03682,  -0.05159,   0.00749,   0.00256,   0.01897,   0.02226,   0.01077,   0.03703,   0.02390,  -0.01713,   0.00092,  -0.06144,   0.00420,  -0.05816,   0.07149,  -0.03190,  -0.00236,   0.04359,  -0.04503,  -0.02369,   0.04031,  -0.07621,  -0.00236,   0.04687,   0.06164,   0.04851,  -0.01713,   0.02554,  -0.02041,   0.05508,   0.01077,   0.02062,   0.08134,   0.00749,  -0.04667,  -0.07293,  -0.07457,  -0.03026,   0.00749,  -0.01385,  -0.00564,   0.01077,  -0.01549,   0.05508,  -0.02041,  -0.03682,  -0.00236,  -0.00728,  -0.01713,   0.02062,  -0.04175,   0.04195,  -0.03682,   0.04195,   0.00092,  -0.07129,  -0.01385,   0.01241,   0.01241,  -0.06636,  -0.04339,   0.07149,  -0.00564,   0.01733,   0.06492,  -0.00072,  -0.03518,   0.00913,  -0.02533,  -0.07129,   0.00913,  -0.03354,   0.01569,   0.05508,   0.03703,   0.01241,   0.01077,   0.04523,   0.06164,   0.02882,   0.02062,   0.03703,  -0.00728,   0.03046,  -0.05980,  -0.02533,   0.01405,  -0.05652,  -0.01385,  -0.05652,   0.02062,  -0.01549,   0.01569,   0.01241,  -0.05652,   0.05344,   0.01405,  -0.02369,   0.07149,   0.00913,   0.02718,  -0.00236,   0.02882,  -0.00236,  -0.01385,  -0.03354,   0.06000,  -0.01221,  -0.00564,   0.03539,  -0.06144,   0.00749,  -0.10411,  -0.06144,  -0.03846,   0.03210,   0.02226,   0.04687,   0.05836,  -0.02369,  -0.08277,  -0.02862,   0.00749,   0.03867,  -0.00072,   0.00420,  -0.05652,   0.05836,  -0.11395,   0.05672,   0.01241,   0.04687,  -0.01056,   0.00092,   0.11744,  -0.03354,   0.00749,   0.02554,   0.02390,   0.00092,  -0.05816,   0.07641,   0.01569,   0.04195,  -0.01056,  -0.01056,  -0.07129,   0.00585,  -0.02041,  -0.02041,  -0.01877,   0.02882,   0.01241,   0.02226,  -0.09098,   0.03867,   0.01241,   0.04687,  -0.00072,   0.01077,  -0.01056,   0.01077,  -0.09918,  -0.02862,   0.06985,  -0.06964,   0.03374,  -0.00236,   0.02882,   0.02718,   0.03046,   0.00913,  -0.05652,   0.03867,   0.03867,  -0.01549,  -0.03354,   0.05836,   0.04195,   0.01569,   0.03374,   0.00256,  -0.05980,  -0.02533,   0.01241,  -0.01877,   0.02062,  -0.04175,  -0.04503,  -0.01385,  -0.02533,  -0.02205,  -0.00728,   0.01733,   0.04523,   0.00420,  -0.03846,   0.07641,   0.09282,   0.01569,  -0.04995,   0.05672,  -0.00400,  -0.02533,   0.05836,  -0.04995,  -0.00236,  -0.07785,   0.03539,  -0.00072,  -0.08605,   0.00420,  -0.02041,   0.00913,  -0.08113,  -0.02369,  -0.02369,   0.01569,  -0.00564,  -0.01713,  -0.02698,   0.03703,   0.01241,  -0.07949,  -0.00564,   0.03210,   0.01733,  -0.10575,  -0.05487,  -0.01713,   0.10923,   0.00913,  -0.09262,  -0.07949,   0.02718,   0.02390,  -0.04667,  -0.00072,   0.02062,   0.00749,  -0.02369,   0.02062,   0.00420,  -0.01056,  -0.02369,   0.00913,   0.02718,   0.02882,   0.00420,   0.00913,  -0.00236,   0.00913,   0.04687,   0.13385,  -0.05652,   0.03539,  -0.04175,  -0.09918,   0.05180,   0.02390,   0.02226,  -0.10247,  -0.04010,  -0.01221,  -0.00564,   0.09118,  -0.02533,  -0.00564,   0.03539,  -0.02369,  -0.01221,  -0.03026,  -0.04010,  -0.03190,   0.04523,   0.04359,   0.00749,   0.06000,   0.04523,   0.02390,  -0.01056,   0.02718,  -0.05487,  -0.01221,  -0.00892,  -0.03026,   0.11908,   0.00420,  -0.02369,  -0.05159,  -0.03846,   0.07969,   0.07805,   0.05836,   0.02062,  -0.03518,  -0.04503,  -0.00892,  -0.01713,  -0.04503,   0.03046,   0.02226,  -0.02698,  -0.07785,  -0.03682,  -0.00072,  -0.06964,   0.00256,  -0.00236,  -0.06636,  -0.00728,  -0.02862,  -0.00892,  -0.04175,   0.06328,  -0.00236,   0.01077,   0.04195,  -0.01877,   0.08790,   0.02718,  -0.01877,  -0.01221,   0.00585,  -0.01549,  -0.05980,  -0.04995,   0.02226,  -0.02533,  -0.00564,  -0.06472,   0.04851,  -0.03354,   0.04359,   0.00913,  -0.07949,   0.01569,   0.09282,   0.03046,   0.02882,  -0.03518,  -0.02041,   0.02390,  -0.03190,  -0.01549,   0.07477,  -0.01713,  -0.02533,  -0.01221,  -0.02041,  -0.05487,  -0.02369,  -0.01549,  -0.04175,   0.03210,   0.06657,   0.05672,   0.02390,   0.06164,  -0.06472,  -0.04667,   0.06492,  -0.08277,  -0.01713,   0.01241,   0.12565,   0.01241,  -0.03026,  -0.00236,  -0.03026,   0.04031,   0.02554,  -0.05159,  -0.04175,  -0.02862,   0.03046,  -0.01221,   0.02062,  -0.01221,   0.04851,   0.05180,  -0.07621,  -0.02041,  -0.01713,   0.03703,   0.00256,   0.01569,   0.05016,   0.02554,   0.04031,   0.07477,  -0.04010,  -0.04503,  -0.01056,   0.02882,  -0.11067,  -0.03846,  -0.01877,  -0.00236,  -0.02533,   0.02390,  -0.02698,   0.05344,  -0.02533,  -0.01056,   0.01405,  -0.06964,  -0.01056,  -0.02041,   0.05344,   0.08954,  -0.04503,  -0.00072,   0.05508,   0.03539,  -0.07949,  -0.03518,  -0.00072,   0.03046,  -0.00564,  -0.01713,  -0.02205,  -0.03518,   0.09939,   0.00749,  -0.01056,  -0.10903,  -0.03682,   0.03210,   0.05672,   0.01405,  -0.03190,   0.04359,   0.04687,   0.00092,  -0.09918,  -0.03354,  -0.03354,   0.04687,   0.01077,   0.01569,  -0.02862,  -0.02698,  -0.01877,  -0.05816,  -0.03518,   0.03867,  -0.04995,  -0.10082,  -0.00564,   0.08462,  -0.02205,  -0.00564,   0.04359,   0.08134,   0.01569,  -0.01713,   0.01077,   0.03374,  -0.01713,  -0.01713,   0.00749,   0.01733,   0.01569,   0.06985,  -0.04339,  -0.02205,  -0.03190,   0.02882,  -0.01713,   0.09118,   0.00420,   0.06164,   0.04687,  -0.00728,  -0.01221,   0.03703,  -0.00072,   0.05344,   0.00585,  -0.01221,   0.01733,  -0.10082,   0.07969,   0.00256,  -0.00564,  -0.03026,  -0.01056,  -0.04339,   0.00913
  -0.00728,  -0.04667,  -0.03190,   0.03210,  -0.05487,   0.00256,   0.01569,   0.01077,   0.01569,   0.00585,  -0.01056,   0.08298,  -0.04503,  -0.02041,   0.00420,   0.01897,   0.03539,   0.00420,   0.00585,  -0.01385,  -0.18452,   0.02390,  -0.01549,  -0.01549,  -0.00892,  -0.00892,  -0.00236,  -0.00892,  -0.02862,   0.02390,  -0.00892,   0.00092,   0.01241,  -0.01549,   0.06164,  -0.03190,   0.04031,  -0.04175,  -0.04831,  -0.01713,  -0.02533,  -0.01056,  -0.02205,  -0.06144,  -0.05159,  -0.03026,  -0.07129,  -0.06308,   0.04195,   0.00420,  -0.08277,   0.07313,  -0.01549,   0.03374,   0.03210,   0.00256,  -0.05652,  -0.02205,   0.03046,  -0.02205,   0.04031,  -0.08277,   0.04195,   0.03210,   0.05672,   0.00256,  -0.03026,  -0.04175,   0.03703,   0.04359,  -0.00728,   0.00256,  -0.06636,   0.04359,  -0.04175,  -0.01221,  -0.03026,  -0.06964,   0.05508,   0.01405,  -0.06144,   0.00420,   0.01897,  -0.05652,   0.01077,  -0.02369,   0.00256,  -0.03190,   0.09118,  -0.04831,   0.03867,   0.06492,   0.06985,  -0.04010,   0.06821,  -0.08113,  -0.01221,   0.02718,   0.03539,  -0.04995,   0.01733,  -0.05159,   0.08462,  -0.06636,  -0.02369,   0.02718,   0.06985,   0.00256,  -0.01713,  -0.00892,  -0.01549,  -0.01385,  -0.05487,  -0.03518,   0.06164,  -0.04831,   0.01897,  -0.03354,  -0.00072,  -0.04175,   0.03867,  -0.06144,  -0.02862,  -0.00728,   0.03046,  -0.05816,  -0.01385,  -0.04339,  -0.10575,   0.00585,   0.02226,  -0.07621,  -0.04339,   0.08954,   0.01897,  -0.02862,  -0.06472,   0.02718,  -0.03354,   0.00913,   0.01569,   0.12236,   0.06000,  -0.03026,   0.01077,   0.00585,   0.03210,   0.02882,  -0.04175,  -0.03026,  -0.05323,  -0.00072,  -0.04339,  -0.06636,   0.01405,  -0.02205,   0.03703,   0.02226,   0.00749,  -0.05487,  -0.02041,   0.00913,  -0.07293,  -0.01056,   0.02882,  -0.01221,   0.06821,  -0.05980,  -0.07129,  -0.10739,   0.01241,   0.02554,  -0.00892,  -0.01056,  -0.05487,   0.03046,   0.03539,  -0.07129,  -0.01877,   0.03539,   0.06985,  -0.04010,  -0.03518,  -0.02862,   0.05836,  -0.05980,  -0.00728,  -0.00728,  -0.04831,  -0.00564,   0.02718,  -0.03682,  -0.02205,  -0.04175,   0.02390,   0.03539,   0.09282,   0.00585,  -0.00236,  -0.02698,   0.06328,   0.04031,  -0.00400,  -0.02205,   0.00913,  -0.05159,  -0.01056,  -0.06800,  -0.02041,  -0.06472,   0.02226,  -0.01056,   0.00420,   0.04687,   0.08298,   0.02554,  -0.07293,  -0.02862,  -0.02862,  -0.00400,   0.00420,  -0.03682,   0.02882,  -0.07293,  -0.03190,   0.07477,  -0.01056,   0.01733,  -0.04339,  -0.01549,   0.00092,  -0.02205,  -0.00564,  -0.00236,  -0.06800,  -0.01221,   0.04851,   0.01897,   0.02882,  -0.01221,   0.01405,   0.03703,   0.10267,  -0.05652,  -0.05816,   0.05508,  -0.00564,  -0.11724,  -0.02533,   0.01569,  -0.00728,   0.06985,   0.00420,   0.04687,  -0.02698,  -0.00728,   0.02226,   0.01897,  -0.02205,  -0.00072,   0.08790,  -0.01877,  -0.00564,   0.05836,   0.00256,   0.01077,  -0.08605,   0.05016,   0.02718,   0.02390,   0.00256,   0.02390,  -0.04667,   0.03539,   0.04031,   0.04523,   0.00256,  -0.03518,  -0.04339,   0.02062,  -0.01877,   0.04031,   0.00256,   0.01077,  -0.00072,   0.05836,  -0.01713,  -0.05487,  -0.02369,   0.00585,   0.05180,  -0.08277,  -0.02041,  -0.06308,  -0.00892,   0.00749,  -0.01385,   0.04359,   0.01897,   0.06657,  -0.02533,  -0.00564,  -0.01221,   0.03046,   0.07313,   0.02226,   0.01897,   0.03867,  -0.04995,   0.01897,  -0.07457,  -0.08934,   0.00092,   0.06164,   0.09775,   0.04687,  -0.02862,  -0.05816,   0.08298,   0.04195,   0.00420,   0.03210,  -0.00564,  -0.02533,   0.00420,   0.03046,   0.02718,   0.00256,  -0.00564,  -0.03354,  -0.08605,  -0.05816,   0.01241,  -0.00564,  -0.04503,   0.02554,  -0.16319,  -0.00728,  -0.01713,   0.03539,   0.08790,   0.03703,  -0.00892,   0.04031,   0.02390,  -0.02533,  -0.03190,   0.00585,  -0.04010,   0.05180,   0.04687,  -0.11888,   0.06000,  -0.02533,   0.04523,   0.01569,  -0.09590,  -0.00728,   0.06164,  -0.02862,   0.18965,   0.06164,  -0.00072,   0.00749,  -0.04503,   0.00256,  -0.05487,  -0.05816,  -0.00236,  -0.02369,  -0.05487,   0.01405,   0.01405,  -0.03026,   0.01733,   0.03210,   0.00420,   0.10595,   0.03703,  -0.03026,   0.04687,  -0.04339,   0.03210,  -0.01221,  -0.03518,  -0.06308,  -0.01877,   0.01897,   0.04851,   0.02718,   0.02554,   0.03867,  -0.00236,   0.03867,   0.00749,   0.01077,  -0.00400,   0.06492,  -0.01221,   0.03374,  -0.02369,   0.05344,   0.04031,  -0.01549,  -0.01385,  -0.02205,   0.04851,  -0.04339,   0.01405,   0.00749,   0.05836,  -0.01056,   0.00256,   0.06657,   0.03539,   0.04195,   0.00256,   0.00420,   0.01897,   0.04359,  -0.04175,  -0.00400,  -0.03354,   0.02554,  -0.06308,   0.00092,   0.01733,  -0.00892,  -0.01056,   0.03539,   0.07477,  -0.03026,  -0.06636,   0.06000,  -0.05487,  -0.12216,  -0.01056,   0.04031,   0.01077,  -0.05323,  -0.02862,   0.01077,  -0.00400,   0.06657,   0.03867,   0.05508,  -0.05652,   0.01733,   0.02718,  -0.03682,  -0.07785,   0.11908,  -0.01056,   0.02226,   0.07149,   0.00749,   0.02390,  -0.04995,   0.06985,  -0.01056,   0.00256,  -0.05159,  -0.09098,  -0.03026,  -0.05980,  -0.10903,  -0.05487,  -0.06472,   0.06985,   0.04359,   0.03703,  -0.01056,  -0.03846,   0.00256,  -0.02533,   0.00256,  -0.01385,  -0.06144,   0.04359,   0.03374,   0.04687,   0.03046,   0.06657,  -0.01713,  -0.04503,   0.02226,   0.01733,   0.01569,   0.04523,   0.01405,  -0.02533,   0.01241,  -0.04503,  -0.02862,   0.00749,   0.00420,  -0.04831,   0.04359,   0.08134,  -0.02205,  -0.05487,   0.07805,   0.06328,   0.02226,   0.03867,  -0.03682,   0.07641,  -0.01385,  -0.08277,   0.03374,   0.09118,   0.07477,  -0.00728,   0.06821,  -0.04010,   0.00913,   0.01241,  -0.02698,   0.03703,  -0.07949,  -0.05323,   0.08298,   0.04359,   0.03210,   0.01405,   0.00420,   0.05836,  -0.05487,  -0.00728,   0.00420,  -0.02698,   0.03374,   0.03210,   0.05180,   0.05016,   0.03374,   0.07805,   0.01405,   0.04687,  -0.01549,  -0.01056,   0.00092,   0.03046,  -0.01713,   0.00585,  -0.03026,  -0.01713,  -0.03846,  -0.00400,  -0.04175,  -0.01549,   0.04523,  -0.04503,   0.02554,   0.04851,  -0.02698,   0.08134,   0.02226,   0.12893,   0.03539,  -0.02041,   0.02390,  -0.02041,   0.06328,  -0.07129,   0.04851,   0.03867,  -0.06308,   0.01897,  -0.01549,  -0.07293,  -0.04339,  -0.04831,  -0.09918,  -0.06964,   0.03539,  -0.02369,  -0.09754,   0.00256,  -0.00072,   0.06821,  -0.05652,   0.01077,  -0.02205,   0.01569,   0.04031,   0.06657,   0.02062,  -0.05159,  -0.06308,   0.03210,  -0.06636,   0.02390,  -0.04831,   0.01733,  -0.04339,   0.03867,   0.04687,  -0.01385,  -0.02862,   0.05180,   0.04851,  -0.02533,   0.04687,  -0.00400,   0.04195,   0.01569,  -0.11559,   0.01405,  -0.00400,  -0.01056,   0.08298,   0.03374,  -0.02698,  -0.04010,  -0.03354,  -0.01713,  -0.02041,  -0.03026,  -0.02698,  -0.00236,  -0.06308,   0.04687,  -0.01221,   0.01405,  -0.09754,  -0.03190,  -0.00236,  -0.02205,  -0.02369,   0.09939,   0.10103,   0.00092,  -0.04667,  -0.06800,   0.02226,   0.00256,   0.11088,  -0.02369,   0.11088,  -0.01385,  -0.08441,  -0.02369,  -0.06144,   0.10595,  -0.00564,   0.02554,   0.01569,  -0.04831,   0.00585,   0.01897,  -0.01877,  -0.00072,  -0.05816,   0.05016,  -0.03190,   0.04031,  -0.03190,  -0.01713,   0.00749,   0.06328,   0.07313,  -0.01385,  -0.05652,   0.00749,   0.04523,   0.04851,   0.04195,   0.07805,  -0.04995,   0.14862,  -0.05487,  -0.01713,   0.03703,   0.00256,  -0.03682,  -0.03026,  -0.05980,  -0.00236,   0.08626,  -0.00728,  -0.01549,  -0.07293,  -0.00564,  -0.05159,   0.07149,   0.02390,  -0.08113,  -0.00892,  -0.00072,   0.00913,  -0.02698,   0.01405,  -0.01385,   0.06000,  -0.02369,   0.02390,  -0.04831,  -0.00400,  -0.01385,  -0.04831,  -0.01385,   0.02882,   0.02554,   0.02226,  -0.01385,  -0.00728,  -0.03026,   0.03210,  -0.06964,  -0.04995,   0.04195,  -0.06964,  -0.01713,   0.03210,   0.07641,  -0.04010,   0.05180,  -0.05487,  -0.04339,  -0.03026,  -0.00892,   0.03374,  -0.08277,  -0.07621,   0.07313,   0.02390,   0.07313,  -0.02369,  -0.01056,  -0.00728,  -0.00564,  -0.03190,   0.02882,  -0.06636,  -0.04831,  -0.00564,  -0.05652,   0.02718,  -0.03846,   0.00585,  -0.05323,  -0.01056,  -0.03026,   0.01077,  -0.04010,  -0.00400,   0.01897,   0.06821,   0.06164,   0.04359,   0.04195,   0.00913,   0.04195,   0.02390,   0.05180,  -0.02369,  -0.00400,  -0.00564,  -0.00236,   0.04195,   0.07805,   0.07149,  -0.00728,   0.00913,   0.05672,  -0.05816,  -0.03846,  -0.08113,  -0.00892,   0.04687,  -0.08113,  -0.00564,   0.02062,  -0.03682,   0.09118,  -0.06964,   0.01569,  -0.09098,  -0.00892,   0.02226,   0.00913,   0.05344,  -0.05652,  -0.04175,   0.04359,   0.03867,  -0.06636,   0.01405,  -0.00892,   0.04195,   0.03374,   0.00749,  -0.04995,  -0.01713,  -0.09754,   0.01241,   0.02390,  -0.06308,  -0.10082,  -0.01877,   0.08298,   0.00256,   0.00585,  -0.03682,   0.01405,  -0.08277,   0.06328,   0.03539,   0.01897,  -0.00236,  -0.04175,  -0.01877,  -0.05980,   0.02718,  -0.05816,   0.02554,  -0.06144,  -0.05816,  -0.02205,   0.00749,   0.02718,   0.03867,  -0.01385,  -0.00400,  -0.01056,   0.08626,  -0.05980,  -0.00072,  -0.00072,   0.04359,   0.01569,   0.01733,  -0.02205,   0.00585,   0.06657,   0.02882,   0.01077,  -0.03682,   0.00092,   0.01077,  -0.07457,  -0.05323,  -0.03190,  -0.04010,   0.04195,  -0.01549,   0.02062,  -0.03682,  -0.06964,   0.01897,   0.05672,  -0.04339,   0.03046,   0.01733,   0.03046,  -0.03354,  -0.01056,   0.08134,  -0.01056,   0.00585,   0.00092,   0.01405,  -0.05159,   0.02882,   0.00420,   0.01897,  -0.10082,   0.03046,  -0.05816,  -0.00400,   0.07149,  -0.02862,   0.07149,   0.04031,   0.03867,  -0.02533,  -0.00400,  -0.02698,   0.01241,   0.06657,  -0.07949,  -0.00564,  -0.04010,   0.01241,  -0.04995,   0.04195,  -0.00892,  -0.03846,   0.02554,   0.01241,   0.03374,  -0.03026,   0.00092,  -0.03190,  -0.08934,  -0.01221,   0.05180,  -0.01221,   0.02554,  -0.01877,  -0.03682,  -0.07621,   0.00913,   0.02226,   0.01241,  -0.03518,   0.00749,  -0.01221,   0.12236,  -0.00728,   0.05836,   0.00585,   0.02554,   0.04359,  -0.13036,  -0.06308,  -0.05487,  -0.00728,  -0.00072,   0.00585,  -0.01549,   0.09775,   0.00256,   0.04523,   0.03210,   0.06657,  -0.02862,   0.07969,   0.03703,   0.01077,   0.01569,   0.01897,   0.02718,   0.01733,  -0.07293,   0.01405,  -0.02369,  -0.02862,  -0.04831,   0.03374,  -0.00400,  -0.03846,  -0.01549,   0.01897,   0.01733,   0.01733,   0.00420,  -0.05159,  -0.02533,   0.00585,  -0.00072,  -0.00236,  -0.02205,  -0.06308,  -0.03026,   0.00256,  -0.02041,  -0.01221,  -0.01713,   0.02882,  -0.05323,  -0.01713,   0.08626,  -0.04175,  -0.00564,   0.07641,   0.02718,   0.01897,  -0.01385,   0.04195,  -0.01877,  -0.00564,  -0.08605,  -0.02862,  -0.02369,  -0.08113,  -0.02041,   0.05508,   0.01733,  -0.03682,   0.04687,   0.00256,  -0.05980,  -0.07785,   0.02062,  -0.07949,   0.06164,  -0.01056,  -0.01549,  -0.07621,  -0.03354,   0.04851,  -0.01385,  -0.00728,   0.00256,   0.03374,   0.01405,   0.01405,  -0.04175,  -0.02862,   0.03046,  -0.05816,  -0.03354,   0.07477,   0.04851,   0.04523,  -0.07293,  -0.00072,   0.05180,   0.04687,   0.04195,  -0.01221,  -0.02041,  -0.03846,  -0.06308,   0.00420,  -0.04667,  -0.00892,  -0.00072,   0.01897,  -0.02205,   0.05344,   0.00092
   0.06492,   0.04359,   0.05016,   0.03374,  -0.00728,  -0.00892,   0.02062,   0.05836,   0.06821,   0.06657,   0.03539,  -0.01385,   0.04851,   0.02226,   0.08626,  -0.02862,  -0.00564,   0.07149,   0.11088,   0.00913,   0.06328,  -0.07457,   0.01405,   0.03210,  -0.03026,   0.06164,   0.06821,  -0.01221,  -0.02862,  -0.03518,  -0.10575,   0.02226,   0.02882,  -0.05487,  -0.08277,   0.06164,  -0.04339,   0.07805,   0.03867,  -0.05159,   0.02390,  -0.06636,  -0.01877,  -0.01877,  -0.07949,  -0.04010,   0.01897,   0.00092,   0.01733,  -0.01221,   0.06492,  -0.07949,   0.00913,   0.02718,   0.06985,  -0.00892,  -0.00072,   0.06164,   0.03210,  -0.01056,   0.04359,  -0.06800,  -0.02205,   0.00256,   0.02882,  -0.01221,   0.00585,   0.04359,   0.01569,  -0.00564,  -0.01056,   0.05508,   0.00585,  -0.02041,   0.01241,  -0.02041,   0.06657,  -0.00892,   0.00585,  -0.01713,   0.03703,  -0.08441,  -0.02205,   0.01077,   0.03867,  -0.00892,   0.03703,   0.00585,  -0.01713,  -0.03026,   0.01077,  -0.02698,  -0.01877,  -0.01713,  -0.02369,  -0.04175,   0.01569,   0.00913,   0.03539,  -0.03682,  -0.03190,   0.02062,  -0.02533,  -0.04010,   0.07641,  -0.07293,  -0.02041,   0.04523,  -0.01713,  -0.02533,   0.06985,   0.00092,   0.03867,   0.05836,   0.02062,   0.04359,  -0.06800,  -0.03026,  -0.03846,  -0.05323,  -0.03518,  -0.07785,  -0.03354,   0.05508,   0.04031,  -0.01877,  -0.02205,  -0.02698,   0.03374,   0.02226,   0.01241,   0.01241,   0.02062,  -0.01549,   0.02226,   0.06328,   0.00749,  -0.00728,  -0.03026,   0.05836,  -0.00072,  -0.00400,   0.03210,   0.07641,  -0.01713,  -0.03354,  -0.00892,  -0.00728,  -0.07621,   0.06000,   0.05180,  -0.01056,   0.00585,   0.04031,  -0.04667,  -0.06964,   0.00256,   0.03210,   0.04687,   0.01733,   0.01897,   0.00585,  -0.08441,   0.00420,  -0.02205,  -0.04175,  -0.01385,   0.06000,   0.01077,  -0.01221,  -0.00728,   0.00420,   0.03539,   0.02882,  -0.06472,  -0.07785,   0.08298,   0.06164,   0.03374,   0.02554,   0.02718,  -0.05652,   0.00585,   0.04031,   0.03046,   0.08462,  -0.04339,  -0.02533,   0.04359,  -0.03518,  -0.05487,   0.03374,   0.03539,   0.02390,   0.02390,   0.01241,  -0.10903,   0.07313,   0.05836,   0.02226,   0.06985,  -0.01221,  -0.04667,   0.00585,  -0.14349,  -0.01877,   0.05508,   0.04523,  -0.03026,   0.00256,  -0.07949,   0.02062,  -0.00728,  -0.03026,  -0.01221,  -0.00892,  -0.06308,   0.00913,   0.01405,  -0.01056,  -0.06308,   0.00585,   0.04195,  -0.00236,  -0.02862,  -0.03354,   0.01569,  -0.01877,  -0.05487,  -0.04339,   0.04359,  -0.04010,  -0.03026,  -0.00400,  -0.02698,   0.00913,   0.06985,  -0.03682,   0.03046,   0.08298,   0.01241,   0.04687,  -0.08441,   0.04359,   0.00749,   0.00749,  -0.00236,   0.05672,   0.04031,   0.00749,   0.02062,  -0.00400,  -0.08605,   0.04687,  -0.10411,  -0.03190,  -0.00564,  -0.00236,   0.04523,   0.01569,   0.02718,   0.05344,  -0.12544,  -0.00072,   0.02554,   0.00092,  -0.00892,   0.03867,  -0.01056,  -0.01713,   0.02718,   0.01569,   0.00420,  -0.08113,  -0.00892,  -0.03026,  -0.00072,  -0.04667,  -0.00400,   0.05508,   0.02226,  -0.03026,  -0.04995,  -0.03518,  -0.09098,   0.00749,  -0.01385,   0.04031,  -0.02041,  -0.05980,  -0.02862,   0.03867,  -0.02205,  -0.02698,   0.04195,   0.03867,  -0.00236,   0.02390,  -0.00236,   0.02390,   0.00092,   0.03046,  -0.03354,   0.04687,  -0.04667,   0.05508,   0.03046,   0.03539,   0.02882,  -0.04667,   0.10431,  -0.04667,   0.04359,  -0.02862,   0.02226,   0.02718,  -0.04995,   0.08790,  -0.03026,   0.06164,   0.06821,  -0.08113,  -0.04995,  -0.03518,  -0.03026,   0.04523,  -0.01877,  -0.07293,  -0.00564,  -0.04175,   0.00256,   0.05344,  -0.08113,  -0.02698,   0.05672,   0.01405,  -0.05652,   0.06657,   0.03046,  -0.04010,   0.03046,   0.05672,  -0.03354,  -0.00564,   0.00749,  -0.08113,  -0.03846,   0.00420,  -0.01549,   0.00749,  -0.01056,  -0.08277,   0.01733,   0.05508,  -0.00400,  -0.06308,   0.04687,   0.02882,   0.01077,   0.00749,   0.03210,  -0.03026,   0.03374,   0.02554,   0.08790,  -0.04667,   0.01897,  -0.05159,   0.01733,   0.01077,   0.06985,  -0.00892,   0.05016,   0.00420,  -0.07293,  -0.04831,   0.03867,   0.05180,  -0.00728,  -0.03518,  -0.05323,   0.12236,   0.03703,   0.00749,   0.05508,  -0.05159,   0.05836,  -0.05652,  -0.04503,  -0.12380,   0.04031,  -0.03354,   0.03046,   0.01897,  -0.01877,   0.01241,   0.03374,   0.03374,  -0.03682,   0.02554,   0.00913,  -0.08277,  -0.00236,   0.00749,  -0.02862,  -0.03682,   0.04687,  -0.06800,  -0.04667,   0.03867,  -0.06636,  -0.00728,   0.05016,   0.05672,   0.01077,   0.05672,  -0.00728,  -0.04995,  -0.07293,  -0.00728,   0.06000,   0.07149,  -0.05487,   0.08462,   0.04523,  -0.05323,   0.03703,  -0.02041,  -0.08605,  -0.03190,   0.04359,   0.00420,  -0.01056,   0.00913,   0.00420,   0.03210,  -0.01221,   0.01733,   0.13385,   0.01897,   0.06821,  -0.06144,  -0.00400,   0.03374,  -0.06964,  -0.01056,  -0.05980,   0.01569,   0.02554,  -0.04667,   0.01405,   0.02390,   0.06000,  -0.00072,   0.01077,   0.02226,   0.02718,  -0.01713,   0.07313,  -0.01713,  -0.00400,   0.02718,  -0.02041,   0.03374,   0.02062,   0.01077,  -0.04503,  -0.01385,  -0.02698,   0.10595,  -0.01221,   0.07969,  -0.02369,   0.02882,  -0.02533,   0.02554,  -0.03846,   0.03539,  -0.02862,   0.04195,   0.05016,  -0.00072,  -0.03190,   0.01897,   0.08462,  -0.01877,  -0.07457,  -0.00728,  -0.03190,  -0.00236,   0.07641,  -0.03190,   0.02718,  -0.09754,  -0.06144,  -0.08770,   0.00913,  -0.01221,   0.03703,   0.02226,   0.00913,   0.04031,   0.07149,   0.00913,  -0.06800,   0.06492,   0.01405,  -0.01221,  -0.03518,  -0.02533,  -0.04339,  -0.08934,   0.07313,  -0.05487,  -0.02533,   0.02390,   0.01241,  -0.06308,  -0.03518,   0.02882,  -0.02041,   0.02226,  -0.01549,   0.02554,   0.02062,   0.00749,   0.08954,   0.00256,  -0.01713,   0.06328,   0.03046,  -0.07457,   0.09775,   0.00092,  -0.00400,  -0.01056,   0.02554,  -0.01056,  -0.05980,  -0.00728,   0.00420,  -0.02533,  -0.04503,   0.01897,   0.01569,   0.01569,  -0.03354,   0.00585,   0.01569,   0.02554,   0.06657,  -0.03026,  -0.04010,  -0.01385,   0.06328,  -0.01385,   0.01241,  -0.01385,   0.02718,  -0.02862,   0.00913,   0.09939,   0.00092,   0.08790,  -0.04667,   0.01897,  -0.00072,  -0.02041,   0.03210,  -0.00564,  -0.07621,  -0.03354,  -0.06308,   0.01733,  -0.01385,   0.05016,  -0.05652,   0.07641,  -0.06964,   0.00256,   0.05508,   0.00256,  -0.09918,  -0.04010,  -0.05323,   0.01077,  -0.07949,  -0.03026,   0.00092,   0.00256,   0.02882,  -0.00400,  -0.00892,   0.02554,   0.00585,  -0.03354,  -0.00236,  -0.02369,   0.00092,  -0.01056,  -0.00892,   0.01241,   0.00092,  -0.00892,  -0.03518,   0.00585,  -0.02862,  -0.04667,   0.04851,   0.09282,  -0.08605,   0.02718,  -0.00564,  -0.05487,  -0.04339,   0.04359,   0.01077,   0.04195,  -0.01385,   0.02882,   0.02390,  -0.01713,  -0.00892,   0.06164,  -0.00728,   0.05180,  -0.04667,   0.01569,   0.03374,   0.00256,  -0.03846,  -0.09098,   0.05836,   0.01897,  -0.06964,  -0.04503,  -0.05159,   0.03539,  -0.05487,   0.04359,  -0.01877,   0.07149,  -0.03026,   0.00256,  -0.04010,  -0.03190,  -0.06308,  -0.02369,   0.02062,   0.02062,  -0.00564,  -0.00072,   0.09611,  -0.02369,  -0.05159,   0.05836,   0.00913,  -0.06308,   0.00256,  -0.06964,   0.06164,  -0.04503,  -0.00400,  -0.09098,   0.14370,   0.00749,   0.00420,   0.04359,   0.01733,   0.00256,   0.02062,  -0.01713,   0.05016,  -0.04175,   0.00585,  -0.06308,   0.11580,  -0.05159,  -0.00728,  -0.04010,   0.00913,   0.02390,  -0.02369,  -0.00072,  -0.06472,   0.01405,   0.00585,   0.04687,   0.01241,   0.03374,   0.04851,   0.02554,  -0.06472,   0.05672,  -0.02862,   0.02882,   0.00092,  -0.03518,   0.13221,  -0.01221,  -0.05652,   0.08462,  -0.09262,  -0.01221,   0.02882,  -0.01713,  -0.10903,   0.05180,  -0.06144,   0.03867,  -0.01056,   0.00256,  -0.04010,   0.06164,   0.04031,  -0.05159,  -0.01385,   0.04031,   0.01241,  -0.03354,  -0.01385,  -0.03354,  -0.00892,  -0.01221,  -0.00236,  -0.03354,  -0.05816,   0.03539,  -0.09262,   0.04523,  -0.07457,   0.05180,  -0.01877,   0.02390,   0.02390,  -0.05980,   0.01569,   0.01077,   0.04851,  -0.03026,  -0.05816,  -0.04175,  -0.05487,   0.01569,  -0.04175,  -0.02862,  -0.00728,  -0.06472,  -0.08770,   0.00256,   0.04031,   0.11908,   0.05508,   0.05344,  -0.00728,   0.04687,  -0.06636,  -0.01056,   0.04195,   0.05836,  -0.02205,  -0.00400,  -0.08605,  -0.02862,  -0.00728,   0.01241,   0.03703,   0.05836,   0.05016,  -0.02205,   0.00092,  -0.03190,   0.03374,   0.01241,   0.03210,   0.03046,   0.02718,   0.05344,  -0.08770,  -0.05816,  -0.00892,   0.03539,   0.02718,  -0.01385,  -0.02041,   0.03374,  -0.01713,   0.01241,  -0.04339,  -0.02041,  -0.05816,  -0.01056,   0.01733,   0.08626,  -0.02041,   0.08626,  -0.02862,   0.06821,  -0.03682,  -0.04995,   0.03703,   0.07313,   0.02718,   0.01733,   0.03703,  -0.02041,  -0.09426,  -0.01549,  -0.09262,  -0.00728,   0.05344,   0.01077,   0.03867,  -0.00236,  -0.07129,   0.03374,  -0.04175,  -0.01713,  -0.01549,   0.01077,  -0.04831,   0.01733,  -0.08770,  -0.00728,   0.04195,  -0.08441,   0.07477,   0.01077,   0.06985,  -0.01549,   0.03539,   0.01733,  -0.05159,   0.00092,   0.00913,  -0.01549,  -0.09590,  -0.01221,   0.06657,   0.02554,   0.04359,   0.01241,  -0.01877,   0.06821,  -0.06472,   0.06492,   0.02882,  -0.03026,  -0.02533,  -0.01877,  -0.00236,  -0.01877,  -0.01221,   0.07969,   0.00585,  -0.03026,   0.03374,  -0.06964,  -0.00892,  -0.03190,   0.01733,  -0.00564,  -0.02698,   0.05672,  -0.10082,  -0.03682,   0.03539,   0.00585,   0.05508,   0.01241,  -0.02205,  -0.03518,   0.00585,  -0.05816,   0.01077,  -0.01385,   0.06821,  -0.07457,  -0.02205,   0.02882,  -0.04503,   0.01569,  -0.04503,   0.03210,  -0.07457,  -0.00564,   0.01569,   0.06328,   0.06657,  -0.05159,   0.06985,   0.00092,  -0.06308,  -0.05652,  -0.02205,   0.00420,   0.00092,   0.05016,  -0.06308,   0.01405,  -0.01549,   0.05836,   0.04523,  -0.02698,  -0.02369,   0.06164,  -0.02862,  -0.00728,  -0.10411,  -0.04667,   0.12729,  -0.00400,  -0.02205,   0.00585,  -0.01056,   0.07313,  -0.02205,  -0.02533,  -0.06308,  -0.08934,   0.03046,   0.05016,   0.05672,   0.05344,  -0.04995,   0.00420,   0.02390,   0.04359,   0.03703,  -0.06964,  -0.02369,   0.04195,  -0.02533,   0.07313,  -0.02698,  -0.03026,   0.01733,   0.03867,   0.07477,   0.10431,   0.02062,  -0.02533,  -0.00236,  -0.02533,  -0.05487,  -0.06308,  -0.01549,  -0.02205,   0.02554,   0.03539,   0.00420,  -0.05652,  -0.05159,   0.03210,  -0.00236,   0.06328,  -0.07457,  -0.00072,   0.07477,  -0.01877,   0.03210,   0.00749,  -0.04831,  -0.07293,   0.00256,  -0.01385,   0.02882,  -0.05487,  -0.00236,  -0.01713,   0.00749,  -0.03846,  -0.02205,  -0.02698,   0.00585,  -0.00072,  -0.00400,  -0.00564,  -0.00728,  -0.06472,   0.02554,  -0.00892,  -0.04831,  -0.03518,   0.02554,   0.00256,   0.05180,   0.05508,   0.06821,  -0.00072,   0.02718,  -0.02533,   0.04687,   0.08134,   0.04195,  -0.01549,   0.02226,   0.02226,   0.04031,   0.00256,   0.01077,   0.03703,   0.01241,  -0.02533,   0.03374,  -0.05323,  -0.02041,  -0.04667,   0.07477,   0.08462,   0.00913,  -0.00564,   0.02390,   0.06000,   0.02226,  -0.01877,  -0.00564,  -0.02205,  -0.02041,  -0.05159,  -0.03354,  -0.08605,   0.00420,  -0.02041
   0.04031,   0.00585,   0.02390,   0.05016,  -0.01056,  -0.00564,   0.04195,   0.05016,   0.02390,   0.00256,  -0.04831,   0.04195,   0.03703,  -0.00892,  -0.02041,   0.11252,   0.01077,  -0.02041,  -0.05323,   0.04359,   0.04359,   0.10267,   0.00092,   0.07149,   0.00585,   0.00585,   0.00420,  -0.02862,   0.02390,  -0.05487,   0.11908,  -0.02698,  -0.04175,   0.02062,  -0.05487,   0.01077,   0.00913,  -0.01385,  -0.02862,  -0.03190,  -0.01385,   0.07805,  -0.00400,   0.05508,  -0.00892,  -0.01385,   0.02554,   0.07805,  -0.08113,  -0.06144,   0.00256,   0.03703,  -0.02369,  -0.01221,   0.03046,   0.02226,  -0.07785,   0.01733,   0.11088,  -0.02698,   0.01733,   0.01733,  -0.01713,   0.06657,   0.02554,   0.05836,  -0.01549,   0.03374,  -0.03682,  -0.09098,  -0.02698,   0.07149,  -0.04831,  -0.03026,  -0.00236,   0.02882,   0.03539,   0.04359,  -0.01056,  -0.04503,   0.00256,   0.06000,  -0.06308,   0.02062,   0.02554,  -0.00072,   0.03867,  -0.03518,   0.03046,   0.03374,   0.00749,   0.01569,   0.04851,   0.08790,   0.00749,   0.03867,  -0.06800,  -0.04339,  -0.10082,  -0.03846,   0.00420,   0.03210,   0.01405,  -0.01713,  -0.02698,   0.05836,   0.00256,  -0.03354,   0.01897,  -0.07293,   0.05344,   0.02226,   0.05836,   0.01077,  -0.03354,   0.03539,  -0.03846,  -0.09098,  -0.02205,  -0.00072,   0.02226,   0.08626,  -0.03190,   0.01569,  -0.04010,   0.02062,  -0.02862,  -0.04339,  -0.01713,   0.00256,   0.00420,   0.01405,   0.02390,   0.00420,   0.01077,   0.00749,  -0.02041,  -0.00400,   0.05836,  -0.04667,  -0.10739,  -0.01877,   0.00256,   0.01241,   0.04031,  -0.03190,   0.00256,  -0.06636,   0.01077,   0.02390,   0.02062,   0.00913,   0.00420,   0.05180,   0.00913,  -0.03846,  -0.06308,   0.03374,   0.01077,  -0.09590,   0.01241,  -0.03682,  -0.03518,  -0.00236,  -0.05487,   0.01241,  -0.00400,  -0.01549,  -0.02533,  -0.06800,   0.02882,  -0.00400,   0.01405,   0.03867,   0.04851,  -0.03190,   0.03046,  -0.03354,  -0.01877,   0.00913,   0.02718,   0.03046,   0.02718,  -0.07293,   0.06985,  -0.05980,   0.01897,  -0.00400,  -0.04831,  -0.02041,  -0.04667,  -0.02205,  -0.03354,  -0.05159,  -0.00236,   0.01077,  -0.05323,  -0.02862,   0.01077,   0.02226,  -0.00728,  -0.01221,   0.05672,   0.03539,   0.06985,  -0.01221,  -0.08277,   0.05344,  -0.06800,  -0.05980,  -0.04503,   0.01897,  -0.03026,   0.00256,  -0.04667,   0.02554,  -0.02698,  -0.00564,   0.02882,   0.02718,  -0.02041,  -0.05487,   0.01241,   0.01569,   0.04851,   0.07805,   0.08954,  -0.00728,  -0.01877,  -0.05487,  -0.03518,   0.03046,  -0.01385,   0.08298,   0.00749,  -0.09426,   0.00256,  -0.02369,  -0.05652,   0.01405,   0.00256,  -0.09098,   0.03046,   0.00256,   0.06328,   0.07805,   0.01569,   0.06492,   0.02226,  -0.07129,   0.01897,  -0.09426,  -0.02205,   0.01733,  -0.06144,  -0.06144,   0.01241,   0.01241,   0.08954,  -0.05487,   0.03210,  -0.02698,   0.05344,   0.07149,   0.05508,   0.04687,  -0.04175,   0.00913,  -0.00564,  -0.03518,   0.03703,   0.05016,  -0.04503,   0.00585,   0.05836,   0.08790,  -0.09590,  -0.00072,  -0.00236,   0.06821,   0.07969,  -0.00564,   0.00749,  -0.00564,   0.03046,   0.08462,   0.00913,   0.00585,   0.00913,   0.04687,  -0.03518,   0.01077,   0.01897,   0.00585,  -0.09262,   0.05016,  -0.02533,   0.01077,  -0.01056,  -0.06144,   0.00092,  -0.00564,   0.06657,   0.06000,   0.01405,  -0.01713,  -0.00400,   0.00585,   0.00913,  -0.02041,   0.00092,   0.01897,   0.03210,   0.01733,  -0.01877,  -0.03682,   0.09446,   0.10103,  -0.00400,  -0.00400,  -0.06472,  -0.01056,  -0.03682,   0.01897,   0.05672,   0.04687,  -0.04175,   0.02390,   0.02062,  -0.01549,   0.05836,   0.07805,  -0.00892,   0.06657,   0.05508,  -0.00728,   0.03703,   0.06164,   0.02882,  -0.05816,   0.01897,   0.10103,   0.05344,  -0.00072,  -0.04831,  -0.04010,   0.02718,  -0.03682,  -0.03354,   0.00913,  -0.03026,   0.06000,  -0.00892,  -0.04010,   0.05672,   0.07641,  -0.02698,  -0.05816,   0.01897,  -0.04995,  -0.00892,   0.06492,  -0.00892,  -0.03846,  -0.04667,   0.00585,  -0.02533,   0.04031,   0.06821,   0.03539,  -0.01549,   0.00420,  -0.03682,  -0.02698,  -0.02369,  -0.02205,   0.05344,  -0.09098,  -0.05980,  -0.05323,   0.01241,   0.02226,   0.00749,   0.00420,  -0.03190,   0.15518,   0.01077,   0.03867,  -0.00072,   0.10923,  -0.11724,   0.00749,  -0.01385,   0.01897,  -0.02369,   0.06164,   0.05016,  -0.01877,  -0.02533,   0.03046,   0.00092,  -0.02862,   0.05836,   0.07969,   0.00585,   0.03539,  -0.02698,   0.00749,   0.01733,  -0.07129,   0.02882,   0.00420,  -0.03682,  -0.07949,   0.06492,   0.02718,  -0.01385,  -0.05159,  -0.03682,  -0.01385,   0.00092,   0.03539,  -0.01713,  -0.04503,   0.01897,   0.00913,   0.04359,   0.07969,   0.02554,  -0.01221,   0.10923,   0.00749,  -0.03682,  -0.04503,  -0.07293,  -0.07129,   0.00092,   0.02226,  -0.01221,   0.05016,  -0.06800,   0.02554,  -0.04667,  -0.00564,   0.01077,   0.01897,   0.02554,  -0.00564,   0.03867,  -0.02205,   0.04523,  -0.03682,   0.00585,   0.01897,  -0.02041,   0.00913,   0.07477,  -0.08770,  -0.12380,  -0.00564,  -0.00728,  -0.02205,   0.09282,   0.06657,  -0.00400,   0.03046,   0.00585,   0.06000,  -0.04995,   0.00913,   0.02718,  -0.00564,  -0.00892,   0.04359,   0.00749,   0.03539,   0.06000,   0.02062,   0.00749,   0.05672,  -0.04995,   0.01077,  -0.09590,   0.03867,   0.04523,  -0.02533,   0.00420,   0.00913,  -0.05652,   0.04851,   0.00585,   0.03374,  -0.02369,  -0.02041,  -0.04010,  -0.00400,   0.03210,   0.06164,  -0.03026,  -0.01877,  -0.04503,   0.00585,  -0.04010,  -0.01221,  -0.00892,  -0.00072,   0.02226,  -0.03846,   0.04523,  -0.05980,  -0.00564,   0.01897,   0.07641,  -0.04995,  -0.06964,  -0.02369,   0.06164,  -0.02041,  -0.02698,   0.00913,   0.06492,  -0.01713,  -0.01549,  -0.01713,  -0.00072,  -0.01385,  -0.01877,  -0.00564,  -0.01385,  -0.08605,   0.03374,   0.00092,   0.02226,  -0.01056,   0.02390,  -0.04831,  -0.06964,  -0.09918,  -0.04010,   0.00749,  -0.03354,  -0.03354,  -0.04503,  -0.00892,   0.00585,   0.02226,   0.00420,  -0.06800,  -0.00728,   0.06000,   0.07969,   0.04687,   0.01569,   0.01733,   0.01897,  -0.03026,   0.04523,  -0.03026,   0.00913,  -0.03846,   0.03046,  -0.03190,  -0.00564,  -0.02533,  -0.01056,  -0.00892,  -0.01385,  -0.01877,   0.05016,  -0.04995,   0.00092,  -0.03190,   0.00585,   0.01077,   0.02554,   0.03374,  -0.00400,  -0.01385,  -0.03846,   0.06985,  -0.08770,  -0.01056,  -0.00564,  -0.03846,   0.07313,   0.02718,   0.04523,  -0.06800,  -0.01385,  -0.03682,   0.00749,  -0.01385,  -0.01221,  -0.06308,  -0.02533,   0.11416,  -0.00400,   0.02062,   0.06000,   0.00256,   0.04031,   0.02554,   0.05508,   0.01897,  -0.04995,   0.09611,   0.01077,   0.00420,  -0.06800,   0.04851,   0.02390,  -0.06964,   0.03703,   0.02882,   0.00585,  -0.03190,   0.05672,  -0.04995,   0.01569,   0.00256,   0.02882,   0.03539,  -0.03026,  -0.01877,  -0.07949,   0.00749,  -0.03190,   0.01733,   0.02226,  -0.08277,  -0.02698,  -0.00072,   0.03374,   0.01241,   0.00913,  -0.00236,   0.03867,   0.02062,   0.01405,  -0.00072,   0.03539,   0.02554,   0.03539,  -0.02369,   0.00585,  -0.01549,  -0.01385,   0.03046,  -0.04995,   0.03046,  -0.02041,  -0.04175,  -0.00400,   0.03210,  -0.01549,  -0.01221,   0.00256,  -0.02862,   0.04687,   0.07313,   0.00749,  -0.02369,   0.01897,   0.00749,   0.04359,  -0.03354,  -0.04175,   0.00749,   0.02882,  -0.01713,   0.08626,  -0.01385,   0.03046,   0.05016,   0.02226,   0.06985,   0.02390,   0.00256,   0.00256,   0.00256,   0.04359,  -0.00072,   0.00585,  -0.03354,  -0.02041,  -0.02698,   0.02554,   0.02882,   0.01077,   0.00420,  -0.02041,  -0.00564,  -0.07457,   0.08462,  -0.04503,  -0.00564,  -0.00236,   0.06821,   0.03867,  -0.02205,  -0.03682,  -0.01877,   0.00092,  -0.04503,   0.07477,   0.01733,   0.04195,   0.01241,   0.02718,  -0.06800,   0.03210,   0.04523,   0.01241,  -0.01056,  -0.01713,   0.02226,  -0.00892,   0.01405,  -0.06800,   0.03210,   0.02554,  -0.02369,   0.00749,  -0.01385,  -0.01549,   0.02062,   0.08298,  -0.03518,   0.05508,  -0.07129,   0.04687,   0.03703,  -0.04339,   0.03539,  -0.04010,  -0.02533,   0.05836,   0.08298,   0.01077,  -0.00400,  -0.03026,   0.08134,  -0.03354,  -0.02533,  -0.08277,   0.02390,   0.01077,  -0.01713,  -0.07129,  -0.02205,  -0.00236,  -0.06144,  -0.00564,   0.00092,   0.03210,   0.02062,  -0.00892,   0.05016,   0.04851,  -0.01056,   0.01733,  -0.01056,   0.00420,   0.07477,   0.00913,   0.04523,  -0.02041,  -0.04831,   0.07477,  -0.05652,  -0.01549,   0.06492,   0.05344,   0.14370,   0.05836,   0.02226,   0.03210,   0.06492,   0.00749,  -0.00564,  -0.04667,  -0.02533,   0.00913,  -0.05652,   0.00585,   0.00092,  -0.11559,   0.00420,   0.07313,  -0.04010,  -0.00400,   0.02882,   0.04359,   0.03046,  -0.07785,  -0.02533,  -0.01549,   0.03539,  -0.08441,  -0.06144,  -0.01877,   0.00913,   0.04687,   0.06821,   0.00913,  -0.00564,   0.06657,   0.02226,  -0.05487,  -0.03518,  -0.01385,   0.03539,  -0.01221,   0.05508,  -0.05980,   0.03703,   0.06164,  -0.04010,   0.03539,  -0.01877,   0.00420,   0.04523,   0.04359,   0.00420,   0.08134,   0.04851,   0.04195,  -0.01877,  -0.05159,  -0.06800,  -0.08605,  -0.04667,  -0.03190,   0.05016,   0.01569,  -0.06800,   0.00256,   0.03210,   0.02882,  -0.01713,  -0.00564,   0.00913,  -0.10411,  -0.02533,   0.02718,  -0.01221,   0.00913,  -0.08441,   0.02554,   0.01241,   0.01077,   0.03046,  -0.00728,  -0.02533,  -0.01877,  -0.04995,  -0.05159,  -0.09918,  -0.04503,   0.03046,   0.00256,  -0.04175,   0.08462,  -0.01713,  -0.02205,   0.03703,   0.00256,   0.05672,  -0.05323,   0.00092,   0.01077,  -0.01056,  -0.02041,   0.03867,  -0.04667,  -0.10739,   0.00092,   0.01897,   0.01733,   0.06164,   0.00585,  -0.04667,  -0.03026,  -0.03846,  -0.06308,   0.00420,  -0.01713,   0.00913,   0.04851,   0.02226,  -0.05652,   0.02062,   0.05672,   0.06492,   0.03539,   0.01241,  -0.04010,   0.06985,  -0.01056,  -0.02698,  -0.02533,   0.00092,  -0.00728,   0.01569,  -0.01877,   0.00913,   0.08134,   0.01897,  -0.04995,  -0.05652,   0.00749,  -0.06800,   0.00585,   0.02226,  -0.02533,  -0.02698,   0.03374,   0.05016,  -0.02205,  -0.03190,   0.02882,  -0.02862,   0.08134,  -0.03354,   0.00420,  -0.02698,  -0.00892,  -0.03190,  -0.10575,   0.01077,  -0.03682,  -0.04010,  -0.00728,  -0.02205,   0.03867,   0.05672,   0.00749,  -0.04339,   0.06985,   0.04359,   0.00420,   0.00913,   0.04687,  -0.02041,  -0.04339,   0.05180,  -0.03846,  -0.01056,   0.03374,  -0.03026,   0.02718,   0.08954,  -0.07949,  -0.04831,   0.00092,   0.01241,  -0.01385,  -0.00564,   0.05016,  -0.02205,   0.04359,  -0.02698,   0.01077,   0.01897,  -0.05159,   0.06492,  -0.01056,   0.00585,  -0.00892,   0.00420,   0.03539,   0.02390,  -0.04010,   0.01569,  -0.09918,  -0.06472,   0.06328,   0.05344,  -0.04010,  -0.03846,   0.08954,   0.05508,  -0.04010,  -0.00564,  -0.05323,  -0.02862,   0.04851,  -0.02205,  -0.02698,  -0.00564,   0.01897,   0.03046,  -0.03518,   0.03210,  -0.00892,   0.10103,  -0.06144,   0.00092,  -0.01056,  -0.04339,   0.05344,   0.07149,   0.10267,   0.02226,   0.01405,  -0.07621,   0.03703,  -0.08441,   0.01405,  -0.03026,  -0.03190,   0.03539,   0.01897,   0.02882,   0.02062,   0.02390,   0.02226,  -0.01221,   0.06492,   0.05016,  -0.07621,   0.03703,  -0.04175,  -0.00564
  -0.04503,  -0.00236,  -0.00564,   0.01569,  -0.00892,  -0.02698,   0.02718,  -0.02205,   0.05344,   0.04195,   0.05836,  -0.02205,   0.03374,   0.01569,   0.01569,   0.07149,   0.04031,  -0.03190,  -0.01549,   0.09446,  -0.03846,   0.03210,   0.03374,  -0.00728,   0.00092,   0.02226,   0.00913,   0.02390,  -0.03846,  -0.02041,  -0.06636,  -0.02698,  -0.00564,  -0.05159,  -0.00236,   0.00092,   0.06821,  -0.03190,  -0.01385,  -0.00728,   0.01077,   0.01241,  -0.05816,  -0.03190,   0.03703,  -0.04503,  -0.03518,   0.04195,   0.06000,   0.00585,  -0.00728,  -0.10739,   0.02226,   0.00092,  -0.04995,   0.05344,   0.06657,  -0.05487,  -0.04503,   0.03210,  -0.02698,   0.03210,   0.06821,   0.01897,  -0.05487,  -0.00564,   0.04359,   0.02390,  -0.01549,   0.01241,  -0.00564,  -0.04831,  -0.05816,   0.00749,   0.03374,  -0.02205,   0.01569,  -0.01877,   0.00092,   0.06657,  -0.01056,  -0.03682,   0.01569,   0.03046,  -0.00728,   0.03703,   0.02554,   0.06492,   0.03046,   0.01733,  -0.02041,  -0.03682,   0.05508,  -0.01385,  -0.04995,   0.03046,  -0.03846,  -0.02369,  -0.01877,   0.01733,   0.00420,  -0.05980,  -0.00072,   0.07641,   0.01405,   0.02554,   0.01241,   0.00585,  -0.00236,   0.03046,  -0.02369,  -0.08113,   0.08298,  -0.03846,   0.10595,   0.07313,   0.11416,  -0.00236,   0.07641,  -0.01877,  -0.00892,  -0.08770,   0.05016,  -0.01056,   0.02390,   0.07477,  -0.03682,  -0.01549,  -0.01713,  -0.00892,   0.04195,  -0.03682,   0.00749,  -0.04339,   0.06657,  -0.07129,   0.04195,  -0.03026,  -0.04503,  -0.00892,   0.03210,  -0.05980,  -0.03518,   0.01569,  -0.01056,   0.01733,  -0.02205,   0.02882,  -0.01385,  -0.01713,  -0.03682,  -0.00236,   0.02554,   0.02882,   0.04523,   0.01405,   0.05836,  -0.01385,   0.03703,  -0.04010,   0.06821,  -0.04831,   0.00585,  -0.00400,  -0.07457,   0.02390,   0.03046,  -0.01549,  -0.03190,  -0.01549,  -0.01385,  -0.00236,   0.06492,  -0.03190,   0.03867,  -0.07293,   0.03703,   0.03703,  -0.06636,   0.00420,   0.03210,   0.06821,  -0.00072,   0.01241,  -0.04995,  -0.00728,  -0.01549,  -0.01713,   0.03539,  -0.00728,   0.01241,  -0.03846,  -0.06472,  -0.04503,   0.01241,  -0.02369,  -0.02698,  -0.03846,  -0.01549,   0.02718,   0.06821,  -0.01549,  -0.00400,   0.01241,   0.03046,  -0.05487,  -0.02369,  -0.02533,   0.00913,  -0.01877,   0.01077,  -0.01713,   0.01077,  -0.03190,  -0.07621,   0.00420,  -0.00728,  -0.06144,   0.00420,  -0.05980,  -0.03354,   0.06492,  -0.11395,   0.06985,   0.05508,   0.03046,  -0.09098,  -0.00072,   0.03703,   0.05016,   0.00420,  -0.00564,  -0.07785,  -0.01877,   0.00913,   0.02882,  -0.07949,  -0.01221,   0.05180,  -0.02533,   0.07641,  -0.10739,  -0.03682,   0.09118,   0.03374,  -0.02533,  -0.04339,  -0.01877,   0.00256,  -0.04995,  -0.04503,   0.02226,  -0.01056,   0.00420,   0.08954,  -0.02862,  -0.03190,  -0.01549,   0.05180,   0.03867,   0.03210,   0.05344,   0.00256,   0.01733,   0.04359,   0.00585,  -0.00564,  -0.00564,  -0.00892,  -0.00236,  -0.05816,   0.00749,  -0.04175,  -0.04010,  -0.05652,  -0.01056,  -0.04175,  -0.00728,  -0.01056,   0.06821,  -0.01385,  -0.04995,   0.04687,  -0.00892,  -0.05980,  -0.07129,   0.00092,  -0.01221,  -0.04831,   0.03374,   0.01077,   0.03210,   0.01077,  -0.00400,  -0.03846,  -0.04339,   0.01241,   0.07805,   0.03210,  -0.03682,   0.05672,   0.03539,  -0.07293,  -0.01877,   0.00092,   0.03867,   0.03867,   0.05016,  -0.03682,  -0.09426,   0.01241,  -0.01877,   0.05508,   0.02390,   0.04031,  -0.03026,  -0.01877,   0.05344,   0.02882,   0.00256,  -0.04339,   0.02554,  -0.03846,  -0.03518,   0.05344,  -0.05159,  -0.11724,  -0.02369,   0.00749,   0.01897,  -0.02533,  -0.04175,  -0.03354,   0.00585,  -0.00892,   0.03374,   0.06328,  -0.02369,   0.03703,   0.04523,  -0.00400,  -0.05159,   0.04687,   0.02554,  -0.02041,  -0.06144,   0.00913,  -0.00564,   0.01405,   0.02718,   0.02226,  -0.04667,  -0.00564,  -0.03354,   0.02882,  -0.06472,   0.01897,   0.08298,   0.01077,  -0.01549,  -0.04175,  -0.03190,  -0.07785,  -0.04175,   0.03046,   0.08134,  -0.05159,  -0.00072,  -0.01549,  -0.02205,   0.02226,  -0.02205,  -0.08113,  -0.02205,   0.01569,  -0.01877,  -0.00236,   0.06328,  -0.03682,  -0.06308,   0.09611,   0.03210,  -0.04339,  -0.00236,   0.03210,   0.04687,   0.04195,   0.02718,   0.02062,  -0.08934,   0.01241,  -0.00072,   0.09118,  -0.05323,  -0.00236,  -0.03354,   0.10595,  -0.01221,   0.07477,  -0.05487,  -0.01549,  -0.00892,   0.03703,   0.00913,   0.01569,  -0.03190,  -0.11067,  -0.05487,   0.00256,  -0.01549,   0.02882,  -0.03026,  -0.01549,  -0.05159,   0.00749,  -0.03026,   0.03539,  -0.00564,  -0.07785,  -0.01549,  -0.00892,   0.12236,  -0.00236,   0.04523,   0.05016,   0.00585,   0.03703,  -0.01549,   0.00256,   0.03046,   0.08790,   0.04687,  -0.04175,  -0.03354,  -0.06472,   0.02554,   0.06164,  -0.04667,   0.02554,   0.06985,  -0.04503,   0.05836,  -0.04175,   0.03539,  -0.01385,   0.04031,  -0.03846,  -0.03190,  -0.02041,  -0.01221,   0.03374,   0.00256,   0.02554,   0.00749,  -0.01221,   0.00749,  -0.01385,   0.00092,  -0.03518,  -0.01877,   0.05016,  -0.00892,  -0.10575,   0.00913,  -0.00728,   0.03046,  -0.02041,   0.08790,   0.14206,  -0.02041,   0.03374,  -0.00072,  -0.06636,  -0.01877,  -0.00236,  -0.05159,   0.00749,  -0.09426,   0.01405,  -0.00892,  -0.02041,   0.01077,   0.07969,  -0.05816,   0.02390,  -0.00072,  -0.05487,  -0.00728,   0.02390,   0.01733,  -0.03354,   0.00256,   0.00420,  -0.02369,   0.01077,   0.00256,  -0.05323,  -0.03190,  -0.04175,  -0.02698,  -0.04503,   0.00420,  -0.05323,  -0.02698,  -0.04339,  -0.09426,  -0.02041,   0.02882,  -0.05980,  -0.01221,   0.01241,   0.04195,  -0.01056,  -0.03354,  -0.01221,  -0.04503,  -0.00072,  -0.07457,  -0.00892,  -0.00564,  -0.07457,  -0.02533,   0.00420,  -0.01713,  -0.03190,   0.04031,   0.00092,  -0.02369,  -0.01877,  -0.07129,  -0.07293,   0.01077,   0.02718,  -0.07129,  -0.02698,  -0.02205,   0.10759,  -0.07621,  -0.03190,  -0.01221,   0.07149,  -0.00728,  -0.02041,  -0.03026,   0.01733,  -0.00400,   0.08954,  -0.01385,  -0.01549,   0.00420,   0.04687,   0.05836,   0.08298,   0.02390,   0.05180,   0.00585,  -0.03354,  -0.03846,   0.01077,   0.01077,  -0.02369,  -0.02533,  -0.01877,   0.02554,   0.08626,  -0.00400,  -0.01713,  -0.02862,   0.00585,   0.02390,   0.03867,  -0.00892,   0.07641,  -0.02862,  -0.00400,   0.01405,  -0.02369,  -0.01056,   0.01569,  -0.01877,   0.13057,   0.05344,  -0.00728,   0.02062,   0.00256,   0.04195,   0.00913,   0.08298,  -0.03026,   0.01569,   0.04195,   0.02554,   0.03210,  -0.01549,  -0.06800,  -0.01713,  -0.03190,   0.03539,   0.00256,   0.01733,  -0.01056,  -0.02533,  -0.00400,   0.15518,   0.05344,  -0.07293,  -0.07949,   0.00256,  -0.00072,   0.00913,  -0.14185,  -0.01221,   0.06328,   0.00585,   0.02554,  -0.00072,  -0.01713,  -0.03846,  -0.04503,  -0.05980,   0.04359,  -0.04175,  -0.03026,   0.07149,  -0.06472,  -0.02041,  -0.00236,  -0.02369,   0.02882,  -0.09098,  -0.03026,  -0.12216,   0.01569,   0.06821,  -0.05816,  -0.02205,   0.04031,  -0.06472,  -0.05323,   0.03539,  -0.02533,   0.00420,   0.06985,  -0.00728,  -0.06144,   0.04687,  -0.00072,  -0.01877,  -0.01221,   0.03867,   0.06821,   0.01241,   0.02554,   0.04687,   0.06000,   0.06985,   0.04851,   0.03867,   0.04359,   0.04031,  -0.02533,   0.01897,   0.00749,  -0.02533,   0.00749,  -0.01221,  -0.03026,  -0.04995,   0.00585,  -0.05487,   0.01897,  -0.00236,   0.05508,  -0.00728,   0.01241,  -0.09918,   0.04851,   0.02226,  -0.03846,  -0.02698,  -0.02533,  -0.08934,   0.04523,  -0.07457,   0.03539,   0.06492,   0.06492,   0.00913,   0.02882,   0.01897,  -0.07293,   0.02062,   0.00420,   0.00092,   0.03539,  -0.05652,   0.03046,   0.00585,   0.07313,  -0.04667,   0.05016,   0.10267,   0.00585,   0.04523,  -0.00728,   0.02718,   0.00585,   0.01733,   0.08298,   0.08626,  -0.11067,   0.02882,   0.07641,   0.02554,  -0.06308,   0.05836,  -0.04831,  -0.00728,   0.04851,  -0.04503,   0.04195,   0.00092,   0.00256,   0.10267,   0.02062,  -0.07949,  -0.02369,   0.01405,  -0.01056,  -0.04175,  -0.00892,  -0.00564,   0.04359,  -0.05323,   0.09611,   0.06821,  -0.01713,  -0.03190,   0.01733,   0.00913,  -0.05323,   0.06328,   0.00420,   0.03867,   0.06492,   0.03374,   0.02718,  -0.03682,   0.00585,  -0.02698,  -0.01221,  -0.02041,  -0.08770,  -0.09590,  -0.01877,  -0.04667,   0.02226,   0.04031,  -0.03354,   0.02226,   0.02882,   0.01241,   0.01241,  -0.04339,   0.04195,  -0.01056,   0.02390,   0.05016,   0.05508,  -0.05323,  -0.03682,  -0.06800,   0.03703,   0.00585,   0.02390,   0.03374,   0.00749,  -0.01221,   0.00092,  -0.04175,   0.00913,   0.01077,  -0.00892,   0.01897,  -0.01385,   0.06985,   0.08134,   0.01897,   0.01405,  -0.00236,  -0.08277,  -0.03846,   0.00749,   0.06985,   0.01241,  -0.02698,   0.02226,   0.00420,  -0.02041,  -0.01056,   0.00749,   0.05672,  -0.00072,  -0.05159,  -0.01549,  -0.02533,  -0.04831,   0.02226,  -0.07129,   0.02390,   0.05180,  -0.00072,  -0.06308,   0.06492,   0.01733,   0.14698,  -0.05323,   0.08298,  -0.02369,  -0.04667,   0.02062,   0.02718,  -0.04010,   0.04195,  -0.02041,  -0.02041,  -0.01385,  -0.09098,   0.06657,  -0.04503,  -0.05159,  -0.02862,   0.06821,  -0.02698,  -0.06636,  -0.01385,   0.05508,  -0.08770,  -0.02041,  -0.03026,  -0.08113,   0.05508,   0.02882,  -0.05816,  -0.05159,  -0.01385,  -0.06636,   0.04195,  -0.02862,  -0.02205,   0.04523,  -0.04175,   0.04687,   0.00092,  -0.01877,   0.04851,  -0.05159,   0.03046,  -0.02041,   0.02226,   0.00913,  -0.03354,   0.06328,   0.03210,  -0.06800,  -0.00400,   0.10431,   0.06821,   0.00420,   0.02882,   0.02882,   0.10595,   0.01897,   0.02062,   0.03703,  -0.00072,  -0.00072,  -0.02533,  -0.02862,  -0.02369,  -0.04339,   0.00585,  -0.04339,  -0.00892,   0.02062,  -0.07949,   0.00585,  -0.06964,  -0.03026,  -0.00728,   0.02062,  -0.03518,   0.04195,  -0.04010,   0.05672,   0.00913,  -0.00892,   0.03703,   0.04031,  -0.02698,  -0.03518,   0.02554,   0.01897,  -0.09426,   0.02062,  -0.05487,   0.05180,  -0.08277,  -0.10411,   0.01241,   0.01897,  -0.03354,  -0.05652,   0.00420,  -0.03354,  -0.01549,  -0.13036,  -0.01877,   0.02226,  -0.06964,  -0.00728,   0.02718,  -0.04995,   0.03046,  -0.00892,   0.00092,   0.09446,  -0.02698,   0.05180,  -0.01713,  -0.02205,  -0.02533,  -0.01713,   0.02390,   0.00092,   0.00913,   0.04359,  -0.04831,   0.02062,   0.03703,  -0.03026,  -0.00564,  -0.01221,   0.03046,  -0.00236,  -0.03682,  -0.04667,  -0.01877,  -0.05159,   0.01897,   0.01569,   0.07477,   0.07641,   0.06000,  -0.03518,  -0.02862,  -0.02041,   0.02882,  -0.01877,   0.01897,  -0.03682,  -0.04995,  -0.06636,   0.01569,  -0.05159,  -0.04339,  -0.08934,  -0.02533,   0.00256,  -0.03354,   0.02390,  -0.06308,  -0.03354,   0.03210,  -0.01713,   0.00256,  -0.02041,  -0.01713,  -0.06308,   0.06657,  -0.00728,   0.04851,   0.04031,  -0.01713,  -0.08113,   0.02554,  -0.07621,   0.01733,  -0.02041,  -0.03026,  -0.03354,  -0.00072,   0.00749,  -0.09262,   0.02226,  -0.00236,   0.02226,  -0.00892,  -0.00564,   0.05016,  -0.04995,   0.00420,   0.08626,   0.03867,   0.05016,  -0.04831,   0.02554,  -0.05159,  -0.04831,   0.02226,  -0.02369,  -0.03846,   0.03210,   0.01405,  -0.01221,  -0.00236,   0.02882,   0.02062,  -0.00072,   0.06821,   0.06492,  -0.05323,   0.05836,  -0.01056
  -0.09426,  -0.01056,   0.09282,   0.00913,  -0.00564,   0.07805,   0.02882,   0.00092,   0.02226,   0.07969,  -0.03354,  -0.02205,  -0.00564,   0.03046,   0.06657,   0.04195,   0.06328,  -0.02698,   0.01569,  -0.02533,   0.00585,   0.12729,   0.05836,   0.03539,  -0.01877,  -0.05159,   0.03539,   0.03046,   0.02882,   0.01241,   0.07149,  -0.04503,   0.04031,   0.00420,   0.02062,   0.01569,  -0.07457,  -0.00236,   0.09611,  -0.06800,   0.07313,  -0.02533,  -0.00236,   0.04687,  -0.04175,  -0.06964,   0.00092,   0.06328,  -0.02698,  -0.01877,   0.04523,  -0.00728,  -0.06144,  -0.04667,  -0.03518,   0.03046,   0.01241,   0.03867,   0.00913,  -0.02698,   0.01405,   0.04359,   0.00913,   0.06985,  -0.01221,   0.04031,   0.06000,  -0.00564,  -0.01385,  -0.01713,   0.04359,   0.03703,   0.03539,  -0.00728,  -0.05323,  -0.06144,  -0.03846,   0.01897,   0.11580,   0.01569,   0.05836,   0.02554,   0.05016,   0.07477,  -0.00892,  -0.03354,   0.05180,  -0.06472,   0.06000,  -0.04175,  -0.01385,  -0.02205,  -0.03518,   0.07805,   0.04687,   0.01077,  -0.00892,   0.01077,   0.01897,  -0.03354,   0.02062,  -0.03026,   0.03046,   0.03703,   0.03046,   0.04687,   0.10595,  -0.03190,  -0.01385,  -0.04831,  -0.04667,  -0.03190,   0.01569,   0.00913,  -0.00728,  -0.01385,  -0.10082,  -0.14513,   0.06985,   0.05672,  -0.00892,  -0.03190,  -0.08441,   0.08954,   0.03210,  -0.01549,  -0.01221,  -0.01549,  -0.04831,   0.00913,   0.01405,   0.04359,   0.04687,  -0.06472,  -0.02862,   0.03210,  -0.03190,   0.01077,  -0.08277,   0.05344,   0.04031,  -0.02369,   0.00256,   0.04359,  -0.02369,   0.04359,   0.01241,   0.04687,   0.03374,  -0.04010,   0.02390,   0.03046,  -0.01877,   0.06657,  -0.13693,  -0.05487,   0.00749,   0.04851,  -0.05487,   0.00092,  -0.01385,   0.02226,  -0.00236,   0.01897,  -0.08934,  -0.03846,  -0.01056,  -0.01549,   0.02882,   0.03539,  -0.01713,   0.00256,  -0.05323,  -0.04831,  -0.05816,   0.05836,  -0.05816,   0.00420,  -0.01221,   0.04195,   0.00092,   0.03539,   0.01077,  -0.08605,   0.03046,  -0.08277,   0.03210,  -0.00236,  -0.07785,  -0.03026,  -0.01385,   0.08954,   0.06492,  -0.01713,   0.05836,   0.04195,  -0.01385,   0.03539,   0.04031,   0.07805,   0.03867,  -0.04831,   0.04359,   0.06492,  -0.08441,   0.00256,   0.03539,  -0.10739,  -0.01056,   0.06492,   0.02226,   0.06328,  -0.03026,   0.00092,   0.03867,  -0.00072,   0.01077,  -0.00892,   0.05672,  -0.00564,  -0.00892,   0.00749,  -0.03026,  -0.00892,   0.07969,   0.13385,   0.00420,  -0.03518,  -0.06636,   0.03374,   0.04195,  -0.00400,  -0.06964,  -0.04010,   0.07805,  -0.07785,   0.06164,  -0.06964,  -0.00400,  -0.08770,   0.00585,  -0.07621,  -0.05159,   0.05672,   0.08298,  -0.04175,  -0.07129,  -0.05487,   0.01405,  -0.02533,  -0.01549,  -0.00236,   0.05180,   0.09939,  -0.00236,  -0.00564,  -0.02698,   0.04195,   0.00256,   0.01897,   0.01405,  -0.03026,   0.07805,   0.08790,   0.04195,   0.05344,   0.07149,   0.01405,  -0.08934,  -0.06964,   0.01897,  -0.04831,  -0.03026,  -0.05159,   0.05836,   0.05016,   0.08626,  -0.04175,   0.07641,   0.03374,   0.03374,   0.04523,  -0.01221,   0.01405,  -0.02698,  -0.03026,   0.01569,  -0.05980,   0.00092,   0.00913,   0.05344,  -0.07457,   0.03539,   0.05836,   0.00256,   0.02554,  -0.02041,  -0.06308,   0.08790,   0.07641,   0.03539,   0.02390,   0.02390,   0.00420,   0.02226,   0.00913,  -0.02698,   0.00420,  -0.01221,  -0.02369,  -0.01877,  -0.03682,  -0.00072,  -0.01056,  -0.01877,  -0.00236,   0.00913,  -0.04503,   0.00585,   0.07149,   0.01897,   0.01241,  -0.02205,   0.03867,  -0.04831,   0.00913,  -0.00892,  -0.00072,   0.06000,  -0.07785,  -0.05487,   0.03374,  -0.03518,   0.06000,  -0.00072,  -0.07129,  -0.06308,  -0.05816,   0.00420,   0.01241,   0.01241,   0.04687,   0.09611,   0.02882,   0.01897,  -0.01385,  -0.04667,  -0.08770,  -0.05323,  -0.07293,  -0.02698,   0.08298,  -0.05816,  -0.06308,   0.03210,   0.03374,   0.00585,   0.05508,   0.08134,  -0.03518,  -0.01549,   0.00913,  -0.02862,   0.10267,   0.06328,  -0.00564,   0.03703,   0.04359,  -0.05652,  -0.02862,   0.06821,  -0.02533,  -0.02205,   0.08626,   0.01077,   0.05836,   0.02882,  -0.03354,   0.05508,  -0.03026,   0.01733,  -0.01713,   0.07149,  -0.06636,  -0.06472,   0.02062,   0.08626,  -0.05487,   0.00913,   0.03210,  -0.01221,  -0.03354,  -0.06472,  -0.04010,  -0.01877,   0.00092,  -0.00072,   0.01569,  -0.01549,  -0.06636,  -0.04667,  -0.03354,  -0.00400,   0.03210,   0.04195,   0.13877,  -0.03682,   0.04031,   0.01077,   0.06821,   0.08462,   0.04687,   0.03703,  -0.00236,  -0.00728,  -0.09262,  -0.05816,   0.01897,  -0.05487,   0.03046,   0.02226,   0.01241,  -0.05323,  -0.00236,   0.00585,   0.02226,  -0.05323,  -0.05980,   0.05344,  -0.01221,  -0.05159,  -0.00400,  -0.03354,   0.08462,   0.01897,  -0.03682,  -0.02698,   0.02882,  -0.05980,   0.03374,  -0.03518,   0.00256,   0.02390,  -0.06636,  -0.05323,   0.03703,  -0.04995,  -0.05323,  -0.02698,   0.01077,  -0.04995,   0.00256,   0.01405,  -0.01385,  -0.01385,   0.01897,  -0.06308,   0.03210,   0.02390,  -0.02041,   0.01241,  -0.01877,   0.02390,  -0.04831,  -0.01221,  -0.04175,  -0.03682,   0.06328,  -0.02205,  -0.02369,  -0.06964,   0.01077,   0.01405,  -0.05487,   0.00092,  -0.01549,  -0.01713,  -0.00892,   0.00256,   0.07313,  -0.02698,   0.07477,   0.02882,  -0.02533,   0.11416,  -0.02041,  -0.02533,   0.06164,  -0.02369,  -0.04995,  -0.05816,   0.03867,   0.00913,  -0.01385,   0.04687,   0.00420,   0.03539,   0.02718,  -0.01549,  -0.03518,   0.02718,  -0.06472,   0.02390,  -0.04831,   0.05016,   0.04359,  -0.01385,   0.05180,   0.02882,   0.01077,   0.04851,   0.01569,  -0.01877,  -0.09918,  -0.02041,  -0.00072,   0.04687,   0.03539,   0.04851,   0.02062,   0.06821,   0.01077,   0.06000,   0.00420,   0.02226,  -0.01221,  -0.03026,   0.01241,  -0.02698,  -0.06144,  -0.00892,   0.02062,   0.03539,  -0.08277,  -0.00892,  -0.05323,  -0.00728,   0.01733,  -0.06964,  -0.02205,  -0.02862,   0.03867,   0.06492,  -0.01385,   0.00092,   0.04687,   0.06000,   0.02390,  -0.00072,   0.04031,   0.06164,  -0.01221,   0.08298,  -0.03190,  -0.02533,   0.01077,  -0.01221,   0.00256,  -0.05159,  -0.01549,  -0.00400,   0.04523,  -0.01877,   0.10103,  -0.01056,   0.00420,  -0.06636,  -0.00400,   0.02882,   0.00420,  -0.04995,  -0.04995,   0.03867,  -0.12872,   0.05344,   0.04851,  -0.06144,  -0.00400,   0.06328,   0.00092,   0.04359,   0.04851,   0.00585,  -0.01713,   0.00749,  -0.02041,   0.05508,   0.01241,  -0.03190,   0.06328,  -0.02698,   0.05016,   0.03703,  -0.01713,  -0.02041,  -0.04010,  -0.00072,  -0.04339,   0.06492,  -0.04339,  -0.01877,  -0.03846,  -0.05159,  -0.07949,  -0.03682,   0.03374,  -0.07457,  -0.02041,   0.00749,  -0.04339,   0.05672,   0.04359,   0.07805,   0.04195,   0.02062,  -0.07129,   0.09118,  -0.01713,  -0.04339,  -0.01385,   0.00420,  -0.10247,  -0.00236,  -0.05159,  -0.02041,   0.01077,   0.00420,   0.01897,  -0.00728,   0.02226,  -0.07457,  -0.04010,  -0.02205,  -0.05159,   0.02390,  -0.01713,  -0.01056,   0.01077,   0.07805,   0.02390,   0.03374,   0.00420,   0.06164,   0.04687,  -0.00564,   0.00913,   0.02062,   0.06328,  -0.02041,  -0.04175,  -0.01713,   0.02390,  -0.02369,  -0.00400,   0.00585,   0.08626,   0.03703,  -0.02862,   0.06328,   0.01897,  -0.04010,  -0.08441,  -0.03518,   0.04523,   0.02718,   0.00420,  -0.03682,   0.05836,   0.02226,  -0.02533,   0.03046,   0.05180,  -0.01221,   0.03046,  -0.02205,   0.05344,   0.03867,  -0.03846,   0.06000,  -0.06144,  -0.00892,  -0.00564,   0.01897,  -0.01713,   0.02554,  -0.06964,  -0.00072,  -0.05487,   0.05508,   0.01405,   0.02554,   0.02882,  -0.06800,   0.02718,  -0.03518,   0.04195,   0.07641,   0.14041,  -0.00400,  -0.05323,  -0.06144,  -0.02205,  -0.03354,  -0.04339,   0.04195,  -0.03026,  -0.01385,  -0.10575,   0.06985,  -0.06800,   0.02718,   0.05016,   0.01569,   0.00749,   0.01241,  -0.02533,   0.01733,  -0.07785,   0.02882,   0.04031,  -0.01877,   0.00420,  -0.01713,   0.04687,   0.06657,   0.01241,   0.05180,  -0.02698,  -0.01549,  -0.06144,   0.06000,   0.01077,   0.00420,  -0.00072,  -0.05487,   0.02062,  -0.02698,   0.02882,  -0.05652,   0.04359,  -0.04995,   0.00256,   0.01241,  -0.03682,  -0.01385,   0.08298,   0.02062,  -0.10247,   0.02882,  -0.05980,  -0.08934,  -0.00236,   0.01897,  -0.05323,  -0.10082,  -0.04503,   0.03867,   0.02062,   0.00256,   0.10595,  -0.04995,  -0.02698,  -0.06964,   0.06657,  -0.06472,   0.02390,   0.07641,  -0.08113,   0.03867,   0.03374,  -0.04667,  -0.00072,   0.00256,  -0.01385,   0.00749,  -0.01221,  -0.04995,  -0.11724,  -0.03026,  -0.01056,   0.01241,  -0.01056,   0.01241,  -0.02862,  -0.00400,   0.02882,   0.00913,   0.04523,   0.02062,  -0.00072,  -0.04339,  -0.01877,   0.08298,  -0.01056,  -0.07293,  -0.00728,   0.04851,  -0.02205,  -0.01549,  -0.03190,  -0.04667,  -0.02205,  -0.04667,  -0.06472,   0.00749,  -0.03682,   0.03867,  -0.03846,  -0.04175,  -0.05323,   0.00913,   0.06000,   0.02062,  -0.00072,  -0.02041,   0.01405,   0.02718,   0.02390,  -0.03354,  -0.09590,  -0.00072,  -0.06800,   0.05180,   0.02226,   0.01077,   0.09118,  -0.04010,  -0.00072,  -0.06800,  -0.02369,  -0.08934,   0.00585,  -0.04503,   0.02390,   0.01569,  -0.01221,   0.00749,   0.02226,   0.04687,  -0.02533,  -0.03518,   0.01569,   0.03046,   0.03703,  -0.02369,  -0.12544,  -0.00236,  -0.03026,  -0.01549,  -0.00400,  -0.00236,  -0.06144,   0.06657,   0.02554,  -0.00236,   0.02554,  -0.00072,  -0.08934,  -0.05487,   0.01077,   0.06657,   0.05344,  -0.01877,   0.01241,  -0.03846,   0.01897,  -0.00892,  -0.02533,  -0.04831,   0.02882,   0.03867,   0.00749,  -0.00072,  -0.04995,  -0.00892,  -0.06308,   0.01241,  -0.03190,   0.04851,  -0.07621,  -0.05159,  -0.02205,  -0.02369,   0.03867,  -0.01549,  -0.04995,  -0.05323,   0.05508,  -0.00072,   0.06000,  -0.00728,   0.00420,  -0.02862,   0.01405,   0.05508,  -0.05487,  -0.02698,   0.00585,  -0.03354,  -0.06964,  -0.07293,  -0.03354,   0.04851,   0.03703,  -0.00400,   0.00913,   0.00913,   0.06000,  -0.04995,   0.01077,   0.05672,  -0.06308,   0.01405,   0.04687,   0.02554,   0.05508,   0.05672,   0.06164,  -0.00400,   0.07149,   0.00749,  -0.00072,  -0.06636,   0.06328,  -0.01221,  -0.03518,  -0.02698,  -0.03682,  -0.06308,  -0.04339,   0.04359,  -0.00892,  -0.03518,  -0.03682,  -0.01056,  -0.01877,   0.02554,  -0.01056,   0.10267,  -0.00072,   0.02226,  -0.08934,  -0.04503,  -0.05652,   0.03539,  -0.04175,   0.08134,   0.02226,   0.05672,  -0.09754,   0.06657,   0.01405,   0.00256,  -0.03026,   0.01077,  -0.04831,  -0.01056,   0.03703,   0.00585,   0.02062,  -0.04667,   0.04687,  -0.05159,   0.03703,   0.02390,  -0.03190,  -0.07293,   0.04031,   0.13221,  -0.11888,  -0.05323,  -0.03026,  -0.02041,   0.00092,  -0.01549,   0.04523,  -0.02533,  -0.10247,  -0.02041,  -0.00236,   0.03867,   0.04523,  -0.10247,  -0.00728,  -0.00564,  -0.01221,  -0.00400,  -0.00072,  -0.02205,  -0.08277,  -0.01056,   0.04359,  -0.01385,  -0.00236,  -0.01877,   0.04523,   0.05180,  -0.04667,   0.03046,   0.02718,  -0.01713,  -0.03682,  -0.00400,   0.07477,  -0.04175,  -0.06308,   0.03374,   0.01569,   0.05180,  -0.05323,  -0.06964,  -0.04339,   0.04195,  -0.00400,   0.01077,   0.01733,   0.00749,  -0.00236,   0.01569,   0.12729,   0.02390,   0.00749,  -0.02041,  -0.02041
  -0.01056,   0.01569,  -0.04010,   0.03539,  -0.02205,   0.00092,   0.04851,  -0.00892,   0.09939,   0.04359,  -0.10411,   0.01733,  -0.01549,  -0.01713,  -0.02533,   0.00092,  -0.04010,  -0.05652,  -0.04175,   0.05836,  -0.08277,   0.00913,   0.01077,  -0.05159,   0.02390,  -0.00564,  -0.02205,  -0.05159,   0.01405,   0.02718,   0.02882,   0.00256,   0.03210,  -0.04339,  -0.01056,  -0.00236,  -0.03190,  -0.03846,   0.10267,   0.00585,   0.01405,   0.04523,   0.01405,   0.00420,   0.05016,   0.00585,   0.00420,   0.04359,  -0.08770,  -0.01221,  -0.00728,  -0.02862,   0.05672,   0.07641,  -0.12708,  -0.00892,  -0.01385,   0.03046,  -0.03846,   0.09446,  -0.02862,   0.00420,   0.02226,  -0.02205,  -0.00728,  -0.01877,  -0.04175,   0.10595,  -0.09262,   0.04851,   0.01077,   0.01733,   0.02390,   0.03867,   0.03046,   0.00749,   0.05672,  -0.04339,  -0.01713,  -0.02698,  -0.05487,  -0.01221,  -0.01713,   0.05672,   0.00749,   0.06657,   0.04687,  -0.01877,  -0.02862,  -0.00564,  -0.02698,  -0.00892,  -0.01385,   0.04195,  -0.01221,   0.01897,  -0.02698,  -0.01221,  -0.01713,  -0.01385,  -0.04503,  -0.04995,   0.03539,   0.01405,   0.04195,  -0.02369,  -0.04010,  -0.06308,   0.00256,  -0.09918,  -0.01056,  -0.03354,  -0.00564,  -0.03518,   0.01569,   0.00420,   0.05508,   0.03374,   0.01897,  -0.00072,  -0.04503,  -0.03354,  -0.04503,  -0.02369,   0.01077,  -0.04831,   0.00256,  -0.04339,   0.06000,  -0.06308,   0.02554,  -0.06308,   0.01897,   0.03046,  -0.02369,  -0.04175,   0.06985,   0.00256,  -0.06472,  -0.10575,  -0.01713,   0.00092,   0.02062,  -0.01056,   0.03374,   0.00092,  -0.01713,   0.05508,   0.04195,   0.08790,   0.01897,   0.03374,   0.00420,   0.03210,  -0.03682,   0.05672,   0.03374,   0.02062,   0.01241,   0.05180,   0.10595,  -0.08934,  -0.06144,  -0.05323,  -0.03846,   0.05180,   0.02554,   0.01077,   0.00913,  -0.00236,  -0.03846,  -0.05652,   0.00749,   0.01569,   0.03539,  -0.12708,  -0.02862,  -0.00072,  -0.04667,   0.02718,  -0.07457,  -0.00728,  -0.04339,   0.02554,   0.02226,   0.04687,  -0.03026,   0.05836,  -0.03682,   0.02718,  -0.00236,   0.01733,   0.02882,  -0.04831,  -0.02862,   0.05508,   0.07477,  -0.09098,  -0.01056,   0.06328,   0.00749,   0.07969,  -0.01221,   0.04195,  -0.01549,  -0.05487,   0.00420,  -0.07293,  -0.04503,   0.00256,  -0.00564,  -0.03518,  -0.01713,  -0.00728,  -0.07293,  -0.01221,   0.00420,  -0.00236,  -0.06308,   0.03539,  -0.01221,  -0.00728,  -0.02698,  -0.01385,   0.04523,   0.02062,  -0.02862,   0.00749,   0.03374,  -0.01385,   0.01405,  -0.12052,   0.08626,  -0.01221,  -0.01877,  -0.00728,  -0.04175,   0.06821,   0.00585,   0.00749,   0.01077,   0.02718,   0.08298,  -0.03518,  -0.04503,   0.08954,   0.01405,  -0.05487,  -0.00072,   0.03867,  -0.03026,  -0.00072,   0.07641,   0.00092,  -0.05652,   0.09446,  -0.00072,   0.00256,  -0.07621,  -0.00400,   0.03046,   0.00256,   0.04359,  -0.02369,   0.00256,   0.01241,  -0.01549,  -0.02041,   0.01241,  -0.00400,   0.01897,   0.07149,   0.03374,  -0.00728,  -0.01221,   0.04851,   0.05508,  -0.05487,   0.02226,   0.08134,  -0.00728,   0.04851,  -0.01056,  -0.01385,  -0.00892,  -0.03846,  -0.00236,  -0.10411,   0.00420,   0.03210,  -0.01221,   0.03867,   0.02390,  -0.02533,   0.03046,   0.10431,  -0.02205,   0.02226,  -0.00892,   0.02390,   0.02226,   0.06821,  -0.05159,   0.00092,  -0.01877,   0.04523,  -0.03026,   0.01405,  -0.01385,   0.06985,  -0.00072,  -0.03682,  -0.01713,   0.02390,  -0.07457,   0.01077,   0.00749,  -0.03682,  -0.03190,   0.03374,  -0.05652,   0.10595,  -0.02369,   0.02718,   0.01241,  -0.01713,  -0.03026,  -0.01549,   0.03539,  -0.06472,  -0.04339,   0.04523,   0.00420,  -0.06144,  -0.00728,  -0.00564,  -0.00400,  -0.05323,  -0.04667,  -0.02698,   0.04523,   0.01733,   0.03046,   0.00913,  -0.05323,  -0.05159,   0.10431,   0.11252,   0.05672,   0.00913,  -0.03190,  -0.02862,   0.08790,  -0.01549,  -0.03190,   0.04031,   0.00420,   0.02390,   0.05836,  -0.02862,   0.05016,  -0.02205,   0.00420,  -0.07293,   0.04359,  -0.03354,  -0.04010,   0.04523,   0.03210,   0.00256,  -0.00072,  -0.01877,   0.03046,   0.00092,   0.07313,  -0.00400,   0.05836,   0.00420,  -0.01385,   0.03867,   0.02390,  -0.03026,   0.02718,   0.00092,   0.00585,   0.01077,   0.00092,   0.01733,  -0.03518,  -0.08605,   0.01897,   0.06492,   0.00749,  -0.00564,   0.07313,   0.06000,   0.00749,   0.01405,   0.03046,  -0.05323,  -0.03682,  -0.05159,   0.02390,   0.06328,   0.04031,   0.01569,   0.08954,   0.01077,   0.03703,  -0.04831,  -0.02862,   0.04031,   0.06657,   0.02718,   0.00256,   0.05344,  -0.02862,  -0.01877,  -0.02533,   0.08626,   0.05180,   0.00092,  -0.01877,  -0.00072,  -0.09426,  -0.01549,  -0.01877,  -0.02205,   0.02882,  -0.05159,   0.03539,  -0.01056,  -0.01549,   0.05508,   0.06164,  -0.01549,   0.03703,   0.01733,  -0.02205,   0.02390,   0.07313,   0.03703,  -0.03518,  -0.00564,  -0.00400,   0.00256,   0.01733,  -0.03682,  -0.08605,   0.03867,  -0.01549,   0.02718,   0.03867,   0.05672,  -0.08277,  -0.08770,   0.04195,   0.04195,   0.05180,   0.08298,  -0.01877,  -0.05159,  -0.02862,   0.00585,  -0.06964,   0.02554,  -0.07949,  -0.02698,   0.09939,   0.10267,  -0.08277,  -0.00892,  -0.01056,   0.00092,   0.02554,   0.03703,   0.00585,   0.03046,   0.08298,   0.04031,  -0.04175,   0.01077,   0.03867,   0.01241,   0.06492,  -0.00728,  -0.00072,  -0.03190,  -0.03354,  -0.04831,  -0.03682,  -0.04503,   0.03867,   0.07969,  -0.04995,  -0.03190,   0.04523,  -0.02862,   0.02882,  -0.01877,   0.00256,  -0.08770,   0.01241,  -0.04995,  -0.00400,  -0.04339,   0.03210,  -0.02698,   0.02554,   0.03210,  -0.01221,   0.02062,  -0.00236,  -0.04667,   0.03539,   0.03539,  -0.04010,   0.03210,  -0.04503,  -0.00072,   0.03046,   0.04359,  -0.09590,  -0.03026,   0.03539,  -0.02369,  -0.01385,  -0.07129,   0.07969,  -0.04503,  -0.04010,  -0.00400,   0.07641,   0.03046,   0.01733,  -0.06636,   0.05836,   0.01241,   0.02882,  -0.00072,  -0.05323,   0.06000,   0.03210,   0.02390,  -0.00072,   0.02062,  -0.05816,   0.00585,   0.03210,  -0.00564,   0.00256,   0.04195,   0.00092,   0.00092,   0.03046,   0.07477,   0.00092,   0.07477,   0.05508,   0.01897,  -0.04667,   0.01241,  -0.05816,   0.00585,  -0.00236,  -0.02041,  -0.03026,  -0.04503,   0.04195,  -0.04175,  -0.01056,   0.07969,   0.03374,   0.01733,   0.02554,   0.03210,  -0.08113,  -0.07293,   0.04195,  -0.08277,  -0.07949,  -0.01549,   0.01569,   0.06000,  -0.02862,   0.03046,  -0.00072,   0.01077,  -0.00400,  -0.03518,   0.00585,  -0.02533,  -0.00236,  -0.00236,  -0.02862,   0.07313,  -0.00236,   0.00585,  -0.00072,  -0.02533,   0.07969,   0.04359,  -0.02205,   0.04031,   0.06328,  -0.03190,   0.08298,   0.01569,   0.05836,  -0.06472,   0.03703,  -0.01221,   0.03703,  -0.01385,  -0.01877,   0.06657,   0.01077,  -0.00400,  -0.07293,   0.03374,   0.03539,  -0.05816,  -0.05159,  -0.02698,  -0.02862,   0.04031,  -0.03846,  -0.02698,  -0.02698,   0.02062,  -0.02862,   0.03539,  -0.02369,   0.02390,  -0.02205,  -0.02862,  -0.09426,   0.01405,   0.11088,  -0.01877,  -0.04995,   0.01569,  -0.04175,  -0.00564,   0.00749,  -0.00564,   0.07477,   0.00256,   0.06328,   0.07149,  -0.01221,  -0.01221,  -0.06144,   0.06657,   0.00913,  -0.01713,  -0.00400,  -0.11395,   0.05836,   0.07149,  -0.00728,  -0.04831,  -0.03846,   0.00913,  -0.03026,  -0.04831,  -0.03190,  -0.00728,   0.01733,  -0.00564,  -0.00564,  -0.10082,   0.07313,  -0.02041,  -0.01713,   0.04359,  -0.03026,   0.04031,  -0.04503,  -0.02205,  -0.02205,   0.00256,  -0.06308,   0.00420,  -0.06636,  -0.02369,   0.07805,   0.05508,   0.02226,   0.02554,   0.00256,   0.00420,  -0.06472,  -0.00892,   0.08134,  -0.08277,  -0.00236,   0.00913,  -0.04010,   0.02390,  -0.04339,   0.01241,  -0.05487,   0.00420,  -0.04175,   0.00420,  -0.04667,  -0.06308,   0.08462,   0.01569,   0.05180,  -0.12052,   0.00913,  -0.07293,   0.02062,   0.02554,   0.08134,  -0.09590,   0.07477,  -0.03190,  -0.01385,  -0.00072,   0.01733,   0.00585,  -0.01221,   0.04523,   0.04195,   0.01241,  -0.04010,  -0.04503,  -0.00072,  -0.00400,  -0.00892,   0.02390,   0.05508,  -0.00728,  -0.03846,  -0.04503,  -0.00564,   0.00256,  -0.04010,  -0.06636,   0.01897,  -0.08441,  -0.02698,  -0.00236,  -0.05323,   0.00749,   0.00256,   0.08462,  -0.02205,  -0.04831,   0.09118,  -0.01877,  -0.02041,  -0.02041,  -0.00400,   0.08462,   0.06328,  -0.01549,   0.00092,   0.02882,   0.09282,  -0.03518,   0.01897,   0.07641,  -0.04995,   0.01405,  -0.04339,   0.06164,   0.00913,  -0.02533,  -0.00236,  -0.04667,   0.03703,  -0.04831,  -0.02041,  -0.01385,   0.01241,  -0.00564,   0.00256,  -0.08441,   0.00420,  -0.02205,  -0.01221,  -0.03026,  -0.03190,   0.02882,   0.01405,  -0.00564,   0.04687,  -0.00892,   0.03703,   0.06328,   0.02718,  -0.00400,  -0.02862,   0.06000,  -0.00892,   0.03374,  -0.09426,  -0.00400,  -0.00236,  -0.00564,  -0.00236,  -0.06964,   0.02062,  -0.01221,  -0.02369,   0.03374,   0.02718,   0.01897,   0.02390,  -0.01056,  -0.00400,   0.05344,  -0.00728,   0.02226,  -0.07621,  -0.06308,   0.00585,  -0.00728,  -0.03026,   0.04031,  -0.07129,  -0.06636,   0.02226,  -0.00564,   0.03703,  -0.03354,  -0.01056,  -0.02205,   0.04523,   0.07477,  -0.00892,  -0.00236,  -0.03846,   0.03374,   0.07805,   0.05344,  -0.01056,   0.01733,  -0.07949,   0.01405,   0.01733,  -0.03026,   0.01733,  -0.00400,   0.03374,   0.07313,   0.00420,  -0.03682,   0.00749,  -0.04831,  -0.05652,   0.00749,  -0.04995,   0.01077,  -0.02862,  -0.03518,   0.02062,  -0.02698,   0.03867,   0.04523,  -0.04995,   0.04195,  -0.02205,   0.01569,  -0.08934,  -0.10411,   0.02390,   0.06164,   0.04523,  -0.02041,  -0.00236,   0.03210,  -0.00564,  -0.00236,  -0.01549,   0.04359,  -0.04010,   0.03374,  -0.04339,  -0.04010,  -0.02369,  -0.00892,  -0.03354,  -0.01221,  -0.04831,   0.00585,   0.01405,   0.01897,   0.10595,  -0.05323,  -0.04995,   0.00585,   0.07805,   0.05672,   0.04523,  -0.04995,  -0.02533,   0.08954,  -0.07621,   0.00585,  -0.01385,   0.01241,   0.00749,  -0.01713,  -0.00892,  -0.06964,   0.03539,  -0.00236,   0.06164,  -0.06144,   0.04523,   0.04195,  -0.02533,   0.02718,  -0.04667,   0.00420,   0.09282,  -0.02205,   0.00256,   0.02390,   0.06164,  -0.02698,   0.01077,  -0.07129,   0.03374,   0.05016,  -0.02698,   0.01569,  -0.04503,  -0.06964,  -0.05816,   0.03374,  -0.05159,   0.03703,  -0.01877,  -0.01385,  -0.05652,   0.05672,   0.00256,   0.02554,   0.01897,   0.01733,   0.02226,  -0.05980,   0.04687,   0.07149,   0.05180,  -0.01221,   0.02226,  -0.04831,   0.02882,  -0.02205,  -0.06636,  -0.02041,  -0.00072,  -0.04667,  -0.03518,  -0.04667,   0.01077,   0.08298,   0.00420,  -0.02369,  -0.00892,   0.00749,  -0.01385,   0.02718,   0.00913,   0.05344,   0.01897,  -0.04503,  -0.04503,  -0.01221,   0.01077,  -0.00072,  -0.04667,   0.00749,   0.05672,   0.00420,   0.00749,  -0.09918,   0.03867,  -0.03026,   0.00749,   0.07149,  -0.00892,   0.00420,  -0.00400,   0.00420,   0.01241,  -0.04831,  -0.01713,  -0.00072,  -0.04503,  -0.05323,  -0.07129,   0.06821,   0.02390,  -0.00072,  -0.05323,   0.02390,   0.05508,  -0.07785,  -0.03026,  -0.00400,   0.06164,  -0.01549,  -0.05487,   0.02390,  -0.00728,  -0.07785,   0.00749,  -0.05487,   0.01241,  -0.00892,  -0.09098,   0.00913,   0.03210,   0.01405,   0.04523,   0.06821
   0.14206,   0.00092,  -0.00728,   0.04359,  -0.00072,   0.01569,  -0.03682,  -0.00728,  -0.05323,   0.02718,   0.03210,   0.02554,   0.06328,  -0.05980,   0.05672,  -0.05816,  -0.02041,   0.03210,   0.02226,   0.00092,  -0.02205,   0.01077,   0.05836,  -0.04667,  -0.04667,   0.10759,  -0.04667,  -0.05487,  -0.08605,   0.02718,  -0.02205,   0.04687,  -0.08770,  -0.02205,   0.03703,   0.02882,  -0.01221,  -0.00564,   0.02390,  -0.00072,   0.00749,  -0.08441,  -0.03682,  -0.06472,   0.00420,   0.01241,  -0.07129,   0.05672,  -0.03682,   0.03867,  -0.03190,  -0.02533,  -0.16483,  -0.05980,   0.05180,   0.03539,   0.01569,   0.02390,   0.00092,   0.00585,   0.00749,  -0.01549,  -0.00236,  -0.01385,   0.00585,   0.01897,  -0.00072,   0.00749,  -0.00072,  -0.04339,  -0.01549,  -0.00892,  -0.00236,  -0.09262,   0.01733,   0.00913,   0.04687,  -0.06800,   0.01897,   0.05672,   0.08462,   0.02554,  -0.04831,   0.04359,  -0.02698,  -0.08441,   0.00913,   0.06657,  -0.03354,   0.03046,  -0.02369,   0.01405,  -0.00564,  -0.01221,   0.06164,   0.06492,   0.00256,   0.10267,  -0.00564,   0.02718,  -0.07621,  -0.12544,  -0.00564,  -0.01056,   0.05672,  -0.00072,  -0.02533,  -0.09098,  -0.01056,   0.02554,   0.00420,   0.03374,   0.02718,   0.09282,  -0.06472,  -0.04339,   0.00749,   0.07969,  -0.02369,   0.06657,  -0.01713,  -0.01713,   0.03046,  -0.05487,   0.05016,   0.00256,  -0.02205,  -0.08441,   0.00420,   0.11580,  -0.00400,   0.07477,  -0.02041,   0.02226,   0.02718,   0.01405,  -0.06636,  -0.00728,  -0.07129,  -0.00400,  -0.11724,   0.00256,  -0.05159,   0.05344,  -0.06308,  -0.08934,  -0.00728,  -0.00564,   0.06492,  -0.00564,  -0.05816,   0.01897,   0.00913,  -0.06472,  -0.07457,  -0.05980,   0.05508,  -0.04831,   0.01405,  -0.02533,   0.08954,   0.00585,  -0.06472,  -0.00564,  -0.02205,   0.01405,   0.03210,   0.10267,   0.01405,  -0.08113,  -0.04667,   0.04359,   0.09611,   0.03374,  -0.01713,   0.04523,   0.01733,   0.02226,   0.02390,  -0.00892,  -0.01221,   0.06985,   0.10595,   0.04031,   0.03539,  -0.00400,  -0.05323,  -0.01877,  -0.00728,   0.03539,  -0.06472,   0.03046,  -0.01877,  -0.03354,  -0.02041,   0.02882,  -0.03846,  -0.00236,   0.00420,  -0.00236,   0.01405,   0.00420,   0.05508,   0.00092,   0.01405,   0.06328,  -0.01549,   0.00256,   0.03703,   0.01897,  -0.06636,   0.06985,   0.06985,   0.06657,   0.00913,  -0.02369,  -0.02533,   0.03046,  -0.00728,   0.02718,  -0.01549,   0.02390,   0.03046,   0.02390,  -0.01385,   0.01733,   0.03046,  -0.05980,   0.07149,   0.01897,  -0.01056,  -0.08605,  -0.02205,  -0.06308,  -0.06636,  -0.02698,  -0.13529,  -0.04831,   0.03374,  -0.00892,   0.04359,  -0.06308,   0.01241,   0.07477,   0.02390,   0.02882,   0.05344,   0.00913,   0.13877,   0.01077,  -0.00072,  -0.04995,   0.00585,  -0.02205,  -0.02205,   0.03374,  -0.02369,  -0.00564,  -0.01713,  -0.02205,  -0.08605,  -0.00564,  -0.01877,  -0.07457,   0.00092,  -0.05652,  -0.06472,   0.00256,  -0.06964,   0.03374,  -0.08113,   0.01241,  -0.01549,  -0.00892,   0.01733,  -0.01549,   0.08134,   0.00420,   0.02718,  -0.01713,   0.02554,   0.00420,   0.04195,  -0.00564,  -0.00236,  -0.01385,   0.01241,   0.01405,   0.02718,  -0.04010,  -0.04995,   0.01077,  -0.01056,  -0.05159,   0.07477,   0.01241,  -0.03846,   0.00913,   0.02226,   0.00749,   0.02390,   0.03374,  -0.02533,   0.05672,   0.05344,  -0.01385,   0.00420,   0.01405,  -0.04503,   0.01733,   0.04851,   0.00092,  -0.02369,   0.05672,  -0.04010,   0.00420,  -0.01877,   0.03867,   0.05508,  -0.03682,  -0.01877,  -0.03518,  -0.05323,   0.10103,  -0.02533,  -0.03354,  -0.00072,  -0.02205,   0.02226,  -0.04995,  -0.04010,  -0.08441,   0.02390,  -0.03354,   0.03539,   0.04851,   0.00420,  -0.12052,  -0.04175,  -0.00072,   0.00092,  -0.04995,  -0.00072,   0.02718,   0.00420,   0.04523,  -0.00236,  -0.04831,  -0.02041,  -0.01221,  -0.01385,   0.02554,   0.08626,   0.03867,  -0.07293,  -0.03846,  -0.01549,   0.01733,   0.01569,   0.01405,  -0.00236,  -0.07293,   0.00256,   0.02226,   0.02062,   0.02390,  -0.03518,   0.01077,   0.05836,  -0.08770,   0.04195,   0.00585,   0.02718,   0.13877,   0.04031,  -0.00564,  -0.04831,   0.06821,  -0.07621,   0.07477,   0.03046,  -0.05159,  -0.00400,  -0.04503,   0.02882,  -0.03518,   0.02062,   0.06328,  -0.04831,  -0.00728,  -0.02862,   0.02390,  -0.04010,  -0.01056,  -0.00236,  -0.01549,  -0.00400,   0.07641,  -0.00728,  -0.02369,  -0.00728,   0.01405,   0.02554,   0.00092,   0.05672,   0.04031,   0.01897,   0.01569,  -0.04339,  -0.04667,  -0.02862,   0.04359,  -0.05652,   0.07805,   0.03539,  -0.00072,   0.02882,  -0.00072,   0.01733,  -0.00892,   0.01569,  -0.02533,   0.03210,  -0.04010,   0.00913,   0.05508,  -0.02205,   0.06492,   0.04851,   0.01405,   0.01241,   0.10923,   0.01733,  -0.03190,  -0.06144,   0.05508,   0.02226,  -0.04175,  -0.00236,  -0.04175,  -0.03354,  -0.04339,  -0.02205,   0.00913,  -0.00072,  -0.02041,   0.02062,  -0.01713,   0.02718,  -0.00564,  -0.01221,   0.09939,  -0.03026,   0.04687,   0.00256,  -0.00892,   0.08298,   0.02226,   0.01405,   0.02554,  -0.00564,   0.02554,   0.03539,   0.01077,   0.05016,   0.03867,  -0.03026,   0.01897,   0.02226,   0.05508,   0.02226,  -0.01056,  -0.10575,  -0.03682,   0.00913,  -0.02698,  -0.04667,   0.01733,  -0.04667,   0.06657,  -0.04339,   0.00256,  -0.06144,  -0.09754,   0.00420,  -0.06800,  -0.01056,  -0.03682,   0.05836,  -0.04010,  -0.03354,   0.02226,   0.00420,  -0.05652,  -0.03190,  -0.01221,   0.00256,   0.10595,  -0.04995,  -0.02862,  -0.04503,  -0.00892,  -0.01385,   0.01077,   0.00092,   0.08790,  -0.00564,  -0.04995,   0.00749,  -0.06636,  -0.05980,   0.03046,   0.00092,   0.11252,  -0.02862,  -0.02533,   0.03539,   0.04031,  -0.02698,  -0.01221,   0.01077,  -0.04339,  -0.06144,   0.02718,  -0.02369,   0.00749,   0.01897,   0.03703,  -0.01877,   0.02390,  -0.00400,   0.00913,   0.00749,  -0.00564,  -0.05487,   0.04523,   0.00256,   0.00585,  -0.02698,  -0.03682,  -0.01713,   0.04687,  -0.01549,  -0.08113,   0.01897,  -0.00564,  -0.01221,  -0.05323,   0.04851,  -0.03518,  -0.08934,   0.03210,   0.00256,  -0.04995,   0.05836,   0.07149,  -0.08277,  -0.02205,  -0.00892,   0.00420,   0.00256,   0.07477,   0.02718,  -0.00236,  -0.00400,   0.01733,   0.05180,  -0.02862,  -0.04339,  -0.01549,  -0.03190,  -0.04175,   0.00913,   0.06000,   0.03703,  -0.00236,  -0.00564,   0.03539,  -0.03190,   0.03539,  -0.12872,  -0.00728,   0.00420,   0.09282,  -0.00892,  -0.00400,   0.05344,   0.00913,   0.04687,   0.00256,  -0.07457,   0.01077,  -0.03190,   0.09775,   0.17488,  -0.02533,   0.01241,  -0.02533,   0.01733,   0.02226,  -0.04010,   0.01897,  -0.04667,  -0.01385,  -0.09918,   0.04195,   0.00585,   0.05836,  -0.05652,  -0.04010,   0.00256,  -0.00236,   0.00256,   0.02062,  -0.00236,   0.00749,  -0.01877,   0.00420,   0.04195,  -0.02862,  -0.00236,   0.06328,   0.00749,   0.01733,  -0.06308,   0.07641,   0.05180,  -0.05487,   0.02554,  -0.04503,  -0.04175,   0.03210,   0.05508,   0.03046,  -0.00400,   0.04195,  -0.07621,   0.02554,  -0.02205,   0.00420,   0.01077,  -0.03026,   0.01897,  -0.03354,  -0.00072,  -0.00728,  -0.03190,  -0.02533,  -0.00728,   0.04851,   0.06985,  -0.02369,   0.05016,  -0.04503,   0.01897,  -0.00728,  -0.09262,  -0.03846,   0.01897,  -0.01221,   0.00420,  -0.02041,  -0.01056,  -0.02698,   0.10103,   0.14534,   0.02718,  -0.09426,  -0.06144,  -0.01549,  -0.05159,   0.06821,   0.01405,   0.01405,   0.03703,  -0.00892,  -0.02041,  -0.05159,   0.00256,   0.10103,  -0.00236,   0.04851,  -0.03682,  -0.01877,  -0.01877,  -0.00072,  -0.03026,   0.09282,  -0.03354,   0.03210,  -0.05159,  -0.00564,   0.02554,   0.04195,  -0.01877,   0.02062,  -0.08441,   0.00256,   0.03539,  -0.05652,   0.03046,   0.05836,   0.04687,   0.00256,  -0.04339,   0.11252,  -0.02698,  -0.02041,  -0.00564,  -0.02205,   0.04031,  -0.07621,   0.05344,   0.04359,  -0.01056,  -0.03682,  -0.00072,  -0.03354,   0.04687,   0.01405,   0.03867,   0.01405,  -0.00236,   0.11252,  -0.02533,  -0.02533,  -0.05159,  -0.00400,   0.09446,   0.01405,  -0.00400,   0.00420,  -0.08113,   0.09775,  -0.07129,  -0.03190,  -0.03518,  -0.04667,   0.06657,  -0.05159,   0.02062,  -0.06144,  -0.05159,  -0.01713,   0.04359,  -0.06636,  -0.02533,   0.08954,   0.11088,  -0.06800,  -0.08605,  -0.04667,   0.07477,  -0.01221,   0.00749,  -0.04010,  -0.03354,  -0.04667,   0.02062,   0.00585,   0.01569,   0.07641,  -0.00564,   0.12236,  -0.00072,   0.01897,   0.02882,   0.09775,  -0.03846,  -0.01221,   0.01241,  -0.00892,  -0.02369,  -0.07621,  -0.04175,  -0.11888,  -0.09098,  -0.03846,  -0.03682,   0.06000,  -0.01221,  -0.03846,   0.06985,  -0.01385,  -0.00728,  -0.03026,   0.00749,  -0.01385,   0.01569,  -0.00072,   0.05672,   0.02062,  -0.03354,   0.02226,  -0.02041,   0.03374,   0.07969,  -0.13201,   0.01897,  -0.01549,  -0.00892,   0.02718,  -0.00072,   0.01897,  -0.11724,  -0.02041,  -0.08934,  -0.09590,  -0.00400,   0.05508,  -0.01056,  -0.04175,   0.06657,   0.01897,   0.13057,  -0.11724,  -0.02862,   0.00420,   0.02882,  -0.02369,  -0.04339,   0.05508,  -0.02862,   0.00256,  -0.04995,   0.01405,  -0.07949,   0.02390,   0.05344,  -0.02041,   0.04523,  -0.06964,   0.08954,  -0.01877,   0.01405,   0.02390,  -0.10575,   0.03210,  -0.01549,  -0.03354,   0.01733,   0.09939,   0.07149,   0.00749,   0.03374,  -0.02041,  -0.01549,   0.00913,   0.04195,   0.01241,   0.01569,  -0.07129,  -0.07457,  -0.03846,   0.04523,   0.00092,  -0.02205,  -0.03846,   0.03210,  -0.11559,  -0.03190,  -0.01221,   0.01077,  -0.08605,  -0.02698,  -0.06308,   0.02226,   0.01897,  -0.04503,   0.01405,  -0.03682,   0.03374,  -0.02041,  -0.05159,   0.02718,   0.02718,   0.01241,   0.01405,   0.00420,   0.03539,   0.02226,  -0.04503,  -0.07129,   0.07149,   0.00420,   0.05180,   0.01405,  -0.03518,  -0.10903,   0.01897,  -0.01385,   0.00585,   0.02554,  -0.07949,   0.00913,   0.05016,   0.02226,  -0.02698,   0.07313,   0.06164,  -0.05323,   0.05016,   0.01897,  -0.02369,  -0.05816,   0.00092,  -0.01713,  -0.03846,  -0.00072,  -0.05159,  -0.12708,  -0.01713,  -0.01549,  -0.00400,   0.08462,   0.07149,  -0.11724,   0.01569,   0.08134,   0.04031,   0.00256,   0.00420,  -0.02041,   0.05836,  -0.01713,   0.00092,  -0.01713,   0.01569,  -0.04503,  -0.00564,   0.12893,  -0.00072,  -0.03682,   0.06164,   0.00913,   0.01077,  -0.00072,  -0.05980,  -0.01549,   0.05016,  -0.02369,   0.02390,   0.00749,  -0.08605,   0.00420,  -0.03518,   0.01897,  -0.08770,  -0.00236,   0.01897,   0.07641,   0.02882,   0.01897,  -0.00728,  -0.03026,   0.00420,  -0.04831,   0.03539,   0.01077,  -0.03518,  -0.03518,   0.00092,   0.04195,  -0.03354,   0.01077,   0.03539,   0.05016,  -0.05323,   0.01569,  -0.02698,   0.01241,   0.02882,   0.04851,  -0.05159,  -0.01221,  -0.00072,   0.04195,   0.00585,   0.05508,   0.07477,   0.00256,  -0.02862,  -0.06636,   0.01405,  -0.01385,  -0.09098,   0.05344,  -0.01713,  -0.02698,   0.03703,   0.02226,   0.04359,  -0.00564,  -0.04503,  -0.02205,  -0.09098,   0.05344,   0.04359,   0.01241,  -0.02041,   0.00092,  -0.04175,   0.05344,   0.03210,   0.04195,   0.07969,  -0.01877,  -0.07785,  -0.04175,   0.03867,  -0.00728,  -0.05487,  -0.02533,  -0.03518,   0.03703,   0.02226,  -0.06964,   0.02882,  -0.06472,   0.02226,  -0.09262,   0.02390,   0.03867,   0.03867
   0.06164,   0.03703,   0.00585,  -0.05980,  -0.04831,  -0.04831,   0.09282,   0.01077,  -0.02369,  -0.02205,   0.05344,  -0.01385,   0.05180,  -0.06144,   0.02554,  -0.01221,  -0.03190,   0.09282,   0.00256,   0.00749,   0.01077,   0.02226,  -0.01549,   0.05180,  -0.02369,  -0.01877,  -0.05159,   0.03046,   0.03539,  -0.01713,   0.00256,   0.00913,   0.00092,   0.01569,  -0.11724,  -0.02369,  -0.02041,   0.01241,   0.02390,   0.04523,   0.04851,  -0.03682,   0.08134,  -0.00072,  -0.03518,  -0.04339,   0.00092,  -0.03026,  -0.01713,   0.00256,  -0.05980,   0.06985,  -0.00728,  -0.15498,   0.01733,   0.06985,   0.02718,  -0.09098,   0.00092,  -0.04503,  -0.01221,  -0.02205,  -0.10082,   0.05180,  -0.00728,  -0.06308,  -0.01056,   0.04523,  -0.00564,  -0.04831,   0.05180,  -0.05980,  -0.03190,  -0.02369,   0.00256,  -0.05816,  -0.02862,   0.02062,  -0.03354,   0.03539,  -0.05652,  -0.00236,  -0.04667,   0.08298,  -0.03026,   0.01077,  -0.01056,  -0.01385,   0.02390,  -0.04995,  -0.03682,   0.00585,  -0.04995,  -0.01877,  -0.08113,   0.06821,  -0.08934,  -0.00892,  -0.00236,  -0.02698,  -0.01549,  -0.02041,   0.01405,   0.00585,   0.02226,  -0.07129,  -0.04831,  -0.04667,   0.00913,   0.11088,  -0.02041,  -0.04831,   0.02062,  -0.05323,  -0.05652,   0.04359,   0.02554,   0.08134,  -0.00564,  -0.00728,  -0.04667,  -0.02862,  -0.10082,  -0.02041,  -0.08441,  -0.07621,  -0.00728,   0.02226,  -0.00728,   0.10923,   0.01569,  -0.03682,   0.00749,  -0.04831,  -0.00564,  -0.00072,   0.00585,   0.01569,  -0.01385,   0.00913,  -0.04831,  -0.03190,   0.08298,   0.02226,  -0.12708,  -0.02205,   0.01405,   0.04195,   0.02226,  -0.02369,   0.00092,   0.05836,   0.07313,   0.02062,   0.01569,  -0.05159,   0.03867,   0.05836,  -0.00072,   0.00256,   0.03703,  -0.02698,   0.04851,   0.00585,   0.00913,  -0.07129,   0.02390,  -0.05652,  -0.00564,   0.01569,   0.02882,  -0.01877,   0.08790,   0.04523,  -0.06964,   0.01241,  -0.03518,  -0.03846,   0.01569,   0.04195,  -0.01713,  -0.03682,  -0.00236,  -0.02205,   0.03210,  -0.00728,   0.04195,   0.00256,   0.04523,  -0.11559,  -0.04831,  -0.05980,  -0.07129,   0.04687,  -0.00564,  -0.01056,   0.04359,  -0.03518,  -0.01549,  -0.07621,   0.00420,  -0.00236,  -0.00728,  -0.03354,  -0.00564,  -0.02369,   0.01897,   0.06000,   0.02882,  -0.02041,  -0.00892,  -0.00728,  -0.00400,   0.06164,   0.01241,   0.05180,  -0.00892,  -0.02041,   0.06657,   0.06328,   0.00256,  -0.00892,   0.00092,  -0.07621,  -0.01221,   0.06492,  -0.03190,   0.07641,  -0.02533,   0.04031,   0.14534,  -0.03846,  -0.02369,   0.02390,  -0.01056,   0.00092,   0.03539,   0.04031,  -0.00564,  -0.06636,   0.10267,   0.09118,  -0.02205,  -0.02862,   0.00256,   0.00749,  -0.04339,   0.06000,   0.03374,  -0.04175,   0.02226,   0.00913,  -0.00564,  -0.02698,   0.07477,   0.05508,   0.05016,  -0.01385,   0.05508,   0.00256,  -0.02533,  -0.02533,   0.04031,   0.03046,   0.03867,  -0.04339,  -0.04667,  -0.03354,  -0.06308,  -0.00400,  -0.05816,   0.02226,  -0.01385,  -0.03190,  -0.00564,   0.04195,   0.01241,  -0.02862,   0.02882,   0.08954,  -0.06472,  -0.02369,  -0.02369,   0.05672,   0.01733,   0.04851,  -0.07949,   0.00092,   0.03046,  -0.01221,   0.02390,   0.02062,   0.02226,  -0.02698,  -0.12380,  -0.04831,  -0.03518,  -0.03846,   0.02226,   0.02390,   0.09446,  -0.02205,  -0.01056,   0.00092,  -0.05652,  -0.01385,  -0.04339,  -0.06472,  -0.02369,  -0.03190,   0.01733,  -0.00400,  -0.02369,  -0.04667,   0.01569,  -0.00400,  -0.02041,   0.01405,   0.00913,   0.04359,   0.00256,   0.02718,  -0.03190,   0.06492,  -0.01877,  -0.02369,  -0.09918,   0.06821,  -0.00236,   0.11744,  -0.00400,  -0.04667,   0.08134,  -0.05487,  -0.01056,   0.00749,   0.01897,   0.00913,   0.01733,  -0.07785,  -0.00892,  -0.01877,  -0.00236,   0.01241,  -0.01056,   0.07969,  -0.04503,  -0.02698,  -0.04667,   0.05016,  -0.05652,   0.02882,   0.02554,  -0.01056,  -0.02533,  -0.03026,   0.02062,  -0.02862,  -0.00564,   0.01897,   0.08790,  -0.04010,   0.06164,   0.02390,  -0.03190,  -0.01549,   0.01077,  -0.00728,  -0.01713,   0.05344,  -0.02533,   0.02062,  -0.02862,  -0.05159,  -0.03846,   0.03210,  -0.05816,  -0.04503,   0.07477,  -0.03026,  -0.00564,   0.01077,   0.09939,   0.00913,   0.05508,  -0.01877,  -0.01877,  -0.04503,  -0.03026,  -0.04339,   0.10759,  -0.03026,   0.01733,  -0.10247,   0.03539,   0.07969,  -0.04503,   0.09775,   0.00913,  -0.02698,  -0.01056,   0.00749,   0.04851,   0.03539,   0.00092,   0.06000,   0.00420,   0.00913,   0.02882,  -0.02698,   0.00256,   0.03374,  -0.03518,   0.00420,   0.07149,  -0.00400,   0.03210,  -0.07293,   0.04523,   0.00092,   0.06328,  -0.00564,  -0.05159,   0.00913,  -0.03846,  -0.02205,  -0.03846,   0.05508,   0.03374,   0.03374,   0.09611,   0.11744,   0.08790,   0.01405,   0.03867,  -0.03682,   0.06985,   0.06164,  -0.00728,   0.02226,  -0.02862,  -0.07621,   0.05836,  -0.00072,   0.07149,  -0.02041,  -0.01056,   0.03539,   0.04523,  -0.03682,  -0.01549,  -0.02205,  -0.04010,   0.02554,   0.00256,   0.08298,   0.03046,  -0.01877,  -0.05323,   0.03867,  -0.01877,  -0.03026,   0.06985,   0.07477,   0.05016,   0.04031,   0.02390,   0.00420,   0.05016,  -0.08770,   0.01897,  -0.05816,   0.01077,  -0.02862,  -0.02533,  -0.00728,  -0.02369,   0.05016,  -0.01713,  -0.03190,  -0.02205,  -0.07621,  -0.02862,  -0.04995,  -0.01056,   0.01241,  -0.03518,   0.02882,   0.01405,  -0.05487,  -0.04175,  -0.02698,   0.03374,  -0.00400,  -0.01385,  -0.05159,   0.03703,  -0.02369,  -0.02041,   0.03539,  -0.03518,   0.02554,   0.01241,  -0.01877,  -0.02533,  -0.01549,  -0.04503,  -0.04995,   0.00913,  -0.03026,   0.04851,  -0.01877,   0.03539,  -0.00400,  -0.02369,   0.02718,   0.00749,  -0.04503,  -0.01549,   0.08134,  -0.01713,  -0.03846,   0.05508,  -0.01385,  -0.01056,  -0.06636,   0.09939,  -0.00072,  -0.03682,  -0.02862,  -0.09098,   0.06657,   0.03374,  -0.00564,  -0.00892,   0.07313,  -0.01056,  -0.04831,  -0.09590,  -0.04503,  -0.01221,  -0.00400,  -0.03354,   0.08626,   0.03867,   0.01733,   0.02882,   0.01405,  -0.02698,   0.03210,  -0.03846,  -0.09098,  -0.03354,   0.04031,  -0.01713,  -0.09098,  -0.04831,  -0.01713,  -0.03518,  -0.00236,  -0.02041,  -0.00072,   0.00749,  -0.03846,   0.09118,  -0.06472,  -0.04339,   0.00092,  -0.02698,  -0.05159,  -0.05652,   0.02390,   0.05672,  -0.02369,   0.05016,  -0.00400,  -0.04339,  -0.01877,   0.06657,  -0.06800,   0.02554,  -0.00236,   0.06985,   0.02226,  -0.08605,  -0.02862,  -0.03846,   0.00749,  -0.05323,   0.02882,  -0.02533,  -0.03354,   0.04687,  -0.04175,   0.03374,  -0.02205,   0.05180,  -0.03190,  -0.01877,   0.06164,   0.04851,   0.02062,  -0.00564,   0.06000,   0.01733,   0.03046,  -0.13365,   0.00420,   0.01077,  -0.02205,   0.02062,  -0.06472,   0.05180,  -0.04995,  -0.01713,  -0.00892,  -0.00728,  -0.02698,   0.04031,  -0.03354,  -0.03518,  -0.03354,  -0.02369,   0.01733,  -0.08113,  -0.05159,   0.01897,   0.06985,   0.00913,   0.02882,   0.06985,   0.00913,   0.09775,  -0.01549,  -0.03026,   0.08462,   0.06000,   0.06164,   0.04031,   0.03374,  -0.02369,   0.05344,  -0.03682,   0.00420,  -0.04667,   0.02226,  -0.03518,   0.01733,  -0.02533,   0.07149,   0.02882,   0.01241,   0.01077,  -0.03026,   0.00585,   0.03539,   0.04359,   0.07313,   0.02718,   0.00256,  -0.07129,   0.03374,  -0.00072,   0.00749,   0.00420,   0.00749,   0.03539,  -0.00892,  -0.01713,  -0.06472,   0.01733,   0.01241,  -0.00072,  -0.03354,   0.06328,  -0.01549,   0.00913,   0.11252,   0.00749,  -0.05323,   0.00585,   0.07477,  -0.05323,   0.05508,  -0.08605,  -0.02698,  -0.03846,  -0.03026,   0.02882,  -0.01713,  -0.03026,   0.05672,   0.04523,   0.02226,   0.00585,   0.06000,   0.03210,   0.00256,  -0.02862,  -0.07621,   0.02882,  -0.02041,   0.01569,  -0.01221,   0.01405,  -0.06800,   0.01569,  -0.00072,   0.00420,   0.00092,  -0.03026,   0.08462,  -0.03354,  -0.06964,  -0.01713,   0.02226,   0.02882,   0.00913,   0.00256,   0.03867,   0.00092,   0.00092,  -0.01056,  -0.10739,   0.04851,   0.00092,   0.05672,   0.01897,   0.04687,   0.01569,  -0.05816,   0.04031,   0.02226,   0.04851,  -0.06472,  -0.02533,   0.04359,  -0.08605,  -0.01713,   0.01569,   0.00092,   0.05836,  -0.04995,  -0.01549,  -0.04503,  -0.00564,  -0.06800,   0.03867,  -0.03846,   0.00749,  -0.06964,   0.04851,   0.03374,  -0.02698,  -0.02698,   0.01569,   0.02226,  -0.02698,   0.11416,  -0.07621,   0.02718,  -0.01713,   0.04687,   0.00092,   0.00749,   0.02062,   0.07149,   0.05672,  -0.02533,  -0.00072,  -0.00728,   0.00913,  -0.02205,  -0.02041,  -0.02533,   0.06492,   0.05180,  -0.04175,   0.03867,   0.00913,   0.01077,  -0.00400,  -0.01713,  -0.00400,   0.01405,   0.01241,  -0.03354,  -0.00728,  -0.00400,  -0.04995,  -0.02533,   0.04195,   0.01405,  -0.03846,  -0.04010,   0.00749,  -0.02041,  -0.03682,   0.01733,  -0.00400,   0.01569,  -0.00564,  -0.01713,  -0.02205,  -0.02533,  -0.03190,  -0.02369,   0.02882,  -0.00236,  -0.05159,  -0.05980,   0.05836,   0.01241,  -0.03518,  -0.06472,   0.01897,   0.03703,  -0.05816,   0.03867,   0.01405,  -0.03026,   0.04687,   0.01241,  -0.03354,  -0.00072,   0.01569,   0.04031,   0.04359,   0.04195,   0.05016,  -0.02369,   0.00749,   0.04523,   0.05344,   0.02390,  -0.00892,   0.01405,  -0.04010,  -0.08113,  -0.04831,   0.03374,  -0.04339,  -0.00400,  -0.02369,   0.07477,  -0.04667,  -0.07129,   0.02062,   0.04195,   0.04851,  -0.03026,   0.10267,   0.03539,  -0.03026,   0.00749,  -0.02698,   0.03210,   0.01733,  -0.05323,   0.01077,  -0.04995,   0.02226,   0.01241,  -0.04339,  -0.01385,   0.00092,   0.01077,  -0.01877,  -0.02698,   0.02554,   0.03867,   0.04359,   0.05016,  -0.00072,  -0.02698,   0.04687,   0.01077,   0.00092,   0.05344,   0.04195,   0.02882,   0.04359,   0.00585,   0.03867,  -0.00236,  -0.02205,  -0.01385,   0.00585,   0.04523,  -0.05652,  -0.05652,  -0.02205,   0.01897,  -0.01221,   0.00256,  -0.05816,  -0.01385,   0.01897,  -0.01056,   0.08790,  -0.01877,  -0.06308,  -0.03682,   0.02718,  -0.01221,  -0.03354,  -0.07293,  -0.00072,   0.01897,   0.03539,   0.10431,   0.00585,  -0.05323,  -0.06800,   0.02554,  -0.03026,   0.00420,  -0.03846,  -0.07293,   0.05180,  -0.02041,  -0.01877,   0.01733,  -0.04010,  -0.03846,   0.03703,  -0.00236,   0.06328,   0.06328,   0.00585,   0.03703,  -0.05159,   0.07149,  -0.03354,   0.04523,   0.02062,  -0.03026,  -0.04010,  -0.06472,   0.00092,  -0.08277,   0.00585,   0.02554,  -0.01713,  -0.02369,  -0.00400,   0.06821,  -0.04831,  -0.00236,   0.03867,  -0.02698,  -0.00728,  -0.01549,   0.01241,   0.07641,   0.03046,   0.02554,  -0.04339,   0.04031,  -0.06472,   0.01241,   0.03539,   0.05672,   0.02390,  -0.03190,   0.00420,  -0.00728,   0.00913,   0.04687,  -0.00728,   0.03374,  -0.00728,   0.04031,   0.03867,   0.00092,   0.01077,   0.05508,   0.11416,   0.03867,  -0.00728,   0.02390,  -0.09918,  -0.01056,   0.05180,  -0.01877,  -0.01549,  -0.03518,  -0.00564,   0.07805,   0.01897,  -0.01713,   0.00749,  -0.02533,  -0.01549,  -0.03518,  -0.03846,   0.05180,   0.00913,   0.01897,   0.02062,   0.00092,   0.01897,   0.00585,  -0.01385,   0.06985,  -0.03190,   0.04031,   0.03703,   0.02062,  -0.02041,  -0.05323,  -0.01221,  -0.04667,   0.01405,  -0.06800,  -0.03026,   0.02718,   0.03210,  -0.02698,   0.01077,   0.01241,  -0.09098,   0.01405,  -0.00564
  -0.05980,  -0.02205,   0.04031,  -0.02205,  -0.04175,   0.02390,  -0.03846,   0.06164,   0.01405,  -0.06636,   0.02718,   0.01077,  -0.05652,  -0.02041,  -0.01549,   0.03867,   0.04851,   0.06821,   0.01241,  -0.06800,   0.00913,   0.01077,  -0.07293,  -0.00564,   0.03210,  -0.04175,   0.00256,  -0.03354,   0.02226,  -0.04010,   0.04031,  -0.05652,  -0.04175,   0.03374,  -0.02862,  -0.01713,   0.07477,  -0.07785,  -0.02041,  -0.01713,   0.03867,   0.05508,  -0.00072,  -0.02862,   0.04523,  -0.05816,   0.04031,   0.00749,  -0.01385,  -0.04667,   0.01405,   0.00585,  -0.05816,   0.00420,  -0.05816,  -0.02533,   0.04359,   0.01241,   0.01405,   0.00092,  -0.00072,  -0.01056,  -0.03846,  -0.05323,   0.04031,  -0.03026,   0.00913,   0.01897,  -0.11724,   0.00749,  -0.02369,  -0.06144,  -0.04503,   0.00420,   0.02554,   0.07149,   0.00092,  -0.00072,  -0.01056,  -0.02041,  -0.04995,   0.05672,   0.03046,   0.01569,   0.04523,   0.02554,  -0.01877,   0.00749,   0.08790,  -0.04831,  -0.00728,   0.00420,   0.03046,   0.01733,  -0.02041,   0.00913,   0.01733,   0.04851,   0.04195,  -0.04010,  -0.03682,  -0.01056,   0.03703,   0.06000,   0.07805,   0.05344,   0.04359,  -0.06308,   0.04195,   0.03703,   0.02882,  -0.00728,  -0.03518,  -0.02041,  -0.03846,   0.03374,   0.02226,  -0.03190,   0.03867,   0.02062,   0.04195,   0.03210,  -0.05323,  -0.04831,  -0.01385,   0.00256,  -0.05652,  -0.02862,  -0.02205,   0.03867,   0.02226,  -0.00564,  -0.06308,  -0.00564,   0.03703,   0.02718,   0.04359,  -0.00728,  -0.02205,   0.02882,  -0.03518,  -0.00892,  -0.06472,  -0.03354,  -0.00400,   0.04523,   0.02226,   0.00420,   0.02718,   0.04687,  -0.04995,  -0.02205,   0.01077,  -0.02533,   0.02882,  -0.04010,   0.06821,   0.02718,  -0.00564,   0.05672,  -0.00564,   0.02226,   0.00420,   0.01733,  -0.00564,   0.08954,  -0.00400,  -0.01877,  -0.00892,  -0.01221,  -0.03846,  -0.03354,   0.02226,  -0.01385,   0.03210,  -0.03518,  -0.01385,   0.02390,  -0.04175,   0.01897,  -0.05816,   0.05672,  -0.02041,  -0.02041,  -0.04503,   0.01733,   0.04031,   0.00585,   0.02390,  -0.07949,   0.00913,   0.04687,   0.11580,  -0.02205,   0.00256,  -0.04995,  -0.03354,  -0.01549,  -0.05980,  -0.02533,  -0.00072,   0.05016,  -0.07457,  -0.00072,   0.00585,  -0.00892,  -0.03846,  -0.02698,  -0.01549,   0.03046,   0.00256,   0.02062,   0.03374,  -0.00236,  -0.00072,  -0.03354,  -0.08277,  -0.12216,  -0.03682,  -0.04831,  -0.07129,  -0.05323,   0.00749,   0.07313,   0.05016,  -0.05487,  -0.04503,  -0.03846,   0.04195,   0.01077,   0.06492,   0.01241,   0.01405,   0.02062,   0.01897,   0.00420,  -0.02862,   0.04687,  -0.01221,  -0.03026,   0.04523,  -0.00564,  -0.00236,   0.01077,  -0.02369,   0.04687,   0.00256,   0.06492,   0.07805,   0.00749,  -0.01056,  -0.09262,   0.02554,   0.00585,   0.00749,  -0.00728,  -0.00564,   0.00913,   0.00913,  -0.07457,   0.06985,  -0.01549,  -0.03190,   0.07805,  -0.11231,  -0.03190,  -0.00728,   0.09118,  -0.02205,  -0.00728,   0.01897,  -0.03846,  -0.04503,   0.04031,   0.02718,  -0.01549,   0.03046,   0.02882,  -0.04010,   0.00585,  -0.05980,   0.05344,   0.02226,   0.00420,   0.00092,   0.01077,   0.01405,  -0.04831,  -0.03518,   0.06328,  -0.00236,   0.00420,  -0.01221,   0.00092,  -0.03682,   0.03703,   0.01569,   0.02062,  -0.00400,  -0.01877,  -0.01877,  -0.03682,   0.02226,   0.03210,   0.07313,   0.02718,  -0.00236,   0.01733,   0.05836,  -0.02205,   0.01897,  -0.04175,  -0.03518,  -0.00564,   0.00749,  -0.02205,  -0.04831,   0.00749,   0.02062,   0.03703,  -0.07621,  -0.03682,  -0.09590,   0.00913,  -0.03190,   0.00749,   0.00913,  -0.02862,   0.06164,  -0.00564,  -0.04010,  -0.02533,  -0.01549,  -0.02698,  -0.01549,   0.03210,  -0.07129,   0.02554,  -0.01549,   0.06328,   0.06821,  -0.03846,   0.03539,  -0.00072,   0.02062,   0.04851,   0.03374,  -0.01385,  -0.05980,   0.00092,  -0.01056,   0.00749,   0.03539,   0.00256,  -0.04010,   0.01733,  -0.00236,  -0.07293,  -0.01056,  -0.00400,  -0.01221,   0.01897,  -0.06308,  -0.07457,   0.01733,  -0.04503,  -0.04667,   0.07313,   0.03703,  -0.03518,  -0.03190,   0.05836,  -0.02369,  -0.08605,  -0.06144,  -0.02369,   0.01241,  -0.08277,  -0.04503,   0.05016,  -0.00564,  -0.03026,  -0.06964,   0.06985,  -0.02369,  -0.04010,  -0.03846,  -0.03682,   0.03867,   0.01241,  -0.03518,  -0.00400,  -0.00236,   0.06985,  -0.02369,   0.05180,   0.00585,   0.02390,  -0.00892,   0.05180,  -0.07621,   0.03867,  -0.03026,   0.06492,   0.05672,   0.02390,  -0.00564,   0.00256,   0.05672,   0.01405,  -0.00564,  -0.00892,   0.03539,  -0.08605,   0.05344,  -0.01549,  -0.02369,   0.04031,   0.05180,   0.00256,  -0.01877,   0.04523,   0.01569,   0.08462,  -0.04995,  -0.03026,   0.01241,  -0.04831,   0.02062,  -0.00072,   0.04195,   0.03539,  -0.01221,   0.03210,  -0.01221,   0.00749,   0.00420,  -0.01385,   0.04031,   0.02226,   0.07313,  -0.00564,   0.02718,   0.00585,   0.04851,   0.00420,   0.01241,  -0.02041,   0.02226,   0.00092,  -0.04503,   0.00420,   0.01241,  -0.04010,  -0.00728,  -0.00564,   0.03374,   0.00749,   0.04523,  -0.01385,   0.03046,   0.06000,   0.00092,   0.04523,   0.00913,  -0.06636,  -0.03026,  -0.05487,   0.08626,  -0.01056,  -0.02698,   0.03374,  -0.04503,   0.00256,   0.06328,   0.01077,   0.00420,   0.00585,   0.08790,  -0.00892,   0.00420,  -0.02698,   0.04687,  -0.00728,  -0.03846,  -0.06636,  -0.06636,  -0.01713,   0.03867,   0.07969,   0.02882,   0.02882,   0.01569,  -0.02533,  -0.03846,   0.00092,   0.04031,   0.01241,  -0.01056,  -0.02862,   0.07149,  -0.05159,  -0.02533,  -0.00072,   0.01733,   0.07313,  -0.01221,   0.00585,   0.00092,  -0.00236,  -0.00564,   0.05180,  -0.01877,   0.04523,   0.00420,  -0.01221,   0.00585,  -0.00892,   0.03046,  -0.07457,  -0.00564,  -0.06964,   0.01897,  -0.04667,  -0.04010,   0.00420,   0.03046,   0.04851,  -0.02369,   0.01733,   0.04523,   0.06821,  -0.00728,   0.04523,   0.01077,  -0.01385,   0.00420,   0.04687,   0.07641,  -0.04010,   0.04359,  -0.02205,   0.01897,  -0.00236,  -0.07949,  -0.00236,   0.01733,   0.02390,   0.00585,  -0.01221,  -0.08934,  -0.01713,  -0.00400,  -0.03846,  -0.01385,   0.02718,   0.03046,   0.05672,   0.06985,  -0.06144,  -0.01385,  -0.10903,  -0.04667,  -0.03518,  -0.04667,   0.03867,   0.03867,   0.02226,   0.08134,  -0.01549,   0.00092,   0.05180,   0.01733,   0.00913,  -0.04831,  -0.00892,  -0.07457,  -0.05323,  -0.00400,  -0.05487,  -0.01549,  -0.00564,   0.03210,   0.07805,   0.04851,  -0.01549,   0.04523,   0.01569,   0.07477,   0.00092,  -0.04503,  -0.05816,  -0.03026,  -0.03354,  -0.01385,   0.01241,   0.01733,   0.07149,   0.03703,   0.01897,   0.09118,   0.06328,   0.00913,  -0.02205,  -0.04995,  -0.01385,   0.01405,  -0.02041,   0.01241,  -0.00728,  -0.00892,   0.01241,  -0.03190,  -0.02205,  -0.04831,  -0.01221,   0.00092,  -0.07949,   0.03046,   0.01733,   0.02718,   0.02718,  -0.02369,   0.03703,   0.02882,   0.05180,  -0.00892,   0.02554,  -0.04010,   0.03539,  -0.07785,  -0.02205,  -0.04667,  -0.00400,   0.09611,   0.01241,  -0.08441,   0.04359,   0.01733,   0.00749,   0.01897,  -0.01713,   0.07805,  -0.05159,   0.00749,   0.05180,  -0.02041,  -0.02698,   0.01897,   0.07477,  -0.03518,   0.02062,  -0.02369,   0.05180,   0.00585,   0.02718,   0.06492,   0.03046,   0.03867,  -0.03026,   0.05016,  -0.00400,  -0.04175,   0.00092,   0.02718,  -0.07293,   0.04523,   0.03703,  -0.01549,   0.00256,   0.05508,   0.03046,   0.01077,  -0.03682,   0.01241,   0.09446,  -0.03682,  -0.03518,   0.01241,  -0.00072,  -0.00236,  -0.01549,  -0.03846,  -0.07129,  -0.05980,  -0.00728,  -0.01549,  -0.06472,   0.05508,  -0.08441,   0.02882,   0.01733,   0.00749,   0.00256,  -0.03190,  -0.01221,   0.04523,  -0.02698,  -0.04995,   0.01077,   0.02390,  -0.02041,  -0.00564,   0.00913,  -0.06144,  -0.03682,   0.00585,   0.01077,  -0.02698,   0.02390,  -0.02369,   0.01733,   0.00256,  -0.05980,  -0.01385,  -0.00892,  -0.01385,  -0.04831,   0.04359,  -0.00072,  -0.06472,  -0.02698,   0.02882,  -0.02533,   0.00913,  -0.06472,  -0.01549,  -0.00892,   0.01405,  -0.03026,  -0.08605,  -0.01221,   0.02062,  -0.04995,   0.01897,  -0.00236,   0.00092,  -0.00072,  -0.05323,   0.00913,   0.00256,  -0.04831,   0.00913,  -0.07785,  -0.00400,   0.04195,   0.00092,  -0.01549,   0.05016,  -0.04503,  -0.00236,  -0.03190,  -0.00892,  -0.05816,  -0.00236,  -0.01713,  -0.05487,   0.01405,  -0.04010,   0.00256,  -0.00072,  -0.05652,   0.05344,   0.05344,   0.07805,  -0.01221,   0.00420,  -0.02862,   0.03046,   0.05836,   0.00749,  -0.01056,   0.00913,   0.05672,  -0.02369,   0.00420,  -0.00892,   0.04359,   0.01405,   0.02718,  -0.01056,  -0.01221,  -0.03190,  -0.04831,  -0.00564,   0.14862,   0.01897,  -0.04175,   0.01405,   0.04851,  -0.02698,   0.02062,   0.09118,   0.01405,   0.03539,  -0.00728,   0.07641,   0.03539,  -0.00564,  -0.06636,  -0.04503,   0.03210,  -0.00400,  -0.03518,   0.02718,   0.04359,  -0.01221,  -0.01877,  -0.01713,   0.00749,   0.04031,   0.01897,   0.02390,  -0.02533,   0.01077,  -0.00728,   0.00913,  -0.03682,  -0.00728,   0.02226,  -0.02041,   0.07149,   0.00913,   0.03539,   0.02882,  -0.04010,   0.06000,  -0.02205,   0.01733,  -0.09918,   0.00420,  -0.02862,  -0.02698,   0.02554,   0.07641,   0.03867,   0.03703,  -0.01713,  -0.03354,   0.00420,  -0.06308,   0.04195,   0.01897,  -0.04175,   0.02554,  -0.08605,   0.04195,  -0.00236,  -0.03190,   0.02554,   0.00256,   0.07969,   0.02390,  -0.04010,  -0.01877,  -0.03518,  -0.00728,   0.02882,  -0.08605,  -0.00072,  -0.03682,  -0.01056,  -0.02533,   0.00913,  -0.04175,   0.04195,  -0.00892,  -0.03846,  -0.03518,  -0.02698,  -0.04995,  -0.02862,   0.08462,  -0.00728,  -0.03846,   0.01897,   0.04851,   0.01569,  -0.02698,  -0.00892,  -0.03354,   0.00256,  -0.00892,  -0.01385,  -0.02041,  -0.06308,   0.01405,  -0.03190,  -0.02369,   0.01897,  -0.01877,  -0.03354,  -0.02041,  -0.06144,   0.09282,  -0.01713,   0.03703,  -0.02698,   0.03867,  -0.04503,   0.00749,   0.00092,  -0.03682,   0.00092,  -0.00564,  -0.01385,  -0.00236,  -0.02205,   0.08462,   0.02226,  -0.01549,   0.05508,   0.01569,   0.02062,   0.00749,  -0.01549,   0.03046,  -0.04995,   0.07805,  -0.07457,   0.02226,  -0.00072,  -0.05487,  -0.05652,   0.05836,   0.04031,  -0.02533,  -0.01385,   0.01077,  -0.07129,  -0.00072,  -0.02698,   0.04687,   0.03703,   0.01241,   0.06657,   0.03703,  -0.03354,   0.02718,  -0.01385,  -0.02533,   0.04851,   0.01405,  -0.03026,   0.00256,   0.05016,   0.01569,  -0.02041,   0.05836,   0.07969,   0.02062,  -0.03190,  -0.05652,  -0.00400,   0.02718,  -0.01549,   0.03867,   0.01733,  -0.00400,  -0.02862,   0.02226,  -0.02862,   0.06000,   0.06492,   0.02882,   0.01077,  -0.04667,   0.04851,   0.06000,   0.03210,   0.03374,  -0.00564,   0.05672,   0.01733,  -0.01385,   0.05344,   0.03867,   0.00749,  -0.00400,  -0.04503,   0.01077,  -0.04175,  -0.00564,  -0.00236,   0.05672,   0.00585,  -0.01385,   0.06492,  -0.06964,   0.01241,   0.08790,  -0.07949,   0.00913,   0.02882,   0.02718,   0.02554,  -0.03354,  -0.00728,  -0.05652,  -0.03682,   0.02226,   0.07149,  -0.02205,  -0.05159,  -0.01877,   0.06164,  -0.06964,  -0.03518,  -0.02862,   0.00749,  -0.06964,  -0.04175,  -0.01713,  -0.07129,  -0.00728,  -0.01056,  -0.00564,   0.05672,  -0.00728,  -0.04667,   0.00749,  -0.09590,   0.05672,   0.09118
   0.01241,   0.04195,   0.00749,  -0.03354,  -0.06144,  -0.02533,  -0.04010,   0.00913,   0.00256,   0.03210,   0.10431,   0.00420,   0.01241,   0.07149,  -0.03026,   0.01733,  -0.03682,  -0.03682,  -0.00564,   0.01077,   0.07149,  -0.00400,   0.00913,  -0.00892,  -0.02698,  -0.03190,  -0.02862,  -0.02862,   0.06492,  -0.00728,  -0.03518,  -0.03026,  -0.02369,  -0.03518,   0.01077,  -0.01877,  -0.02533,   0.05016,   0.06000,   0.03703,  -0.03518,   0.00256,   0.05016,   0.03867,   0.05344,  -0.02862,  -0.00400,  -0.05816,   0.04031,  -0.02205,   0.01405,   0.00420,   0.02554,  -0.00236,  -0.05980,   0.02226,  -0.02369,  -0.10575,  -0.04175,   0.06000,   0.02226,   0.06328,   0.00256,  -0.01713,   0.09446,  -0.02533,  -0.07457,   0.02062,  -0.03682,  -0.00072,  -0.00236,  -0.03190,   0.03210,  -0.05487,  -0.02369,   0.03867,   0.03046,   0.04523,  -0.09918,  -0.00892,  -0.02698,  -0.00400,   0.03210,  -0.02533,   0.01241,   0.02390,   0.01241,  -0.01549,  -0.10247,  -0.00564,   0.01077,  -0.00072,  -0.00072,  -0.04503,  -0.01713,   0.04851,   0.04687,  -0.02862,   0.06821,   0.06657,   0.02390,   0.00749,   0.03210,   0.00913,  -0.01385,  -0.01385,  -0.06308,  -0.09590,  -0.07785,  -0.03190,   0.03374,  -0.07621,   0.05672,   0.08134,   0.01077,   0.02062,  -0.03518,   0.05344,   0.06492,   0.03210,   0.03046,   0.00749,   0.01569,   0.05016,  -0.07293,  -0.05652,  -0.05980,  -0.05816,  -0.01385,  -0.00236,  -0.01385,   0.00256,  -0.04995,   0.03046,  -0.02041,  -0.02862,   0.06328,  -0.04831,  -0.00892,  -0.00892,   0.01733,   0.02226,  -0.00564,   0.09446,   0.06821,   0.00913,   0.02062,  -0.02698,   0.05180,   0.04359,   0.03374,   0.00585,  -0.04010,  -0.03682,  -0.01877,   0.08954,   0.01077,   0.01897,  -0.07785,   0.04195,   0.03867,  -0.00564,   0.01733,   0.02554,  -0.00400,   0.04687,   0.06985,   0.03703,  -0.02533,  -0.07785,  -0.01549,   0.05016,   0.03539,  -0.05159,   0.03374,  -0.02862,   0.03539,  -0.02205,   0.03374,   0.15190,   0.00092,  -0.03682,   0.01733,  -0.00400,  -0.01221,   0.00420,  -0.04010,   0.00420,   0.02882,   0.06328,  -0.04503,   0.09939,  -0.01549,   0.01241,   0.03046,   0.05180,  -0.00072,  -0.04503,  -0.04010,  -0.02862,  -0.01056,   0.03374,   0.05180,  -0.06964,   0.05344,  -0.01221,   0.04523,  -0.03846,   0.03703,   0.02882,   0.01569,   0.02226,   0.03210,   0.06657,  -0.01221,   0.05344,   0.04359,  -0.05816,  -0.04667,   0.08298,   0.04523,  -0.01056,   0.04523,  -0.06472,   0.04687,  -0.00728,  -0.04503,   0.03539,  -0.02862,  -0.01877,  -0.01385,   0.04359,   0.02390,  -0.00892,  -0.06964,   0.01569,  -0.07293,   0.04359,   0.04359,   0.06657,  -0.05487,  -0.02533,  -0.01877,  -0.05487,   0.02882,   0.00420,   0.04687,   0.06492,  -0.07621,  -0.08277,  -0.04667,   0.00585,  -0.04175,   0.10759,   0.02390,  -0.06308,   0.00585,  -0.02205,  -0.07949,   0.05836,  -0.03518,  -0.00400,  -0.07129,   0.05672,   0.01733,   0.05180,   0.03867,  -0.02205,  -0.01221,  -0.05323,  -0.01385,   0.02882,  -0.03518,  -0.04339,  -0.03026,   0.03539,  -0.01056,   0.05016,  -0.04010,   0.00913,  -0.06800,  -0.08605,  -0.02862,   0.02226,   0.00749,   0.06821,  -0.00072,  -0.01877,  -0.04010,  -0.06308,   0.09611,  -0.02205,  -0.01385,  -0.05159,   0.06164,  -0.04831,   0.01569,  -0.05816,  -0.00400,   0.01405,   0.09282,  -0.04010,   0.07805,  -0.01056,   0.00420,   0.02554,   0.05836,  -0.01385,  -0.01549,   0.03867,  -0.00072,  -0.00892,  -0.00236,   0.01897,  -0.03846,  -0.01385,   0.04195,  -0.01056,   0.05016,   0.02062,  -0.08277,   0.00420,  -0.01877,  -0.01713,   0.00256,   0.03539,   0.05508,   0.04687,  -0.06308,  -0.02698,   0.02390,   0.06985,   0.10923,   0.04359,  -0.02862,  -0.03518,  -0.01877,   0.01405,   0.02554,   0.03539,  -0.03846,  -0.03190,  -0.01549,  -0.00400,  -0.04175,  -0.07949,   0.00092,  -0.05159,   0.04687,   0.00585,   0.02390,  -0.00728,   0.00256,  -0.05323,   0.03210,  -0.00236,   0.05672,   0.04195,   0.01241,  -0.02041,  -0.04010,   0.05836,  -0.03682,  -0.10575,  -0.04010,   0.07641,   0.00749,   0.03210,   0.02390,  -0.01056,  -0.03518,   0.00749,   0.11416,   0.01241,  -0.01385,  -0.01221,  -0.03026,  -0.03354,   0.05508,  -0.06308,  -0.02041,   0.01897,  -0.03682,  -0.03354,  -0.04339,  -0.00236,   0.02554,   0.00420,   0.01405,  -0.05816,  -0.02862,   0.03867,  -0.00892,   0.07477,   0.05672,  -0.00236,   0.06657,  -0.03682,   0.04195,   0.02062,  -0.03846,  -0.07293,  -0.04339,  -0.01877,  -0.04175,  -0.00400,  -0.01056,   0.03046,  -0.03682,  -0.01385,   0.04359,   0.04851,   0.08134,  -0.02862,   0.00749,   0.02882,   0.02882,   0.03046,  -0.02041,  -0.02698,   0.00913,   0.04031,  -0.01713,  -0.04175,  -0.01877,   0.00092,   0.06985,   0.03867,   0.06000,   0.01077,  -0.01056,  -0.10575,  -0.02533,   0.05180,  -0.02533,   0.03539,   0.06821,  -0.03190,  -0.09590,  -0.00072,  -0.02698,  -0.01877,   0.00420,   0.03210,   0.02554,   0.03210,   0.02882,  -0.03518,   0.00913,  -0.01385,   0.03539,   0.08298,  -0.09754,   0.03046,   0.00092,   0.02554,   0.03867,  -0.03846,  -0.01385,  -0.02205,   0.00585,  -0.03518,  -0.09098,   0.03046,   0.00420,  -0.00728,   0.00256,   0.03374,  -0.02698,  -0.09426,   0.01077,  -0.02205,   0.03703,   0.03374,  -0.06308,  -0.00564,  -0.05816,   0.03703,  -0.01713,  -0.03682,  -0.02698,   0.02718,   0.01569,   0.05344,   0.00092,   0.05508,  -0.03354,  -0.03190,   0.01241,  -0.00072,  -0.00400,   0.05508,   0.08954,  -0.00728,  -0.00400,  -0.01877,   0.02062,  -0.00236,   0.05836,  -0.01221,  -0.01221,   0.06164,  -0.03518,   0.01405,   0.01241,  -0.03190,  -0.06308,  -0.00072,   0.01569,  -0.02862,  -0.00892,  -0.06144,  -0.01056,   0.00092,  -0.02205,  -0.00728,  -0.01713,  -0.04667,  -0.01713,  -0.00564,   0.01077,  -0.00072,  -0.05816,   0.02390,  -0.04339,   0.00256,   0.00749,   0.04031,  -0.03846,  -0.00728,   0.00585,   0.06164,   0.04195,  -0.01549,  -0.01221,   0.02554,  -0.02698,  -0.01221,  -0.01221,   0.00256,   0.03539,  -0.00072,   0.02226,  -0.00892,  -0.03846,   0.09118,   0.06985,   0.00420,  -0.04831,   0.02718,   0.02882,   0.01241,   0.06328,   0.00256,   0.04523,  -0.00072,  -0.04667,   0.00749,  -0.00236,   0.01241,   0.04359,   0.00256,  -0.00564,   0.11252,  -0.04339,   0.03867,  -0.00236,   0.06657,  -0.01221,  -0.02698,   0.00913,   0.00913,  -0.01385,   0.02882,  -0.01713,   0.01897,  -0.05816,   0.01077,   0.01077,   0.06000,  -0.00728,  -0.00564,   0.04687,  -0.00564,  -0.05816,   0.01897,   0.03867,   0.00585,   0.04031,   0.07969,   0.01405,   0.00749,   0.06164,   0.02226,  -0.03846,   0.06657,   0.06492,   0.03046,  -0.02862,  -0.04995,   0.03539,   0.03210,   0.03867,   0.05180,   0.04195,   0.06000,   0.00092,   0.02390,  -0.04831,  -0.11067,   0.02882,  -0.06472,  -0.00400,  -0.03026,  -0.09590,  -0.00564,   0.04851,  -0.00236,   0.01569,   0.00585,   0.01405,   0.00749,  -0.04175,  -0.05980,   0.04359,  -0.01221,   0.02062,   0.04359,  -0.02205,   0.01897,   0.02554,  -0.04667,  -0.04010,  -0.00564,  -0.01549,  -0.09754,   0.00420,  -0.02862,  -0.02533,   0.02554,   0.02390,  -0.02533,  -0.02205,  -0.01221,  -0.08934,   0.00585,  -0.05816,   0.00092,   0.05180,  -0.00564,   0.01569,  -0.05652,  -0.02041,   0.02882,  -0.05816,  -0.04175,  -0.00564,  -0.06636,  -0.06800,  -0.05323,   0.01733,  -0.03190,   0.01897,  -0.09262,   0.11088,   0.03374,  -0.02369,   0.01733,   0.03210,   0.05180,  -0.03190,   0.05016,  -0.04175,  -0.01221,   0.03539,  -0.01221,  -0.00072,   0.00749,  -0.03518,  -0.06472,   0.04523,   0.02062,  -0.04503,  -0.03190,  -0.09426,  -0.01221,   0.04031,   0.05180,  -0.00400,  -0.02698,  -0.00564,   0.01241,  -0.07457,  -0.00236,  -0.01877,  -0.04339,  -0.05487,   0.04687,  -0.02862,   0.03210,   0.03046,   0.04687,   0.00585,  -0.00728,  -0.02369,   0.05508,   0.05180,  -0.04667,   0.01897,  -0.02862,  -0.01549,  -0.07129,  -0.00564,  -0.01056,  -0.09426,   0.07969,  -0.00236,   0.05180,  -0.04503,  -0.07785,  -0.01877,   0.03046,   0.00913,  -0.02205,   0.03703,  -0.03354,  -0.02862,   0.01569,   0.03867,  -0.01056,  -0.00236,  -0.01056,   0.00585,  -0.03518,   0.04031,  -0.05159,  -0.01221,   0.05672,  -0.05487,  -0.03026,   0.01569,   0.03046,   0.06985,   0.03374,  -0.01056,   0.03703,  -0.00892,  -0.04175,   0.00092,   0.02554,  -0.03354,   0.05836,   0.03374,  -0.02533,   0.01077,   0.02554,   0.00749,  -0.12052,   0.02718,   0.07969,   0.08134,   0.03539,   0.03210,   0.00585,  -0.03354,  -0.03190,   0.06000,   0.00749,  -0.06800,  -0.01221,   0.02390,   0.04851,  -0.05323,  -0.04503,   0.02718,  -0.06144,   0.01077,  -0.03518,   0.02390,  -0.02533,   0.01569,   0.03703,   0.03703,   0.03867,  -0.00564,   0.03210,  -0.13201,  -0.05816,   0.04359,   0.03046,   0.01569,  -0.00892,   0.00420,  -0.03026,   0.04851,  -0.04503,  -0.00400,  -0.02698,  -0.02862,   0.03867,  -0.02533,  -0.08934,  -0.01221,  -0.03190,  -0.07621,  -0.05816,  -0.03190,   0.00092,   0.01897,  -0.00072,  -0.01385,  -0.01385,  -0.05652,   0.00585,   0.00420,  -0.02205,   0.02718,  -0.04175,  -0.01713,   0.01897,   0.01405,  -0.04010,   0.03046,   0.00749,  -0.02369,  -0.01056,   0.00585,   0.00585,   0.06000,   0.03046,  -0.05980,   0.13385,   0.00749,   0.02062,  -0.02205,   0.04523,   0.06000,   0.03703,  -0.04010,  -0.06472,  -0.02041,  -0.06800,   0.03046,  -0.05159,  -0.00728,   0.03867,   0.01405,   0.04031,   0.00420,  -0.00892,   0.01569,   0.06000,  -0.05323,   0.04523,   0.06985,  -0.02041,   0.01733,  -0.01549,  -0.00728,  -0.05159,   0.01241,   0.02882,  -0.01385,  -0.00564,   0.01897,   0.04359,   0.01241,  -0.02041,  -0.06636,  -0.03682,   0.03374,   0.08462,  -0.03026,  -0.03354,  -0.02369,  -0.04339,  -0.02041,  -0.01056,   0.01405,   0.00420,   0.01405,  -0.04339,  -0.03682,   0.00092,  -0.00892,  -0.00564,   0.00585,   0.02226,   0.01077,  -0.00564,  -0.02862,   0.01733,   0.08462,   0.00092,   0.00749,   0.05180,   0.01733,  -0.03190,  -0.06636,  -0.06308,  -0.03518,  -0.02862,  -0.01385,  -0.03026,   0.01405,  -0.01877,  -0.02698,  -0.06308,   0.04031,   0.04851,   0.02390,  -0.04010,   0.03539,  -0.03190,  -0.01056,   0.01241,  -0.07949,  -0.00728,  -0.06964,  -0.09262,   0.05344,   0.01733,   0.00420,   0.03867,  -0.01713,   0.02554,  -0.01056,   0.01405,  -0.03354,  -0.02698,   0.00913,   0.05508,   0.02554,   0.07149,   0.06985,   0.01897,  -0.05487,   0.04851,  -0.01713,  -0.00400,  -0.04010,  -0.00072,  -0.01385,   0.02718,  -0.04175,   0.00092,  -0.00564,  -0.01385,   0.03703,  -0.00072,  -0.02205,  -0.03518,  -0.00892,  -0.03518,  -0.01385,   0.01405,  -0.00236,   0.05836,  -0.02369,   0.01405,  -0.03846,   0.00420,   0.02390,  -0.02041,  -0.06964,  -0.10739,   0.05180,  -0.04503,   0.07641,   0.02226,   0.01405,   0.01241,  -0.01877,  -0.04503,   0.01405,   0.07149,  -0.00892,  -0.08277,   0.00749,  -0.02369,   0.04851,   0.02062,  -0.05323,  -0.00728,  -0.04995,  -0.03354,   0.02062,   0.04031,  -0.00728,  -0.02533,  -0.00892,  -0.01713,   0.03046,   0.01733,  -0.03682,   0.01733,  -0.04010,   0.05180,   0.01733,  -0.04175,  -0.05487,  -0.07949,   0.04031,  -0.01713,   0.02226,   0.01405,   0.01569,   0.04851,   0.02882,  -0.01221,  -0.03354,   0.05508,  -0.00072,  -0.03682,   0.06821,   0.00092,  -0.04175,  -0.03026,   0.00420,  -0.02041,  -0.02205,   0.04523,   0.01077,  -0.03682
   0.02226,  -0.02862,  -0.02533,   0.01897,  -0.11395,   0.02718,  -0.00072,  -0.03518,  -0.04667,  -0.02369,   0.05508,   0.04195,  -0.00728,   0.05836,  -0.01056,   0.01897,   0.01897,  -0.02369,  -0.01385,  -0.02205,   0.08626,  -0.00400,  -0.01877,  -0.05159,  -0.00892,   0.00749,  -0.05323,   0.00585,  -0.03190,   0.02390,  -0.04503,   0.03046,  -0.04175,   0.05344,   0.09611,  -0.01056,  -0.08934,   0.02554,   0.04195,   0.02226,   0.02882,  -0.02369,   0.06657,   0.03867,   0.00913,   0.05344,   0.06985,  -0.07293,   0.08134,  -0.05652,  -0.04503,   0.07969,   0.02062,   0.07641,  -0.01549,  -0.00728,  -0.08113,  -0.02205,   0.02062,  -0.05816,   0.01733,   0.03046,   0.05508,   0.04523,   0.00913,   0.01405,   0.00256,  -0.03354,  -0.02369,   0.00092,  -0.03846,  -0.04995,   0.05016,  -0.02205,   0.03046,   0.01569,  -0.08934,  -0.06144,   0.01405,   0.04195,   0.07969,  -0.00400,  -0.00564,   0.08954,   0.05016,   0.00092,  -0.02698,   0.03210,   0.04851,   0.01241,  -0.00072,   0.01733,   0.04195,   0.02554,   0.04687,   0.00585,  -0.03846,  -0.02369,   0.02718,   0.04523,  -0.00564,  -0.02369,  -0.00728,   0.00913,  -0.02041,  -0.04010,  -0.02041,  -0.08441,  -0.06800,  -0.06964,   0.08954,  -0.01221,  -0.02862,   0.03046,  -0.07949,   0.02554,  -0.07621,  -0.03518,   0.08134,   0.03210,   0.04687,   0.02882,  -0.00564,  -0.00072,  -0.02041,   0.01241,  -0.02205,   0.19129,   0.00749,  -0.01385,   0.08462,  -0.03682,  -0.00072,  -0.06308,  -0.07457,   0.03210,   0.02390,   0.04195,   0.07149,   0.01077,   0.02882,   0.05508,   0.01569,   0.04851,   0.03867,   0.01077,  -0.06636,   0.07805,   0.07969,  -0.06636,   0.04523,   0.06164,  -0.00072,   0.07641,   0.07641,   0.02062,   0.02718,  -0.01221,  -0.02369,   0.03539,  -0.02041,   0.04359,  -0.00564,   0.04195,   0.03210,  -0.03682,   0.00749,  -0.03682,  -0.00072,   0.06492,   0.07149,   0.04523,  -0.03190,   0.09282,  -0.00892,   0.02718,  -0.04667,   0.06492,  -0.03026,  -0.01385,  -0.08277,  -0.06308,  -0.00236,  -0.02862,  -0.00400,   0.02390,   0.08298,   0.00585,   0.00585,   0.02226,  -0.00564,   0.03210,  -0.01877,   0.00585,  -0.02205,  -0.08441,   0.01241,   0.02062,   0.08462,   0.04195,   0.02718,   0.01241,  -0.02369,   0.09282,  -0.05487,  -0.03354,   0.00420,  -0.03026,   0.05344,   0.13549,  -0.04339,   0.04195,  -0.01713,   0.02554,   0.04851,   0.01077,  -0.06636,   0.01241,   0.06328,  -0.03682,   0.00420,  -0.00728,   0.01241,   0.05016,  -0.00400,  -0.02369,  -0.03190,  -0.03026,   0.01241,  -0.00728,  -0.10575,   0.01241,   0.07149,   0.06000,  -0.00728,  -0.02205,   0.03046,  -0.00564,  -0.07129,  -0.00728,   0.07805,   0.05180,   0.02882,  -0.01221,  -0.00564,   0.02554,  -0.03354,  -0.03846,   0.00913,  -0.03846,   0.00256,  -0.05159,   0.02062,  -0.03354,   0.00256,   0.00420,   0.00420,  -0.07621,   0.06821,  -0.02369,  -0.03026,   0.00092,   0.05180,   0.08462,  -0.01877,  -0.06636,   0.12729,   0.01733,  -0.00564,   0.02554,   0.00256,  -0.02205,  -0.03682,   0.02554,  -0.03026,  -0.07457,  -0.00400,   0.00913,  -0.01877,  -0.00236,  -0.00564,  -0.01385,   0.01077,   0.01897,   0.04687,   0.01569,  -0.00564,   0.00092,  -0.03846,   0.07641,  -0.05652,  -0.05487,   0.00256,   0.06821,   0.08954,   0.05180,   0.00585,  -0.05980,   0.00420,  -0.04831,   0.06821,  -0.02698,  -0.00400,  -0.00072,  -0.06308,   0.05836,   0.07805,  -0.03518,  -0.00400,   0.02882,   0.01241,  -0.03518,  -0.04667,   0.03046,  -0.05323,  -0.05816,  -0.00072,   0.05508,   0.05344,   0.03703,   0.04031,   0.05016,  -0.00728,   0.08134,   0.04195,  -0.01385,  -0.05159,  -0.03026,   0.00913,   0.08790,   0.03374,   0.06328,  -0.05652,   0.01077,  -0.06800,   0.01733,   0.02882,   0.02882,  -0.01877,  -0.09918,  -0.01549,  -0.05323,  -0.00564,   0.06821,  -0.03026,   0.01897,   0.03374,   0.09611,  -0.01056,   0.05016,   0.01241,  -0.03518,   0.01241,   0.04031,  -0.00072,  -0.01056,  -0.04339,   0.00256,   0.03210,   0.00749,  -0.05159,   0.00420,  -0.02862,  -0.09918,   0.02554,  -0.02698,   0.01077,  -0.07621,   0.01569,   0.01405,   0.02062,  -0.03354,  -0.01713,   0.02390,  -0.02698,  -0.00564,   0.00585,  -0.03518,   0.01897,  -0.00892,   0.01897,  -0.04010,  -0.04010,  -0.04175,  -0.00236,  -0.06800,  -0.02205,   0.00092,  -0.07621,   0.01733,  -0.00072,   0.01897,   0.00585,  -0.06144,  -0.05980,  -0.00400,   0.07969,   0.02226,  -0.03026,   0.06164,  -0.03190,  -0.12216,   0.04523,  -0.01385,   0.02062,   0.02390,  -0.02205,  -0.03682,  -0.02369,   0.01405,  -0.00236,   0.02718,  -0.02533,   0.04851,   0.07149,  -0.00236,   0.02554,  -0.05652,   0.03374,   0.03374,  -0.01385,  -0.03354,  -0.01221,   0.02390,   0.10267,   0.07805,  -0.04503,  -0.02698,   0.02718,  -0.02698,  -0.01385,   0.05672,   0.03867,  -0.02369,   0.02554,   0.07149,   0.01897,  -0.02533,   0.00256,   0.01077,  -0.00072,   0.01241,   0.03046,   0.01733,  -0.01056,   0.03539,   0.00092,  -0.04831,  -0.00728,   0.03210,   0.05508,   0.00256,   0.13549,  -0.07785,   0.03046,   0.02062,   0.04851,  -0.06308,  -0.04175,   0.06985,   0.08462,   0.02718,  -0.02369,  -0.05487,   0.05180,   0.02390,   0.07313,  -0.00236,  -0.07949,  -0.01221,   0.02718,   0.00749,   0.02718,   0.04031,  -0.01385,  -0.06472,   0.09118,  -0.07129,   0.00913,   0.02718,  -0.03846,   0.03867,   0.01077,  -0.03026,   0.01405,  -0.00236,  -0.03026,  -0.01385,  -0.04667,   0.01077,   0.02226,   0.00913,  -0.01713,  -0.02369,  -0.02369,   0.00749,  -0.01713,  -0.04010,   0.06164,  -0.06308,   0.01733,   0.01897,  -0.00564,   0.03867,   0.00913,  -0.02533,  -0.05980,  -0.04175,  -0.01877,  -0.01549,  -0.05487,  -0.05980,   0.02226,   0.06985,  -0.02698,   0.00420,   0.05016,  -0.04503,   0.04195,   0.03374,  -0.01056,   0.02718,   0.09446,  -0.02369,   0.06164,  -0.06308,  -0.04995,  -0.04175,   0.03867,  -0.01549,   0.04687,   0.06164,   0.03703,  -0.07129,  -0.01056,  -0.01713,  -0.07785,   0.05016,  -0.03354,  -0.03518,   0.03703,  -0.08605,   0.02882,   0.00092,  -0.01385,   0.00256,  -0.01056,  -0.00892,   0.03867,  -0.01877,   0.06821,  -0.01877,   0.00913,  -0.00400,  -0.05816,  -0.02862,  -0.03190,  -0.01549,   0.05508,   0.03539,  -0.00564,   0.01733,   0.00420,   0.06985,  -0.03518,   0.03210,  -0.04667,   0.07805,  -0.01221,  -0.00072,   0.00420,  -0.05816,   0.05016,   0.00256,  -0.07785,  -0.00728,   0.02062,   0.04031,   0.04359,   0.01405,   0.00092,   0.01405,  -0.00728,  -0.05487,   0.05672,   0.02062,  -0.02369,  -0.07293,   0.05672,  -0.02533,  -0.02862,  -0.06800,   0.06328,   0.03046,   0.04523,   0.02718,   0.00256,   0.04359,  -0.07457,  -0.05652,   0.06328,  -0.01549,  -0.00236,  -0.04339,   0.02062,   0.01405,  -0.00236,  -0.05487,   0.08626,   0.06164,  -0.03026,   0.06821,   0.02882,  -0.00564,   0.08298,  -0.00236,  -0.01549,  -0.04175,   0.00585,  -0.02205,   0.00256,  -0.03354,  -0.04010,  -0.05159,   0.05344,   0.02882,  -0.04503,   0.02554,  -0.02698,  -0.02698,  -0.07129,   0.02390,   0.03210,  -0.03682,  -0.00564,   0.06000,  -0.03846,  -0.01385,  -0.00072,   0.02062,   0.01897,  -0.07293,  -0.03518,  -0.01713,  -0.02369,  -0.04667,  -0.02533,   0.01077,   0.06821,  -0.01056,  -0.07129,   0.00420,   0.02554,   0.04687,  -0.04010,   0.04687,  -0.05159,  -0.00400,  -0.01713,   0.03374,   0.01241,  -0.00564,  -0.02533,   0.05508,  -0.03518,  -0.00236,  -0.07621,  -0.10575,  -0.00564,  -0.05816,   0.03703,  -0.01385,  -0.04831,  -0.04339,  -0.02698,   0.00913,   0.02226,  -0.04175,  -0.00892,  -0.03682,   0.00256,   0.09775,   0.10923,  -0.00728,   0.00420,  -0.06964,  -0.04831,   0.08790,  -0.02698,   0.03046,   0.02554,   0.03210,  -0.04010,  -0.01877,   0.01241,  -0.00236,   0.03210,   0.01569,   0.09939,  -0.04175,   0.04359,  -0.08605,  -0.01385,  -0.02533,   0.02554,  -0.01713,  -0.02698,  -0.10903,  -0.01549,   0.02226,   0.06000,  -0.04339,  -0.01221,  -0.06636,   0.03867,  -0.01713,  -0.02041,   0.00585,  -0.03354,   0.00913,  -0.01877,  -0.04010,  -0.00728,  -0.01385,  -0.04667,  -0.06636,   0.01405,  -0.02533,   0.02062,  -0.02533,   0.07969,   0.04687,   0.03210,   0.03046,  -0.02698,  -0.01549,  -0.04667,   0.03046,  -0.02862,  -0.01713,  -0.04339,   0.04359,   0.02226,   0.03210,  -0.03846,  -0.01221,   0.01897,  -0.04175,  -0.04503,  -0.01549,   0.04851,   0.01077,   0.03374,   0.05508,  -0.03026,   0.04851,   0.04523,   0.03210,  -0.03354,   0.04523,   0.04523,   0.01077,  -0.06472,   0.05016,   0.01569,   0.02390,   0.03539,  -0.04010,   0.06492,   0.03539,  -0.03354,   0.00092,   0.05344,   0.00256,  -0.02205,   0.01733,   0.00913,   0.03374,   0.00256,   0.02226,  -0.01549,  -0.03026,  -0.06964,   0.00585,   0.02390,  -0.04831,  -0.00400,  -0.02533,  -0.00892,  -0.10411,   0.04195,  -0.02698,   0.02718,  -0.00728,  -0.07129,  -0.00236,  -0.00728,   0.06164,  -0.00564,  -0.01221,  -0.05980,  -0.05323,  -0.03846,   0.11088,  -0.05980,  -0.05816,   0.02882,  -0.05980,   0.03210,  -0.00892,  -0.05323,  -0.01549,   0.11744,  -0.03026,   0.02554,  -0.01877,   0.02390,   0.03374,  -0.00236,  -0.03190,   0.02226,  -0.04010,  -0.00728,   0.01733,  -0.05487,   0.02390,  -0.05323,   0.02882,  -0.03846,   0.01569,  -0.02205,   0.10267,   0.04195,   0.04195,   0.00585,  -0.01549,   0.04687,  -0.00892,  -0.00728,   0.06821,   0.01897,   0.02390,  -0.01713,   0.03867,  -0.02041,  -0.01385,  -0.04175,   0.02554,  -0.04831,  -0.01713,   0.00256,   0.03703,   0.00420,  -0.03846,  -0.02041,   0.00913,   0.06657,  -0.01056,  -0.01877,   0.06492,  -0.00400,   0.00913,  -0.05487,   0.08298,   0.02226,   0.01569,  -0.01549,  -0.02862,  -0.01056,   0.06492,   0.04195,   0.02390,  -0.04175,   0.02226,  -0.00564,   0.05836,   0.03210,  -0.04175,   0.03867,  -0.00728,  -0.03846,  -0.07129,   0.00256,   0.00092,   0.01077,  -0.02205,   0.01733,   0.01241,   0.10267,  -0.03518,   0.01733,  -0.01713,   0.03703,  -0.06144,   0.01405,   0.04195,   0.00092,  -0.03682,   0.03210,   0.04687,   0.04359,  -0.00564,   0.08298,   0.01897,  -0.02862,  -0.01056,  -0.02533,   0.04687,   0.04359,   0.03539,  -0.00236,  -0.00728,  -0.05652,  -0.02369,  -0.02698,  -0.01221,   0.00256,   0.08462,  -0.07293,  -0.01221,   0.01405,  -0.03518,  -0.08113,  -0.00728,   0.01405,  -0.06308,   0.01241,  -0.01877,  -0.01056,   0.05508,   0.01405,  -0.02533,  -0.00400,  -0.00892,  -0.00564,  -0.01549,  -0.04831,  -0.00728,  -0.02041,  -0.03518,   0.04359,   0.02226,  -0.03846,  -0.03026,   0.03539,  -0.09262,  -0.00892,   0.00420,   0.02882,   0.00749,  -0.01385,  -0.01056,   0.00749,  -0.01877,  -0.05652,   0.08626,  -0.06308,   0.03867,  -0.00564,   0.02226,   0.02390,  -0.02862,   0.07805,   0.01733,   0.00913,  -0.05323,  -0.00072,   0.02390,  -0.03190,   0.04031,   0.00749,  -0.02369,  -0.05487,  -0.02205,   0.00420,  -0.05159,  -0.00728,  -0.05487,  -0.06964,  -0.05816,  -0.05980,   0.03210,  -0.02205,   0.05508,   0.06821,  -0.03026,  -0.04503,   0.00256,   0.01241,   0.06328,   0.00585,   0.00420,  -0.03682,   0.01897,   0.02554,  -0.06636,   0.00092,  -0.02041,   0.01241,  -0.05652,  -0.02533,   0.02390,   0.09775,   0.04523,  -0.00072,  -0.01385,  -0.03846,   0.06000,   0.03867,   0.04687,  -0.00728,  -0.11888,   0.02718,  -0.05980,   0.05508,  -0.01877,  -0.01056,  -0.01221,   0.03210,  -0.00400,  -0.01549,  -0.04503,   0.04031,  -0.00892
  -0.00564,   0.01897,  -0.01056,   0.00913,  -0.01385,   0.07477,   0.00420,   0.00256,   0.04359,   0.00256,  -0.00564,   0.04195,  -0.03354,   0.01897,   0.04195,   0.00092,   0.01733,  -0.00564,  -0.00072,  -0.04339,  -0.05980,  -0.01385,   0.07477,   0.00749,  -0.04667,  -0.01877,   0.06164,   0.02226,   0.02390,  -0.04503,  -0.04667,  -0.06964,  -0.06636,   0.11416,  -0.02533,   0.04195,   0.00256,  -0.03190,   0.06492,  -0.03190,   0.07969,  -0.03354,   0.06000,   0.03374,   0.01077,  -0.04010,   0.00749,  -0.00400,  -0.00728,  -0.05816,  -0.05816,   0.07641,  -0.01877,  -0.10082,   0.10431,  -0.04175,   0.00256,  -0.01713,   0.04851,  -0.01056,   0.01897,  -0.07949,   0.02882,  -0.01549,  -0.05816,   0.06164,  -0.00400,  -0.05652,   0.01077,   0.00749,   0.05836,   0.02882,  -0.02698,  -0.01221,  -0.01221,   0.04195,  -0.04503,  -0.00892,  -0.02369,   0.00092,   0.00092,   0.04031,   0.01897,   0.01077,   0.07477,  -0.03190,   0.09282,   0.00092,   0.02882,  -0.02533,   0.04195,  -0.07129,   0.00420,   0.08462,   0.00420,  -0.04339,   0.01241,  -0.01385,  -0.01221,  -0.02698,  -0.00236,   0.02390,   0.00092,   0.00585,   0.04359,   0.04687,  -0.01877,   0.00256,   0.04851,  -0.02862,   0.01897,   0.01897,  -0.00564,  -0.03846,  -0.05323,   0.02226,   0.03539,   0.01569,   0.05508,  -0.01056,  -0.04175,  -0.02533,  -0.02533,   0.01733,  -0.04010,   0.04687,   0.01241,   0.01569,  -0.00564,  -0.03026,   0.04359,  -0.05159,  -0.02041,   0.03374,   0.09611,  -0.07949,  -0.04010,   0.04851,   0.04523,  -0.01549,   0.00749,  -0.03190,  -0.04339,  -0.04995,  -0.11724,  -0.03682,   0.01733,   0.08134,  -0.02369,   0.00256,  -0.01549,   0.02554,   0.00913,  -0.04010,   0.00256,  -0.06144,   0.04031,  -0.04995,   0.00585,   0.03210,  -0.00728,   0.02718,  -0.04995,  -0.01877,  -0.02533,  -0.00728,   0.01733,   0.02718,  -0.00892,  -0.04995,  -0.03190,  -0.03190,  -0.03682,  -0.03026,   0.03539,  -0.04503,  -0.01385,   0.05016,  -0.00236,   0.03867,  -0.01713,  -0.01713,  -0.00564,   0.01569,   0.03539,   0.03046,   0.03867,  -0.04339,   0.00913,  -0.03518,  -0.06144,  -0.00728,  -0.03354,  -0.09754,   0.00092,  -0.04995,   0.00585,  -0.02533,  -0.02205,   0.00585,  -0.03682,  -0.00892,   0.03374,   0.03539,  -0.03846,   0.03374,  -0.03026,  -0.03682,   0.02554,   0.02062,   0.01733,   0.05016,  -0.11559,  -0.00892,   0.02062,   0.02062,   0.07149,  -0.01056,  -0.04010,   0.04851,   0.05836,  -0.01877,  -0.01713,  -0.04995,  -0.03354,   0.04687,  -0.02698,  -0.03354,  -0.00564,  -0.05652,  -0.01713,  -0.01056,  -0.00400,  -0.01713,   0.10431,  -0.04503,   0.02882,  -0.08770,   0.02554,  -0.03026,  -0.00236,  -0.00728,   0.03703,  -0.08113,  -0.00728,  -0.00400,  -0.00728,   0.07313,   0.03210,   0.00749,  -0.04339,   0.02718,   0.01733,  -0.00728,  -0.02862,  -0.00564,  -0.06800,   0.01405,  -0.02862,   0.01077,   0.04031,   0.01897,   0.02718,   0.04523,  -0.02862,   0.01241,   0.04031,  -0.04503,  -0.03846,   0.07805,  -0.00728,  -0.08113,   0.01733,  -0.07457,   0.01241,  -0.02698,   0.01241,   0.02062,   0.03703,  -0.00564,  -0.04175,   0.06821,  -0.02698,  -0.00892,   0.03046,   0.05672,   0.04523,  -0.00892,   0.04031,  -0.02041,  -0.08605,  -0.02862,   0.03539,  -0.06636,  -0.04503,   0.06492,  -0.04339,   0.05508,   0.00092,  -0.03190,  -0.07785,  -0.00892,   0.01897,   0.01569,   0.03046,  -0.06800,   0.02062,   0.06000,   0.00749,   0.02226,  -0.00892,  -0.02698,   0.03703,  -0.00400,  -0.03682,   0.00749,   0.00092,   0.07149,  -0.00400,   0.03867,   0.05672,   0.05016,   0.02718,  -0.04503,  -0.01385,   0.02882,  -0.01713,   0.03374,   0.03539,   0.02062,   0.09775,   0.05344,   0.02226,  -0.07457,   0.07313,  -0.00400,   0.04031,  -0.01056,   0.00585,  -0.02862,   0.02718,  -0.00236,   0.01733,   0.05344,  -0.07621,   0.05508,  -0.04503,   0.04687,   0.05836,  -0.02533,   0.01569,  -0.04175,   0.01569,   0.00420,   0.03046,  -0.00564,   0.08134,  -0.05980,   0.07313,  -0.04339,  -0.01385,   0.08626,   0.02226,  -0.02698,  -0.03026,   0.06328,   0.01733,  -0.03846,  -0.02698,   0.00749,  -0.05323,  -0.04339,   0.02554,  -0.00728,   0.01405,   0.10923,  -0.00236,  -0.02205,  -0.05323,   0.02062,  -0.03190,   0.00913,  -0.00400,   0.01569,  -0.01877,   0.07477,  -0.03518,  -0.06144,  -0.02205,  -0.02041,  -0.04667,  -0.02369,   0.03046,   0.01897,   0.01405,  -0.02533,  -0.02369,   0.02226,  -0.01385,   0.02390,   0.03539,  -0.02205,   0.02718,  -0.02041,   0.01569,   0.00092,   0.01569,  -0.01056,  -0.01056,   0.01733,  -0.05487,   0.03046,   0.10431,   0.02062,   0.03867,  -0.04831,   0.02882,   0.03046,  -0.00564,  -0.06472,  -0.05159,  -0.03354,   0.01405,  -0.04667,   0.05508,  -0.02041,  -0.00400,  -0.09754,  -0.05980,   0.08626,   0.05836,   0.07969,  -0.03354,  -0.00072,  -0.02862,   0.01897,   0.01733,  -0.02205,  -0.06636,  -0.04339,   0.01241,  -0.01385,  -0.02205,   0.03210,   0.00420,  -0.01385,   0.08462,   0.04195,   0.07313,   0.02554,   0.04523,  -0.01713,   0.03046,  -0.03354,  -0.00892,  -0.00564,   0.02062,  -0.03354,  -0.07785,   0.03867,   0.01077,  -0.05323,   0.06164,  -0.00564,   0.04851,   0.02882,  -0.02533,   0.02226,  -0.03518,  -0.01713,   0.01405,   0.05180,   0.03374,   0.00585,   0.07641,  -0.08605,  -0.06800,  -0.05323,  -0.08605,   0.03374,  -0.02205,   0.02226,   0.01569,  -0.04339,  -0.00400,  -0.01877,  -0.01221,   0.02390,  -0.01056,  -0.02533,  -0.01385,  -0.04503,   0.03046,   0.01077,   0.05344,  -0.10903,   0.00749,  -0.04339,   0.02718,   0.00913,   0.01569,   0.05344,   0.01733,  -0.07949,  -0.03682,  -0.00400,   0.06164,   0.00913,  -0.01713,   0.06821,  -0.06472,   0.01897,  -0.00236,   0.01733,  -0.03682,  -0.00728,  -0.00728,  -0.05816,   0.01897,  -0.00072,  -0.02698,  -0.05980,  -0.00564,  -0.00564,   0.05508,   0.06657,   0.06985,  -0.04339,  -0.04995,  -0.06964,   0.00420,  -0.01056,   0.02062,  -0.04503,   0.04195,   0.01733,   0.01569,   0.02554,   0.00913,   0.06328,  -0.04503,   0.02718,   0.01569,  -0.08934,  -0.03682,  -0.05487,  -0.02862,   0.01241,   0.05508,  -0.00564,   0.01569,  -0.02205,  -0.06636,  -0.02369,  -0.02369,   0.00749,   0.05016,   0.01897,   0.04687,   0.05180,  -0.01385,  -0.05980,   0.00585,  -0.05652,   0.06657,  -0.02862,   0.01733,   0.04851,  -0.02698,   0.06657,  -0.00892,   0.02390,   0.04523,  -0.03518,   0.01405,   0.02390,  -0.00564,   0.00749,  -0.02862,   0.04195,   0.02554,  -0.03846,  -0.11067,  -0.01713,  -0.07785,  -0.00564,   0.07477,   0.00420,  -0.03026,  -0.03518,  -0.04995,   0.06328,   0.00420,   0.01405,  -0.09426,   0.05672,   0.07641,   0.01897,  -0.01385,  -0.03846,   0.02062,   0.00092,  -0.04831,   0.02718,  -0.00892,  -0.01221,   0.00092,   0.07477,  -0.00728,   0.03374,   0.03867,  -0.04667,   0.02554,   0.03703,   0.00092,  -0.07621,  -0.02041,   0.03374,  -0.00072,  -0.00728,  -0.03026,  -0.05980,   0.01241,   0.02062,  -0.01713,   0.04851,   0.00256,   0.03867,  -0.01713,   0.04195,   0.03374,   0.01077,  -0.06636,  -0.01385,  -0.00072,   0.01733,  -0.03354,   0.02062,   0.00585,   0.01241,  -0.02862,   0.07313,  -0.02369,  -0.01221,   0.01733,  -0.08934,  -0.09098,  -0.04339,  -0.01385,   0.00092,  -0.03682,  -0.04339,   0.03703,  -0.02369,   0.04359,   0.00585,  -0.03026,   0.03374,   0.02226,   0.05016,   0.01897,  -0.01221,  -0.06308,   0.01241,  -0.01385,   0.01733,   0.06492,   0.06657,   0.00585,   0.03374,   0.00420,   0.00092,   0.02062,   0.03210,  -0.00400,   0.01405,  -0.01549,   0.10431,  -0.03846,  -0.05159,   0.01897,   0.07313,  -0.01385,  -0.01549,  -0.07293,  -0.05159,   0.03703,  -0.02205,  -0.01056,  -0.04667,  -0.02862,  -0.05323,   0.03046,   0.07149,  -0.11231,  -0.02533,   0.03374,   0.15518,   0.02062,   0.05180,  -0.00564,   0.00913,  -0.05159,   0.05180,  -0.00072,  -0.06800,  -0.02862,   0.04523,   0.02390,  -0.00728,  -0.02205,   0.00749,   0.01733,  -0.04010,  -0.05159,   0.04195,   0.00749,  -0.06964,  -0.05159,   0.03374,   0.06985,  -0.03518,   0.04195,   0.01897,   0.05508,  -0.01549,  -0.01713,   0.00585,   0.06328,  -0.07621,   0.02882,  -0.01877,  -0.01877,   0.01241,  -0.02369,   0.02718,  -0.06472,  -0.01549,  -0.00072,   0.06821,   0.00420,   0.00420,   0.02062,   0.01241,   0.02718,  -0.00564,  -0.03190,   0.05344,   0.01569,  -0.03026,  -0.06308,   0.05344,   0.02062,  -0.05487,  -0.00728,  -0.01056,  -0.03846,   0.03539,  -0.00564,  -0.01221,   0.03046,  -0.05487,   0.04851,   0.02718,  -0.05323,   0.04031,  -0.08277,  -0.00564,   0.00420,  -0.00072,   0.02882,  -0.05159,   0.06000,   0.07313,   0.02390,  -0.06308,   0.01405,  -0.07457,   0.01897,  -0.03026,   0.00585,   0.01569,   0.05672,  -0.01877,   0.04359,   0.01897,   0.00092,   0.00420,   0.05508,   0.01241,  -0.00728,  -0.02862,   0.02554,  -0.04995,   0.00913,  -0.00236,  -0.03190,   0.01241,   0.06000,   0.04359,   0.02554,  -0.02041,   0.03374,   0.04523,   0.02882,  -0.01056,   0.04523,  -0.01221,   0.00749,  -0.01877,   0.04031,   0.05344,   0.02718,   0.02882,  -0.08441,   0.02882,   0.07313,  -0.01713,  -0.02369,  -0.06472,   0.03210,   0.05180,  -0.04175,  -0.08605,  -0.03518,   0.06985,  -0.01385,   0.05836,  -0.03846,  -0.04503,  -0.07129,  -0.01056,   0.02718,   0.01569,  -0.05487,  -0.07129,   0.02554,   0.04523,   0.00749,  -0.02369,  -0.01713,  -0.01713,  -0.05487,   0.03046,   0.04031,   0.02554,   0.01241,   0.04195,  -0.08113,  -0.02862,  -0.07621,   0.01569,   0.01569,   0.00420,   0.02390,  -0.02369,   0.02226,   0.04195,   0.00420,   0.01569,  -0.01549,   0.07477,   0.03046,  -0.01549,   0.02718,   0.03046,  -0.01713,  -0.01385,   0.00585,   0.01241,  -0.01221,  -0.03026,   0.06000,  -0.01385,  -0.01713,   0.02554,   0.01077,   0.03374,   0.03703,  -0.04831,  -0.03190,   0.01405,   0.06000,   0.09446,  -0.10411,   0.02390,  -0.04010,  -0.03354,  -0.00728,   0.05016,   0.02390,  -0.06144,  -0.04995,  -0.01713,   0.02226,  -0.02698,  -0.03682,   0.00092,  -0.00892,  -0.00892,   0.01241,  -0.02369,  -0.00892,   0.01077,   0.00749,  -0.02698,  -0.04175,  -0.01713,  -0.00400,   0.06164,   0.02390,   0.01077,   0.01077,  -0.02369,   0.02718,   0.01241,  -0.00892,  -0.05816,  -0.00072,  -0.02698,  -0.03846,   0.01733,  -0.01056,   0.09118,  -0.01385,  -0.03026,  -0.03354,  -0.00728,   0.00585,  -0.04339,  -0.00400,  -0.02041,   0.00420,   0.00913,  -0.01056,   0.03703,   0.01241,  -0.06472,  -0.05487,   0.02226,  -0.02533,  -0.00400,  -0.08277,   0.00749,  -0.01385,  -0.02205,   0.04195,   0.05672,   0.01405,  -0.02041,  -0.00236,   0.03374,  -0.02533,  -0.05980,  -0.04503,   0.05672,   0.02882,   0.04523,  -0.08277,  -0.02369,  -0.02698,  -0.04339,   0.03210,   0.07313,  -0.02862,   0.04031,  -0.06964,   0.00420,  -0.02533,  -0.04010,   0.05672,   0.04851,  -0.00236,  -0.00728,   0.01077,   0.05672,   0.01569,  -0.00236,   0.00256,  -0.01056,  -0.01056,   0.02718,  -0.00400,   0.02390,   0.05672,  -0.00892,  -0.09098,  -0.00728,   0.01733,  -0.03682,  -0.03518,  -0.02533,  -0.01549,   0.04523,   0.06821,  -0.06472,  -0.07621,   0.08626,  -0.05980,  -0.01056,  -0.03682,   0.06328,   0.00092,  -0.08277,   0.00256,  -0.00400,   0.02390,   0.03374,  -0.07949,  -0.00728,   0.05672,  -0.03518,   0.02718,   0.02226,  -0.07129,  -0.02369,   0.04359,   0.07477,  -0.07457,  -0.05980,   0.05836,   0.01241,   0.01569,  -0.04995
  -0.00564,   0.00256,   0.01077,  -0.01056,  -0.01056,   0.02718,   0.04359,   0.00256,  -0.03190,   0.01897,  -0.03190,  -0.05652,   0.00256,  -0.04667,  -0.02041,  -0.00728,   0.01077,   0.01077,   0.04687,   0.06657,  -0.02862,   0.06821,  -0.07293,  -0.00400,  -0.02041,   0.03867,  -0.00236,  -0.01877,   0.03046,  -0.03190,  -0.00236,  -0.01385,   0.01405,   0.02882,  -0.03518,  -0.06964,   0.06492,   0.02718,   0.00749,   0.04359,   0.06657,   0.10103,   0.00749,   0.00092,   0.04359,   0.04359,  -0.02369,  -0.06800,   0.02226,  -0.03846,  -0.00236,  -0.05487,  -0.05816,  -0.03190,   0.01077,   0.13221,   0.09775,  -0.01221,   0.02882,   0.06657,  -0.00236,  -0.00236,  -0.02862,   0.00420,  -0.02533,   0.00585,  -0.08277,   0.00913,  -0.07293,  -0.04339,   0.05344,   0.01897,   0.00749,  -0.01056,   0.01733,   0.00092,  -0.06308,  -0.01713,   0.00420,   0.00585,   0.00092,   0.05180,  -0.03846,  -0.06964,   0.02390,   0.02062,   0.05016,   0.01241,   0.02882,   0.03046,   0.05016,   0.00092,   0.02554,  -0.05652,   0.03703,  -0.02369,  -0.02533,   0.08626,   0.05508,  -0.02041,   0.04851,   0.04851,  -0.01713,   0.10103,  -0.03354,   0.05508,  -0.00892,   0.05672,   0.06985,  -0.02369,   0.06985,   0.04687,   0.00749,  -0.00072,  -0.04010,   0.01569,  -0.04175,   0.01733,   0.02882,   0.00913,  -0.06964,  -0.01056,   0.04195,   0.03210,  -0.04175,  -0.01713,  -0.05652,   0.12729,   0.01077,   0.02390,  -0.05323,   0.03046,   0.02882,   0.04359,   0.07641,   0.02554,  -0.03518,   0.06657,  -0.00728,  -0.08113,   0.01569,  -0.05652,   0.06492,  -0.01221,   0.05180,  -0.05159,  -0.05980,  -0.04503,   0.01241,  -0.00072,  -0.04995,  -0.07129,  -0.00892,   0.05672,  -0.04995,   0.03539,  -0.00892,  -0.03682,   0.05344,  -0.00236,   0.00256,  -0.02205,  -0.01713,  -0.05487,  -0.04339,   0.01241,  -0.05487,  -0.05980,  -0.04175,  -0.00072,  -0.05323,   0.03703,  -0.02205,  -0.06636,   0.00092,   0.00420,   0.00749,  -0.03354,   0.05180,   0.05344,  -0.07621,   0.01897,   0.01569,  -0.01713,   0.01569,   0.04687,   0.05180,   0.04687,  -0.01713,   0.06000,   0.03703,   0.00749,   0.03867,   0.05836,   0.07805,  -0.00564,   0.06164,   0.03539,  -0.04667,  -0.06964,  -0.02369,   0.02062,   0.11416,  -0.02862,  -0.05487,   0.04523,   0.04851,  -0.03518,   0.04031,  -0.01221,   0.01733,   0.00256,   0.08790,  -0.00564,   0.06657,  -0.00728,  -0.01549,  -0.00072,  -0.00400,   0.00913,   0.00913,   0.02390,  -0.00400,  -0.01385,  -0.07949,   0.00585,   0.00420,   0.04851,  -0.06636,   0.03046,   0.12236,  -0.03682,   0.01077,   0.04359,   0.00749,   0.00256,   0.00092,   0.03867,   0.02390,   0.05344,  -0.00728,   0.00913,  -0.00892,  -0.02041,   0.02390,  -0.10739,   0.01077,  -0.00236,   0.03703,  -0.00892,   0.11580,   0.01241,   0.06000,  -0.00236,  -0.09754,  -0.02533,   0.01077,   0.02718,  -0.00072,  -0.00072,   0.05016,   0.00256,   0.02882,   0.05344,   0.08134,   0.05508,  -0.11231,  -0.00892,  -0.03354,   0.02062,   0.07969,   0.02062,  -0.06964,   0.03539,   0.04359,  -0.03682,  -0.02205,  -0.02533,  -0.06308,   0.06000,   0.07641,  -0.03190,   0.05180,   0.03210,  -0.03682,   0.03703,   0.01241,  -0.03026,   0.00913,  -0.03518,   0.10759,   0.05016,  -0.03846,   0.00420,  -0.01056,   0.02554,  -0.01221,   0.06164,   0.04687,  -0.00564,  -0.03518,   0.00913,  -0.01221,   0.01405,   0.01405,  -0.02698,   0.02390,  -0.06964,  -0.02533,  -0.05652,   0.07149,  -0.03190,  -0.03190,  -0.01056,   0.01405,  -0.01056,   0.00256,  -0.05323,   0.00420,  -0.07785,   0.01405,  -0.00564,   0.02390,  -0.01713,  -0.00236,   0.06164,   0.06492,  -0.01549,  -0.03190,  -0.00892,   0.06821,  -0.01385,  -0.00728,   0.02554,  -0.04175,   0.05344,  -0.00892,   0.04523,  -0.03354,  -0.07621,   0.05344,  -0.01221,   0.02882,   0.00749,  -0.03190,   0.01077,  -0.03846,  -0.00728,  -0.00236,   0.04195,   0.00749,   0.05016,   0.05344,   0.05180,   0.01241,   0.08298,   0.01077,   0.04851,   0.03374,  -0.04175,  -0.04995,  -0.04995,  -0.00072,  -0.05159,   0.01241,  -0.02862,  -0.01056,  -0.00564,   0.00092,  -0.04010,   0.02226,   0.00256,  -0.00564,   0.00913,   0.05836,   0.04687,   0.01897,  -0.00236,   0.01405,   0.00585,   0.03374,   0.00585,  -0.01713,   0.11252,  -0.05487,  -0.02041,  -0.01385,   0.00092,  -0.02698,  -0.00400,  -0.04503,   0.00420,   0.00913,  -0.02862,   0.01077,  -0.03682,  -0.05652,   0.00256,  -0.02698,   0.02062,  -0.05487,   0.10759,   0.08462,  -0.01713,  -0.02369,   0.03210,   0.01077,   0.01241,   0.07477,  -0.04503,   0.01569,  -0.07949,  -0.02041,  -0.06800,  -0.00728,   0.01077,   0.03046,  -0.03682,   0.01733,   0.02390,   0.02718,   0.03046,  -0.08934,  -0.00564,   0.01405,   0.06000,   0.04195,  -0.02205,   0.05344,   0.03867,  -0.03190,  -0.00400,  -0.00400,  -0.04010,  -0.00892,  -0.03190,  -0.01877,  -0.00728,   0.03374,  -0.03682,   0.00749,  -0.08277,   0.03539,  -0.00400,   0.05180,  -0.02041,   0.03867,  -0.05980,   0.02390,   0.00092,   0.03867,   0.02882,  -0.04995,   0.05180,  -0.00728,  -0.03026,  -0.00400,  -0.01713,   0.06328,  -0.01385,   0.00749,   0.03374,  -0.03026,   0.01733,   0.04359,  -0.11231,  -0.01713,  -0.00564,   0.01569,  -0.01221,  -0.06964,  -0.01713,   0.05180,  -0.02205,  -0.01713,   0.02718,  -0.02369,  -0.01713,   0.02390,  -0.06636,   0.02882,   0.03867,   0.00585,   0.01077,   0.06985,   0.03374,  -0.01549,   0.04523,   0.02882,   0.03046,   0.03210,   0.04851,   0.00749,  -0.03682,  -0.02862,  -0.02533,  -0.04339,  -0.02041,  -0.04995,   0.03210,   0.00420,  -0.03190,   0.09775,   0.02226,  -0.04010,   0.03046,   0.04851,   0.02554,  -0.05159,   0.00913,   0.00913,  -0.04831,   0.02226,   0.01733,  -0.04503,   0.01405,  -0.05980,   0.01897,   0.03539,   0.07641,   0.04687,  -0.00236,   0.05508,   0.03539,   0.01241,   0.02718,   0.06000,  -0.07621,   0.06821,   0.03703,   0.06492,  -0.08441,   0.01405,  -0.05159,   0.13877,   0.01241,  -0.06800,   0.02226,   0.07313,   0.05672,  -0.06472,   0.02718,  -0.04175,  -0.02369,  -0.04667,   0.01733,   0.00585,  -0.03026,  -0.03190,   0.02226,   0.01569,  -0.04175,   0.05836,  -0.03518,   0.01569,  -0.02862,  -0.03846,  -0.02041,  -0.04995,  -0.03518,  -0.00400,   0.04195,  -0.06800,   0.02554,   0.04851,  -0.03846,   0.06657,  -0.03026,   0.00585,  -0.03026,  -0.00072,  -0.01713,  -0.04667,  -0.03354,   0.02882,   0.00092,   0.04523,   0.01897,  -0.04010,  -0.02698,  -0.04503,  -0.03026,  -0.08605,  -0.07293,   0.04687,  -0.01056,  -0.06308,  -0.03846,   0.04195,  -0.06964,  -0.03354,  -0.03682,  -0.03518,   0.02062,   0.00585,  -0.02041,  -0.03682,   0.02882,   0.00092,   0.03210,  -0.04503,   0.03539,  -0.01713,   0.00585,  -0.03682,  -0.00072,  -0.03354,  -0.00564,   0.01241,  -0.02041,   0.03210,   0.01733,   0.02882,  -0.07129,  -0.04667,  -0.07293,   0.02718,  -0.06144,  -0.02862,  -0.07621,   0.00420,  -0.06964,  -0.02369,   0.09118,   0.03539,  -0.03026,   0.00420,   0.01569,   0.02882,   0.05672,  -0.06636,   0.01241,  -0.04667,  -0.02698,  -0.01713,   0.00749,  -0.04995,   0.01241,  -0.02698,   0.01241,  -0.03846,   0.03703,   0.02390,  -0.01385,  -0.00236,   0.00420,  -0.03026,  -0.07129,   0.02718,  -0.02698,  -0.04175,   0.07149,  -0.00728,  -0.02862,  -0.01056,  -0.02369,  -0.02369,  -0.02533,   0.00092,  -0.01221,   0.01405,   0.07149,   0.00092,   0.03210,  -0.00564,  -0.00728,  -0.07457,   0.00420,   0.01733,  -0.01549,   0.00256,  -0.01713,   0.06657,  -0.00728,   0.02062,   0.01733,  -0.07457,  -0.00072,   0.00256,   0.07313,  -0.05816,  -0.02698,   0.03703,   0.06164,   0.01077,  -0.02698,   0.00749,  -0.06636,  -0.02533,   0.02882,   0.02226,   0.04031,  -0.00072,   0.00092,   0.06985,   0.02554,  -0.00728,  -0.00728,  -0.02533,   0.01569,  -0.05816,  -0.02862,   0.03867,  -0.06964,   0.08954,  -0.06472,  -0.02698,   0.00913,   0.01405,   0.02390,  -0.02533,   0.04195,  -0.06144,  -0.01877,   0.02882,   0.00256,   0.02226,   0.02554,   0.07969,   0.00913,  -0.05159,  -0.03846,   0.04523,  -0.03026,   0.04687,   0.05672,  -0.00728,   0.04359,  -0.02041,  -0.03354,   0.00256,   0.02390,  -0.08113,   0.02226,  -0.01385,   0.01241,  -0.03026,   0.02226,   0.01733,   0.03210,  -0.07949,   0.04687,   0.02718,  -0.00236,  -0.03190,  -0.00564,   0.02882,  -0.05159,   0.02390,  -0.05323,   0.03703,   0.02390,   0.02718,   0.01405,   0.03046,  -0.02205,   0.01569,   0.05016,   0.01569,   0.02062,   0.06492,  -0.04831,  -0.05487,  -0.02862,   0.04195,   0.05180,   0.01405,   0.00913,   0.06164,   0.00585,  -0.00400,  -0.02041,  -0.00728,   0.03867,  -0.03518,  -0.02698,   0.05344,  -0.04010,  -0.01221,   0.05672,   0.04195,   0.03539,   0.00749,   0.00256,  -0.01549,  -0.00400,   0.04851,  -0.01877,  -0.00072,   0.07641,   0.02062,   0.02062,   0.03703,  -0.00892,   0.02390,  -0.00564,   0.01569,   0.01077,   0.01405,   0.03703,  -0.03354,  -0.02041,  -0.01877,  -0.12216,   0.04359,   0.03210,  -0.02862,   0.00256,  -0.05159,   0.05672,  -0.03518,   0.01405,  -0.02041,  -0.00892,   0.07149,   0.06657,   0.00585,   0.04687,  -0.03846,  -0.10247,   0.01733,  -0.02369,   0.04031,  -0.02698,   0.00420,   0.10759,   0.06657,  -0.04995,  -0.04010,   0.02882,   0.01897,  -0.07129,  -0.04010,   0.02882,  -0.04667,  -0.06472,  -0.03846,   0.01405,   0.03046,  -0.06308,   0.03210,  -0.00400,  -0.01056,  -0.11067,   0.04359,  -0.04503,  -0.06800,   0.02226,  -0.03846,  -0.01713,  -0.01221,   0.08790,   0.08954,  -0.01713,  -0.01221,   0.01569,   0.02226,  -0.02698,  -0.04831,   0.10103,   0.04359,   0.02554,  -0.05980,  -0.03354,   0.04195,  -0.00728,  -0.02862,  -0.02698,   0.00913,  -0.01221,  -0.02698,   0.03374,   0.02390,  -0.02533,  -0.05980,   0.03703,  -0.02862,   0.03210,  -0.03518,  -0.01713,   0.07477,  -0.03682,  -0.01549,   0.05016,  -0.03354,   0.06000,   0.02390,  -0.00072,  -0.01056,  -0.03190,  -0.04831,  -0.04503,   0.02882,   0.02718,   0.04195,   0.01733,   0.00420,   0.02554,  -0.02698,  -0.05159,  -0.03846,  -0.00728,  -0.03190,  -0.05159,  -0.02205,   0.05672,  -0.04503,   0.01405,   0.02062,   0.10103,   0.06821,  -0.02041,   0.00256,  -0.02369,   0.00749,  -0.05487,   0.03374,   0.01897,   0.05344,   0.01077,  -0.06964,   0.00092,  -0.03190,  -0.00892,   0.01241,  -0.06472,  -0.01877,   0.01569,  -0.03682,   0.00749,  -0.02369,  -0.05816,  -0.02041,   0.02882,   0.02882,  -0.05816,   0.05836,   0.02062,  -0.00728,   0.02390,  -0.01385,  -0.02862,   0.01569,   0.00420,   0.04359,   0.01077,   0.02718,  -0.01056,   0.00585,  -0.03846,  -0.03190,   0.04523,  -0.02041,   0.07641,   0.00913,   0.04523,  -0.01877,   0.01897,  -0.03518,  -0.01549,  -0.00072,   0.03703,   0.04031,   0.06821,  -0.01713,  -0.05816,  -0.01877,   0.03374,  -0.02369,   0.03867,  -0.00564,  -0.05159,   0.01897,  -0.00400,   0.01077,   0.00256,   0.00749,   0.01077,   0.00585,  -0.01877,   0.01241,  -0.02041,  -0.02533,  -0.06308,   0.02718,   0.05016,  -0.04339,  -0.13365,   0.07969,   0.06328,  -0.05816,  -0.03518,  -0.00236,  -0.01713,   0.06985,  -0.02041,  -0.05159,  -0.02698,  -0.03846,   0.01405,   0.04687,   0.03867,  -0.04667,   0.03539,  -0.03682,   0.09446,   0.00585,   0.02390,   0.03046,  -0.02205,  -0.00236,   0.00092,  -0.04831,   0.00913,   0.01405,   0.04031,  -0.00564,   0.02882,   0.03374,  -0.00400,  -0.03682,  -0.01056,  -0.00892,   0.03867
   0.06821,   0.00256,  -0.04995,   0.06985,  -0.08605,   0.00913,  -0.01713,  -0.00564,   0.04195,  -0.04175,   0.02062,  -0.00400,  -0.10411,   0.04523,   0.00420,  -0.03846,   0.06164,  -0.02205,   0.01733,   0.01733,   0.04359,  -0.02205,   0.00749,   0.01569,   0.01077,   0.07313,  -0.05816,   0.01077,   0.00585,  -0.06964,   0.10595,   0.10103,   0.04195,   0.01077,   0.02390,   0.02882,  -0.03354,  -0.05323,   0.00913,  -0.01877,  -0.00892,  -0.04503,  -0.01056,  -0.00072,  -0.00728,   0.05672,   0.06000,  -0.05487,  -0.00892,   0.03374,  -0.01056,  -0.08934,  -0.02533,  -0.03846,   0.02554,  -0.02698,  -0.07293,   0.00420,  -0.04667,   0.00585,  -0.03846,  -0.02369,  -0.04995,   0.07805,   0.01077,  -0.03682,  -0.00564,  -0.01385,   0.04195,   0.10431,  -0.05816,   0.05508,   0.02882,  -0.01221,   0.00585,  -0.04010,  -0.03518,   0.00585,   0.02882,  -0.10082,   0.04359,   0.06328,  -0.02862,   0.05836,   0.04031,  -0.02698,   0.01733,  -0.06144,   0.03867,  -0.00728,   0.05508,   0.03539,  -0.01713,   0.03374,  -0.03518,  -0.01385,  -0.02698,   0.00749,  -0.04995,  -0.04503,  -0.07949,  -0.01549,   0.04687,  -0.01713,  -0.00728,   0.01569,   0.01569,   0.00256,   0.05016,   0.04195,  -0.04995,   0.00420,   0.02718,  -0.00072,   0.00092,  -0.01877,   0.03539,  -0.04010,  -0.02533,   0.07477,  -0.03682,  -0.04831,   0.01405,  -0.03026,  -0.05487,  -0.06636,   0.03046,  -0.06308,  -0.00892,  -0.05816,  -0.05323,  -0.04010,  -0.03846,  -0.04667,  -0.07785,  -0.01221,   0.00092,  -0.02533,  -0.00072,  -0.05980,  -0.07949,   0.05836,  -0.01549,  -0.05816,   0.04031,  -0.01221,  -0.00236,   0.04031,   0.00092,   0.03210,  -0.01877,  -0.08113,   0.03046,  -0.03354,   0.02390,  -0.02369,   0.00585,   0.00585,  -0.01549,  -0.01056,  -0.05159,   0.00749,  -0.02862,  -0.05487,  -0.05816,  -0.03354,  -0.02205,   0.05344,  -0.02205,   0.12565,   0.06492,  -0.05159,   0.00420,   0.04195,  -0.04995,  -0.01713,  -0.04667,   0.01077,  -0.00892,  -0.04667,   0.01405,   0.04851,   0.01077,   0.02554,  -0.01056,   0.04851,   0.02390,   0.01569,  -0.00400,   0.02062,   0.00256,  -0.03190,   0.03210,   0.08954,  -0.00072,  -0.06472,  -0.01713,   0.02882,   0.02062,   0.08462,  -0.00400,   0.02554,   0.13385,   0.08298,  -0.08770,  -0.03682,  -0.05487,  -0.04010,  -0.10411,   0.05836,   0.01897,   0.04195,  -0.03190,  -0.04175,   0.01405,  -0.03518,  -0.03190,  -0.04010,   0.00585,   0.01405,  -0.05652,  -0.02698,  -0.02862,   0.09939,  -0.02862,   0.02062,  -0.04667,   0.01405,   0.05016,  -0.04995,   0.04851,  -0.01877,   0.08626,   0.02062,  -0.03026,  -0.05323,  -0.01549,   0.03210,  -0.05487,  -0.06144,   0.00585,  -0.01385,   0.07149,   0.01241,  -0.04175,  -0.05816,   0.00092,  -0.00236,  -0.03682,  -0.00728,   0.02226,   0.02390,   0.00092,  -0.03354,  -0.01877,  -0.04175,  -0.00400,  -0.01877,   0.01897,  -0.15170,   0.04523,   0.01897,  -0.02041,   0.01569,   0.09446,   0.06164,   0.06821,   0.04359,   0.02718,   0.01733,  -0.03846,  -0.01713,  -0.01056,  -0.01549,  -0.04010,  -0.01877,   0.04195,   0.00585,   0.04687,  -0.00564,  -0.00236,   0.07313,  -0.07949,  -0.05323,  -0.00728,   0.06821,   0.02062,   0.02554,   0.00913,  -0.07293,  -0.04995,  -0.02205,   0.00749,   0.00913,  -0.05652,  -0.00072,   0.01733,   0.03374,  -0.00564,   0.04851,  -0.03518,   0.02062,  -0.03682,   0.06164,  -0.05159,  -0.02205,  -0.01549,  -0.01385,  -0.05980,   0.00092,  -0.09426,  -0.04503,  -0.00728,  -0.04175,   0.00092,  -0.05816,  -0.00892,   0.01405,  -0.04175,  -0.04503,  -0.00236,   0.04359,  -0.06144,  -0.00236,   0.03210,   0.03210,   0.00256,   0.01241,   0.04195,   0.01077,  -0.04010,  -0.04339,  -0.05323,   0.03703,   0.02226,   0.04031,   0.00585,   0.06164,  -0.04831,  -0.00400,  -0.02369,  -0.03518,   0.10759,  -0.00072,   0.06657,   0.01077,  -0.02533,  -0.02369,  -0.01221,  -0.00400,  -0.01549,   0.04851,  -0.04995,   0.02718,   0.01733,  -0.07293,   0.01569,  -0.02369,  -0.02369,  -0.06472,   0.02882,  -0.00236,   0.00749,   0.05016,   0.04359,  -0.03026,   0.01897,  -0.03518,  -0.03846,   0.05344,   0.07149,   0.05180,   0.00749,  -0.02369,  -0.03518,   0.03374,  -0.00564,  -0.03682,  -0.03354,   0.01405,  -0.02698,   0.02882,  -0.00236,   0.00256,   0.00585,   0.06492,  -0.02205,   0.01405,  -0.00564,   0.00913,   0.00256,   0.02062,   0.03703,   0.03867,  -0.01877,  -0.02698,   0.00585,   0.02226,   0.03046,  -0.00728,  -0.06800,   0.07313,  -0.01385,  -0.03026,  -0.01877,   0.02882,  -0.00400,   0.00092,   0.02390,   0.00749,  -0.04667,  -0.05487,   0.01569,   0.00092,  -0.07621,   0.05836,  -0.04503,   0.00256,  -0.08277,   0.01733,   0.02226,  -0.05323,  -0.02205,   0.05180,   0.04031,   0.05508,   0.08134,  -0.04995,  -0.10082,  -0.03682,  -0.06636,  -0.01713,   0.02226,   0.01241,   0.01241,   0.03374,  -0.01877,  -0.03846,   0.04195,   0.01897,  -0.00072,  -0.10739,  -0.03682,  -0.02862,   0.00585,  -0.03518,  -0.03026,  -0.05652,   0.07805,  -0.03190,   0.08298,   0.02226,  -0.08277,  -0.04995,  -0.10411,  -0.04175,  -0.04010,  -0.01221,   0.01405,  -0.01221,  -0.09426,  -0.03846,  -0.02041,   0.01569,  -0.06964,   0.01077,  -0.08770,  -0.02041,  -0.06636,  -0.07129,   0.07805,   0.03374,   0.12236,   0.05672,  -0.01056,  -0.06144,  -0.01549,  -0.08113,   0.06164,  -0.00400,  -0.03190,   0.10267,  -0.08934,   0.01569,   0.03374,   0.04031,   0.02062,   0.02062,  -0.03682,   0.06000,   0.00913,  -0.03682,  -0.01385,  -0.05816,  -0.07293,  -0.02533,  -0.04503,   0.06657,   0.01241,  -0.04010,  -0.02369,  -0.02205,   0.01897,  -0.01713,   0.05344,   0.03703,   0.04523,   0.00913,   0.03539,  -0.06144,  -0.01713,   0.02390,   0.05344,  -0.02205,  -0.10247,   0.09611,   0.02554,   0.00092,  -0.05487,  -0.01056,   0.01569,  -0.00236,  -0.03026,   0.14370,   0.04359,   0.01077,   0.01077,   0.06164,   0.02718,  -0.06472,  -0.06800,  -0.01056,  -0.04010,  -0.04503,  -0.02862,   0.01569,   0.08298,  -0.01056,  -0.04010,  -0.04010,  -0.02369,   0.02554,   0.03703,  -0.10575,  -0.00892,   0.00092,  -0.01056,   0.02226,   0.00913,   0.02554,   0.02882,  -0.00072,  -0.02205,  -0.06800,   0.02062,   0.04195,  -0.05323,   0.02062,  -0.07785,  -0.01385,  -0.01056,  -0.04339,  -0.03354,   0.07149,  -0.03026,  -0.02041,   0.02554,  -0.00728,  -0.05159,  -0.11067,  -0.03354,  -0.04339,  -0.05980,  -0.07129,  -0.00072,   0.08134,   0.06821,  -0.01549,   0.01569,  -0.01713,  -0.01056,  -0.01713,  -0.06144,   0.06821,  -0.00400,  -0.02369,   0.08298,   0.06000,  -0.02533,   0.00420,  -0.01549,   0.05344,   0.10103,  -0.09590,  -0.01713,   0.17980,  -0.02205,  -0.01221,  -0.00564,   0.03046,   0.05836,  -0.14349,   0.00256,   0.03539,  -0.04667,  -0.04503,  -0.02533,  -0.00728,  -0.01549,  -0.05652,   0.00913,  -0.01549,   0.01733,   0.01569,   0.05344,  -0.00728,  -0.01877,   0.03374,  -0.01221,  -0.03026,  -0.00728,   0.02390,   0.00420,  -0.03354,   0.00913,   0.07805,  -0.05323,  -0.00728,   0.04195,  -0.01877,  -0.09754,   0.11252,   0.04523,  -0.01877,   0.00913,  -0.01221,  -0.02698,   0.10923,   0.02390,   0.11744,  -0.07457,  -0.03354,  -0.03026,   0.01897,  -0.01549,   0.06328,   0.02062,   0.04359,   0.03703,  -0.03026,  -0.02862,   0.00749,  -0.02041,   0.03374,   0.01241,  -0.04339,  -0.00072,  -0.05980,   0.06657,   0.00749,   0.03867,   0.04359,  -0.05980,  -0.01549,   0.00256,   0.01569,   0.04359,  -0.00072,   0.02062,   0.08954,  -0.10247,   0.02062,   0.02226,  -0.01221,  -0.04175,  -0.01385,  -0.02533,  -0.01549,  -0.00892,   0.02226,  -0.04503,  -0.00236,   0.04031,   0.00585,   0.03046,   0.05836,   0.03046,  -0.02041,   0.01241,   0.06492,  -0.09590,  -0.00400,  -0.03354,  -0.11395,  -0.01221,   0.01405,   0.00420,  -0.04667,   0.02554,  -0.01221,  -0.10739,   0.02882,   0.06328,  -0.03846,  -0.00072,  -0.08934,  -0.03518,  -0.00236,  -0.00728,  -0.02698,   0.04359,  -0.01877,   0.01241,  -0.04175,   0.03703,   0.03703,   0.02882,  -0.00564,  -0.02205,  -0.02041,   0.04359,  -0.04010,   0.06164,  -0.04503,  -0.02041,  -0.00892,   0.00749,  -0.03682,   0.02554,   0.04359,  -0.02369,  -0.04339,  -0.03354,  -0.06472,  -0.01056,  -0.07293,  -0.05487,  -0.04503,   0.04851,   0.00913,  -0.04503,   0.13057,  -0.06472,  -0.05980,  -0.01385,   0.00585,  -0.03682,  -0.02698,   0.00749,   0.01077,  -0.00072,   0.00092,  -0.05652,   0.02226,  -0.05159,  -0.00400,   0.01405,   0.02554,  -0.01877,  -0.08441,   0.04523,   0.06164,   0.00749,   0.03539,  -0.04010,  -0.04995,   0.05344,  -0.03354,   0.00256,   0.05016,  -0.04503,   0.02554,  -0.02698,   0.04359,  -0.10082,  -0.01549,  -0.03682,   0.00420,   0.02226,   0.06492,  -0.00236,  -0.03354,   0.03210,  -0.11231,  -0.02533,   0.01733,  -0.02533,   0.04523,   0.10595,   0.01077,   0.05344,   0.07805,  -0.01877,   0.02554,  -0.06472,  -0.02698,   0.02226,  -0.01385,  -0.01056,   0.00749,  -0.01385,  -0.09426,  -0.03846,  -0.00400,  -0.01549,   0.01077,   0.00092,  -0.05159,  -0.04339,   0.06985,   0.00913,  -0.08934,  -0.01877,   0.06492,   0.04523,  -0.01385,  -0.06308,   0.02390,   0.05508,  -0.04995,  -0.02862,  -0.01713,  -0.03846,  -0.06308,   0.00420,  -0.08770,  -0.05323,  -0.02533,   0.05672,  -0.04667,   0.03210,   0.02718,  -0.07129,   0.10759,   0.08134,  -0.01385,   0.00420,  -0.01713,   0.05508,   0.01405,   0.02882,   0.00913,  -0.04667,  -0.06308,   0.01569,  -0.04175,  -0.05487,  -0.00892,  -0.02533,   0.01569,  -0.05652,   0.03703,   0.03046,   0.01733,  -0.03354,   0.03374,   0.04523,   0.01733,  -0.02698,   0.08298,   0.03374,  -0.00236,  -0.03354,   0.02554,  -0.08934,   0.00585,  -0.04667,  -0.01385,  -0.08277,  -0.00728,   0.04851,  -0.02369,   0.01077,  -0.09754,  -0.05487,  -0.03354,   0.06492,   0.10267,  -0.04010,   0.01897,  -0.00728,   0.03046,   0.06000,   0.05672,  -0.00892,  -0.11231,   0.00585,   0.06657,   0.03046,  -0.06472,  -0.01221,  -0.01056,  -0.04175,   0.02390,   0.06657,  -0.01056,   0.04687,  -0.01713,   0.03539,   0.03374,   0.04851,   0.00420,  -0.06472,   0.08134,  -0.05816,   0.05344,  -0.00400,   0.00256,   0.03210,  -0.00400,   0.02718,   0.05672,  -0.03518,  -0.04010,  -0.06144,   0.00092,  -0.01385,  -0.05652,  -0.07129,   0.00749,  -0.08277,   0.02882,   0.03046,   0.06657,  -0.01549,   0.04851,   0.01569,  -0.07293,   0.03374,   0.04851,   0.05180,   0.04031,   0.01405,  -0.00072,  -0.02369,  -0.02205,  -0.03354,  -0.00728,   0.00913,   0.10267,   0.01241,  -0.06472,  -0.02698,   0.06492,  -0.01056,   0.02554,   0.05508,  -0.03354,   0.04687,   0.03867,   0.06164,   0.01077,  -0.01221,  -0.05816,  -0.02698,   0.03703,  -0.03682,  -0.00728,  -0.02205,   0.01569,   0.01897,  -0.06308,  -0.00728,   0.00913,  -0.01549,   0.03867,  -0.00892,  -0.04995,  -0.05652,   0.03210,   0.05016,   0.02062,   0.09446,   0.00092,   0.03210,  -0.04831,  -0.00728,   0.01733,  -0.03190,  -0.03518,   0.06821,   0.01241,  -0.02369,  -0.00236,  -0.01549,  -0.00728,  -0.03354,  -0.05159,   0.04031,  -0.06800,  -0.00236,  -0.04175,   0.04031,   0.01405,   0.00913,  -0.04667,   0.05344,  -0.04503,   0.04031,  -0.02862,  -0.00072,  -0.02369,   0.01733,   0.06328,  -0.03518,  -0.03190,  -0.01221,  -0.04995,  -0.05323,   0.01569,  -0.05323,   0.00256,   0.01405,  -0.02533,  -0.02041,  -0.06308,  -0.05816,   0.00420,   0.05180,   0.03374,   0.04031,  -0.04503,   0.04031,   0.01077
   0.08298,  -0.06308,   0.05344,   0.03867,  -0.01877,  -0.01056,   0.08134,   0.03046,  -0.02369,   0.03210,   0.02226,   0.00913,  -0.04010,   0.02062,  -0.04831,   0.00092,  -0.07129,  -0.02369,  -0.02041,   0.02062,   0.00256,  -0.03026,  -0.03026,  -0.08934,   0.07313,   0.08954,  -0.01877,   0.02062,   0.00420,  -0.01385,  -0.04339,   0.05344,   0.02226,  -0.04667,  -0.04503,  -0.03846,  -0.01713,  -0.07129,   0.03046,   0.05180,  -0.01056,  -0.01713,   0.03210,   0.06328,   0.01897,   0.04687,   0.02226,  -0.01713,   0.02062,  -0.08441,  -0.01221,   0.00913,  -0.00892,  -0.00072,  -0.03190,   0.00913,   0.00256,   0.02062,   0.04687,  -0.04503,   0.03046,   0.00749,  -0.03026,   0.03210,   0.01897,  -0.01221,   0.00420,   0.09611,   0.04031,   0.00256,   0.06657,   0.07641,   0.00913,  -0.03354,  -0.02862,  -0.05159,  -0.02698,   0.05180,  -0.02041,   0.05344,   0.03374,  -0.00072,  -0.02205,   0.01405,  -0.05323,   0.03539,   0.03867,   0.02882,   0.03867,  -0.03846,  -0.01056,  -0.00236,   0.01405,  -0.08770,  -0.06308,  -0.02205,  -0.03354,  -0.00564,  -0.02698,   0.07149,  -0.00400,  -0.09098,   0.04523,   0.08462,  -0.04995,  -0.02205,  -0.00892,  -0.05159,  -0.09098,  -0.02369,   0.07477,   0.06985,   0.03374,  -0.06308,   0.00749,   0.02390,   0.02062,  -0.01385,   0.01569,   0.00585,   0.01405,  -0.06636,  -0.06964,   0.09775,  -0.02862,  -0.05487,  -0.07785,  -0.00892,  -0.02369,   0.00749,   0.00749,  -0.00072,   0.03539,  -0.06144,   0.08462,   0.02554,   0.03703,   0.03374,   0.01897,  -0.00892,   0.03867,  -0.02698,   0.09282,  -0.02369,  -0.02533,   0.06821,   0.04195,   0.03210,  -0.00564,  -0.04831,  -0.00400,   0.01733,   0.02554,  -0.01877,   0.01241,  -0.00892,   0.02390,   0.00913,  -0.06472,  -0.00728,  -0.04175,   0.01077,  -0.01877,  -0.03846,  -0.02369,   0.00749,  -0.03190,  -0.00892,   0.04359,  -0.01385,  -0.03682,  -0.00400,  -0.00892,   0.04687,   0.01241,   0.01077,   0.00256,  -0.00564,   0.07149,  -0.03682,   0.01241,   0.00585,  -0.00564,   0.04031,  -0.07129,   0.02062,  -0.02698,  -0.00236,   0.08462,  -0.02205,  -0.00400,   0.02226,  -0.02041,   0.03703,   0.00092,   0.01405,  -0.07621,  -0.01385,  -0.02205,   0.03210,  -0.10575,  -0.04667,  -0.07129,  -0.00236,   0.02882,  -0.00072,  -0.03518,  -0.06800,   0.02390,   0.04523,  -0.01056,   0.05016,  -0.03518,  -0.01056,   0.00420,  -0.07129,   0.04031,  -0.03518,  -0.01549,   0.05508,  -0.06800,   0.00420,   0.03374,  -0.00564,  -0.00072,  -0.02862,   0.05344,   0.00585,   0.01241,   0.00913,  -0.04010,  -0.02041,   0.01733,  -0.02533,  -0.00728,  -0.04339,   0.04195,   0.04195,   0.03539,   0.00585,   0.02882,   0.02062,  -0.01877,  -0.01877,  -0.02698,   0.01241,  -0.02698,   0.00092,  -0.07129,   0.02718,   0.00420,  -0.04175,  -0.05816,  -0.00236,   0.02718,  -0.04667,   0.05016,  -0.02533,   0.02390,   0.04687,  -0.01549,   0.01241,  -0.00400,   0.03867,   0.05180,   0.02062,  -0.03190,  -0.02698,   0.08462,  -0.01877,   0.10267,  -0.00728,  -0.04667,  -0.02205,   0.03703,   0.03867,  -0.00400,  -0.02205,  -0.00564,  -0.06636,  -0.01713,  -0.09426,   0.10923,   0.04851,  -0.00892,  -0.00400,   0.03539,  -0.03354,  -0.05323,   0.03867,   0.07805,  -0.01385,  -0.00236,  -0.02205,  -0.03682,   0.04031,   0.00420,   0.05672,  -0.04010,  -0.04010,  -0.01549,  -0.03682,  -0.00728,  -0.02369,   0.02390,   0.03539,   0.00256,   0.03046,   0.04359,  -0.00072,   0.07313,   0.00420,  -0.04339,  -0.08770,  -0.04175,   0.02226,   0.05672,  -0.02698,   0.00420,  -0.01385,   0.02554,   0.04687,   0.02226,  -0.00564,  -0.04503,   0.02718,   0.03046,  -0.06144,  -0.01713,  -0.04175,   0.03867,  -0.08441,   0.03867,   0.01241,   0.02390,   0.02390,  -0.02205,  -0.04010,  -0.01056,  -0.04175,  -0.06636,  -0.09098,  -0.00236,  -0.00564,   0.02718,   0.04687,   0.03046,  -0.00400,  -0.08605,   0.00420,  -0.04339,  -0.04010,  -0.01877,  -0.04667,  -0.03026,   0.01241,  -0.00400,  -0.03846,  -0.02205,   0.07969,   0.01569,   0.05672,   0.02226,  -0.00072,  -0.00564,  -0.01713,  -0.00236,   0.05016,   0.00913,  -0.06144,  -0.08113,   0.00585,   0.01077,  -0.00892,  -0.04503,   0.01405,  -0.03682,   0.05344,   0.01241,   0.03046,  -0.06308,  -0.03682,   0.05180,   0.01569,  -0.04831,  -0.01549,   0.02718,   0.01077,  -0.01713,   0.06492,   0.04523,  -0.05159,   0.05016,  -0.01877,   0.02062,  -0.03354,   0.01897,   0.09446,   0.04031,  -0.03354,  -0.00236,  -0.01221,   0.03046,   0.05016,  -0.01221,  -0.06144,  -0.08605,  -0.02533,  -0.00236,  -0.04831,  -0.03354,   0.05672,   0.01897,  -0.04339,   0.01077,   0.02062,  -0.01385,   0.02390,  -0.07129,   0.04031,   0.02062,   0.05344,  -0.02205,   0.00749,  -0.02369,  -0.00728,   0.03374,  -0.12708,  -0.01877,  -0.00400,  -0.01056,  -0.00892,  -0.00892,  -0.05323,  -0.04503,  -0.00072,  -0.04503,   0.00585,   0.02062,  -0.01549,   0.02062,   0.00585,  -0.04339,  -0.06308,  -0.02205,  -0.00728,   0.07149,   0.01077,  -0.01385,  -0.06800,   0.00585,   0.02718,  -0.00728,   0.04359,   0.05672,   0.04851,   0.00749,   0.04359,   0.04687,   0.04031,   0.02226,  -0.01877,   0.02882,   0.00585,   0.01897,   0.05836,   0.00420,   0.07969,   0.02554,  -0.00728,  -0.08605,  -0.08770,  -0.04339,  -0.02533,  -0.00892,  -0.01385,  -0.04667,  -0.03190,  -0.04667,  -0.01549,  -0.00236,   0.02226,  -0.00236,   0.07313,  -0.06308,   0.02390,   0.04031,  -0.00400,   0.01733,   0.02390,  -0.04667,   0.03210,   0.00420,   0.05672,  -0.00400,  -0.02862,  -0.04995,   0.01241,  -0.02533,   0.08298,  -0.08605,   0.01405,   0.03539,   0.00585,   0.01733,   0.01405,  -0.01549,  -0.03682,  -0.01549,  -0.07457,   0.03046,   0.02390,  -0.06636,   0.02062,  -0.02698,  -0.05323,  -0.04010,  -0.01877,  -0.02369,  -0.07293,   0.03539,  -0.06800,  -0.05487,   0.00092,  -0.03026,  -0.02862,  -0.01221,   0.00585,   0.13713,  -0.05652,   0.00749,   0.09775,   0.03539,  -0.03354,   0.06164,  -0.03518,  -0.01221,   0.04031,   0.00092,   0.02718,  -0.00728,   0.02718,   0.00420,  -0.04175,  -0.00892,  -0.04831,   0.03374,  -0.02205,  -0.01713,   0.01897,   0.02062,  -0.02862,   0.00256,  -0.01385,   0.06328,   0.04031,   0.08462,  -0.01549,  -0.01056,   0.08626,   0.00256,  -0.00072,  -0.03518,  -0.02041,   0.03046,   0.05016,  -0.03846,   0.02062,   0.01241,  -0.05980,  -0.00400,   0.04851,   0.04851,  -0.02205,   0.05836,  -0.01713,  -0.02698,   0.04687,  -0.07129,   0.05344,  -0.04339,  -0.01549,  -0.08441,  -0.03190,  -0.07785,   0.00092,   0.04523,  -0.00892,  -0.03846,  -0.08441,  -0.04831,   0.02226,   0.06164,  -0.06472,   0.00092,   0.06657,  -0.03846,   0.00749,   0.00256,  -0.00728,   0.10431,   0.02390,   0.00420,  -0.01713,   0.00092,  -0.02041,  -0.05323,   0.00256,  -0.02533,   0.05836,  -0.02041,  -0.01221,  -0.07129,   0.03210,   0.02882,   0.02226,  -0.04831,   0.00913,   0.01897,  -0.04503,   0.04359,   0.00913,  -0.04010,  -0.02698,  -0.00072,   0.01733,  -0.01877,  -0.01877,  -0.07457,   0.00420,  -0.03846,  -0.01385,  -0.04010,  -0.01385,  -0.02862,  -0.03354,   0.04687,   0.02882,  -0.05323,   0.01569,  -0.04010,   0.03046,  -0.00236,   0.03210,  -0.09754,   0.01897,  -0.04667,   0.01733,   0.04523,   0.01733,   0.03046,   0.01405,  -0.01549,  -0.02205,  -0.01385,  -0.01385,  -0.01221,   0.03539,   0.04687,  -0.02698,  -0.01877,   0.01405,   0.07477,   0.04523,  -0.01549,  -0.04339,   0.01897,   0.03867,  -0.03026,   0.06492,   0.00092,  -0.04831,  -0.01221,  -0.02862,  -0.02205,   0.03867,   0.02226,  -0.01877,  -0.00564,  -0.02533,  -0.05652,   0.05180,   0.03374,  -0.07129,   0.02390,   0.04851,   0.03374,  -0.00236,   0.03046,   0.05672,  -0.04667,   0.00913,   0.03703,   0.05344,   0.09611,   0.01405,  -0.03026,   0.00420,  -0.02041,   0.01897,   0.06328,  -0.08934,   0.02062,  -0.03682,  -0.01549,   0.01077,   0.01897,  -0.00892,   0.01897,   0.05016,  -0.02369,   0.03539,  -0.03518,   0.01405,  -0.06636,   0.03703,  -0.04831,  -0.02698,   0.05344,   0.07969,  -0.07785,  -0.06636,   0.00092,   0.07641,  -0.07621,   0.02390,  -0.03846,  -0.05487,   0.03374,  -0.03026,   0.00913,  -0.05816,   0.04851,   0.05508,  -0.00728,   0.00585,   0.04195,  -0.08934,   0.00749,   0.07805,  -0.01877,   0.05016,   0.00749,   0.00585,  -0.07457,   0.04195,  -0.02533,   0.03539,   0.02882,   0.01733,  -0.03682,  -0.03682,   0.06000,   0.01241,  -0.04175,   0.00913,   0.01405,   0.01077,   0.04031,   0.03046,  -0.03846,  -0.04503,  -0.01221,   0.02226,   0.09118,  -0.00564,   0.06821,   0.00749,   0.00420,  -0.04010,   0.01733,   0.03374,   0.05344,   0.00256,   0.07641,   0.00256,  -0.01713,  -0.04995,  -0.02369,  -0.03846,  -0.01549,  -0.02862,   0.04359,   0.00913,  -0.00072,  -0.07785,   0.00749,  -0.07621,  -0.05323,  -0.05323,  -0.11395,   0.04523,   0.01897,  -0.01221,  -0.07129,   0.00256,   0.04359,   0.00585,   0.03703,   0.02554,  -0.02698,  -0.00892,   0.05180,   0.06164,   0.02226,   0.01569,   0.02882,   0.00256,  -0.04667,   0.04359,  -0.04667,  -0.02533,   0.00092,  -0.04010,  -0.00728,  -0.02533,   0.01569,   0.01569,   0.00256,  -0.07457,  -0.00400,  -0.06800,  -0.02205,   0.01569,  -0.04503,  -0.00892,  -0.04667,   0.05836,  -0.03190,  -0.01713,   0.02554,   0.00749,   0.01241,  -0.04831,  -0.04339,  -0.02369,  -0.05487,   0.05672,   0.00092,  -0.05159,  -0.04010,   0.03046,  -0.00564,   0.04523,  -0.05159,  -0.03026,  -0.02041,   0.09118,  -0.05323,   0.01241,  -0.01549,   0.07313,   0.02062,  -0.01877,  -0.00400,   0.04851,   0.01569,   0.01733,   0.02062,   0.02226,   0.01405,   0.01569,  -0.02041,   0.08134,  -0.03518,  -0.04667,  -0.01385,  -0.04010,  -0.00892,  -0.03846,   0.03867,   0.02554,  -0.03682,  -0.05652,  -0.04339,   0.02062,   0.05016,  -0.00236,  -0.04010,  -0.00400,  -0.02862,   0.03539,  -0.02533,   0.09939,   0.08298,  -0.08113,  -0.01385,  -0.04175,  -0.00564,   0.04851,  -0.00564,  -0.04667,   0.01077,   0.06492,   0.02554,   0.00092,  -0.03190,   0.09446,   0.01733,   0.07969,  -0.04339,  -0.05159,   0.03703,   0.01897,   0.07477,   0.02062,  -0.01056,  -0.00072,   0.03867,  -0.07129,  -0.00728,  -0.02369,   0.01569,   0.08298,   0.07149,   0.05508,  -0.00072,  -0.03026,   0.01897,   0.01733,  -0.04831,   0.02390,   0.06164,  -0.00072,  -0.01877,  -0.05652,   0.02882,  -0.05159,  -0.07129,  -0.04995,  -0.03682,  -0.01385,  -0.08441,   0.08462,  -0.07785,  -0.01877,   0.04031,  -0.01221,   0.00092,   0.02718,  -0.03682,   0.05180,   0.07313,  -0.05980,  -0.02862,  -0.02862,  -0.03354,  -0.05487,   0.00092,   0.01241,  -0.01056,   0.05344,   0.01569,  -0.00892,  -0.03354,  -0.02205,  -0.06636,  -0.00236,   0.03374,  -0.06636,  -0.05159,   0.02390,  -0.04995,   0.00420,   0.04031,  -0.00892,  -0.04995,  -0.00728,   0.07313,  -0.01877,   0.03374,  -0.03026,   0.04195,   0.05016,   0.02226,   0.03703,   0.08790,   0.02718,  -0.01385,   0.04359,   0.01241,  -0.02533,  -0.03682,  -0.01056,   0.04851,   0.06985,   0.04195,  -0.03846,  -0.01549,  -0.04667,  -0.01877,  -0.00564,  -0.10739,   0.01733,  -0.04010,  -0.00564,   0.07313,   0.04195,  -0.02698,  -0.02862,   0.06000,  -0.09262,   0.02062,  -0.05652,   0.02718,  -0.02533,   0.04523,   0.04031,   0.02062,  -0.06308,  -0.05159,   0.10431,   0.02062,  -0.04175,  -0.03518,  -0.02041,   0.01241,  -0.01877,  -0.05487,   0.03539,  -0.00236,   0.06164,  -0.02205,  -0.06636
  -0.01221,  -0.00564,   0.06821,   0.05836,   0.01405,   0.00585,  -0.01877,  -0.00892,  -0.03354,  -0.01221,  -0.01549,   0.01569,  -0.03026,  -0.04503,   0.00585,   0.04031,   0.00420,   0.02226,  -0.02369,  -0.00892,  -0.02041,  -0.02041,   0.00749,  -0.00400,   0.03210,   0.01897,  -0.03846,  -0.00564,   0.01241,   0.01897,   0.02554,   0.04195,   0.03703,   0.04687,   0.01897,  -0.03026,  -0.08113,   0.00913,  -0.05816,  -0.01713,  -0.00400,  -0.04010,   0.03539,   0.03210,  -0.05323,  -0.03190,  -0.04667,  -0.04175,   0.00092,  -0.03846,  -0.04175,   0.04359,   0.01569,   0.00092,   0.00092,  -0.01713,  -0.05159,  -0.00236,   0.00420,  -0.04995,  -0.04339,  -0.08441,   0.02062,   0.02390,  -0.00236,  -0.01713,   0.06821,   0.02062,   0.00913,  -0.05159,  -0.02533,   0.02554,   0.01077,  -0.04995,  -0.00400,   0.05836,  -0.01877,   0.01405,   0.01241,   0.00913,  -0.02698,   0.00420,  -0.02698,  -0.04339,  -0.00728,  -0.05159,   0.00092,   0.01077,  -0.04010,  -0.04503,   0.00420,  -0.01056,   0.02554,  -0.01221,   0.04523,   0.07805,  -0.03026,  -0.02041,  -0.01877,  -0.02205,  -0.01385,   0.01569,  -0.07129,  -0.04831,  -0.02862,  -0.02369,  -0.01549,  -0.04175,   0.04523,   0.04359,   0.00585,   0.01569,  -0.04503,  -0.01877,  -0.04667,   0.01405,   0.09939,  -0.01877,   0.03867,  -0.01549,   0.04359,   0.09446,  -0.00072,  -0.03682,   0.06000,   0.01241,   0.02554,   0.09118,  -0.01385,   0.02718,  -0.02698,   0.02882,   0.01077,  -0.03518,   0.10923,  -0.01385,  -0.07949,  -0.03518,   0.01405,   0.04195,   0.04851,  -0.01221,   0.03374,  -0.02041,   0.05836,   0.04195,   0.01897,  -0.01385,  -0.01385,  -0.03026,  -0.02369,   0.03374,   0.02226,   0.02062,  -0.01056,  -0.01877,  -0.03026,   0.07477,   0.01405,  -0.01221,  -0.03190,   0.00256,   0.02882,   0.08954,  -0.03518,  -0.02205,   0.09775,   0.06328,   0.01241,   0.06492,   0.08134,   0.02718,  -0.03518,  -0.04667,   0.00585,   0.02554,   0.00913,   0.06492,   0.08462,  -0.00564,   0.04359,  -0.00892,   0.00256,  -0.08441,  -0.02041,   0.00913,  -0.00400,  -0.00236,  -0.06964,  -0.06472,  -0.01877,  -0.06144,   0.04523,  -0.00892,  -0.02041,   0.02226,   0.00092,  -0.03190,   0.03867,  -0.03026,   0.00913,  -0.01549,  -0.00892,   0.04851,   0.03703,  -0.08770,  -0.01221,  -0.04175,   0.04523,  -0.04667,   0.05180,  -0.00564,   0.04523,   0.00585,  -0.01385,   0.03046,  -0.01385,  -0.03518,  -0.01549,  -0.06308,   0.05672,  -0.01056,   0.04195,   0.00749,   0.03210,  -0.00400,  -0.00236,   0.04851,  -0.06636,   0.06821,   0.00420,  -0.11888,  -0.00072,  -0.02533,   0.04687,  -0.01877,   0.00420,  -0.02862,   0.03374,   0.00256,   0.03210,   0.06328,  -0.05323,   0.03703,  -0.06308,   0.04687,   0.04851,  -0.03846,   0.02062,   0.03703,  -0.09262,  -0.01549,   0.00256,  -0.02698,  -0.03190,  -0.00236,  -0.00072,  -0.02205,  -0.03190,  -0.02369,   0.01077,  -0.02205,   0.05180,  -0.02205,   0.09775,   0.04687,   0.00585,   0.04687,   0.02718,  -0.08770,   0.04523,   0.01897,  -0.00892,  -0.02205,  -0.03026,  -0.08770,  -0.01221,   0.07313,   0.01077,   0.00256,   0.05016,   0.06164,  -0.01385,  -0.03846,   0.01897,  -0.04339,  -0.00072,   0.03210,   0.01569,   0.00420,   0.02882,   0.03703,  -0.01056,   0.05508,  -0.03682,  -0.04175,   0.01405,  -0.00236,  -0.01221,  -0.01385,   0.04031,   0.02554,   0.03539,   0.03703,  -0.01713,   0.00092,   0.08134,   0.00420,   0.02226,   0.01405,   0.02718,  -0.02041,   0.04687,  -0.05652,   0.04359,  -0.01385,  -0.04339,  -0.00892,  -0.02533,  -0.01221,  -0.04175,  -0.01056,   0.02554,   0.01733,   0.00092,   0.03046,  -0.04667,  -0.01549,  -0.01221,   0.00913,   0.05180,   0.02226,  -0.08113,  -0.01221,   0.03210,   0.03210,   0.00585,  -0.02698,  -0.08113,   0.02882,  -0.01877,  -0.01221,   0.06164,  -0.01056,   0.06985,   0.04359,  -0.01221,  -0.01713,   0.04523,  -0.00728,  -0.03518,   0.00913,   0.01241,   0.04031,   0.02718,   0.07969,   0.01077,   0.01241,   0.02062,   0.02554,  -0.05159,   0.05836,  -0.03026,  -0.04010,   0.07477,   0.01241,   0.01733,  -0.00892,  -0.00236,   0.03867,   0.03539,   0.04523,   0.02226,   0.04687,  -0.05652,  -0.08113,   0.02554,  -0.09754,   0.01077,   0.04851,   0.04851,  -0.08605,   0.00585,  -0.01549,   0.03210,   0.16175,  -0.05487,   0.00585,   0.04687,   0.01241,  -0.00400,   0.06657,  -0.03518,   0.03539,  -0.05816,   0.02390,  -0.05816,   0.06164,  -0.04339,  -0.01549,  -0.00072,  -0.00728,   0.05672,  -0.01877,   0.00420,   0.01405,   0.02554,   0.00092,  -0.05323,  -0.00892,   0.04031,   0.02226,  -0.00892,   0.00420,   0.04687,   0.09611,  -0.04831,  -0.11724,   0.01569,   0.05016,  -0.03682,  -0.00728,  -0.06144,  -0.05323,  -0.03682,  -0.01385,   0.08298,   0.05508,  -0.01877,   0.02718,  -0.01549,   0.00913,  -0.02205,   0.03046,   0.02390,   0.00585,   0.03374,  -0.07129,  -0.00892,  -0.07949,  -0.02041,   0.03539,  -0.00892,   0.06657,   0.02882,  -0.02533,   0.02062,  -0.05980,   0.01733,   0.03374,   0.02882,   0.07149,  -0.01221,  -0.02205,   0.04195,   0.01569,   0.03867,   0.03703,   0.06492,  -0.07293,  -0.00400,  -0.02862,  -0.01549,   0.03374,  -0.01877,  -0.02862,   0.00585,  -0.04175,  -0.03682,   0.07313,  -0.05159,  -0.01549,  -0.11888,  -0.02369,   0.00256,  -0.06308,  -0.03682,  -0.05323,  -0.02698,  -0.04667,   0.04195,   0.05508,  -0.02369,   0.00256,   0.03374,   0.06821,  -0.04175,  -0.02862,   0.03374,   0.02882,  -0.03190,  -0.05487,  -0.01713,   0.02390,  -0.03354,  -0.03518,  -0.05652,   0.02062,  -0.02698,   0.00420,  -0.06636,  -0.01549,   0.06328,   0.01241,   0.01077,   0.01405,  -0.04831,   0.02062,  -0.00400,   0.00749,   0.05836,  -0.03682,   0.00749,  -0.00728,  -0.00728,  -0.01713,  -0.03682,   0.02718,  -0.02698,   0.00420,  -0.02041,  -0.01877,  -0.00564,  -0.03354,   0.01897,   0.01897,  -0.00564,  -0.00892,  -0.06472,   0.09118,  -0.00236,   0.01405,   0.01569,  -0.00072,   0.04195,   0.00585,  -0.00564,  -0.01385,  -0.03682,   0.14698,  -0.02698,  -0.01877,   0.02554,   0.12400,   0.00749,  -0.03682,   0.01733,  -0.03354,  -0.06144,  -0.01549,  -0.06964,   0.00256,   0.02226,  -0.03846,  -0.08605,   0.03539,   0.01077,  -0.05159,  -0.04995,  -0.00728,  -0.01221,  -0.01385,   0.07477,  -0.02369,  -0.00564,   0.08790,  -0.03846,   0.08298,  -0.01713,  -0.02369,  -0.07621,  -0.01221,   0.02226,  -0.01549,  -0.07457,   0.02718,  -0.01877,   0.06164,  -0.03682,  -0.01549,  -0.00892,  -0.00728,   0.03210,   0.00585,   0.00256,   0.01897,  -0.00892,   0.01241,   0.03374,   0.07641,   0.05344,   0.00749,   0.01077,  -0.01549,  -0.04010,   0.04687,  -0.01221,  -0.05323,   0.03374,  -0.03518,  -0.00564,   0.00420,   0.06821,   0.00749,  -0.09426,  -0.01877,   0.01405,  -0.11067,   0.04523,   0.02226,  -0.01056,   0.03210,   0.01569,   0.00585,  -0.00236,  -0.05652,   0.01733,   0.01241,  -0.03190,  -0.05487,   0.01733,  -0.02533,  -0.04010,   0.00092,  -0.04339,   0.02718,   0.04851,   0.05016,  -0.10247,   0.01241,   0.00256,   0.14206,   0.01405,   0.07313,  -0.05487,  -0.01877,  -0.01549,   0.00420,   0.01077,   0.07149,  -0.05323,   0.03539,  -0.07129,   0.06000,  -0.02533,  -0.01549,   0.00420,  -0.06636,  -0.00892,   0.00256,  -0.04339,   0.01241,   0.05016,   0.05016,  -0.02041,   0.03374,   0.06164,   0.06985,  -0.02205,  -0.01385,   0.00420,   0.00092,  -0.01713,  -0.05487,   0.01733,   0.03867,   0.01897,  -0.08441,   0.09939,  -0.06144,   0.03210,  -0.02369,  -0.06800,   0.03867,   0.02554,   0.03539,   0.05672,   0.03703,  -0.05816,   0.03210,  -0.04503,   0.05016,   0.02062,   0.02062,  -0.03190,   0.02718,   0.03210,   0.02226,  -0.00892,  -0.03026,  -0.01385,  -0.03026,  -0.10082,   0.03703,  -0.02862,  -0.04667,   0.04031,  -0.04010,  -0.00892,  -0.02698,  -0.03846,   0.01077,  -0.05980,  -0.01549,   0.03046,  -0.02698,   0.00913,  -0.08113,  -0.02862,   0.02226,  -0.04175,   0.08298,  -0.03682,   0.03210,   0.06328,  -0.08113,  -0.00400,   0.04359,  -0.03026,   0.00256,   0.01241,   0.02390,   0.08954,   0.02554,   0.05508,   0.02226,   0.09775,  -0.02205,   0.03539,   0.00749,   0.02062,  -0.00400,  -0.04503,  -0.06144,  -0.05159,  -0.05323,  -0.00072,   0.06000,   0.00092,   0.04195,  -0.05980,  -0.06800,  -0.00892,   0.02390,   0.05672,   0.00585,   0.02062,   0.09282,   0.03046,   0.03046,   0.00420,   0.05016,  -0.01713,  -0.02533,  -0.02205,   0.00256,  -0.06144,   0.03867,  -0.02862,   0.01569,  -0.01713,  -0.00564,   0.00420,  -0.05159,   0.02882,  -0.06144,  -0.01713,   0.04851,  -0.00400,   0.01077,   0.02390,   0.03374,  -0.01877,  -0.05980,   0.01077,  -0.04995,  -0.06144,  -0.03026,   0.04031,  -0.05816,   0.03703,  -0.00564,   0.01241,   0.01241,   0.01733,  -0.00892,  -0.03026,   0.04195,  -0.02533,   0.02226,  -0.01385,  -0.05980,   0.04851,  -0.00892,  -0.03846,   0.04359,  -0.12380,   0.02390,   0.01733,   0.02882,   0.03539,  -0.03026,   0.02718,  -0.00892,   0.05672,   0.00749,  -0.04667,  -0.01385,   0.03046,   0.03867,   0.00749,   0.02062,   0.00913,   0.06492,  -0.01385,  -0.06800,   0.01569,   0.04359,   0.06985,   0.11088,   0.04359,   0.10759,   0.03539,   0.02882,   0.03867,   0.01077,  -0.05159,  -0.04175,   0.03046,  -0.03846,   0.01241,   0.05344,   0.03210,  -0.02698,   0.01733,   0.01241,  -0.06144,   0.03046,  -0.02369,   0.03867,   0.02226,  -0.04831,  -0.03682,  -0.02369,   0.04359,   0.06821,  -0.08770,   0.01733,   0.00092,  -0.03518,  -0.00728,   0.01897,   0.02882,   0.04359,   0.04195,  -0.02369,   0.01897,  -0.10739,  -0.06308,   0.02062,  -0.02862,  -0.01713,   0.05344,  -0.03026,   0.00749,   0.02554,  -0.06144,  -0.00892,   0.04359,   0.06000,  -0.00892,   0.03210,  -0.04175,  -0.02041,   0.07805,  -0.00892,   0.00749,  -0.03518,  -0.08277,  -0.02533,   0.04851,  -0.05159,   0.05672,  -0.04831,  -0.01713,  -0.03026,  -0.04831,  -0.03026,   0.01077,  -0.02862,  -0.02698,  -0.02369,   0.05180,   0.00420,   0.01569,   0.06328,   0.03703,   0.04687,   0.00092,  -0.00400,  -0.05487,   0.01405,  -0.05652,  -0.02698,  -0.01221,   0.01405,  -0.01056,   0.04195,  -0.02862,   0.04195,  -0.03026,   0.03703,   0.03539,  -0.00236,   0.02718,   0.01077,   0.08626,  -0.05487,   0.01569,   0.00585,  -0.02205,   0.00913,   0.06492,  -0.01385,  -0.04667,   0.05344,  -0.01877,   0.03374,   0.06657,   0.00913,   0.00913,  -0.03190,  -0.03682,  -0.06308,   0.00256,  -0.06636,   0.04031,   0.04031,   0.01897,   0.01405,   0.04195,  -0.07293,  -0.04175,   0.01405,   0.10759,  -0.00400,  -0.00892,   0.13057,  -0.00564,  -0.00892,  -0.07785,   0.05672,  -0.00236,  -0.03682,  -0.04667,   0.01569,  -0.03518,   0.03046,   0.07805,  -0.02041,   0.01241,  -0.00236,  -0.03354,   0.01897,   0.03703,  -0.01877,   0.00092,   0.00913,  -0.07129,   0.03046,  -0.02698,  -0.06308,   0.00420,  -0.08934,  -0.03518,  -0.04010,  -0.06144,  -0.01713,  -0.01221,   0.00585,   0.04851,  -0.01549,  -0.02862,  -0.05652,   0.01241,  -0.00236,  -0.02369,  -0.06308,   0.07313,   0.01733,   0.00256,  -0.00072,  -0.02205,  -0.05159,   0.05180,  -0.13857,   0.01897,  -0.02041,  -0.02533,  -0.05652,  -0.00236,   0.05016,   0.04195,   0.03046,   0.09939,  -0.03190,   0.10923,  -0.03190,   0.02882,   0.00749,   0.05508,  -0.03190,   0.02390,   0.04523,   0.01897,  -0.06144,   0.03703,   0.03210,   0.00749,   0.04523,  -0.04667,   0.01241,   0.01569,  -0.06800
  -0.00072,  -0.00236,   0.01569,  -0.02369,  -0.00564,  -0.00400,   0.01897,   0.12236,  -0.07129,   0.00585,   0.02226,  -0.03518,  -0.01549,  -0.04995,   0.07805,  -0.03518,  -0.00564,  -0.00072,  -0.03518,  -0.00072,  -0.01877,   0.03867,   0.02390,   0.04195,  -0.03354,  -0.06636,  -0.05652,   0.04851,  -0.01549,  -0.00564,   0.04523,  -0.12544,  -0.01549,   0.05508,   0.08790,   0.05180,  -0.00564,   0.00092,   0.01569,  -0.05159,   0.07149,  -0.00072,   0.06657,   0.02554,   0.03374,   0.04687,  -0.07785,  -0.02205,  -0.06308,   0.03703,  -0.07457,   0.10103,   0.07969,  -0.09098,   0.08134,   0.01405,  -0.04175,  -0.04010,   0.06328,   0.03703,  -0.03846,  -0.03682,   0.00585,  -0.03846,  -0.07457,   0.10923,   0.04031,  -0.06800,  -0.00892,  -0.00072,  -0.00400,   0.01569,   0.05180,  -0.07457,  -0.01056,  -0.02041,   0.03374,   0.04851,   0.00913,   0.05180,   0.06164,   0.01077,   0.02390,  -0.01385,   0.06000,  -0.02533,  -0.01877,  -0.01221,   0.01733,  -0.05159,   0.08134,  -0.07785,   0.08134,  -0.00892,  -0.01221,   0.01569,   0.02882,  -0.04010,  -0.02533,  -0.07457,  -0.04667,  -0.02533,  -0.02862,  -0.03190,   0.00256,   0.03539,   0.02718,  -0.00400,   0.04687,   0.11252,   0.00420,  -0.00072,  -0.04831,  -0.03518,  -0.05323,  -0.03026,  -0.04667,   0.06164,   0.02882,  -0.01877,   0.02226,   0.09775,   0.05508,   0.05016,  -0.01056,  -0.05487,  -0.04010,   0.04359,  -0.03354,  -0.04010,   0.01405,   0.06000,   0.03374,   0.00256,   0.03867,  -0.02698,  -0.06964,   0.05344,   0.02718,  -0.04831,   0.00913,   0.01077,   0.03703,  -0.01221,  -0.03026,  -0.04831,   0.03210,  -0.04339,  -0.02369,   0.01733,  -0.02041,   0.02226,  -0.01877,   0.03539,   0.01733,   0.00256,  -0.02369,   0.00749,  -0.09426,   0.01897,   0.00913,  -0.01385,  -0.01713,  -0.06144,  -0.01221,  -0.01549,  -0.03190,  -0.08277,   0.01569,   0.07477,   0.00420,  -0.00072,   0.05180,  -0.00728,  -0.00728,  -0.06308,   0.03374,   0.03210,   0.05180,   0.06985,  -0.00892,  -0.05816,   0.02718,   0.10431,   0.08954,   0.01241,  -0.01877,   0.06000,  -0.14021,  -0.04175,  -0.03190,   0.00585,  -0.02862,   0.00256,  -0.03026,   0.05344,   0.00913,   0.03703,  -0.01877,  -0.00728,  -0.02369,   0.00585,   0.02718,   0.00585,  -0.07949,   0.06328,   0.03374,  -0.04339,   0.03046,   0.00420,  -0.00728,  -0.05652,   0.01405,  -0.03846,   0.05672,   0.03046,  -0.03354,  -0.01877,  -0.05487,   0.04031,   0.03210,  -0.00072,  -0.03190,   0.04195,   0.05016,   0.01897,   0.00420,   0.03210,   0.01077,   0.00092,  -0.00892,  -0.08441,  -0.03354,   0.03210,   0.03374,  -0.04667,   0.03867,   0.07805,  -0.07129,  -0.04667,  -0.00892,  -0.05159,  -0.01713,  -0.00236,   0.01405,  -0.02041,  -0.01221,   0.02390,  -0.01549,  -0.04667,  -0.00564,   0.08790,  -0.04503,  -0.02862,   0.00585,  -0.02533,   0.07149,   0.02390,  -0.03190,   0.02554,   0.00585,   0.14041,  -0.01221,  -0.04010,  -0.04339,  -0.04667,   0.04851,   0.01733,  -0.04175,  -0.00564,  -0.01056,  -0.08441,   0.00913,  -0.05487,   0.03210,   0.06000,  -0.02205,   0.07149,  -0.06964,  -0.05652,  -0.06800,   0.00256,   0.10759,  -0.00236,   0.04359,  -0.00564,  -0.00072,   0.02390,  -0.08441,  -0.00892,   0.04851,  -0.06144,  -0.02369,   0.00420,  -0.01385,   0.01569,  -0.03190,  -0.00892,   0.03046,  -0.01385,   0.04031,  -0.06472,   0.00420,   0.02882,  -0.04175,   0.04851,  -0.00728,  -0.00892,   0.03046,   0.03703,  -0.02041,  -0.06472,  -0.01713,   0.01897,   0.00585,  -0.04175,   0.02718,  -0.01385,   0.00420,  -0.11231,  -0.00400,   0.03703,   0.01241,   0.03210,   0.04687,  -0.05652,  -0.03846,   0.00913,   0.04687,   0.02882,  -0.00072,   0.00749,   0.04031,  -0.11395,  -0.01056,  -0.01056,   0.01897,   0.03867,   0.08462,  -0.00728,  -0.03846,   0.05508,  -0.00892,   0.04031,  -0.04831,   0.05508,  -0.01713,  -0.01385,  -0.04339,  -0.00564,   0.03867,  -0.01713,   0.09939,  -0.01385,  -0.01221,   0.02718,  -0.01713,  -0.04175,  -0.03190,   0.00092,  -0.00728,  -0.06472,   0.01569,   0.09775,  -0.01549,   0.00585,  -0.00728,  -0.07457,   0.00092,  -0.01385,  -0.00728,  -0.04339,  -0.01713,   0.00913,  -0.02041,  -0.00072,  -0.03026,   0.04195,  -0.02533,  -0.00400,  -0.03026,   0.05180,  -0.01549,  -0.01549,   0.04523,   0.00913,   0.00420,  -0.01056,  -0.01385,   0.04687,  -0.01549,  -0.01056,   0.01241,  -0.02862,  -0.00728,   0.08790,  -0.00892,   0.04031,   0.04687,   0.07313,  -0.04339,  -0.07785,   0.00420,   0.02554,   0.05672,   0.09775,   0.02062,  -0.10575,  -0.02533,  -0.05816,   0.01405,   0.07477,  -0.00072,   0.01897,   0.02882,   0.01569,  -0.01877,  -0.02533,   0.05836,   0.08790,  -0.00892,   0.00092,   0.03210,   0.02226,  -0.05323,   0.04359,   0.00749,  -0.03354,  -0.04339,   0.02882,  -0.00072,   0.03703,   0.11744,  -0.00892,   0.02882,  -0.01056,   0.09282,  -0.03518,   0.07313,   0.05344,   0.00256,   0.02062,  -0.01549,   0.03539,  -0.08770,  -0.04831,   0.00420,  -0.01713,  -0.01385,  -0.05487,  -0.02041,   0.03539,   0.04687,   0.01569,  -0.04995,   0.08626,  -0.04667,  -0.02205,   0.07477,   0.00256,   0.05016,  -0.00728,   0.01405,  -0.02862,   0.01405,   0.02882,  -0.00892,  -0.01056,   0.05180,  -0.13529,  -0.00564,   0.02226,   0.00749,   0.04523,   0.06164,   0.02390,   0.00256,   0.02390,  -0.05980,  -0.00400,  -0.00728,   0.00092,  -0.06308,   0.07149,  -0.03026,   0.07477,  -0.01549,  -0.01877,  -0.04175,   0.01569,   0.01569,   0.06000,   0.09118,   0.01405,  -0.04667,  -0.03518,   0.03046,  -0.00400,  -0.01549,   0.00092,  -0.06472,   0.01569,  -0.01221,  -0.01221,  -0.04831,   0.03046,   0.01077,   0.07313,  -0.02205,   0.04523,   0.07313,  -0.04995,   0.02554,   0.05672,   0.03374,   0.00913,  -0.00892,  -0.03518,   0.03210,   0.04687,   0.00256,  -0.00728,   0.03703,   0.01241,   0.01569,   0.03210,   0.00585,   0.04523,  -0.05487,   0.05180,  -0.01713,   0.03703,  -0.00236,  -0.01221,   0.08462,  -0.02698,  -0.05652,  -0.03354,   0.00256,  -0.05159,   0.02390,   0.03374,   0.09775,   0.01733,  -0.05980,   0.03867,  -0.00728,  -0.05487,  -0.02533,   0.03210,  -0.04831,   0.00256,  -0.00072,   0.01077,  -0.04667,   0.02390,  -0.05323,   0.04031,  -0.02041,  -0.06800,  -0.01056,  -0.01385,  -0.02698,  -0.00072,  -0.01877,   0.02226,   0.01569,  -0.00072,   0.08134,  -0.00072,   0.10923,  -0.01385,  -0.01385,   0.02882,  -0.00400,  -0.04503,  -0.02041,   0.07313,  -0.02041,  -0.07457,   0.00092,  -0.02698,  -0.01056,   0.04851,   0.03703,   0.06000,  -0.01713,  -0.02533,   0.02062,   0.01241,   0.05508,  -0.02698,   0.02062,  -0.07293,  -0.00892,   0.02718,  -0.07129,   0.09446,  -0.00400,  -0.00236,  -0.07949,  -0.07785,  -0.00400,   0.02718,  -0.00564,  -0.00892,  -0.03682,  -0.00728,  -0.04339,   0.03703,  -0.01549,  -0.11888,   0.05344,   0.01077,  -0.02533,  -0.06636,  -0.03026,  -0.06472,   0.01569,   0.00092,   0.06328,  -0.04339,   0.05836,   0.03046,   0.01077,  -0.00728,   0.03867,  -0.01385,   0.02390,   0.01733,  -0.07129,   0.06821,   0.00585,  -0.04995,   0.01241,  -0.03518,   0.00913,  -0.03682,   0.02390,   0.06000,  -0.02533,  -0.05816,   0.06657,   0.01733,  -0.03354,  -0.09918,  -0.01549,  -0.00892,   0.04687,   0.02062,  -0.00728,   0.07641,  -0.01549,  -0.04010,   0.02226,   0.08298,  -0.01877,  -0.03190,  -0.00236,   0.06000,   0.00585,   0.00092,  -0.04667,  -0.01549,  -0.04010,  -0.05487,   0.03703,   0.04359,  -0.04010,  -0.00728,  -0.00564,   0.04359,   0.04687,   0.07805,   0.01241,  -0.03190,   0.10431,   0.03539,  -0.07785,   0.00913,   0.01569,  -0.06964,  -0.02205,   0.06492,  -0.01221,   0.00585,   0.02062,   0.00256,   0.07641,   0.12072,  -0.00892,  -0.03190,   0.05180,   0.04359,  -0.04503,   0.04687,   0.03703,   0.06000,   0.11580,  -0.08605,   0.03539,  -0.07785,  -0.02698,   0.01405,  -0.04175,   0.01733,  -0.06636,  -0.04175,  -0.06636,  -0.02041,   0.01733,  -0.01056,  -0.05816,  -0.01877,   0.04851,   0.00749,   0.01241,  -0.07621,   0.06821,   0.02062,  -0.00892,   0.02718,   0.09611,   0.06328,  -0.03846,   0.01897,  -0.02533,  -0.00892,   0.04031,   0.01569,  -0.12052,   0.01405,  -0.05159,  -0.00072,   0.00420,  -0.05323,  -0.02698,   0.03703,   0.01733,   0.03867,  -0.09262,   0.01569,  -0.08770,   0.01569,   0.03374,  -0.04503,   0.03374,  -0.04175,  -0.07785,  -0.02041,  -0.03518,   0.01897,   0.05836,  -0.01056,  -0.07949,   0.01241,   0.01897,  -0.01549,  -0.02369,   0.04195,   0.05344,   0.01241,  -0.10903,   0.04359,  -0.01385,   0.00585,   0.00092,  -0.01549,   0.01077,  -0.00564,  -0.06964,  -0.01056,   0.00913,  -0.00564,   0.00092,  -0.10739,  -0.00728,   0.01241,   0.05180,   0.03374,   0.02390,  -0.05652,  -0.02041,   0.08626,   0.00420,   0.06328,  -0.09754,   0.05016,  -0.04995,  -0.02041,  -0.05159,   0.08134,   0.00585,  -0.09098,  -0.04995,  -0.07457,   0.07969,   0.01569,   0.02554,  -0.00892,   0.01897,  -0.01056,  -0.00400,   0.04359,   0.06985,   0.00585,  -0.03354,   0.03703,   0.00092,   0.03374,  -0.04503,   0.00749,   0.02062,   0.00420,   0.01077,  -0.04503,  -0.00728,   0.01733,   0.11088,  -0.09918,  -0.01877,   0.02390,   0.06657,   0.01077,   0.02554,   0.06000,  -0.00400,   0.03210,   0.01733,   0.01733,  -0.09098,   0.04359,   0.00092,   0.02882,  -0.01549,  -0.05487,   0.01733,   0.03046,  -0.02205,  -0.01056,   0.06000,   0.05016,   0.08134,   0.04851,  -0.03846,  -0.00728,  -0.01385,   0.04359,  -0.07293,   0.06985,  -0.02041,   0.08626,   0.00585,   0.05672,   0.02554,  -0.02205,  -0.04010,  -0.06964,  -0.00728,   0.00256,   0.01077,   0.01733,   0.04359,  -0.00072,  -0.03518,  -0.07949,  -0.02533,  -0.07293,  -0.02698,  -0.00892,  -0.01385,  -0.03846,  -0.00564,  -0.00892,  -0.02862,   0.04523,  -0.00728,  -0.08934,   0.03046,   0.02062,  -0.00400,   0.03703,   0.01733,   0.02882,  -0.03190,  -0.05816,   0.01897,   0.01733,  -0.05652,  -0.01385,   0.00256,  -0.04995,  -0.05159,   0.04031,  -0.00400,   0.01077,  -0.03354,   0.00749,   0.00913,   0.02718,  -0.01877,  -0.05159,  -0.03682,  -0.01221,   0.00092,   0.03046,   0.01405,   0.05180,   0.00749,   0.05344,   0.00256,   0.05672,  -0.00728,   0.07313,   0.03046,  -0.05980,  -0.03518,  -0.07785,  -0.08770,  -0.01877,  -0.03518,  -0.05816,   0.05016,  -0.05816,   0.02390,  -0.06472,   0.05508,   0.02718,  -0.10739,  -0.07785,  -0.01385,  -0.04667,  -0.04010,   0.02882,  -0.04667,  -0.00564,   0.00585,  -0.00400,  -0.02205,  -0.00072,  -0.00564,  -0.01549,  -0.03682,   0.00585,   0.01077,   0.00913,  -0.04667,   0.02390,   0.00420,  -0.06636,   0.03374,   0.04359,  -0.03846,   0.02226,   0.00585,  -0.06964,   0.04687,   0.03210,   0.01241,  -0.07129,   0.03046,   0.04523,   0.00913,   0.01569,   0.02718,  -0.00072,   0.05180,   0.04195,   0.05836,  -0.03190,   0.04359,  -0.04010,   0.06821,   0.01569,   0.06164,   0.00749,  -0.04667,   0.01733,   0.07149,  -0.02205,   0.11744,   0.09775,   0.08298,   0.02226,   0.04359,   0.01241,  -0.00400,  -0.01713,  -0.00400,  -0.07457,   0.02062,  -0.00072,  -0.01221,  -0.01385,   0.04359,  -0.05323,  -0.01549,   0.02882,   0.02718,   0.03210,   0.10267,  -0.02041,  -0.00892,  -0.01549,   0.00420,  -0.04995,  -0.01549,  -0.01056,   0.07313,  -0.04995,   0.01241,   0.00420,  -0.02041,  -0.03354,  -0.06308,   0.00092,  -0.06144,   0.04687,  -0.06964,   0.00749,   0.02882,   0.01897,   0.03539,  -0.04995
   0.00585,  -0.02369,  -0.02041,   0.00913,  -0.03026,  -0.02041,  -0.07949,  -0.03846,  -0.03026,  -0.01713,  -0.00564,  -0.01056,  -0.04175,  -0.02533,  -0.00728,  -0.05816,  -0.03846,  -0.04503,  -0.02698,   0.07313,  -0.02041,   0.06492,   0.01569,  -0.05323,  -0.06964,  -0.02533,  -0.01385,  -0.06144,   0.01733,  -0.04503,  -0.00072,  -0.04831,  -0.02205,   0.04031,   0.06657,  -0.05816,  -0.03354,   0.09446,  -0.01877,   0.01077,  -0.01713,   0.02718,   0.04851,   0.01733,  -0.01056,   0.05836,   0.03374,   0.05836,  -0.00236,   0.02718,   0.00749,  -0.03190,  -0.00236,  -0.01713,   0.00420,  -0.00564,  -0.04339,   0.02226,  -0.00564,   0.02226,  -0.00072,   0.04851,   0.03046,  -0.00728,  -0.05323,   0.01405,   0.00585,   0.00420,  -0.02369,   0.00749,  -0.06144,  -0.00236,   0.04195,   0.00749,   0.07805,   0.00913,  -0.01713,  -0.04175,   0.02226,  -0.04503,  -0.01713,   0.05836,   0.00913,   0.07313,   0.06000,   0.03374,   0.03046,  -0.00564,   0.01077,   0.02882,   0.09611,  -0.04503,   0.01077,   0.01733,   0.07641,  -0.07621,   0.01241,   0.04687,  -0.01549,   0.03374,   0.07969,   0.01733,  -0.00400,   0.06657,  -0.01221,  -0.05487,   0.09775,  -0.05980,  -0.03354,   0.01897,  -0.08113,  -0.05159,  -0.03682,  -0.01877,   0.01569,  -0.02041,  -0.04995,   0.04359,  -0.00072,  -0.05652,  -0.10739,  -0.03518,  -0.05652,   0.08462,  -0.00728,   0.00749,   0.03867,   0.02062,  -0.06964,  -0.05323,  -0.05652,  -0.05323,   0.06821,  -0.02533,  -0.04667,  -0.04667,   0.04523,   0.01569,  -0.06964,   0.03539,   0.00585,   0.04359,  -0.03354,   0.09446,   0.02882,   0.02882,   0.03374,  -0.02041,   0.00585,  -0.01221,  -0.05159,  -0.00892,  -0.03354,   0.03046,  -0.01056,   0.04359,  -0.00072,   0.00749,  -0.09098,  -0.04995,   0.01241,   0.01569,   0.02390,  -0.01221,   0.00749,  -0.04995,   0.00913,  -0.00236,   0.00585,   0.05344,  -0.01713,  -0.00728,  -0.08113,   0.06164,  -0.11231,  -0.00400,  -0.01385,   0.01077,   0.04195,  -0.01877,   0.06164,  -0.09918,   0.09118,   0.00913,  -0.02533,   0.04195,   0.02390,  -0.02369,   0.10759,   0.02554,   0.00913,   0.05672,   0.03046,  -0.00892,  -0.01056,   0.00256,  -0.01877,   0.01077,   0.02882,  -0.01549,   0.02882,   0.01241,  -0.01549,  -0.01877,  -0.00400,  -0.00728,   0.03210,  -0.03354,   0.00749,   0.00585,   0.05836,   0.02718,   0.01897,  -0.04503,   0.02882,   0.04523,   0.00749,  -0.01549,   0.04359,  -0.03026,  -0.03190,  -0.00892,   0.02390,  -0.06800,   0.00256,  -0.01056,  -0.06308,   0.08462,  -0.01549,  -0.11724,  -0.00400,  -0.03026,  -0.02698,   0.04851,  -0.10575,  -0.07621,   0.05180,   0.00256,  -0.02862,   0.02226,   0.04851,   0.03374,  -0.03518,  -0.02041,  -0.04175,  -0.04010,   0.00585,   0.01897,   0.06492,  -0.08605,  -0.06472,   0.02718,  -0.10247,   0.00420,  -0.06636,   0.01733,  -0.04995,   0.01897,  -0.01549,  -0.00564,   0.02554,  -0.06472,  -0.03518,  -0.02862,  -0.02698,  -0.04667,   0.06000,  -0.04995,   0.00913,  -0.00564,   0.01077,  -0.01056,   0.05016,   0.03210,  -0.04995,   0.02554,  -0.05980,   0.03703,   0.03210,   0.03374,  -0.03846,   0.04359,  -0.02862,  -0.00892,  -0.00072,  -0.01385,  -0.00564,  -0.03026,   0.08626,   0.00256,   0.01077,   0.06000,   0.03374,   0.00420,  -0.02205,  -0.05323,   0.06164,   0.06657,   0.00420,  -0.02862,   0.01241,  -0.06800,   0.01569,  -0.02533,   0.02226,   0.02882,  -0.02369,   0.02062,  -0.04503,  -0.03518,  -0.08113,   0.09611,   0.02882,  -0.04175,  -0.05816,  -0.00892,  -0.02698,  -0.00236,  -0.05980,  -0.02041,   0.07149,   0.02718,   0.04359,   0.05836,   0.04359,   0.03703,  -0.07129,  -0.03846,   0.00749,   0.03210,  -0.00072,  -0.00892,  -0.04667,   0.06164,   0.06657,   0.03867,  -0.00400,  -0.02041,  -0.02533,  -0.01549,   0.00420,  -0.04175,  -0.02041,   0.01897,  -0.00728,   0.00749,  -0.06964,  -0.00728,  -0.06472,  -0.02205,  -0.03518,   0.01077,  -0.01877,   0.01405,  -0.01056,   0.05672,  -0.01056,   0.06657,  -0.02205,  -0.06964,  -0.04831,   0.04687,   0.00913,   0.07641,   0.02062,  -0.04831,   0.04195,   0.03046,  -0.02369,   0.00749,   0.01897,  -0.01713,  -0.06472,   0.02062,  -0.04010,   0.07805,  -0.05487,   0.02718,   0.07477,   0.00420,  -0.09918,  -0.02369,  -0.01385,   0.03867,  -0.03518,  -0.05487,  -0.05487,   0.02390,   0.03867,   0.05016,  -0.05487,   0.01569,   0.05836,   0.01733,   0.02390,  -0.08770,   0.00913,   0.01405,   0.06492,  -0.00892,   0.00420,   0.04031,  -0.06636,   0.03374,   0.01077,   0.03539,  -0.02698,  -0.00072,  -0.08113,   0.00092,  -0.01713,  -0.01385,  -0.01221,   0.06821,   0.06328,   0.02554,  -0.10739,  -0.00236,  -0.00400,  -0.02205,   0.02882,   0.01077,   0.00092,   0.02226,  -0.05980,  -0.02041,  -0.03518,  -0.03026,  -0.05323,  -0.03354,   0.03539,  -0.10739,  -0.04175,   0.03539,   0.02062,   0.07149,   0.00913,   0.02718,   0.00913,  -0.00564,  -0.01549,  -0.04339,   0.07313,   0.06000,  -0.00236,   0.02226,  -0.01385,  -0.01549,  -0.00236,  -0.02533,   0.00420,   0.00913,   0.00256,  -0.02533,   0.04195,   0.05508,  -0.05323,  -0.03026,   0.01897,   0.00256,  -0.00072,   0.00256,  -0.01713,  -0.07621,   0.08134,   0.06821,   0.03210,  -0.02205,  -0.02533,   0.03374,  -0.04667,  -0.04995,   0.01897,   0.00420,   0.00420,  -0.04831,  -0.03518,  -0.09262,   0.07313,  -0.00728,   0.04359,  -0.04667,   0.01077,   0.01897,  -0.00072,   0.00420,  -0.04339,  -0.00236,  -0.02369,  -0.03846,   0.02390,   0.04687,  -0.06964,  -0.05323,   0.02390,  -0.09262,  -0.00072,   0.03867,  -0.05159,  -0.02698,  -0.04010,   0.02718,   0.01897,  -0.03354,  -0.06144,  -0.07293,  -0.02041,   0.05836,  -0.03518,  -0.03190,  -0.04831,   0.01077,  -0.05159,   0.08298,  -0.00072,   0.01733,  -0.01713,   0.05508,   0.06985,   0.01077,  -0.03682,  -0.03354,   0.06000,  -0.02698,  -0.02041,   0.02718,   0.00092,   0.02554,   0.00256,   0.04195,  -0.01056,   0.04031,  -0.04010,  -0.07293,  -0.09098,   0.05508,   0.00749,   0.04523,  -0.03846,  -0.00892,   0.05016,   0.02718,  -0.00892,  -0.02041,  -0.02533,  -0.00400,  -0.09590,   0.04687,  -0.06964,  -0.01549,  -0.00400,   0.02062,   0.00256,   0.06000,   0.04523,   0.05508,   0.05180,   0.03867,  -0.04175,  -0.02041,  -0.03026,   0.04523,  -0.01056,   0.00585,  -0.00072,  -0.01549,  -0.04010,  -0.01877,   0.00585,  -0.03190,   0.01077,  -0.02205,   0.01733,   0.02062,   0.04851,   0.04359,  -0.03026,  -0.04175,   0.07969,   0.05672,   0.01897,   0.03703,   0.03703,   0.05672,  -0.04667,   0.03703,   0.05016,   0.00913,  -0.03026,  -0.08277,  -0.03846,   0.01733,  -0.04667,   0.01897,  -0.07129,  -0.04831,  -0.06144,   0.00749,   0.02554,  -0.00564,  -0.01385,   0.04031,   0.00420,   0.03210,  -0.08770,  -0.03026,  -0.03026,  -0.07293,  -0.00892,   0.02554,  -0.01056,  -0.01221,  -0.04831,  -0.00072,   0.00585,   0.04359,  -0.01221,   0.03703,   0.01733,   0.03046,  -0.02041,   0.00913,   0.03374,  -0.01056,   0.06164,  -0.00400,  -0.02041,   0.00913,  -0.01221,   0.01733,  -0.07129,  -0.01877,  -0.07129,   0.05836,   0.05016,   0.04359,  -0.03518,   0.06657,   0.00420,  -0.00236,  -0.07621,   0.04031,   0.01241,   0.01241,  -0.06308,   0.03374,   0.01733,  -0.00564,  -0.04010,  -0.07293,  -0.00564,   0.04359,  -0.00072,   0.07313,  -0.02698,   0.06985,   0.03374,  -0.00236,   0.03210,  -0.00728,  -0.06472,  -0.02862,   0.01733,  -0.04010,  -0.07785,   0.00092,  -0.03846,   0.01405,   0.03703,   0.07149,  -0.02698,  -0.04831,   0.05180,   0.02062,   0.01405,   0.03046,   0.03867,  -0.07621,   0.04031,  -0.01056,   0.01569,   0.01569,   0.00256,  -0.04010,   0.04031,  -0.06472,  -0.04339,  -0.01221,  -0.09918,   0.01241,   0.01241,  -0.00892,   0.03374,   0.01405,   0.01077,  -0.09262,   0.03539,   0.02882,  -0.02369,   0.03210,  -0.02862,   0.00092,   0.00092,  -0.00400,   0.02062,  -0.01221,  -0.04339,  -0.01385,   0.05508,  -0.04010,   0.01569,  -0.12544,  -0.04010,  -0.00236,   0.02226,  -0.01385,  -0.06964,  -0.03682,  -0.04339,  -0.02862,   0.01405,  -0.02041,   0.02390,   0.05508,  -0.02041,   0.07477,  -0.00728,   0.06492,   0.05508,   0.03867,   0.01569,   0.04523,   0.00420,   0.02554,  -0.01713,   0.06328,   0.05836,  -0.07785,  -0.04995,  -0.04667,  -0.00072,  -0.02041,  -0.01221,  -0.02862,   0.00749,  -0.03190,  -0.00728,   0.04851,  -0.02533,  -0.00072,   0.00256,  -0.01877,   0.03210,  -0.05159,   0.02554,   0.01077,   0.00585,   0.02882,  -0.01549,   0.04031,  -0.05816,  -0.03354,   0.00913,   0.02554,   0.00256,  -0.02041,   0.04195,  -0.06636,  -0.00072,  -0.03354,  -0.01221,  -0.05816,  -0.06308,   0.05180,  -0.02041,  -0.02041,  -0.03026,  -0.06636,  -0.01221,  -0.05323,  -0.00072,  -0.02041,  -0.05487,   0.00913,  -0.02205,   0.01405,  -0.05980,  -0.00728,  -0.02698,  -0.08277,   0.03046,  -0.03026,   0.07805,   0.03046,  -0.01549,  -0.01549,  -0.01221,  -0.00400,  -0.00892,  -0.06636,  -0.03682,   0.07313,  -0.07457,   0.00420,  -0.04175,  -0.00072,  -0.01549,   0.02062,  -0.04503,   0.02226,  -0.04175,  -0.00400,   0.09282,   0.02554,  -0.05980,   0.00913,   0.07313,   0.00256,  -0.08605,   0.04031,  -0.13857,  -0.02698,   0.06821,   0.02062,  -0.00236,  -0.07621,  -0.00236,   0.00256,   0.01569,   0.01241,  -0.04831,   0.01241,  -0.03518,   0.03210,  -0.06636,  -0.00236,  -0.00892,   0.00913,  -0.00236,  -0.06308,   0.02882,  -0.01713,  -0.00072,   0.01569,  -0.08605,   0.04031,   0.02554,   0.04523,  -0.02698,  -0.01713,  -0.04995,  -0.02862,   0.03210,   0.02390,   0.02390,  -0.00564,  -0.03518,   0.00913,  -0.01549,   0.02062,   0.00420,  -0.02533,  -0.01713,  -0.03846,  -0.03190,  -0.03026,  -0.01877,  -0.04995,  -0.04667,   0.02062,   0.02226,   0.00420,   0.03867,   0.04687,  -0.05816,   0.04031,  -0.01221,   0.02062,   0.04687,  -0.00892,   0.07313,  -0.05980,   0.01241,   0.03867,   0.01077,   0.04359,   0.01241,   0.03539,  -0.06144,   0.01241,  -0.04667,   0.04851,  -0.05980,   0.05672,   0.02718,  -0.02041,   0.05672,  -0.03518,  -0.05980,  -0.03682,   0.01405,  -0.04667,  -0.04175,   0.02882,   0.01897,   0.01897,   0.01897,  -0.03518,  -0.05159,  -0.03518,  -0.00728,   0.02882,  -0.02041,  -0.04339,  -0.05816,  -0.00236,   0.01897,  -0.00564,   0.03867,  -0.06144,  -0.04175,   0.01897,   0.01405,   0.08134,  -0.00072,  -0.04503,  -0.00728,  -0.05816,   0.03539,   0.04523,   0.02226,   0.10431,   0.02718,  -0.07949,  -0.02698,  -0.04010,   0.07313,   0.04359,  -0.01877,  -0.02041,  -0.01877,   0.03046,   0.04851,  -0.04175,  -0.01877,  -0.07293,   0.03867,   0.05836,  -0.00400,  -0.03846,   0.04359,  -0.01713,  -0.01056,  -0.00236,   0.01569,   0.00913,  -0.05159,   0.00913,   0.03703,  -0.00728,   0.01733,  -0.03190,  -0.03026,   0.00913,  -0.01385,  -0.07293,  -0.05980,   0.00749,   0.04523,  -0.02698,   0.03703,  -0.06144,   0.02554,  -0.02205,  -0.06800,  -0.01056,   0.03867,   0.02390,  -0.01549,   0.05672,  -0.03354,   0.01897,  -0.02862,   0.04359,   0.00256,  -0.05487,   0.02882,   0.02390,  -0.00728,   0.00585,   0.04195,  -0.07785,   0.02062,   0.03867,  -0.05323,   0.04523,   0.00092,  -0.02369,   0.00420,   0.03539,  -0.01549,   0.00913,   0.05016,  -0.00236,  -0.04831,  -0.05323,   0.02882,   0.01405,  -0.00236,   0.02718,  -0.01713,  -0.00400,  -0.04831,  -0.00400,   0.03539,  -0.03026,   0.02390,   0.04031,   0.02226,   0.01405,   0.13221,   0.09939,   0.03046,   0.02718
   0.00420,  -0.02862,   0.04195,   0.01405,  -0.03354,  -0.03682,   0.01897,   0.06000,   0.06492,  -0.03026,  -0.02862,  -0.02041,  -0.00400,  -0.03518,  -0.06636,   0.02390,   0.00256,   0.06985,  -0.04831,   0.05672,  -0.00892,   0.00913,   0.04031,   0.05016,  -0.00400,   0.00913,   0.03867,   0.03210,  -0.01713,   0.02062,  -0.00072,   0.01241,   0.01241,  -0.00400,  -0.01877,  -0.00728,  -0.02041,  -0.05323,  -0.02369,  -0.03682,  -0.04503,  -0.01385,   0.02226,   0.01077,   0.02390,   0.00092,   0.00256,   0.03539,  -0.01713,  -0.02698,   0.01077,   0.01897,  -0.02205,  -0.01877,   0.07805,  -0.02698,   0.02390,   0.01897,  -0.06964,   0.01405,  -0.04667,   0.06164,   0.00749,   0.05016,  -0.03026,   0.00256,   0.07477,  -0.04175,   0.00749,  -0.06308,   0.05836,  -0.02533,  -0.02041,   0.01569,  -0.00892,  -0.00728,  -0.06800,  -0.01221,  -0.04010,  -0.06472,  -0.04010,  -0.00728,   0.00420,   0.02062,   0.06328,   0.07149,  -0.03682,  -0.05652,  -0.00892,  -0.11395,  -0.00728,   0.12072,  -0.00728,   0.01077,  -0.04831,   0.05016,  -0.05323,  -0.06472,   0.00420,  -0.01549,  -0.01056,  -0.06308,  -0.03682,  -0.00400,  -0.04831,   0.05508,   0.08790,   0.06492,   0.01077,  -0.01385,   0.01897,   0.05836,  -0.01713,   0.01569,  -0.00728,   0.04195,   0.02390,   0.02062,  -0.03518,   0.03046,  -0.04010,  -0.06144,   0.00585,  -0.01385,  -0.01549,   0.04851,  -0.04995,  -0.00400,  -0.01549,   0.00749,   0.06492,  -0.00236,   0.01077,   0.02718,   0.00420,   0.00256,  -0.03190,   0.02718,  -0.03190,   0.05344,  -0.00400,  -0.00072,  -0.00072,   0.02554,  -0.00728,   0.01569,   0.06164,  -0.01221,   0.00092,  -0.02205,   0.10103,   0.01405,  -0.02862,  -0.01056,   0.06328,   0.00749,  -0.04831,  -0.01877,  -0.02041,  -0.05159,  -0.05652,  -0.00728,  -0.00400,  -0.03026,   0.04031,  -0.03354,   0.04523,  -0.03026,   0.04359,   0.03867,  -0.04175,  -0.07949,   0.02226,  -0.06964,   0.06000,   0.01077,   0.06000,  -0.02041,   0.01733,   0.04031,   0.03867,   0.02882,  -0.02041,   0.00749,  -0.04339,  -0.02041,  -0.03026,  -0.03518,  -0.03682,   0.01897,   0.06985,   0.08954,  -0.04831,  -0.00236,  -0.02369,   0.08134,   0.08462,  -0.03026,   0.04851,   0.06000,   0.00585,  -0.01549,  -0.02533,  -0.07621,   0.00749,   0.07641,   0.01569,   0.01405,   0.02062,   0.00092,  -0.02041,  -0.10903,  -0.04339,  -0.01385,   0.06821,   0.01405,   0.06328,  -0.03846,   0.02554,  -0.04503,  -0.04175,   0.04359,   0.02390,   0.03374,   0.06328,   0.01733,  -0.04503,  -0.00400,   0.01897,   0.02390,   0.06657,   0.00092,   0.07805,   0.00092,   0.02718,   0.01077,  -0.11559,  -0.03190,   0.01241,  -0.04339,  -0.02205,  -0.01549,  -0.00892,  -0.00400,   0.03374,   0.03867,  -0.01385,  -0.00236,  -0.01549,  -0.03026,   0.05180,   0.04359,  -0.01877,  -0.03354,   0.03210,   0.03046,   0.02062,   0.01241,   0.07313,   0.00913,  -0.03026,   0.03046,   0.00585,   0.02226,   0.04195,  -0.06636,   0.04359,  -0.03354,   0.01241,  -0.00564,  -0.04339,  -0.06964,   0.04523,   0.01897,   0.00420,   0.03210,  -0.04010,  -0.00892,  -0.02041,   0.00256,  -0.00564,  -0.02041,   0.01897,   0.04687,   0.01405,  -0.03518,  -0.07949,   0.03046,   0.00749,   0.01733,  -0.10082,  -0.07129,   0.01405,  -0.01549,   0.06657,  -0.02698,  -0.03354,   0.01569,  -0.02369,  -0.00400,  -0.04339,  -0.05980,  -0.01221,   0.00092,   0.01897,   0.00585,  -0.03518,  -0.02862,  -0.00236,  -0.11067,  -0.03026,   0.02718,   0.00092,   0.03703,   0.01897,  -0.09918,  -0.03682,   0.00092,  -0.12052,  -0.03026,   0.02062,   0.05180,   0.07313,  -0.02369,   0.01405,  -0.01713,   0.02718,  -0.01713,  -0.01056,  -0.01877,   0.06821,  -0.08277,   0.01241,   0.01405,  -0.01877,   0.01405,   0.02226,   0.03046,   0.07149,  -0.00892,  -0.10903,   0.00420,  -0.03026,  -0.07457,   0.00749,  -0.00236,   0.02226,  -0.04831,   0.07641,   0.01405,   0.04851,   0.04523,  -0.00564,   0.03539,   0.01569,   0.00092,  -0.01713,  -0.03846,   0.02062,   0.09446,   0.04195,   0.06657,  -0.04339,  -0.00072,  -0.00564,   0.00092,   0.01569,   0.06492,  -0.13036,  -0.03190,  -0.01056,  -0.04667,   0.04359,   0.00749,   0.03539,   0.03210,   0.04687,   0.00749,  -0.01385,   0.06164,   0.04523,   0.08134,   0.02718,  -0.02041,   0.00585,   0.00913,   0.02718,   0.01733,  -0.06144,   0.02718,  -0.03354,  -0.02533,   0.02062,   0.04031,  -0.02698,   0.02062,  -0.00728,  -0.02205,  -0.04503,  -0.01713,   0.06164,   0.04195,  -0.02698,   0.04359,  -0.02698,   0.04359,   0.00420,  -0.02698,   0.02390,   0.02226,  -0.02369,   0.02390,   0.06492,   0.01733,  -0.06964,  -0.01056,  -0.04010,  -0.00564,  -0.10903,   0.01897,  -0.01713,   0.09446,  -0.02698,  -0.00236,   0.03539,  -0.02862,  -0.10411,  -0.01877,  -0.06964,   0.06492,   0.03539,  -0.00728,  -0.07293,  -0.01221,  -0.02862,  -0.08113,  -0.02041,  -0.01549,   0.04523,   0.02718,   0.02062,   0.06985,   0.03867,   0.01405,   0.03867,   0.00749,   0.07805,   0.02062,   0.04851,   0.01733,   0.01241,  -0.06308,  -0.02862,  -0.04339,   0.06000,  -0.04995,  -0.01713,   0.01569,   0.00092,  -0.01221,   0.00913,   0.03539,   0.00256,   0.05344,  -0.05652,   0.00256,   0.02718,  -0.00728,  -0.04667,  -0.01056,  -0.02698,  -0.01549,   0.01405,  -0.03518,  -0.04010,   0.00585,  -0.00072,   0.07313,  -0.01549,   0.00913,  -0.04995,  -0.01056,  -0.00072,  -0.00072,   0.00256,   0.06492,   0.06985,   0.02882,  -0.02369,   0.01405,  -0.01221,  -0.01549,   0.03046,   0.01733,  -0.07785,  -0.00236,  -0.01713,   0.03210,   0.05672,   0.00585,  -0.00236,  -0.00400,  -0.04995,   0.02554,   0.01077,   0.03210,  -0.00892,   0.04195,   0.06985,  -0.03026,   0.01077,  -0.01549,   0.01569,  -0.01056,   0.01569,   0.03210,   0.09611,   0.03046,   0.01897,   0.03046,   0.00420,  -0.00564,  -0.03682,   0.00913,   0.02062,   0.03703,  -0.02698,   0.03867,   0.05016,  -0.05159,   0.09282,  -0.09426,   0.01241,   0.02226,  -0.00072,   0.00913,  -0.00728,   0.03374,  -0.02533,   0.01077,  -0.04010,  -0.01549,   0.02882,  -0.01877,   0.04687,   0.00256,   0.02882,  -0.01549,  -0.02205,   0.00749,  -0.05323,  -0.09918,  -0.01877,   0.04851,   0.02062,  -0.00892,   0.01405,  -0.00728,  -0.03354,   0.01733,   0.00256,   0.04851,  -0.02205,   0.03703,   0.01405,   0.01405,   0.04195,   0.00420,   0.00585,  -0.01056,  -0.04339,   0.00092,   0.06985,  -0.02533,  -0.04995,   0.02062,   0.08134,   0.02226,  -0.05980,   0.00749,   0.03046,  -0.02369,   0.01733,   0.00256,  -0.02369,   0.05344,  -0.05652,  -0.04995,   0.06164,   0.00420,  -0.03354,   0.07313,  -0.01221,  -0.02533,  -0.01713,   0.00092,   0.00420,   0.00256,  -0.00072,   0.02882,  -0.05652,  -0.01056,   0.01569,   0.00256,  -0.04175,  -0.01221,  -0.06144,   0.00913,   0.04031,   0.04031,   0.05016,  -0.07949,   0.05344,   0.00585,   0.07313,   0.02062,   0.01733,  -0.03846,   0.03046,  -0.02205,   0.02390,   0.05180,  -0.02041,  -0.01713,  -0.00728,   0.00420,  -0.00400,  -0.00892,   0.01733,  -0.04175,  -0.07785,   0.02882,  -0.04339,  -0.00072,  -0.08605,  -0.01385,  -0.01056,  -0.03190,   0.00585,   0.00256,  -0.03026,   0.01569,  -0.01549,   0.01733,  -0.04831,  -0.02533,   0.01733,   0.00585,   0.00256,   0.09282,  -0.01056,  -0.03190,  -0.01221,   0.05508,  -0.00236,   0.03703,  -0.09918,  -0.00564,  -0.04010,   0.09611,   0.02718,  -0.04995,  -0.01549,  -0.08113,   0.05672,   0.04359,   0.01405,  -0.03026,   0.00749,  -0.04010,  -0.01385,  -0.05487,  -0.00072,   0.09282,  -0.02533,  -0.01056,   0.02390,  -0.02041,  -0.01385,  -0.00728,  -0.03682,  -0.02369,   0.00585,  -0.01549,  -0.00892,  -0.02698,   0.02390,  -0.02205,  -0.04175,  -0.01713,   0.08626,  -0.01385,  -0.00892,  -0.04831,  -0.00892,   0.05672,  -0.11559,  -0.00072,   0.02062,   0.06657,   0.04031,   0.03539,   0.09611,  -0.02205,  -0.01713,  -0.01221,  -0.00072,   0.05836,  -0.02369,  -0.05487,   0.06328,   0.03703,  -0.02369,  -0.01221,   0.09282,  -0.09754,   0.05180,  -0.05323,  -0.06472,   0.04195,   0.02882,   0.01897,  -0.02533,  -0.04010,   0.00913,  -0.01221,  -0.01385,   0.00256,  -0.02369,   0.03374,   0.06657,   0.10267,  -0.02205,  -0.02862,   0.02226,   0.06657,   0.04195,   0.08134,   0.00913,   0.07477,  -0.00072,  -0.01385,   0.00585,   0.01897,  -0.03518,  -0.05159,   0.01733,  -0.04831,  -0.06800,  -0.06636,   0.04195,  -0.00564,  -0.02041,   0.10431,   0.04687,  -0.01385,   0.00092,   0.00585,   0.05508,   0.02718,  -0.01713,   0.01897,  -0.00400,  -0.00236,  -0.06144,   0.10431,  -0.00564,   0.02718,   0.02390,  -0.02041,  -0.00072,   0.08790,   0.02882,  -0.01056,   0.01569,   0.08954,   0.02390,  -0.00072,  -0.03026,  -0.04667,   0.03703,  -0.01877,   0.02882,   0.02718,  -0.04503,  -0.00400,   0.03539,   0.07313,   0.01733,  -0.05652,  -0.09426,   0.07313,   0.02554,  -0.04667,  -0.04995,  -0.08770,  -0.04503,  -0.04175,   0.06985,   0.00256,   0.01897,  -0.03518,  -0.00400,  -0.03026,   0.00256,  -0.04995,  -0.00892,   0.00913,  -0.05487,  -0.02041,   0.03046,   0.02554,   0.04851,   0.04359,   0.02718,   0.06328,  -0.00564,   0.01733,  -0.00728,   0.05508,   0.05508,  -0.11724,   0.00585,  -0.00892,   0.08134,  -0.04503,  -0.10739,  -0.06472,  -0.07129,  -0.03682,   0.00420,   0.02062,   0.05344,  -0.05487,   0.02062,  -0.01056,   0.02226,  -0.00892,  -0.00236,  -0.00400,   0.02718,  -0.01877,  -0.01877,   0.03210,  -0.04339,   0.05836,   0.06328,  -0.03190,  -0.04667,   0.02554,   0.01241,  -0.11231,   0.02554,  -0.07785,  -0.04175,  -0.00236,  -0.08770,   0.00256,   0.03867,   0.06164,  -0.01385,  -0.01713,  -0.01549,  -0.04831,   0.00092,  -0.04995,  -0.04010,   0.02718,   0.04523,  -0.05487,  -0.01549,   0.01733,   0.06000,   0.02226,  -0.02369,   0.02554,  -0.09098,  -0.04667,  -0.04503,   0.01241,   0.00585,  -0.00892,  -0.00236,  -0.00236,  -0.06800,  -0.03190,  -0.02862,  -0.02698,   0.05016,   0.00749,  -0.02041,  -0.05159,  -0.03026,   0.06000,  -0.02041,   0.03539,   0.03374,  -0.05159,  -0.00236,   0.06328,   0.05508,   0.01897,   0.00585,   0.01077,   0.02554,   0.03539,   0.01241,   0.01733,   0.00749,   0.07969,   0.03210,  -0.01221,   0.01733,   0.00092,  -0.01221,  -0.02369,   0.03539,  -0.04995,   0.06328,   0.00749,  -0.03190,  -0.03682,  -0.02041,   0.08462,  -0.02369,  -0.02862,  -0.04995,  -0.00892,  -0.01385,  -0.07129,  -0.01549,  -0.04339,   0.03046,   0.00420,  -0.00072,   0.06657,  -0.02369,  -0.03682,   0.09282,   0.02062,  -0.04339,   0.06328,   0.00749,  -0.04503,   0.04523,  -0.01056,  -0.05159,   0.03867,   0.08134,   0.01733,   0.02226,  -0.05487,  -0.03026,   0.00092,  -0.01549,   0.02062,   0.00420,  -0.00728,  -0.03354,   0.02226,   0.01897,   0.00256,  -0.01713,  -0.02698,  -0.00400,  -0.01877,  -0.05652,   0.02882,   0.00585,   0.00256,   0.06164,   0.00913,  -0.05323,  -0.01877,  -0.02369,   0.04359,   0.10103,   0.06985,  -0.04010,  -0.00728,   0.00913,   0.00913,   0.06821,   0.01241,  -0.00728,   0.07149,   0.06164,  -0.02698,  -0.05159,  -0.00892,  -0.01056,   0.02226,  -0.00892,  -0.08605,   0.04195,   0.00749,  -0.01713,   0.04359,  -0.05816,  -0.08441,  -0.00892,  -0.02205,   0.06821,  -0.00400,  -0.01056,   0.08790,   0.03374,   0.00256,   0.01405,  -0.00072,  -0.04175,   0.00256,  -0.01385,   0.02882,   0.02390,  -0.03518,  -0.05652,  -0.06636,   0.04687,  -0.00728,  -0.04667,  -0.10411,   0.00092,   0.10759
   0.01077,  -0.02698,   0.00585,   0.05672,  -0.02205,   0.03210,  -0.01549,  -0.00728,  -0.01221,   0.02554,   0.04687,   0.07477,   0.02554,   0.05508,   0.03046,   0.02226,  -0.02041,  -0.00400,  -0.09262,   0.03867,  -0.01221,  -0.01221,  -0.06800,  -0.02041,  -0.00072,   0.05016,  -0.06964,   0.02554,   0.02390,  -0.06636,   0.06328,   0.03046,  -0.04503,  -0.02205,  -0.01385,   0.05016,  -0.05323,  -0.02369,   0.03046,  -0.00400,  -0.04667,  -0.02041,   0.01077,  -0.05159,   0.10759,   0.01733,   0.04195,   0.00420,   0.04359,  -0.04831,   0.00913,  -0.02698,   0.00092,  -0.04995,   0.03539,   0.01569,   0.04359,   0.05180,   0.04851,  -0.00892,  -0.03354,  -0.02369,   0.07477,   0.03539,  -0.00400,   0.00092,   0.03374,   0.01405,   0.04359,   0.04359,   0.01077,  -0.02533,   0.04031,   0.01405,  -0.07457,  -0.05816,  -0.03682,  -0.01056,   0.00256,  -0.00400,   0.00749,   0.04359,   0.07477,   0.05016,   0.02882,  -0.08605,  -0.05323,   0.02226,   0.02882,  -0.03190,  -0.06472,   0.01077,   0.02554,   0.02226,  -0.06472,  -0.05816,  -0.02369,  -0.03190,   0.02226,   0.06985,   0.06164,  -0.01221,  -0.00072,  -0.03518,  -0.02205,  -0.02698,   0.00913,  -0.00728,  -0.00072,   0.01569,  -0.05159,  -0.04339,   0.00092,   0.04359,   0.02062,  -0.00236,   0.01077,   0.01733,   0.01733,  -0.03846,   0.01733,  -0.06144,   0.02882,  -0.06308,  -0.05159,   0.00256,  -0.02533,  -0.00072,  -0.03190,   0.02062,   0.00092,   0.00256,  -0.02205,   0.09118,  -0.08441,  -0.07949,   0.04523,  -0.00728,  -0.01713,  -0.04503,   0.00092,   0.03046,  -0.00564,  -0.09918,   0.00585,   0.01733,   0.04523,  -0.01385,  -0.02205,  -0.01385,  -0.03190,  -0.00072,  -0.04667,  -0.01221,   0.00256,   0.02226,  -0.01385,   0.06657,  -0.05816,  -0.03026,   0.02882,   0.02062,  -0.00072,  -0.05652,  -0.03026,  -0.04339,   0.02882,   0.01077,  -0.05323,  -0.11559,  -0.00400,  -0.00564,  -0.07949,   0.02554,   0.01733,  -0.02041,   0.01733,  -0.03518,   0.02226,  -0.02862,  -0.01713,  -0.03190,  -0.08605,  -0.01385,   0.02554,  -0.05323,  -0.00236,   0.03539,   0.02718,   0.03210,  -0.03026,   0.06657,  -0.02698,   0.04851,  -0.03846,  -0.02369,   0.07149,   0.08298,  -0.00728,   0.01241,  -0.00236,  -0.06964,  -0.04503,   0.06492,  -0.05159,   0.10267,  -0.02369,  -0.04010,  -0.04010,  -0.02041,  -0.07457,   0.07149,  -0.03190,   0.03703,  -0.01549,  -0.10411,  -0.01877,  -0.00564,   0.08134,   0.03539,  -0.04831,  -0.02205,  -0.01877,  -0.00892,   0.01569,   0.03867,  -0.01221,  -0.00728,   0.05344,  -0.02698,  -0.00072,   0.02390,   0.03867,   0.01569,   0.02554,   0.00256,   0.00585,  -0.04995,  -0.03190,  -0.01385,   0.00420,  -0.00892,  -0.00728,  -0.03518,  -0.01549,  -0.04503,   0.05508,   0.03539,  -0.06636,  -0.06308,  -0.02698,  -0.00728,  -0.04339,   0.00420,  -0.04010,   0.03867,   0.03374,   0.05344,  -0.04667,  -0.10082,  -0.05816,  -0.03518,  -0.01056,  -0.02533,   0.03539,   0.08298,   0.00256,   0.01077,   0.02226,   0.00420,   0.04851,  -0.05652,  -0.03518,   0.01897,   0.01733,   0.04851,  -0.07621,  -0.04503,  -0.03518,  -0.00072,   0.00913,   0.01405,   0.03867,  -0.01385,   0.04523,  -0.04175,  -0.02698,  -0.01713,   0.00913,   0.04359,   0.08626,   0.06164,   0.00749,   0.01077,  -0.04339,   0.08298,   0.01733,  -0.03354,   0.01241,   0.06000,  -0.05487,  -0.01056,  -0.07293,   0.03703,   0.02718,  -0.01877,   0.01241,  -0.01385,  -0.01221,  -0.03026,  -0.03354,  -0.02041,  -0.01549,   0.06985,  -0.02205,   0.00256,  -0.04175,   0.04195,   0.00585,   0.00749,  -0.01549,  -0.02533,  -0.00564,   0.00749,  -0.00728,  -0.01713,  -0.00072,   0.01077,   0.04687,   0.00256,  -0.02862,   0.04031,  -0.01713,  -0.08770,   0.01241,   0.04031,  -0.01385,  -0.03026,   0.01733,  -0.02862,  -0.03354,  -0.04175,  -0.02862,   0.00092,  -0.08277,  -0.11888,  -0.04995,  -0.02205,   0.02390,  -0.08277,  -0.02205,  -0.03026,  -0.00072,  -0.01221,   0.04687,  -0.04175,   0.07313,  -0.04667,   0.02554,   0.00256,   0.01897,   0.00256,   0.02718,  -0.00728,   0.01241,   0.00749,  -0.07293,   0.02718,  -0.06472,   0.00420,  -0.03518,  -0.02698,  -0.03026,  -0.03190,   0.02554,  -0.01713,  -0.01713,  -0.08770,   0.01897,   0.06328,   0.00585,   0.01241,   0.02390,   0.08462,   0.04687,  -0.11395,   0.02554,  -0.01877,   0.01405,   0.01405,  -0.05980,  -0.00236,   0.00256,  -0.01056,  -0.02041,   0.02554,  -0.02369,  -0.10082,   0.07969,  -0.01549,  -0.04503,   0.01733,   0.02390,  -0.00728,   0.01241,  -0.03518,  -0.00892,  -0.07129,  -0.00400,   0.05836,  -0.05487,  -0.03518,   0.01077,   0.02554,   0.05016,   0.02062,   0.07641,   0.00585,   0.06821,  -0.02698,   0.00092,   0.04687,  -0.00400,   0.06821,  -0.03846,  -0.00072,  -0.02862,   0.04195,  -0.00892,  -0.01056,   0.04359,  -0.01713,   0.08954,   0.11088,  -0.03518,   0.06985,  -0.03682,  -0.10575,  -0.06636,  -0.02698,  -0.00728,  -0.03518,  -0.03682,   0.02882,   0.01733,   0.05508,   0.05508,  -0.00728,   0.06492,  -0.02205,   0.03374,  -0.00400,  -0.03026,  -0.01221,   0.00092,  -0.09426,   0.03374,  -0.01385,   0.00420,  -0.00564,   0.04687,  -0.00400,   0.04359,  -0.04503,  -0.03518,   0.05672,   0.02062,  -0.00236,   0.01733,  -0.00236,  -0.01877,   0.00420,   0.00913,   0.03867,   0.04851,   0.00585,   0.05344,   0.03539,  -0.03518,  -0.04831,  -0.03846,  -0.01221,  -0.04339,  -0.01877,  -0.03518,  -0.01713,  -0.00072,  -0.00236,  -0.02533,   0.06000,   0.02390,  -0.02698,  -0.02041,   0.00585,  -0.07293,  -0.02369,  -0.07129,  -0.01056,   0.03539,   0.02390,   0.04195,   0.01897,   0.01569,   0.00913,  -0.01385,  -0.04339,  -0.07785,  -0.01713,  -0.04010,   0.07641,   0.00420,   0.01733,  -0.07785,  -0.02533,  -0.00892,  -0.00728,  -0.00236,   0.02718,   0.00749,   0.02062,   0.01733,   0.05180,   0.00256,   0.01897,  -0.01877,   0.01241,   0.06821,  -0.10247,  -0.00400,   0.00585,  -0.03518,  -0.05159,   0.08790,  -0.01549,  -0.04339,  -0.03518,  -0.05652,  -0.00564,  -0.01221,  -0.01385,   0.02390,  -0.01056,   0.01405,  -0.04503,  -0.00728,   0.00256,  -0.09754,   0.04523,  -0.00072,   0.01405,  -0.00400,   0.00913,  -0.02698,   0.02062,   0.08626,   0.04687,   0.03703,  -0.02698,   0.05672,  -0.00072,   0.00585,  -0.01221,   0.06164,   0.04359,  -0.02205,   0.01897,  -0.10903,  -0.03026,  -0.02862,   0.07477,  -0.02698,  -0.05487,   0.07641,  -0.05159,   0.01405,   0.03539,   0.05016,   0.02226,   0.02882,  -0.01056,  -0.09590,  -0.08934,   0.05836,   0.01569,   0.05836,   0.04195,   0.01733,  -0.00072,  -0.05323,  -0.06472,   0.00092,  -0.00072,   0.03703,  -0.03354,  -0.04339,  -0.02698,   0.06821,  -0.02533,   0.04523,  -0.03026,  -0.03354,   0.04523,   0.02718,   0.01569,   0.07805,   0.02226,  -0.05652,  -0.04831,   0.03539,   0.00420,   0.02062,  -0.00564,   0.01241,  -0.02205,   0.00092,  -0.01549,  -0.05487,   0.00420,  -0.00236,   0.00913,  -0.03190,   0.01077,   0.05344,   0.09118,   0.02062,   0.05180,  -0.02369,   0.02062,   0.06164,   0.06328,  -0.04339,  -0.05816,   0.02882,   0.04031,   0.00749,   0.00913,   0.00420,  -0.02698,   0.05508,   0.03703,   0.01077,   0.04687,  -0.07621,   0.04359,  -0.02698,   0.02062,   0.00749,  -0.00236,  -0.00236,  -0.00072,   0.02062,   0.02226,  -0.06472,  -0.03354,   0.00092,  -0.00236,   0.01569,   0.00092,   0.06657,   0.04031,   0.03539,  -0.00072,  -0.01221,  -0.01221,   0.03867,   0.04031,   0.03703,  -0.02862,  -0.01056,   0.04031,  -0.00236,   0.01077,  -0.01056,   0.08954,  -0.02533,  -0.01221,  -0.01877,   0.01569,  -0.09262,   0.01733,  -0.04995,  -0.01385,  -0.04995,  -0.00728,  -0.00564,  -0.01056,  -0.01549,   0.04195,   0.02882,   0.08626,   0.05180,   0.03374,  -0.01056,  -0.03354,  -0.05652,  -0.01221,  -0.05323,  -0.04339,   0.00092,  -0.06800,  -0.03518,  -0.02533,  -0.02205,   0.01733,  -0.01221,  -0.01385,  -0.01221,   0.04687,  -0.06308,  -0.03518,  -0.00728,  -0.06800,  -0.07949,  -0.00892,  -0.06800,  -0.03518,  -0.05159,  -0.01549,  -0.07949,  -0.00236,  -0.02862,   0.01897,   0.01733,   0.02554,  -0.04339,   0.01733,  -0.05980,   0.01569,  -0.04010,  -0.02041,   0.03539,   0.04687,  -0.04503,   0.09446,  -0.00072,  -0.02205,   0.01569,   0.07149,  -0.05159,  -0.00072,   0.03539,  -0.06472,  -0.00564,  -0.02698,  -0.08277,  -0.04667,  -0.01221,   0.01733,  -0.06636,  -0.00728,   0.04523,   0.08298,   0.06657,  -0.06144,   0.13221,   0.07313,   0.00092,  -0.00728,   0.03210,   0.03867,   0.01077,   0.00585,   0.00749,  -0.02041,  -0.00236,   0.01733,   0.00092,   0.04359,   0.01241,  -0.00236,  -0.03190,  -0.01056,   0.04031,   0.01733,   0.02554,  -0.09754,   0.04687,  -0.00236,   0.00420,  -0.04010,   0.04195,  -0.06472,   0.03374,   0.00420,   0.00256,  -0.01549,   0.02062,  -0.00728,   0.00256,  -0.02369,   0.00420,   0.04523,   0.10923,   0.00092,   0.04359,  -0.09754,   0.00749,  -0.00400,  -0.01056,   0.06492,   0.05836,   0.03539,   0.10431,   0.02882,  -0.02205,  -0.01877,  -0.07129,   0.01405,  -0.04995,   0.00913,   0.03703,   0.02882,  -0.03846,   0.07969,   0.03539,   0.08462,   0.05344,   0.01897,   0.03210,   0.04031,  -0.01385,  -0.04831,   0.02226,   0.03046,   0.01405,  -0.04667,   0.03046,  -0.11559,   0.01897,  -0.02533,   0.06492,  -0.02205,  -0.05487,   0.04195,   0.03867,  -0.00400,  -0.00400,  -0.02698,   0.01241,  -0.01713,  -0.03518,   0.03539,   0.02718,   0.00913,   0.01733,   0.06328,  -0.00400,  -0.06308,   0.01077,  -0.00564,  -0.01385,  -0.00564,  -0.06308,  -0.04667,   0.01405,  -0.06964,   0.01405,   0.01569,   0.00585,   0.00256,   0.05672,   0.02062,   0.02226,   0.04359,  -0.00564,   0.01077,  -0.03026,  -0.02041,  -0.04010,  -0.02369,  -0.01056,  -0.01713,   0.01241,  -0.03682,   0.01405,   0.09611,  -0.01385,   0.07149,  -0.02041,  -0.02205,  -0.01713,  -0.08113,  -0.04503,   0.02226,  -0.05652,  -0.04503,  -0.01221,  -0.04831,  -0.02205,   0.03374,   0.00585,   0.01897,   0.01405,  -0.01549,  -0.00892,  -0.02533,   0.00749,  -0.09098,  -0.09426,   0.02554,   0.03210,  -0.04339,  -0.02698,  -0.08441,  -0.02862,   0.00256,  -0.03354,   0.01077,  -0.04667,  -0.01221,   0.00092,  -0.07293,   0.01733,  -0.02533,  -0.04010,  -0.03682,  -0.00728,  -0.02698,   0.04359,  -0.04667,  -0.09590,   0.00420,  -0.04831,  -0.00728,   0.03867,   0.03539,   0.00420,  -0.00236,  -0.00236,  -0.07949,  -0.04339,  -0.03354,  -0.01221,   0.04195,  -0.02041,   0.02062,   0.01241,   0.05016,   0.03210,  -0.08770,  -0.03682,   0.04851,  -0.01877,  -0.07949,   0.02882,   0.08298,   0.00585,   0.00585,  -0.00564,   0.02718,   0.00585,  -0.01713,  -0.03518,   0.01241,   0.00092,   0.00913,   0.05344,  -0.02041,   0.03703,   0.00585,  -0.04503,  -0.05323,   0.02390,  -0.02041,   0.02226,  -0.03354,  -0.04010,   0.05016,  -0.00564,  -0.01385,  -0.11067,   0.03539,  -0.00236,  -0.01549,  -0.04339,  -0.05323,  -0.06964,  -0.02041,  -0.02533,   0.06657,  -0.01549,  -0.01056,  -0.01877,   0.00420,  -0.06144,   0.01733,   0.02718,  -0.04667,   0.04687,   0.02062,   0.06821,  -0.00236,  -0.04339,   0.01077,  -0.10411,   0.02062,   0.03374,   0.02226,  -0.01549,  -0.04175,  -0.05980,   0.08626,  -0.06636,   0.08462,   0.03703,   0.03210,  -0.07785,   0.00749,  -0.03026,  -0.07621,  -0.03354,  -0.02205,   0.02226,  -0.02369,   0.04359,   0.00913,  -0.02041,  -0.04995,  -0.09098,   0.01733,   0.01569,  -0.00892,  -0.02205,  -0.03518
  -0.03682,   0.00913,  -0.03354,  -0.11559,   0.01077,   0.01077,  -0.07785,   0.05016,   0.03867,   0.02718,  -0.06144,   0.08298,   0.03539,  -0.02862,   0.05344,  -0.05323,  -0.06472,  -0.01385,  -0.00892,  -0.00072,  -0.08605,   0.02226,   0.06164,   0.10923,  -0.03846,  -0.04503,   0.03539,  -0.07457,  -0.00728,  -0.02533,  -0.08441,  -0.02041,   0.02554,   0.02718,  -0.03190,   0.00913,   0.02226,  -0.06800,  -0.02862,   0.03867,  -0.05159,  -0.01549,  -0.03682,   0.05836,   0.00749,  -0.05159,  -0.01713,  -0.08277,   0.03046,  -0.00400,  -0.04667,  -0.02041,   0.05508,   0.00256,   0.00585,   0.02226,  -0.00072,  -0.02698,   0.00092,   0.04523,  -0.01385,  -0.01713,  -0.03190,  -0.00564,   0.03867,   0.00913,   0.03210,  -0.00400,  -0.02205,   0.11088,  -0.01056,  -0.01877,   0.04523,   0.03703,   0.02718,  -0.01713,  -0.00400,   0.01569,  -0.02533,  -0.05816,  -0.00892,  -0.04667,  -0.01385,   0.02554,   0.03210,  -0.05323,  -0.00236,  -0.02205,  -0.00072,   0.01077,   0.05672,  -0.01221,  -0.07293,  -0.04503,  -0.01713,  -0.01385,  -0.00728,  -0.02041,  -0.02369,  -0.03518,  -0.08441,   0.02882,   0.03374,  -0.04339,   0.03703,   0.00420,  -0.02041,   0.01405,  -0.04831,  -0.00072,  -0.01877,  -0.00400,   0.03210,  -0.06636,  -0.03190,  -0.04995,   0.04359,  -0.00400,   0.01405,  -0.00072,   0.05344,   0.01405,   0.00092,   0.00092,   0.02062,  -0.00564,  -0.02041,   0.03046,  -0.05159,  -0.06800,   0.04359,   0.03703,  -0.03846,  -0.01221,  -0.03026,  -0.03682,  -0.01221,   0.08298,   0.04359,  -0.05323,  -0.00236,   0.03210,  -0.01549,   0.02882,  -0.02369,   0.08954,  -0.02698,   0.05016,  -0.03682,   0.02226,   0.03703,  -0.01877,   0.03867,   0.02390,  -0.04667,   0.01897,  -0.02862,   0.01077,   0.00420,  -0.04175,   0.02554,  -0.03190,  -0.03354,   0.00749,   0.00420,  -0.02862,   0.07313,  -0.03354,   0.06164,   0.01241,  -0.02041,   0.00420,  -0.08770,   0.02390,   0.03046,  -0.04175,   0.01405,   0.07969,  -0.09754,   0.01405,  -0.03026,   0.00420,  -0.00400,   0.03374,   0.03374,  -0.00728,   0.04851,   0.02554,  -0.07785,   0.00256,   0.01733,  -0.00892,   0.02718,   0.01733,  -0.00564,  -0.03518,   0.04523,  -0.09590,  -0.07293,  -0.03026,   0.03046,  -0.02041,  -0.04503,   0.00420,  -0.00072,  -0.00236,  -0.02698,  -0.04503,   0.04031,   0.00256,   0.08626,  -0.04503,   0.03703,   0.01569,   0.02554,   0.05836,  -0.01713,  -0.02205,  -0.01221,   0.01405,  -0.04831,   0.04031,  -0.01877,  -0.00400,  -0.00892,   0.02882,  -0.04175,   0.04523,  -0.03190,   0.00420,  -0.05159,   0.04031,  -0.07129,   0.00256,   0.08298,   0.07313,   0.01077,   0.02390,   0.03046,   0.02882,   0.03374,  -0.06472,   0.05672,   0.01405,  -0.03846,   0.00420,  -0.07621,  -0.03846,  -0.04010,   0.07149,   0.06000,  -0.02205,   0.00256,   0.01077,  -0.03354,   0.06000,  -0.05487,   0.07477,   0.01569,  -0.04339,  -0.00400,  -0.01713,   0.07805,   0.07149,  -0.01056,   0.00420,  -0.00072,   0.02718,  -0.07785,  -0.02369,   0.01733,  -0.00236,   0.07641,   0.02062,  -0.00400,  -0.07621,   0.02718,   0.00256,  -0.05487,   0.05836,  -0.03518,   0.00585,  -0.00728,  -0.02205,   0.02226,  -0.02698,   0.01405,  -0.02041,  -0.03026,  -0.04503,   0.04195,   0.10431,   0.05836,   0.02554,   0.00092,  -0.02862,   0.00749,  -0.03190,   0.02718,  -0.02698,   0.09611,  -0.00564,  -0.04831,  -0.01385,  -0.06144,  -0.04503,  -0.02533,   0.02062,  -0.02533,   0.06328,   0.08298,   0.02882,  -0.04831,   0.01077,  -0.00072,  -0.02862,  -0.02041,   0.04195,   0.00092,   0.01897,  -0.01385,   0.05016,   0.02226,   0.00585,  -0.08441,   0.02390,  -0.03026,   0.03867,  -0.05323,  -0.05159,   0.02718,  -0.01549,  -0.07949,   0.02718,  -0.04503,   0.03374,   0.00256,   0.00913,  -0.00072,  -0.02533,  -0.03190,   0.00913,   0.06000,   0.08298,   0.10923,   0.03867,   0.05180,   0.06657,   0.01077,  -0.02205,  -0.02041,   0.01077,   0.02390,  -0.05487,  -0.01549,  -0.02369,   0.02062,   0.05016,   0.03867,   0.00256,  -0.00400,  -0.02205,  -0.01221,  -0.00400,  -0.03026,  -0.00728,  -0.05980,   0.03046,   0.04031,  -0.04503,  -0.01713,  -0.04010,  -0.05816,  -0.00728,  -0.00400,  -0.08113,  -0.02205,  -0.03682,  -0.00892,  -0.00072,  -0.02862,  -0.00400,  -0.03354,   0.08462,  -0.09754,  -0.02205,  -0.07293,  -0.07949,  -0.03190,   0.02718,  -0.03518,  -0.06308,  -0.02369,   0.00256,   0.05180,  -0.03026,   0.00256,  -0.01549,  -0.00072,  -0.09262,   0.01241,  -0.03518,   0.01241,   0.01733,  -0.02698,   0.07641,  -0.04175,   0.03539,   0.00256,   0.08298,   0.06492,   0.03210,  -0.04503,  -0.00564,  -0.03354,  -0.03190,   0.00420,   0.00749,  -0.00236,  -0.01549,  -0.02205,   0.01241,   0.03539,  -0.00892,   0.02718,  -0.06964,  -0.01713,  -0.08441,   0.04523,  -0.04667,  -0.07785,   0.01405,   0.04359,  -0.02698,   0.03539,  -0.01056,   0.02554,   0.02226,   0.04851,   0.00749,   0.04359,  -0.00728,   0.02226,   0.02882,  -0.04995,   0.01241,   0.01241,   0.04359,  -0.07785,   0.03046,   0.01569,  -0.03846,  -0.02533,  -0.04667,  -0.01385,  -0.01549,  -0.04175,  -0.01056,   0.00420,   0.02554,  -0.04339,  -0.00072,  -0.02205,  -0.00728,   0.03539,   0.04851,  -0.02533,   0.01569,  -0.03190,   0.02226,   0.03539,   0.01569,  -0.03190,   0.08462,  -0.00892,  -0.00236,  -0.02369,  -0.05816,   0.00420,  -0.04831,  -0.01056,  -0.05652,  -0.02862,  -0.01877,  -0.02369,  -0.03846,  -0.03026,  -0.07621,   0.04031,   0.00749,  -0.00892,  -0.00072,   0.06492,  -0.02533,   0.01405,   0.02390,  -0.01877,   0.04851,   0.01077,   0.01241,  -0.02862,   0.02390,   0.00256,   0.02882,   0.02062,   0.03867,  -0.04010,  -0.05323,   0.02554,  -0.02041,   0.00749,  -0.01221,   0.00749,   0.04031,   0.02226,   0.00749,   0.02718,   0.04687,   0.02226,   0.05344,  -0.01221,   0.03867,   0.08134,  -0.03190,  -0.04010,   0.00749,  -0.00072,  -0.00564,  -0.02698,  -0.04175,  -0.05487,   0.04523,   0.03210,  -0.07129,  -0.07949,  -0.01221,   0.00092,  -0.02369,  -0.01877,  -0.02698,  -0.06308,   0.02882,   0.07641,   0.03703,  -0.04175,   0.05672,   0.01405,   0.02882,   0.06657,  -0.03846,   0.00420,   0.06000,  -0.02205,   0.02390,  -0.07621,   0.06657,   0.00585,   0.02390,   0.04359,  -0.00236,  -0.05323,   0.03046,   0.01077,  -0.05652,  -0.06636,   0.03210,  -0.01713,  -0.00728,   0.02226,  -0.02533,  -0.02041,  -0.05652,  -0.04339,  -0.00400,   0.01405,   0.03867,   0.03210,  -0.06144,   0.00585,  -0.03846,   0.00585,   0.08462,  -0.06144,   0.04687,   0.00092,  -0.02698,  -0.00400,   0.02226,   0.02554,  -0.01385,  -0.00564,   0.07805,   0.06657,   0.00256,  -0.02041,   0.04523,  -0.03026,  -0.04339,   0.01569,   0.05508,   0.00420,   0.06164,  -0.00072,  -0.02205,   0.00256,  -0.00236,   0.03703,  -0.04503,   0.04031,  -0.04339,   0.01733,   0.00749,  -0.04010,  -0.03846,   0.04687,   0.03867,   0.00749,   0.00585,  -0.06308,  -0.03518,   0.03046,   0.01569,  -0.04339,   0.08134,   0.01733,   0.01241,   0.02062,  -0.00892,  -0.04010,  -0.08770,  -0.01549,   0.00092,   0.06164,  -0.02533,   0.01569,   0.01733,   0.11744,   0.01241,   0.02226,   0.07149,  -0.03518,  -0.02205,   0.01077,  -0.01877,   0.02390,  -0.04503,  -0.01221,   0.00585,   0.07805,  -0.02862,   0.02226,   0.00585,  -0.00072,   0.00092,   0.08134,   0.01405,   0.08790,  -0.00728,  -0.02041,   0.04359,   0.01241,  -0.03026,  -0.01877,  -0.00400,   0.01733,  -0.00564,   0.06000,  -0.01221,   0.04851,   0.00585,  -0.02533,   0.05180,   0.00913,   0.04359,  -0.04010,   0.01241,  -0.00564,   0.00092,  -0.01713,   0.02718,  -0.03846,   0.02718,   0.02062,  -0.05323,   0.07641,   0.01241,   0.00256,  -0.00400,  -0.00072,   0.06821,   0.05016,   0.02226,   0.03374,   0.01077,   0.07149,   0.10103,  -0.00400,   0.00913,  -0.03518,  -0.03026,  -0.04175,  -0.03682,   0.01897,  -0.05652,  -0.01056,  -0.07785,   0.00585,   0.00420,  -0.04175,   0.01077,  -0.05980,  -0.05159,  -0.04667,   0.02062,  -0.04667,  -0.04010,  -0.02369,   0.00256,   0.08462,  -0.04503,   0.01241,   0.00585,   0.00092,   0.00585,  -0.01877,   0.02882,  -0.06144,  -0.03190,  -0.02862,  -0.02862,  -0.10247,   0.02390,   0.07969,  -0.04010,   0.00092,  -0.02698,  -0.03682,   0.01569,   0.02554,   0.03867,   0.01569,  -0.01385,   0.08462,  -0.07949,  -0.04667,  -0.05816,  -0.01713,  -0.05816,  -0.02369,  -0.01056,   0.02718,   0.01241,   0.07313,   0.00420,  -0.02862,  -0.02205,  -0.00892,  -0.00072,  -0.00728,   0.00092,   0.05016,   0.03539,  -0.01713,  -0.04175,  -0.04667,  -0.04175,  -0.05159,  -0.04339,   0.06000,   0.03374,  -0.04667,   0.05508,  -0.00400,   0.01241,  -0.00564,   0.01733,   0.03046,   0.04851,   0.00256,  -0.06308,  -0.01877,   0.05344,   0.01241,   0.01897,  -0.00072,   0.03539,   0.05016,  -0.05323,   0.03703,  -0.01056,   0.01733,   0.02554,  -0.02862,  -0.02862,  -0.02041,   0.05836,  -0.01221,  -0.04010,  -0.03846,   0.01897,  -0.04010,   0.02882,  -0.08277,   0.03046,   0.02718,   0.06821,   0.04851,  -0.01713,   0.04851,  -0.01385,   0.06821,   0.02882,  -0.01549,  -0.05816,  -0.06308,   0.04851,   0.01733,   0.00749,  -0.06144,   0.06492,  -0.07293,   0.00256,   0.04523,   0.02882,   0.10923,  -0.04503,   0.03046,   0.02226,   0.10267,  -0.00400,  -0.12216,   0.05508,   0.06492,   0.02554,  -0.03354,   0.00420,  -0.01549,  -0.05487,   0.00092,   0.06657,  -0.00236,   0.06492,  -0.02533,  -0.03190,   0.05508,   0.01405,   0.05016,   0.04031,   0.01241,  -0.02041,  -0.02698,  -0.00072,  -0.00892,  -0.01549,  -0.01221,   0.02718,   0.00420,  -0.02205,  -0.00728,  -0.02205,  -0.01713,  -0.01221,  -0.02205,   0.02062,  -0.06636,   0.04195,  -0.02041,   0.00749,   0.01405,   0.01405,  -0.02698,   0.00585,  -0.03518,  -0.08113,  -0.00400,   0.02390,  -0.04010,   0.04523,  -0.01877,   0.00585,  -0.10082,   0.03703,   0.01897,  -0.05323,  -0.09754,   0.03374,   0.06985,  -0.05159,  -0.01713,  -0.04503,  -0.04010,  -0.06800,  -0.03354,   0.06492,   0.01897,   0.06985,   0.03374,   0.02226,   0.06985,   0.00913,  -0.03682,   0.00585,   0.08626,  -0.04175,   0.01405,   0.04031,  -0.03682,  -0.01221,   0.05836,  -0.04995,   0.04523,   0.09118,  -0.03682,  -0.00728,  -0.00892,  -0.05652,  -0.04175,  -0.02862,   0.01569,   0.08954,   0.07477,  -0.02862,  -0.01549,  -0.00400,   0.04851,   0.04195,   0.07313,  -0.01221,   0.05180,  -0.06144,  -0.03026,  -0.07621,  -0.01549,  -0.02205,  -0.01877,  -0.06308,  -0.02369,  -0.03846,  -0.04339,   0.02718,  -0.01877,  -0.09918,  -0.02041,  -0.03518,  -0.02533,   0.04687,  -0.01549,  -0.00892,  -0.04667,   0.04687,  -0.06472,   0.04523,  -0.02533,   0.04031,   0.05836,   0.01405,  -0.05652,   0.00913,  -0.00728,  -0.02369,  -0.05159,   0.01897,  -0.02698,   0.01405,  -0.04010,  -0.00236,  -0.04503,  -0.02862,  -0.01549,   0.00749,   0.06164,  -0.02698,  -0.01549,   0.07149,   0.01733,  -0.05487,   0.03046,  -0.00236,   0.02390,  -0.06472,   0.04031,  -0.03354,  -0.00728,  -0.02698,  -0.07457,  -0.03846,   0.04359,  -0.06800,   0.04359,   0.03210,  -0.04667,  -0.01549,  -0.05816,   0.00420,   0.02718,   0.00913,  -0.00400,  -0.01713,  -0.03354,  -0.04667,  -0.05487,  -0.01385,  -0.04667,   0.04851,  -0.06308,   0.04687,   0.00585,  -0.04175,   0.01733,  -0.04503,  -0.01549,   0.00092,  -0.02698,  -0.00892,  -0.03682,  -0.00400,  -0.00400,   0.01077,   0.03374,  -0.03190,  -0.07293,   0.06985,  -0.04175,   0.02718
   0.04851,   0.01405,   0.04359,   0.01569,   0.02554,   0.04851,   0.01077,  -0.02041,  -0.03846,   0.00092,  -0.08441,  -0.01221,  -0.01056,   0.02062,  -0.03026,  -0.04831,  -0.02205,   0.02882,  -0.01385,  -0.04503,   0.00420,  -0.05323,  -0.00236,   0.01733,   0.06657,  -0.06472,   0.08626,   0.00092,  -0.04667,   0.09446,  -0.04831,   0.00913,  -0.01713,  -0.01221,  -0.01713,  -0.10247,  -0.01549,  -0.01713,   0.03867,   0.05016,   0.02882,  -0.05323,   0.02390,  -0.00564,  -0.00236,   0.12400,  -0.06964,  -0.04175,   0.00092,  -0.05652,  -0.03518,   0.02226,  -0.00236,   0.01897,   0.02718,   0.00585,   0.03539,   0.04031,  -0.04175,  -0.07621,   0.03703,   0.02226,   0.01733,   0.04851,  -0.00072,  -0.04503,   0.00256,   0.00585,   0.00092,   0.01241,  -0.01549,  -0.03190,  -0.03026,  -0.03190,  -0.00400,  -0.03682,   0.05344,   0.04851,  -0.04339,  -0.07949,  -0.00728,   0.02882,   0.05508,  -0.01385,  -0.01877,  -0.10739,   0.01569,  -0.01385,   0.03046,  -0.01385,   0.03046,   0.01897,  -0.06636,   0.09282,  -0.07621,  -0.04667,  -0.06472,   0.04523,   0.02390,   0.05344,   0.05508,   0.06000,  -0.00892,  -0.06800,  -0.05487,   0.04195,  -0.01056,   0.06328,  -0.05652,   0.06328,   0.02554,  -0.05816,  -0.01385,  -0.00892,   0.00420,  -0.02533,  -0.03354,   0.06328,   0.00749,  -0.04010,  -0.00236,  -0.06472,   0.00913,   0.02390,   0.00749,   0.06328,   0.03703,   0.00420,   0.02062,  -0.12216,  -0.04010,  -0.06472,   0.05180,  -0.07293,   0.00420,  -0.08770,  -0.03026,   0.05344,   0.02882,  -0.05652,   0.00585,  -0.12708,   0.05672,  -0.02041,  -0.02041,  -0.00236,  -0.02041,  -0.05980,  -0.00236,  -0.10575,   0.11580,  -0.05980,  -0.02205,  -0.07129,  -0.01056,   0.00585,   0.01897,   0.00420,   0.02718,  -0.00564,   0.03374,   0.00585,  -0.02369,   0.01569,   0.01733,   0.03703,  -0.05487,  -0.06636,   0.00420,   0.03210,   0.00585,  -0.00236,  -0.05980,   0.01405,  -0.03190,   0.03046,   0.10595,   0.08790,  -0.01056,   0.03703,  -0.06800,  -0.07785,   0.00420,   0.04359,  -0.03682,  -0.00892,   0.04523,   0.03374,   0.03703,  -0.03354,   0.00913,   0.03210,   0.04851,   0.03539,   0.01241,   0.01569,  -0.01056,   0.06821,   0.00749,   0.01733,   0.03539,   0.07641,  -0.04503,  -0.10247,  -0.06472,  -0.04667,   0.03046,   0.00585,   0.06821,  -0.02369,  -0.04175,  -0.06800,  -0.03518,  -0.04010,  -0.02533,   0.03210,  -0.03190,   0.04523,   0.04523,   0.01569,   0.01241,   0.05672,   0.00092,  -0.07949,  -0.03026,   0.01405,  -0.11724,   0.02882,  -0.06308,   0.02226,   0.04195,  -0.05487,   0.03374,  -0.06800,   0.04359,  -0.06800,   0.08462,   0.00749,  -0.06800,   0.04031,  -0.07949,  -0.00236,   0.04523,   0.01733,   0.01241,  -0.01221,  -0.00236,   0.00256,   0.04195,   0.06821,   0.00092,   0.00913,   0.02554,  -0.02698,  -0.07457,  -0.03354,  -0.02533,  -0.02369,  -0.00072,  -0.03518,   0.07313,  -0.00072,  -0.03846,  -0.03354,   0.05344,   0.06164,  -0.00072,  -0.01549,  -0.05816,  -0.03682,  -0.04667,  -0.01056,  -0.03846,  -0.02369,   0.00092,   0.01733,  -0.02205,  -0.01221,   0.07641,   0.03374,  -0.01221,   0.14041,  -0.01056,  -0.04503,   0.09939,   0.00420,   0.03046,  -0.02369,  -0.00564,   0.04359,  -0.01385,   0.04359,   0.01733,  -0.10247,   0.00256,   0.07477,   0.05344,   0.00913,  -0.03354,  -0.02698,  -0.00400,  -0.04667,  -0.02533,  -0.01385,  -0.08770,   0.07477,  -0.03846,  -0.07621,   0.02062,   0.02882,  -0.01877,  -0.07129,  -0.06964,   0.03374,  -0.01549,  -0.05652,  -0.00400,   0.10267,   0.01077,  -0.00236,   0.00256,   0.01733,   0.01241,   0.00585,  -0.04667,  -0.00072,   0.17980,  -0.00236,  -0.00236,   0.05672,  -0.02041,  -0.00072,  -0.07621,   0.14862,  -0.04010,  -0.04503,   0.00256,  -0.02862,   0.02554,  -0.02369,   0.02554,   0.07149,  -0.02369,   0.02718,   0.01405,  -0.07457,   0.03046,   0.04195,  -0.00072,  -0.03190,   0.00092,  -0.01713,  -0.00400,  -0.05487,  -0.04010,   0.08954,   0.01405,   0.06000,   0.07477,  -0.05487,  -0.03190,   0.05836,   0.06985,  -0.01221,   0.01241,   0.03703,   0.00913,   0.06164,  -0.02205,  -0.00400,   0.06492,   0.03539,  -0.03026,   0.01241,  -0.03190,  -0.01385,   0.04851,   0.05344,   0.00092,   0.04523,  -0.04995,   0.03539,  -0.07129,   0.00749,   0.02882,  -0.01221,  -0.02698,  -0.00236,   0.01077,  -0.01056,  -0.00400,   0.01241,  -0.04503,   0.03867,  -0.05487,   0.04359,  -0.06800,   0.02226,   0.06000,   0.06985,   0.01897,   0.02062,   0.01405,   0.03867,  -0.04667,  -0.03682,   0.04687,  -0.10411,   0.08790,   0.05508,  -0.08113,  -0.03354,  -0.05980,   0.00256,  -0.02205,  -0.03026,   0.05016,  -0.01713,  -0.05980,   0.04195,  -0.03190,   0.01733,   0.02226,  -0.01056,   0.07149,   0.00420,  -0.01713,  -0.07949,   0.04359,   0.01569,  -0.05980,  -0.02041,   0.00092,  -0.01221,   0.02226,  -0.03518,   0.04031,  -0.00728,  -0.00400,  -0.02533,   0.04359,  -0.00728,   0.02226,   0.06985,   0.02226,   0.03046,  -0.00564,   0.02882,   0.01569,  -0.01549,  -0.07949,   0.04523,   0.03046,   0.03539,   0.05508,  -0.02041,  -0.02862,  -0.02205,  -0.03026,  -0.01056,  -0.02041,   0.03046,   0.05672,   0.02226,   0.10431,   0.01897,   0.04195,  -0.01713,  -0.01221,   0.01405,  -0.00400,   0.01077,  -0.01221,   0.00749,   0.04687,  -0.02369,  -0.00072,   0.09446,   0.06328,  -0.04175,   0.08626,   0.02554,   0.02882,   0.08462,   0.04359,  -0.04339,  -0.02533,  -0.01056,  -0.01221,   0.02554,  -0.01056,   0.01733,  -0.01713,  -0.04831,   0.01733,   0.02226,  -0.02698,   0.01733,  -0.00400,  -0.00892,   0.03210,  -0.07293,  -0.01877,   0.07641,  -0.00072,   0.02062,  -0.05159,   0.03210,  -0.00892,   0.06492,   0.05672,  -0.03846,   0.02882,   0.10759,   0.03374,   0.05672,   0.03046,  -0.03846,   0.01569,   0.00256,  -0.02041,  -0.03190,   0.02062,   0.05836,  -0.03190,   0.03046,  -0.06636,   0.00420,   0.03539,   0.03539,   0.03046,   0.00749,   0.10431,  -0.04339,   0.01241,  -0.02862,   0.07805,  -0.02862,   0.03539,  -0.01221,   0.04031,  -0.01221,   0.00749,  -0.01713,  -0.00564,  -0.02533,  -0.01056,   0.01241,  -0.01221,  -0.05980,   0.00420,  -0.08605,  -0.02205,  -0.02041,   0.03703,  -0.01221,   0.04195,  -0.02205,   0.00585,  -0.02862,   0.00256,   0.05016,  -0.00892,  -0.00236,   0.01405,  -0.03190,  -0.06472,   0.05672,  -0.03354,   0.01077,   0.04523,  -0.07949,   0.02062,   0.00420,  -0.03682,   0.02718,   0.03374,   0.07149,   0.08134,  -0.06308,  -0.02533,   0.08626,   0.01897,  -0.00892,   0.01897,  -0.03846,  -0.05652,   0.07149,   0.01733,  -0.01549,   0.09282,  -0.11067,  -0.01549,  -0.06144,  -0.05323,  -0.01385,  -0.05159,  -0.01877,  -0.01056,  -0.01549,   0.05016,  -0.02533,  -0.01385,   0.00092,   0.02390,  -0.02698,   0.02390,   0.06821,  -0.11231,  -0.00236,   0.02226,  -0.00236,   0.03046,  -0.05652,  -0.03354,   0.00256,  -0.12052,   0.05672,  -0.04175,   0.04031,  -0.02533,   0.04031,   0.04687,  -0.02205,  -0.00564,  -0.08934,  -0.06636,   0.04195,   0.02390,   0.00913,  -0.00728,   0.03539,  -0.03190,  -0.01056,  -0.04831,  -0.01713,  -0.03846,   0.01077,  -0.05323,   0.08626,   0.02718,  -0.04010,   0.03374,   0.02554,   0.02554,   0.04359,   0.01077,   0.04851,   0.07641,  -0.00072,   0.06164,  -0.00892,   0.05672,  -0.02205,  -0.00236,  -0.03518,  -0.01713,   0.01077,  -0.01877,   0.07149,  -0.02862,   0.04195,   0.04523,   0.06000,  -0.01385,  -0.04667,   0.09775,   0.01733,   0.05836,   0.01569,   0.01897,  -0.04339,  -0.03846,  -0.06636,  -0.05487,   0.00913,  -0.00072,  -0.06308,   0.04031,  -0.00728,  -0.04667,   0.04687,   0.00420,   0.03046,   0.03210,   0.05344,  -0.06472,  -0.00400,   0.02226,   0.06657,   0.01569,   0.03210,   0.00749,   0.06000,  -0.01056,   0.01733,   0.02390,   0.02226,   0.08790,  -0.00072,   0.00749,  -0.01877,  -0.05487,   0.05180,   0.01405,  -0.00892,   0.04687,   0.00749,  -0.00564,  -0.02533,  -0.00728,   0.01241,  -0.05487,   0.05344,   0.02390,   0.00585,   0.02226,  -0.00728,   0.04031,   0.02554,   0.00749,   0.07313,   0.04687,   0.06492,   0.04523,   0.09446,  -0.05652,  -0.06800,   0.04195,  -0.00072,   0.01897,  -0.05980,   0.02062,  -0.09262,   0.00256,  -0.01713,  -0.00728,  -0.03682,   0.05180,  -0.01877,   0.01405,  -0.07293,   0.02226,   0.05180,  -0.04503,   0.05672,   0.06821,   0.03867,   0.11088,  -0.03682,   0.02718,   0.00585,   0.04687,   0.04031,   0.03539,   0.04523,  -0.04010,  -0.02205,   0.06657,  -0.01221,   0.00749,   0.01569,   0.01897,   0.04359,  -0.00728,  -0.01056,  -0.02533,  -0.05323,  -0.03354,   0.00749,  -0.04175,  -0.09590,  -0.10247,   0.07641,  -0.02698,   0.00585,  -0.04831,  -0.00892,  -0.04175,  -0.02862,   0.00092,   0.03374,  -0.00728,  -0.08277,  -0.01877,   0.05016,  -0.02533,  -0.05980,  -0.00072,   0.02062,   0.07313,  -0.06308,   0.06164,   0.03703,   0.04031,  -0.02205,  -0.07293,   0.05672,   0.01241,  -0.03518,  -0.04010,  -0.01713,   0.09939,   0.00256,  -0.01713,  -0.02698,   0.01077,  -0.00728,  -0.06472,  -0.00236,  -0.00236,  -0.08934,  -0.01056,   0.06985,  -0.01221,  -0.02862,   0.03867,  -0.06800,   0.01897,   0.03046,  -0.00072,  -0.04995,   0.01077,   0.07969,  -0.06308,  -0.01713,  -0.02698,  -0.01877,   0.03046,  -0.00400,   0.01733,  -0.02533,   0.02390,  -0.03846,   0.01077,   0.02718,   0.06164,   0.01077,  -0.07129,  -0.03354,  -0.04831,  -0.01056,  -0.01221,   0.07641,  -0.05816,   0.02390,   0.03210,  -0.00564,   0.06821,  -0.02041,   0.02882,  -0.05980,   0.06328,   0.05016,  -0.03190,  -0.04010,  -0.03846,  -0.01221,  -0.02041,  -0.00728,   0.04031,  -0.00072,  -0.00236,   0.04359,   0.00092,  -0.00072,   0.03703,   0.02226,  -0.06636,  -0.07621,   0.03374,   0.09446,   0.05180,  -0.00728,   0.04851,  -0.05487,   0.03539,  -0.06964,   0.06164,  -0.04995,   0.06657,   0.00749,  -0.08605,   0.00420,   0.06164,   0.01241,   0.00913,  -0.02533,  -0.03354,  -0.01056,   0.07641,   0.00420,   0.02882,   0.00913,   0.07969,   0.00913,   0.07477,  -0.05159,   0.02226,   0.04523,  -0.04175,  -0.01221,   0.00913,  -0.04995,   0.01569,  -0.01713,   0.01569,   0.03046,   0.00749,   0.04031,   0.05180,   0.01733,  -0.00072,   0.07641,   0.01897,   0.01897,  -0.02698,  -0.01056,   0.05180,  -0.04339,   0.09775,   0.01241,   0.05508,  -0.01221,   0.02226,   0.00420,   0.04687,  -0.02041,  -0.00564,   0.01569,   0.07477,  -0.08770,   0.09118,  -0.00728,   0.03046,  -0.10575,   0.03703,  -0.07129,  -0.06472,  -0.06472,   0.13549,   0.00420,   0.02554,   0.06985,  -0.06636,  -0.02698,  -0.04503,   0.05180,   0.09775,  -0.06800,  -0.10739,   0.01897,  -0.07293,  -0.00892,   0.03374,   0.00913,   0.04687,   0.01405,   0.03046,  -0.00400,  -0.00728,   0.01241,   0.02226,   0.02062,  -0.05159,   0.04359,  -0.05980,   0.02718,   0.07313,  -0.00400,   0.13549,  -0.08113,  -0.06144,   0.05344,   0.00420,   0.00256,  -0.03682,   0.01733,   0.06657,   0.01405,   0.03867,   0.01077,  -0.01549,   0.05016,  -0.06472,  -0.04175,   0.00913,   0.00913,  -0.03026,   0.05344,   0.09611,   0.00256,   0.00092,   0.04851,  -0.04831,   0.08790,  -0.01385,   0.01569,   0.04687,   0.01569,  -0.03026,   0.00749,  -0.05323,   0.03867,   0.01569,  -0.04667,  -0.01056,  -0.01877,   0.12400,   0.01897,  -0.02041,   0.05016,  -0.01549,  -0.03190,   0.03046,  -0.05816,   0.03374,  -0.02369,   0.06000,  -0.03682,  -0.01385,   0.04195,   0.04687,  -0.00400
   0.11252,   0.07969,   0.01241,  -0.06636,  -0.02698,   0.08462,  -0.02862,  -0.06472,  -0.04010,  -0.02533,  -0.04010,  -0.07621,   0.01897,   0.02390,   0.00749,   0.03539,   0.01405,  -0.00728,   0.03374,   0.05672,   0.00420,  -0.00400,   0.02390,  -0.02862,  -0.00728,   0.09282,   0.01405,  -0.03518,  -0.00236,  -0.02698,  -0.01385,  -0.01549,   0.04195,   0.05672,   0.00585,   0.05836,  -0.02862,   0.00092,   0.03046,   0.02062,  -0.02041,  -0.00728,   0.00420,  -0.00564,   0.00913,  -0.04995,  -0.02369,  -0.03026,  -0.03354,   0.06821,  -0.02041,  -0.04503,   0.04031,  -0.03682,  -0.04175,   0.01569,   0.02718,   0.02554,   0.02390,  -0.01549,   0.02062,   0.02390,  -0.09426,   0.05836,   0.07641,   0.05508,   0.00749,  -0.02533,   0.05016,   0.04523,  -0.02041,   0.04359,  -0.04010,  -0.02041,   0.01569,  -0.04175,  -0.00728,  -0.01549,   0.05344,   0.00749,   0.00749,   0.04031,   0.04031,  -0.01877,  -0.03518,   0.03046,  -0.00072,   0.02226,  -0.04175,   0.00585,  -0.00564,  -0.04010,  -0.05487,   0.00585,  -0.06308,  -0.02862,   0.02390,  -0.01713,  -0.03354,  -0.03518,   0.00749,  -0.02698,  -0.01713,  -0.04831,   0.00913,  -0.05159,   0.05836,   0.06492,   0.07805,  -0.00564,  -0.01549,   0.00749,  -0.01056,   0.03539,  -0.03518,   0.01077,  -0.01713,  -0.02041,  -0.02698,   0.03374,   0.03046,  -0.03518,  -0.04503,  -0.08770,  -0.02862,   0.03867,  -0.05323,   0.01733,  -0.02369,  -0.01385,   0.01241,   0.01077,   0.02554,   0.03046,   0.00749,   0.00256,  -0.00236,  -0.01549,   0.00585,  -0.03026,   0.00749,  -0.01385,  -0.04503,  -0.04010,   0.02882,  -0.05159,   0.01241,   0.06821,   0.03210,   0.03539,  -0.01056,  -0.00400,   0.01733,  -0.05323,  -0.07621,  -0.01877,  -0.00728,  -0.05159,   0.02718,  -0.01877,   0.01405,  -0.01056,  -0.01549,   0.02226,   0.01733,  -0.01221,  -0.01056,   0.00913,  -0.08113,  -0.02698,  -0.02698,  -0.03026,  -0.08770,  -0.01713,   0.00420,  -0.07293,  -0.10247,  -0.00728,  -0.04995,  -0.04503,   0.06164,  -0.02862,   0.02554,  -0.10082,   0.05344,  -0.01385,  -0.02698,   0.04851,   0.03046,  -0.01549,  -0.02698,   0.03703,   0.00749,  -0.04667,  -0.01221,   0.01077,   0.00913,   0.03210,  -0.02698,   0.05016,   0.03539,  -0.03354,  -0.06800,  -0.00892,  -0.04831,   0.01405,   0.04523,  -0.00728,  -0.02205,   0.02718,  -0.01385,  -0.06800,   0.02226,   0.00092,   0.05344,  -0.00728,   0.06328,  -0.07457,  -0.02862,  -0.01877,   0.05180,  -0.00892,   0.07477,  -0.00400,   0.01897,   0.00749,   0.03210,   0.06164,  -0.03846,  -0.01713,  -0.06144,   0.04851,  -0.04831,   0.04523,  -0.00400,  -0.03190,  -0.03190,  -0.08605,   0.04523,   0.02390,  -0.04667,  -0.00564,  -0.04995,   0.04523,   0.02062,  -0.02698,   0.01405,  -0.00236,   0.08134,   0.00749,  -0.00728,   0.04523,  -0.01877,  -0.05159,  -0.02205,   0.00092,   0.05508,   0.05344,   0.01241,   0.01569,   0.02718,  -0.07457,  -0.00400,  -0.08277,   0.01405,  -0.03190,   0.07805,   0.02226,  -0.04503,  -0.02698,   0.02226,  -0.06144,  -0.05159,   0.03374,   0.02882,  -0.00564,  -0.02533,   0.08462,   0.02062,  -0.06308,  -0.07457,  -0.05159,  -0.06144,  -0.00564,  -0.03682,   0.00256,  -0.01385,   0.07805,   0.00585,  -0.00236,  -0.03026,   0.00420,  -0.04667,   0.02882,  -0.03190,  -0.04831,   0.05508,   0.07477,   0.00420,  -0.07457,  -0.04503,  -0.04503,  -0.00400,   0.03867,   0.01569,  -0.02698,   0.10923,  -0.00728,   0.01077,  -0.01713,  -0.08113,  -0.00892,   0.00256,  -0.04175,   0.05836,   0.08298,   0.09446,   0.07477,   0.01241,   0.07641,  -0.02369,  -0.04503,   0.05508,  -0.06964,  -0.01385,   0.03210,  -0.08441,   0.01077,   0.04195,  -0.04831,   0.01241,  -0.01221,  -0.00236,   0.00092,   0.07313,  -0.01385,  -0.06144,  -0.03354,  -0.07129,   0.05180,   0.05180,  -0.01877,  -0.08113,   0.03374,   0.05016,  -0.01221,  -0.01385,  -0.07621,  -0.03354,  -0.04010,   0.06492,  -0.01713,  -0.00728,  -0.00072,  -0.00892,   0.03539,   0.07969,   0.07149,   0.05344,   0.01733,   0.03210,   0.07641,   0.01405,  -0.07949,  -0.02698,   0.03539,   0.06657,   0.15518,  -0.06964,  -0.04339,  -0.03190,   0.00256,   0.01733,   0.03046,   0.00256,   0.06328,   0.02226,   0.05508,   0.03539,   0.02554,  -0.06964,   0.06000,   0.05672,  -0.08113,   0.00420,  -0.00072,   0.08954,   0.01241,  -0.05980,   0.04195,  -0.01877,  -0.05652,   0.01405,   0.00585,  -0.02698,   0.03703,   0.03539,   0.06985,  -0.05980,   0.03539,  -0.00236,  -0.01713,   0.03210,  -0.02533,  -0.00400,   0.07149,   0.04359,   0.06657,   0.07477,  -0.00728,   0.01241,   0.00585,   0.00585,   0.05180,   0.00420,  -0.02862,   0.00420,   0.04687,  -0.06800,   0.04031,   0.06328,  -0.04667,   0.01405,  -0.03354,   0.02882,   0.02062,  -0.10575,   0.07149,  -0.03190,  -0.04175,   0.09611,  -0.02041,   0.00420,   0.04851,  -0.03190,   0.02554,   0.05344,  -0.01056,  -0.02369,   0.04687,  -0.04503,   0.00092,   0.06657,   0.02226,   0.02226,   0.03703,  -0.00564,   0.00256,  -0.04667,  -0.07621,   0.01733,   0.00420,   0.00420,   0.05672,  -0.00728,   0.07313,  -0.02041,   0.02390,  -0.05487,   0.01733,  -0.03354,  -0.01877,  -0.08441,   0.02882,   0.01733,  -0.04995,   0.05508,   0.06821,   0.05836,  -0.02533,  -0.02862,   0.01241,   0.04195,   0.04031,   0.04031,  -0.01385,   0.00256,   0.01569,   0.00585,   0.01405,  -0.00236,   0.00092,  -0.00728,  -0.05487,  -0.06308,   0.01077,   0.02390,   0.08462,   0.06657,  -0.01056,   0.00420,  -0.01056,   0.06985,   0.02062,  -0.04667,  -0.01877,  -0.00236,  -0.00892,  -0.02369,   0.05016,   0.11580,   0.06985,   0.03210,   0.09611,  -0.01056,  -0.12052,  -0.06636,   0.02062,  -0.04503,  -0.02533,  -0.00236,   0.04031,  -0.02533,  -0.06964,   0.06164,   0.04687,  -0.04175,   0.00092,  -0.02041,  -0.01549,  -0.01549,  -0.00400,  -0.01549,   0.01077,   0.01569,   0.06164,  -0.03026,  -0.06964,   0.01897,  -0.08113,  -0.02862,   0.07149,   0.05016,   0.00749,  -0.04667,  -0.05487,   0.05016,   0.09118,  -0.07293,   0.06164,  -0.00236,   0.02226,  -0.01549,  -0.00564,   0.01077,  -0.01056,   0.02718,  -0.04010,   0.00256,   0.01569,  -0.07129,  -0.02862,   0.02390,   0.00913,   0.06328,  -0.04667,   0.03867,   0.01077,  -0.05816,   0.08954,  -0.08934,   0.03046,   0.03867,  -0.01549,   0.07641,  -0.03354,   0.01569,  -0.01385,  -0.03354,   0.00092,  -0.01056,   0.00749,   0.03046,   0.05016,   0.05508,   0.01241,   0.12893,   0.02226,  -0.04175,  -0.01385,   0.04687,   0.00256,   0.01077,   0.01897,   0.06492,   0.00749,   0.09775,   0.02882,   0.00913,   0.06000,   0.05180,  -0.04175,  -0.01056,  -0.04667,   0.04523,   0.00256,   0.02882,   0.01569,   0.04523,  -0.02862,   0.00913,  -0.00236,  -0.01385,  -0.01385,  -0.07129,   0.01405,   0.00913,   0.03210,  -0.04339,   0.04851,   0.00749,  -0.05980,   0.01241,  -0.02041,   0.06328,  -0.04175,  -0.02369,   0.05180,  -0.01713,   0.00256,   0.05836,   0.06492,  -0.04010,  -0.04667,  -0.04667,  -0.02698,  -0.00728,  -0.04339,   0.00913,  -0.00400,   0.00256,   0.04195,  -0.05159,   0.00913,  -0.03682,  -0.02862,   0.01077,  -0.01385,  -0.10575,  -0.00236,  -0.05323,  -0.02862,   0.00913,   0.03046,   0.05344,  -0.01056,   0.01405,  -0.05487,   0.07477,   0.01405,  -0.05323,  -0.07949,   0.01241,   0.07149,   0.00749,   0.07477,  -0.01713,   0.01405,   0.00420,  -0.01385,  -0.05487,   0.02226,  -0.01877,  -0.04831,  -0.08770,   0.03539,  -0.03190,  -0.03354,  -0.03682,  -0.02533,  -0.03518,   0.04523,   0.03210,   0.01405,   0.01405,  -0.04010,  -0.04010,  -0.00728,   0.03703,  -0.03026,   0.03867,  -0.00564,   0.06821,  -0.03190,   0.00585,  -0.03354,   0.06985,   0.01733,   0.00420,   0.01569,   0.02390,  -0.00236,   0.00420,   0.02390,   0.04359,  -0.02369,  -0.04010,   0.02882,  -0.02698,  -0.05980,  -0.03354,   0.05016,   0.04687,  -0.06472,  -0.03682,  -0.07129,   0.07313,  -0.07129,   0.08462,  -0.02698,   0.07477,   0.02718,   0.00092,  -0.06964,  -0.01221,  -0.11724,  -0.03846,   0.02226,   0.00256,  -0.02205,   0.02882,   0.03374,  -0.06964,  -0.00072,  -0.06144,  -0.01713,   0.03867,   0.01897,   0.05672,  -0.00072,  -0.02369,  -0.01385,  -0.00236,   0.02882,   0.01241,   0.00092,   0.01405,  -0.07457,  -0.01221,   0.02390,   0.00913,   0.02718,  -0.03354,  -0.03190,   0.02554,  -0.04831,  -0.00072,  -0.03846,  -0.02205,   0.01405,   0.01733,  -0.04175,   0.01569,   0.04687,   0.02554,   0.04359,   0.07641,  -0.01385,   0.08298,   0.02390,  -0.08605,  -0.02041,  -0.06472,   0.02718,   0.03210,   0.01733,   0.10923,   0.04031,   0.07149,   0.03374,  -0.02041,   0.03374,  -0.01549,  -0.00072,   0.07641,   0.02062,   0.00092,  -0.07129,   0.01405,  -0.02698,  -0.01056,   0.05508,   0.02718,   0.04031,   0.03046,   0.05672,  -0.08441,  -0.00236,  -0.04995,   0.00256,  -0.02369,  -0.03354,   0.01077,   0.08298,   0.01897,   0.00420,   0.03210,  -0.00072,  -0.06144,   0.06492,  -0.05980,   0.02390,  -0.05323,   0.00092,  -0.00728,  -0.01056,  -0.00892,  -0.05816,   0.03703,   0.02390,  -0.07457,  -0.00236,   0.03210,  -0.00564,   0.02554,  -0.03190,  -0.02698,  -0.09754,   0.02226,   0.03210,   0.02554,   0.00256,  -0.00892,  -0.01549,  -0.13857,  -0.03026,   0.04851,  -0.01713,  -0.00564,   0.01569,  -0.12708,  -0.01385,   0.00913,   0.03539,  -0.00728,  -0.04667,   0.03703,  -0.08441,  -0.04503,  -0.03682,   0.07805,  -0.02041,  -0.04010,   0.00749,   0.04359,  -0.04503,   0.00420,  -0.04503,   0.05672,   0.00749,   0.05836,  -0.04831,  -0.01385,   0.01241,   0.06985,  -0.04503,  -0.05323,  -0.03026,   0.00749,  -0.02041,   0.09611,  -0.05159,   0.00913,  -0.01385,   0.06492,   0.02062,   0.04523,   0.08626,   0.05180,  -0.03190,  -0.12216,  -0.03518,   0.00913,   0.04195,  -0.02205,   0.03703,   0.01077,   0.00585,   0.06328,  -0.02533,   0.05508,   0.01405,   0.01733,  -0.05980,   0.05344,   0.00913,   0.01897,  -0.01549,  -0.03190,   0.04359,   0.08790,   0.06985,   0.04031,   0.03374,  -0.05816,   0.04195,  -0.01877,  -0.06800,   0.02226,   0.04031,   0.05180,   0.02062,   0.00092,   0.00749,   0.00749,  -0.09262,  -0.00400,  -0.09754,  -0.00072,  -0.08770,  -0.02533,   0.04031,  -0.02205,  -0.00072,   0.03374,   0.02226,  -0.01385,   0.02390,  -0.00728,  -0.01877,   0.02062,   0.03703,  -0.01385,   0.02390,   0.09282,  -0.07621,  -0.00400,  -0.01056,  -0.03354,  -0.04995,  -0.00564,   0.00420,   0.03703,  -0.07949,   0.04031,   0.01241,  -0.07621,  -0.00072,   0.05344,  -0.04503,   0.05344,  -0.02862,  -0.02862,   0.00585,   0.05016,   0.02390,  -0.04175,  -0.06308,  -0.01549,   0.03867,  -0.02041,  -0.02698,  -0.04339,  -0.03026,   0.06328,   0.05180,   0.01897,  -0.02533,  -0.01385,   0.04851,   0.00420,  -0.02205,  -0.01877,   0.03046,  -0.04995,   0.02554,  -0.01713,  -0.05159,  -0.03354,  -0.02533,  -0.02862,  -0.00400,   0.03539,   0.00749,  -0.00236,   0.03374,  -0.02041,  -0.02041,   0.06821,  -0.01385,   0.03703,   0.07149,  -0.01385,   0.07641,   0.00256,  -0.01713,   0.00256,   0.03867,   0.04031,  -0.02533,  -0.01056,   0.01241,  -0.01713,  -0.05487,   0.00420,   0.00913,   0.00092,  -0.03518,   0.01897,  -0.03682,   0.07313,   0.00092,   0.00913,   0.01733,  -0.02369,  -0.01385,  -0.03682,  -0.02041,   0.03210,  -0.04831,   0.00585,   0.01569,  -0.05652,  -0.02862,  -0.00400,   0.06657,  -0.04503,   0.05016,  -0.07457,   0.01405,   0.10923,   0.00256,   0.04195,  -0.00728
  -0.04503,  -0.00564,  -0.05487,   0.02226,  -0.01221,  -0.05816,  -0.06472,   0.04687,   0.06164,  -0.00728,  -0.02369,   0.02554,  -0.03354,  -0.01385,   0.02882,  -0.00564,   0.01241,   0.01569,  -0.02041,   0.01733,  -0.02205,  -0.07293,   0.04687,   0.07313,   0.05672,  -0.07293,   0.05836,  -0.00072,  -0.01877,  -0.03026,   0.03210,   0.01569,  -0.03354,   0.04031,  -0.07457,  -0.00728,  -0.00564,  -0.06144,   0.02226,   0.00256,  -0.02205,  -0.00892,   0.03374,   0.00420,   0.10759,  -0.04339,  -0.00892,  -0.02533,  -0.03354,  -0.00072,  -0.05323,  -0.05652,  -0.06308,  -0.05323,  -0.02369,   0.02390,   0.04359,   0.03046,   0.01897,  -0.01221,   0.07477,   0.00913,  -0.01056,   0.10759,  -0.05487,   0.00913,   0.01405,  -0.07129,  -0.04503,  -0.01549,  -0.00236,   0.05180,   0.00913,  -0.04503,   0.02226,  -0.00728,   0.00585,   0.01569,  -0.00236,   0.00420,   0.01569,   0.06821,  -0.04010,  -0.11395,  -0.09918,   0.04031,  -0.01056,   0.00256,  -0.01877,   0.06164,   0.00913,  -0.03682,   0.03539,   0.07149,  -0.03354,  -0.01877,   0.04359,   0.01241,   0.02062,  -0.03354,  -0.00564,  -0.06964,   0.00256,  -0.03190,   0.02226,   0.04523,  -0.01549,   0.03046,   0.03210,  -0.01056,  -0.00236,   0.03210,  -0.01056,   0.01077,   0.05016,   0.01569,  -0.04175,  -0.01221,   0.00585,  -0.04339,  -0.03682,  -0.02205,   0.01241,   0.02390,   0.04031,   0.06164,  -0.06636,   0.03867,  -0.02533,  -0.00564,  -0.03026,  -0.07949,  -0.05159,  -0.00728,  -0.02533,  -0.01385,   0.01733,  -0.04831,  -0.08770,  -0.04339,  -0.00400,   0.02718,  -0.03026,   0.03539,   0.05016,   0.04195,  -0.03026,  -0.00892,   0.11252,  -0.02698,   0.06985,  -0.01549,   0.03046,   0.08298,  -0.04995,   0.02226,   0.05180,   0.04687,  -0.03518,   0.01897,  -0.04010,   0.00585,  -0.03518,  -0.01549,  -0.04010,   0.07313,  -0.02369,  -0.01549,   0.05016,   0.03539,  -0.07129,   0.04523,  -0.05980,  -0.03190,  -0.00728,   0.02718,   0.02882,  -0.02698,   0.00913,   0.00256,  -0.03190,   0.04359,  -0.00892,   0.08790,  -0.02205,   0.06492,   0.02062,  -0.06144,  -0.03026,  -0.00892,  -0.04995,   0.08134,  -0.02205,   0.01077,   0.08462,  -0.00564,   0.01077,  -0.04339,   0.05508,  -0.00072,   0.01241,  -0.02862,  -0.00564,   0.08462,   0.01241,   0.10103,   0.04523,   0.03210,   0.02390,   0.01897,  -0.07785,   0.02226,  -0.01877,  -0.01221,   0.06985,   0.03374,   0.05672,   0.03703,   0.02062,   0.01241,  -0.00072,  -0.01221,   0.03046,  -0.01713,   0.09939,  -0.02205,   0.03703,   0.11088,   0.02226,   0.13221,   0.01405,   0.01733,   0.04851,  -0.03682,  -0.04503,  -0.03026,   0.06000,  -0.00564,   0.03539,  -0.00072,  -0.02862,   0.04359,  -0.02533,  -0.02533,  -0.07949,   0.00585,   0.01897,   0.03210,   0.09118,  -0.00564,   0.02718,   0.10267,  -0.03354,   0.05508,  -0.01056,   0.01569,   0.02226,  -0.02862,   0.03046,   0.00585,   0.01077,  -0.02205,  -0.03518,   0.05672,   0.00420,  -0.01713,  -0.00892,  -0.04995,  -0.00892,  -0.02862,  -0.05487,  -0.02369,  -0.05980,  -0.01221,  -0.00072,   0.01897,   0.00913,  -0.01221,  -0.01385,  -0.00892,   0.01405,  -0.03846,   0.03867,  -0.04503,  -0.09098,   0.01733,  -0.07949,  -0.00236,  -0.05323,   0.04031,   0.03210,  -0.01056,  -0.04995,   0.03703,  -0.04010,  -0.04995,  -0.08277,  -0.04831,  -0.01385,   0.03539,  -0.12052,  -0.02533,  -0.09590,  -0.04503,  -0.01385,  -0.05159,   0.02226,   0.02226,   0.02226,  -0.05980,   0.02882,  -0.01877,  -0.03518,  -0.04010,  -0.05159,   0.05016,   0.01733,   0.03867,  -0.05487,  -0.03026,  -0.06144,   0.03210,  -0.08113,  -0.03846,  -0.03518,   0.04523,   0.04851,  -0.03026,  -0.00072,  -0.00236,  -0.00728,   0.00420,  -0.00400,   0.04031,  -0.05159,   0.02062,  -0.04667,  -0.01713,  -0.04667,  -0.00892,  -0.08934,   0.03374,   0.04359,   0.03703,  -0.02041,  -0.03518,   0.01733,   0.02718,  -0.03682,   0.02062,  -0.03846,  -0.00400,   0.06000,   0.04851,   0.04359,   0.02226,   0.03374,  -0.06636,   0.04523,   0.04687,  -0.01056,   0.06164,  -0.00236,   0.11252,  -0.00564,   0.01405,  -0.04175,   0.03867,   0.01077,   0.01897,   0.07477,  -0.04503,  -0.08113,  -0.03190,   0.03867,  -0.00400,   0.04523,   0.07313,   0.00256,   0.03374,   0.01077,  -0.03682,   0.03046,   0.01077,   0.03374,  -0.02862,  -0.00400,   0.01733,  -0.06964,  -0.02369,  -0.06472,   0.03539,   0.03374,  -0.03682,   0.05180,   0.01405,   0.03703,   0.03539,   0.07477,  -0.04339,  -0.02698,   0.04031,   0.05836,   0.06492,   0.01569,  -0.02205,  -0.06308,  -0.00236,   0.00749,   0.03374,   0.01241,   0.01897,   0.01569,  -0.02041,   0.05016,  -0.02205,   0.00092,  -0.08934,   0.03539,   0.03539,   0.04523,  -0.01385,   0.00749,   0.02882,  -0.07621,   0.03210,  -0.03354,  -0.02533,   0.01897,   0.00092,   0.00749,  -0.01221,   0.05508,   0.02882,  -0.00892,  -0.06636,  -0.02862,   0.02718,   0.07805,  -0.04175,  -0.04339,  -0.06472,   0.02226,  -0.07129,  -0.02205,   0.09282,   0.00749,  -0.07785,  -0.01713,  -0.03846,  -0.02041,   0.02226,  -0.00236,  -0.00892,  -0.05323,   0.03703,  -0.03190,  -0.00072,  -0.02041,   0.02882,   0.02554,  -0.01056,   0.00585,   0.05508,   0.01897,   0.01405,   0.00585,  -0.04831,  -0.01385,  -0.01221,  -0.03354,   0.00913,   0.01241,  -0.00728,   0.07641,   0.01733,  -0.05159,   0.00749,  -0.06636,   0.00585,  -0.03846,   0.00749,  -0.01221,  -0.06472,   0.04031,   0.00420,   0.01569,   0.06164,  -0.02698,   0.02882,  -0.02533,   0.05344,  -0.02205,   0.02882,   0.00092,  -0.00400,   0.02882,  -0.00564,   0.02226,   0.04851,  -0.00728,  -0.05980,   0.04195,  -0.09098,   0.02554,   0.03703,   0.04851,   0.02882,   0.06164,  -0.06308,   0.03374,  -0.01385,  -0.03846,   0.01077,  -0.00072,  -0.01221,   0.03210,   0.05344,   0.03539,   0.02390,   0.07477,  -0.05159,   0.00092,   0.06985,   0.01241,  -0.02698,   0.04031,  -0.03682,  -0.07293,  -0.08277,   0.01077,   0.01405,   0.02554,  -0.00728,  -0.02041,  -0.03846,   0.00585,  -0.04503,  -0.01877,  -0.01056,   0.05508,  -0.04010,   0.03210,   0.04523,  -0.00728,  -0.01713,  -0.08277,  -0.01221,   0.02390,   0.06328,  -0.04503,  -0.04667,  -0.08934,   0.04687,   0.03703,  -0.03026,   0.02226,  -0.00072,   0.02226,   0.05672,   0.00585,   0.02718,  -0.01713,   0.01241,  -0.00564,   0.03867,   0.04359,  -0.07621,   0.02882,  -0.02533,   0.00420,  -0.04995,  -0.01713,   0.04851,  -0.02369,  -0.03682,   0.02718,   0.04031,   0.02390,   0.00913,   0.03703,   0.03210,  -0.06308,   0.01405,  -0.03846,   0.00585,   0.02718,  -0.00236,  -0.03354,   0.02062,  -0.06308,  -0.05323,   0.03867,  -0.00400,   0.02226,   0.02390,  -0.00236,   0.03539,   0.02390,   0.00749,   0.00420,   0.04523,  -0.04503,   0.06985,   0.01569,   0.00749,  -0.03354,  -0.01877,   0.04523,  -0.02862,  -0.05159,  -0.02862,  -0.02369,  -0.04010,   0.03539,   0.00092,  -0.03354,   0.06985,  -0.00400,   0.03703,   0.02226,   0.03867,   0.02554,   0.03046,   0.06985,   0.06821,   0.05836,  -0.10082,  -0.04503,   0.04031,   0.00913,   0.08462,  -0.02533,   0.06985,  -0.05980,   0.05180,  -0.04010,  -0.04339,   0.04523,  -0.04667,   0.04195,  -0.03354,  -0.03354,   0.01897,  -0.04995,  -0.00728,   0.02390,   0.01241,  -0.04667,   0.04359,  -0.00400,  -0.01056,  -0.05816,  -0.06144,  -0.01549,   0.03539,  -0.06964,   0.12400,   0.02718,   0.02554,   0.00749,  -0.03682,  -0.07129,  -0.04010,  -0.05159,   0.03703,  -0.01385,   0.00092,  -0.03682,  -0.04831,  -0.03682,  -0.02041,   0.11088,  -0.04175,   0.02390,   0.00256,   0.00585,  -0.00564,  -0.03026,  -0.03518,   0.00913,  -0.07785,   0.05016,  -0.00236,  -0.00072,  -0.01056,  -0.05487,  -0.00400,  -0.03026,   0.00092,  -0.05652,   0.00420,   0.03539,   0.06164,  -0.01713,   0.05672,   0.05344,  -0.00400,  -0.05323,  -0.04010,   0.00749,   0.07805,  -0.04339,  -0.00564,   0.02226,   0.04031,   0.01241,   0.03046,   0.06657,   0.07477,   0.00749,  -0.00400,   0.04359,  -0.01549,  -0.02533,  -0.02205,   0.00585,   0.04851,  -0.00728,   0.06000,   0.06000,   0.03374,  -0.01549,  -0.06636,  -0.02369,  -0.07129,  -0.05816,  -0.04503,  -0.02862,  -0.03190,   0.04851,  -0.05159,   0.02554,  -0.01385,   0.01569,   0.04031,  -0.09918,   0.01897,  -0.00564,   0.06821,   0.00585,  -0.02041,   0.00256,   0.01077,  -0.11395,  -0.00400,   0.04359,   0.04687,  -0.02698,  -0.01056,  -0.00072,  -0.02698,  -0.04339,   0.03046,   0.00420,  -0.02205,  -0.01549,   0.02554,   0.01077,   0.07641,   0.09118,  -0.00892,   0.03374,   0.07641,  -0.04503,  -0.00892,   0.05508,   0.02718,   0.11252,   0.01405,  -0.01549,  -0.03846,   0.00749,   0.06657,  -0.02205,  -0.03682,  -0.00400,   0.02882,  -0.02533,   0.01897,   0.02882,   0.01897,   0.03867,   0.00585,  -0.01549,   0.01077,   0.03046,   0.01405,   0.04851,   0.03703,  -0.01385,   0.00092,   0.03539,  -0.03846,   0.01077,  -0.02862,  -0.00564,  -0.00400,   0.04195,   0.10103,   0.03374,   0.00092,  -0.00728,   0.00256,  -0.04503,   0.00256,   0.02718,  -0.05980,  -0.00072,   0.00585,  -0.00400,  -0.00236,   0.00585,   0.00256,   0.00749,  -0.03518,  -0.03354,  -0.02862,   0.03703,   0.06000,  -0.04339,  -0.00892,   0.02718,  -0.04010,  -0.02041,  -0.02041,  -0.07785,   0.03703,  -0.04995,  -0.01221,   0.05016,   0.03539,   0.00256,  -0.00564,  -0.04175,  -0.06636,  -0.00236,   0.02882,  -0.02041,   0.01241,   0.09775,   0.03539,  -0.00400,  -0.04667,   0.04359,   0.08954,   0.03867,  -0.01713,   0.07477,  -0.03026,  -0.03190,  -0.03354,   0.03867,  -0.01385,   0.03374,  -0.05159,   0.00749,  -0.05323,   0.03867,   0.03210,   0.03867,   0.02882,  -0.00564,   0.01897,   0.05508,   0.01077,   0.03046,   0.02390,   0.00585,   0.01077,   0.05016,  -0.01549,   0.00256,  -0.02041,  -0.08277,   0.03046,   0.05508,  -0.00892,   0.05180,  -0.06144,   0.06492,   0.02226,   0.00256,   0.05016,  -0.04175,  -0.02533,  -0.06964,  -0.03190,  -0.04010,  -0.03026,  -0.02862,  -0.00072,  -0.04667,   0.03046,   0.03703,  -0.04667,   0.06328,   0.01077,  -0.08113,  -0.02041,  -0.02041,  -0.04503,   0.09611,   0.00092,  -0.02369,   0.01077,   0.07477,   0.01897,  -0.02533,  -0.02698,   0.01077,   0.03703,   0.00256,  -0.05652,   0.00913,   0.00913,  -0.01549,  -0.01549,  -0.03846,  -0.03518,   0.07313,  -0.00728,   0.01897,   0.08626,   0.01405,  -0.10739,  -0.01549,  -0.03846,  -0.03026,  -0.04831,   0.01241,   0.01733,   0.02882,   0.04851,   0.04523,  -0.04010,  -0.03518,  -0.01549,   0.03374,   0.02226,  -0.01221,   0.05672,  -0.04667,  -0.09098,   0.02882,   0.07641,  -0.00564,   0.03703,  -0.02698,  -0.00072,   0.04687,  -0.00236,  -0.00400,   0.03046,  -0.08113,   0.02390,   0.11580,   0.02062,  -0.05980,  -0.00892,  -0.06964,   0.02226,  -0.04503,   0.03046,   0.04031,  -0.04995,  -0.05652,  -0.04995,  -0.04175,  -0.01713,  -0.03846,   0.04687,   0.00256,  -0.05323,  -0.05487,   0.02226,  -0.00072,   0.03210,   0.03539,   0.02718,   0.05016,   0.01405,  -0.01385,   0.03210,   0.04523,   0.05016,   0.02390,   0.00092,   0.05508,   0.00420,   0.00913,   0.00256,   0.06000,   0.09775,   0.00420,  -0.09590,  -0.02369,   0.07641,  -0.04995,  -0.02533,  -0.06472,   0.03539,  -0.01877,   0.02718,  -0.00564,  -0.08934,   0.09118,  -0.05323,   0.06328,  -0.05159,   0.00749,   0.01077,   0.01733,   0.01405,  -0.03682,   0.06164,   0.00585,  -0.01221,   0.04195,   0.06492,   0.09282,  -0.00892,   0.02390,   0.01569
  -0.00400,   0.01569,  -0.01549,  -0.04831,  -0.09426,  -0.03518,  -0.04339,  -0.06800,   0.03210,   0.07641,  -0.04831,  -0.01877,   0.06657,   0.00913,  -0.01713,  -0.00236,  -0.01056,  -0.05980,  -0.09262,  -0.02205,  -0.04175,   0.00092,  -0.00728,   0.01241,   0.05344,   0.01897,   0.05672,   0.03867,   0.02718,   0.04687,   0.00256,   0.06492,   0.04031,  -0.00892,  -0.00564,  -0.02369,   0.08298,  -0.03518,  -0.01549,  -0.05323,   0.05016,  -0.01549,   0.03374,  -0.00728,   0.03539,   0.00420,   0.01077,  -0.06964,   0.02390,  -0.00892,   0.11252,   0.06821,   0.02554,  -0.03026,  -0.00400,  -0.05487,  -0.04339,   0.01241,   0.09939,   0.00913,   0.03046,  -0.07293,   0.06985,   0.02718,  -0.06800,   0.00749,   0.07313,   0.06657,   0.01077,   0.00585,   0.01405,  -0.02041,   0.02718,   0.00420,   0.02226,   0.00585,  -0.04175,   0.00420,  -0.06472,  -0.07621,   0.00092,  -0.04175,  -0.00564,  -0.00400,  -0.04995,   0.01405,  -0.07293,   0.07313,  -0.04667,   0.03046,   0.01241,  -0.03682,   0.00092,   0.03703,   0.03867,  -0.00400,   0.02718,   0.04195,   0.00585,  -0.04503,   0.04031,  -0.04831,  -0.10247,  -0.05487,  -0.02533,  -0.01549,   0.01733,  -0.01713,   0.00256,   0.00749,  -0.03354,  -0.02533,   0.04359,  -0.02862,   0.01569,  -0.02862,  -0.07129,  -0.01056,   0.00913,  -0.05323,   0.06164,   0.03374,  -0.05159,   0.05016,  -0.00892,   0.07149,   0.03867,  -0.02041,   0.02554,   0.06657,  -0.01385,   0.03046,   0.00420,  -0.05159,   0.01077,   0.01241,  -0.01877,  -0.03190,  -0.01713,  -0.00728,  -0.06964,  -0.04831,  -0.04339,  -0.01877,   0.00256,   0.04523,   0.02554,   0.06821,   0.01241,   0.05344,  -0.05323,   0.05344,   0.02226,  -0.00400,  -0.00072,   0.02882,  -0.02862,  -0.02533,  -0.00564,   0.02390,   0.03046,  -0.01221,  -0.02369,  -0.03846,   0.03046,  -0.00564,  -0.05487,   0.07477,   0.01569,   0.00749,   0.04687,   0.03539,  -0.00892,  -0.06800,   0.06328,  -0.02862,   0.04523,   0.11580,  -0.05323,  -0.00072,  -0.04831,  -0.00728,   0.04687,   0.05508,  -0.07621,   0.04523,  -0.09754,  -0.00728,  -0.00564,  -0.03190,  -0.01221,   0.02882,   0.05508,   0.04851,  -0.03190,   0.03210,  -0.05487,   0.01241,   0.07149,  -0.00564,  -0.01056,  -0.04995,  -0.00400,   0.06985,   0.02062,   0.01897,  -0.08113,   0.00092,  -0.03354,   0.00913,   0.04851,  -0.01877,   0.00092,   0.02882,   0.01077,  -0.09098,  -0.01713,   0.03867,   0.00749,  -0.06144,   0.05016,  -0.01549,   0.11908,  -0.08934,   0.02226,  -0.05652,  -0.05816,   0.00913,  -0.04667,  -0.01877,  -0.03682,  -0.02533,  -0.02533,   0.04031,   0.01897,  -0.04667,   0.02718,   0.04687,  -0.04339,   0.03210,  -0.01056,   0.08462,   0.04851,   0.06328,   0.00420,  -0.01549,  -0.03518,   0.01405,   0.04851,  -0.02862,  -0.03518,  -0.06800,   0.00092,   0.01241,  -0.05487,  -0.00236,  -0.07293,  -0.00400,  -0.00236,  -0.05487,   0.00585,  -0.01549,   0.06000,  -0.07129,  -0.02041,   0.04523,   0.00420,  -0.02698,   0.04687,  -0.09590,   0.00256,  -0.04010,  -0.03026,  -0.01877,  -0.04175,   0.01077,   0.04195,   0.08134,   0.00092,  -0.01385,  -0.00892,  -0.04831,  -0.02369,   0.04031,   0.07969,   0.00585,   0.08298,   0.06821,  -0.04010,   0.00256,   0.10267,  -0.03518,   0.00913,  -0.02698,   0.03374,  -0.05487,   0.05344,  -0.02533,   0.01405,  -0.02369,  -0.00236,   0.03539,   0.00420,  -0.00564,  -0.00400,   0.05344,  -0.00892,   0.07477,  -0.03846,   0.04031,  -0.06800,  -0.01549,  -0.02698,   0.00092,   0.01569,  -0.01713,   0.08134,  -0.07621,   0.05180,  -0.02533,  -0.04175,  -0.04667,   0.04031,   0.00256,   0.01569,   0.00420,  -0.09262,   0.03374,   0.03867,  -0.02698,  -0.05980,  -0.12380,  -0.00072,   0.00585,  -0.02205,  -0.04503,  -0.03354,   0.02062,   0.02882,  -0.02041,  -0.02041,   0.00256,   0.08790,  -0.00400,   0.04851,  -0.04503,  -0.02041,  -0.04339,  -0.02041,   0.01569,   0.02390,   0.01241,   0.03374,  -0.00564,   0.04031,   0.00913,   0.06000,  -0.00892,  -0.03354,   0.01569,  -0.00072,   0.00092,  -0.03682,   0.01897,   0.04031,  -0.03190,   0.01733,  -0.04503,   0.01733,  -0.03354,   0.05672,  -0.02205,   0.05180,   0.05344,  -0.07457,  -0.01713,   0.00913,  -0.02369,  -0.01713,   0.00585,  -0.00236,  -0.04667,  -0.04667,   0.03703,  -0.04175,  -0.03026,   0.05016,  -0.03682,   0.02390,  -0.03682,   0.03046,  -0.00072,   0.00913,   0.02390,   0.08462,   0.02226,   0.00092,  -0.00072,   0.01897,  -0.03026,   0.06657,  -0.05652,   0.01897,  -0.08277,  -0.03354,  -0.02369,  -0.01221,   0.02718,   0.05836,  -0.06472,   0.04851,  -0.09098,  -0.02041,  -0.03354,  -0.02041,   0.00256,   0.02226,   0.03210,  -0.04339,   0.00420,  -0.00728,   0.03210,   0.00420,   0.05508,  -0.10247,  -0.08441,   0.01733,  -0.00564,   0.00913,  -0.00400,   0.00749,  -0.03026,   0.01733,  -0.02041,   0.07477,  -0.01056,   0.01077,  -0.00564,  -0.02205,   0.03210,   0.01077,  -0.04175,   0.03210,  -0.02533,  -0.05652,   0.00092,   0.07313,  -0.01713,   0.06985,   0.03046,   0.06985,  -0.01713,  -0.06308,   0.01077,  -0.04010,  -0.02041,   0.06000,   0.00420,   0.01405,  -0.03190,  -0.00564,   0.04359,  -0.02041,  -0.02862,   0.04523,  -0.02369,   0.07149,   0.05672,   0.00256,   0.05344,   0.08134,   0.05344,  -0.03354,   0.05508,   0.06985,   0.01241,   0.00092,   0.01077,   0.07313,   0.01077,   0.00913,   0.08790,   0.02718,  -0.10411,   0.06328,  -0.04831,   0.03046,   0.01733,  -0.01713,  -0.02041,   0.00585,   0.03539,  -0.06308,   0.01897,   0.04031,   0.05016,   0.02390,  -0.03518,   0.05672,   0.03374,  -0.02533,  -0.00400,   0.01405,   0.04851,   0.01077,   0.00256,   0.05016,   0.04687,   0.00256,   0.00092,   0.04687,  -0.05816,  -0.00072,  -0.05652,  -0.01549,  -0.00072,  -0.01056,  -0.00564,  -0.05323,   0.02882,   0.02226,   0.02390,  -0.01385,   0.04195,   0.06657,  -0.02205,  -0.00892,  -0.03190,  -0.00728,   0.01077,  -0.07621,   0.07149,   0.04031,   0.01241,   0.01569,  -0.01221,   0.03867,   0.04687,  -0.08277,   0.02554,  -0.02205,   0.05344,   0.06492,  -0.03026,  -0.02041,   0.02390,  -0.05487,   0.05508,   0.00749,   0.03539,   0.03374,  -0.03190,   0.01077,  -0.00400,   0.04195,  -0.09426,  -0.00564,   0.02390,   0.05344,  -0.08113,  -0.04175,   0.01077,  -0.01877,  -0.00236,  -0.04339,   0.05180,  -0.01056,  -0.05487,   0.06000,   0.00256,   0.03046,   0.00420,  -0.02698,  -0.00564,   0.04195,   0.05672,  -0.06144,  -0.02205,   0.00585,   0.08462,  -0.00400,   0.04031,   0.06164,   0.03046,  -0.00564,  -0.04995,   0.06821,   0.00092,   0.00749,  -0.04831,  -0.01385,   0.07313,  -0.06636,  -0.01713,   0.01241,  -0.00400,  -0.01549,  -0.00236,  -0.01221,  -0.03354,  -0.02862,   0.03867,  -0.03190,   0.00092,  -0.05816,   0.02390,  -0.00564,   0.01569,   0.03539,   0.01569,   0.05344,   0.00585,  -0.02041,   0.05836,   0.03374,   0.03703,  -0.00892,  -0.02533,  -0.03190,   0.05836,  -0.02698,   0.00256,  -0.03682,  -0.06800,   0.02062,  -0.00072,   0.01897,   0.01569,  -0.00892,  -0.00564,   0.02718,  -0.01877,  -0.04339,   0.17160,  -0.03190,  -0.09590,   0.00420,  -0.01221,  -0.06308,  -0.02533,  -0.03026,  -0.04995,  -0.01877,  -0.01385,   0.00092,   0.01569,  -0.02698,   0.01897,   0.01405,  -0.05323,  -0.01549,  -0.00564,   0.01241,  -0.02698,   0.06657,  -0.01221,   0.05672,   0.04687,  -0.03518,   0.02554,   0.06985,  -0.00072,  -0.01221,   0.03210,  -0.06472,  -0.00236,  -0.04831,  -0.01056,  -0.00564,  -0.04175,  -0.04010,   0.05344,  -0.03518,  -0.03682,  -0.04831,   0.02718,  -0.02862,   0.01405,   0.04031,  -0.04667,  -0.00892,  -0.01056,   0.00420,   0.00585,   0.01077,  -0.07293,  -0.01056,   0.03210,  -0.02862,   0.06492,   0.02718,   0.03210,   0.01733,   0.06657,  -0.04339,  -0.01385,   0.09118,   0.00256,   0.01897,   0.07477,   0.03374,   0.07805,  -0.05323,  -0.01549,   0.03046,  -0.02698,  -0.01056,   0.05836,   0.03046,   0.06164,   0.04523,   0.01241,  -0.07621,   0.01569,  -0.07621,  -0.01549,   0.01077,  -0.01221,   0.00092,   0.07477,  -0.02698,   0.00256,   0.04359,  -0.06964,   0.09118,   0.00256,   0.04195,   0.06328,   0.03046,   0.03539,   0.04523,   0.13385,   0.02062,   0.10923,  -0.03846,   0.01077,   0.05016,  -0.01056,   0.02226,   0.00256,  -0.01221,   0.02882,   0.02062,   0.00749,   0.03210,  -0.00892,  -0.02205,  -0.03846,   0.00420,  -0.03026,  -0.03354,   0.01569,  -0.01385,   0.02554,  -0.05980,   0.04523,   0.06000,  -0.07949,  -0.04831,  -0.02698,   0.00749,  -0.01056,  -0.05159,   0.00749,   0.00092,  -0.01549,   0.02882,  -0.01385,  -0.07457,   0.04031,   0.05508,   0.00749,  -0.03190,  -0.07129,   0.05344,   0.06657,  -0.04503,  -0.03354,  -0.04339,   0.00585,  -0.09262,   0.00092,   0.02062,  -0.06800,  -0.02533,  -0.00892,   0.02062,   0.02226,   0.00256,  -0.02533,   0.07641,   0.09611,   0.00256,   0.06328,  -0.02862,   0.01897,  -0.03518,  -0.03026,   0.04523,   0.01405,   0.02390,  -0.02205,  -0.08441,  -0.01385,  -0.00728,  -0.04995,   0.01897,  -0.03190,  -0.01221,  -0.00236,  -0.01549,  -0.01385,  -0.01877,  -0.04831,  -0.03026,   0.01241,   0.10595,  -0.05159,   0.01897,   0.04523,  -0.01877,   0.08462,   0.01241,   0.04523,   0.08954,   0.01241,   0.03867,  -0.02862,  -0.04995,   0.05508,  -0.10903,   0.02882,  -0.01221,   0.01569,   0.08626,   0.04195,  -0.05323,  -0.05159,   0.09118,  -0.04995,  -0.00892,  -0.01713,   0.00749,   0.01077,   0.07149,  -0.01549,  -0.14185,  -0.01877,  -0.03846,  -0.05159,   0.06000,   0.03374,   0.00585,   0.01733,  -0.04339,   0.02718,   0.02226,  -0.03518,  -0.02533,  -0.06144,   0.01897,   0.00749,  -0.01713,  -0.03846,   0.08790,  -0.00728,   0.02554,  -0.03846,  -0.01385,  -0.04010,   0.00749,   0.07805,  -0.00728,  -0.06636,  -0.00400,   0.02062,   0.01897,   0.05344,  -0.01713,  -0.00564,   0.02226,  -0.04339,  -0.01713,  -0.04831,  -0.04503,   0.03703,  -0.00236,   0.07805,   0.04687,  -0.01549,  -0.06308,   0.00420,  -0.02369,   0.02062,  -0.04339,  -0.07621,   0.04359,   0.02226,   0.05836,   0.07313,   0.02554,  -0.03354,   0.02882,  -0.02698,   0.02554,  -0.01877,  -0.02369,  -0.04175,   0.04031,   0.07805,   0.09939,  -0.00072,   0.05508,  -0.02698,  -0.00892,   0.01405,   0.01569,   0.06492,  -0.00400,   0.01077,  -0.02533,   0.04687,  -0.02205,   0.00585,   0.06164,  -0.01221,   0.00420,  -0.05159,   0.07313,   0.01077,  -0.01221,  -0.01221,  -0.10082,   0.01241,  -0.04995,   0.00092,  -0.04010,  -0.02205,   0.02882,   0.08790,   0.05344,   0.01569,   0.00913,   0.00749,  -0.01385,  -0.03682,  -0.04667,  -0.05980,  -0.07129,   0.02062,   0.00749,   0.03046,   0.06821,   0.05836,   0.00749,  -0.04503,  -0.00728,   0.03867,  -0.02369,   0.07969,   0.01241,  -0.07621,   0.04031,   0.00749,   0.01569,  -0.02369,   0.00749,  -0.07129,   0.01077,   0.02882,   0.01405,  -0.00728,  -0.03682,   0.06164,  -0.02205,   0.02882,  -0.10247,  -0.07949,   0.01897,  -0.01713,   0.01897,   0.01405,  -0.00892,   0.03703,   0.04851,  -0.02698,   0.00585,  -0.00072,   0.01569,   0.02554,  -0.00072,   0.01405,  -0.01713,   0.01569,   0.03374,  -0.02205,   0.02062,  -0.05323,  -0.02369,   0.01733,  -0.00400,  -0.10082,  -0.05816,   0.01405,  -0.04667,  -0.02205,  -0.03026,  -0.05323,   0.01405,   0.00256,   0.04687,  -0.03682,   0.00585,   0.06000,  -0.04175,   0.04359,  -0.05652,  -0.03682,   0.05836,  -0.01713,   0.07477,  -0.03518,   0.02062,  -0.02698
  -0.03682,   0.04195,   0.06164,   0.03374,  -0.06144,   0.00749,  -0.03026,   0.02390,  -0.00072,   0.08626,   0.02226,  -0.01549,   0.04851,   0.05672,   0.01077,  -0.06636,  -0.04339,   0.03046,  -0.04995,  -0.03682,  -0.02533,  -0.02533,   0.01569,  -0.01877,  -0.02862,  -0.01713,   0.05508,  -0.03190,  -0.02698,  -0.01056,   0.02718,   0.06164,  -0.00072,   0.10267,  -0.00400,   0.01733,   0.00585,  -0.03026,   0.10595,  -0.03026,   0.07477,  -0.03026,   0.05836,  -0.03026,  -0.03682,   0.04687,  -0.03026,  -0.02369,   0.03703,  -0.04339,  -0.01221,  -0.00236,  -0.05652,  -0.09590,   0.06328,  -0.02205,   0.08626,  -0.07785,   0.03867,  -0.01549,  -0.00728,   0.06000,   0.01405,  -0.00564,  -0.04503,   0.01077,  -0.01713,   0.02718,  -0.03026,  -0.00564,  -0.02041,  -0.02369,  -0.03682,  -0.06144,   0.00585,   0.01569,  -0.02862,   0.06328,   0.02226,  -0.03026,  -0.01056,   0.06985,   0.00256,  -0.00892,  -0.00400,  -0.00892,   0.00092,   0.01569,  -0.03354,  -0.07621,   0.06985,  -0.02041,  -0.00564,   0.00420,   0.02390,   0.02226,  -0.06800,   0.03374,  -0.00400,   0.06492,   0.07805,  -0.02205,   0.00913,  -0.00400,  -0.04175,  -0.00892,   0.08298,  -0.01877,  -0.01877,   0.03210,  -0.01385,   0.03867,   0.02390,   0.04195,  -0.00728,  -0.04339,  -0.00564,   0.00092,  -0.01385,   0.04851,  -0.01221,   0.00420,  -0.04995,   0.00913,  -0.04010,  -0.05487,   0.04851,   0.01241,  -0.07785,  -0.00892,   0.03210,  -0.02205,  -0.01056,  -0.03846,   0.03703,  -0.00728,   0.10267,  -0.03354,   0.01077,  -0.01877,   0.03703,  -0.05652,   0.03374,   0.02226,  -0.04667,   0.03046,   0.05344,  -0.04503,   0.01733,   0.01733,   0.00256,   0.05836,   0.05836,  -0.04010,  -0.05159,  -0.01877,   0.01569,   0.00913,  -0.02862,  -0.03518,   0.04851,   0.04195,   0.03867,  -0.04667,  -0.01056,  -0.03026,   0.07313,   0.06000,  -0.00564,   0.02062,  -0.05159,   0.05180,   0.04359,  -0.01221,   0.02718,   0.03374,   0.01241,  -0.02041,   0.00092,  -0.05980,   0.01897,  -0.00400,   0.04031,   0.03539,   0.01405,  -0.02205,  -0.01713,  -0.04831,  -0.05652,   0.05672,   0.01241,  -0.02205,  -0.04010,   0.05508,   0.09775,   0.00585,  -0.04831,   0.01405,   0.01897,  -0.02533,  -0.00072,   0.02554,   0.09939,  -0.04175,   0.01569,   0.05836,   0.06657,   0.00913,  -0.02369,  -0.08770,   0.01569,  -0.03190,   0.01077,   0.02062,   0.06985,   0.02718,   0.05508,  -0.02369,   0.04195,   0.03539,  -0.02369,  -0.02533,   0.00749,   0.00749,   0.00092,   0.12236,  -0.00236,  -0.00892,  -0.04339,   0.00749,  -0.02698,   0.07805,  -0.00072,   0.05344,   0.04031,   0.05836,   0.00420,   0.00092,   0.07313,   0.00585,   0.01405,  -0.02369,  -0.04010,   0.05180,   0.00256,  -0.01713,  -0.00728,  -0.06964,  -0.09754,  -0.05487,   0.01241,  -0.04175,   0.03703,   0.00913,  -0.02041,   0.00420,  -0.00400,   0.03539,   0.00585,  -0.04010,   0.02882,   0.05016,   0.03867,   0.06164,  -0.01713,  -0.03190,   0.04031,  -0.01877,   0.07805,  -0.08605,   0.01405,   0.05016,  -0.04503,   0.01733,  -0.09098,  -0.03846,   0.02554,   0.03374,   0.01569,  -0.01056,  -0.04010,   0.04523,   0.02882,   0.00420,   0.00585,   0.00913,   0.01897,  -0.08113,   0.08790,  -0.03354,   0.00092,  -0.07457,   0.05836,   0.01733,  -0.04667,   0.00256,   0.00749,  -0.00072,   0.01897,   0.11252,  -0.02862,  -0.01056,   0.04359,  -0.00236,  -0.01877,  -0.00236,  -0.00728,  -0.06308,   0.07477,  -0.01221,   0.01405,   0.01405,   0.00092,   0.01897,  -0.01713,   0.03210,  -0.00564,   0.05836,   0.08462,   0.02390,  -0.07949,   0.03703,   0.08462,  -0.00564,   0.00092,  -0.00892,  -0.02862,   0.01569,   0.07149,   0.03867,  -0.02205,   0.06492,  -0.01877,   0.06328,   0.06164,  -0.00892,   0.00256,   0.05836,  -0.00728,  -0.11231,  -0.01221,   0.01077,   0.03046,  -0.01549,   0.00092,   0.08134,  -0.07621,   0.00256,   0.00420,   0.04031,  -0.02533,   0.12729,  -0.03190,   0.01077,  -0.00728,   0.00913,   0.04359,   0.01569,   0.04031,  -0.05816,   0.01733,   0.00585,  -0.04339,   0.00256,   0.00420,  -0.01385,   0.05672,   0.02554,   0.01733,  -0.01221,   0.02390,   0.01897,   0.05672,   0.00256,   0.01405,  -0.04667,  -0.00236,  -0.01877,   0.01897,  -0.03354,   0.01241,  -0.02862,  -0.00400,  -0.06964,   0.03539,  -0.01549,   0.03867,  -0.02041,  -0.03682,   0.00749,  -0.06800,   0.03046,   0.04359,  -0.00728,  -0.08770,   0.03539,   0.01405,  -0.06800,   0.00585,   0.00256,  -0.01221,   0.07313,  -0.07293,  -0.00400,   0.05180,   0.03374,   0.06328,  -0.06308,   0.09282,  -0.04503,  -0.09426,  -0.02041,  -0.00400,  -0.05980,   0.04195,   0.04195,   0.05836,   0.04523,   0.01569,  -0.01221,  -0.00400,  -0.01385,   0.04687,  -0.02533,   0.06657,   0.03210,  -0.04010,   0.01077,  -0.01056,  -0.05816,  -0.04995,   0.08462,  -0.05487,   0.02882,   0.00092,   0.01405,   0.02554,  -0.03682,   0.01733,   0.01897,   0.02062,  -0.04339,  -0.05323,  -0.02862,  -0.01385,   0.01733,  -0.04339,  -0.00400,  -0.03026,  -0.01056,   0.00420,   0.01733,  -0.00728,  -0.11559,  -0.02533,  -0.03682,  -0.07457,   0.03539,   0.06492,  -0.06800,  -0.05487,  -0.03026,  -0.08605,  -0.02698,   0.04195,  -0.03190,   0.06657,   0.00749,  -0.05816,  -0.08934,   0.01733,   0.04851,   0.03703,  -0.04995,   0.06821,  -0.02698,   0.05836,  -0.04995,   0.01897,   0.04031,  -0.05652,   0.00092,  -0.00728,  -0.04175,   0.06328,  -0.01221,   0.05016,  -0.01221,  -0.07949,  -0.02205,   0.01733,  -0.00564,   0.01569,  -0.06472,  -0.03518,  -0.01056,   0.02718,  -0.01221,  -0.00400,   0.00913,  -0.02369,   0.11088,  -0.02041,   0.00420,  -0.00072,   0.04359,   0.03046,  -0.00564,  -0.01549,  -0.06144,  -0.02698,   0.02390,   0.01241,   0.00092,  -0.04831,  -0.00892,   0.06821,  -0.06472,  -0.06472,  -0.04010,   0.02062,  -0.00072,  -0.02533,   0.06328,   0.05344,   0.01405,   0.04687,  -0.04667,   0.01405,  -0.06800,   0.08790,   0.06164,  -0.02369,   0.03703,   0.03046,  -0.04995,  -0.02369,  -0.01549,  -0.04995,   0.03539,   0.03046,  -0.00400,  -0.02698,  -0.03354,  -0.01385,  -0.00728,  -0.00892,  -0.01549,  -0.00400,   0.05344,   0.05836,   0.00420,   0.06328,  -0.03846,  -0.04339,  -0.00400,  -0.02369,   0.01569,   0.06492,  -0.03026,  -0.03846,  -0.02369,   0.00585,  -0.00564,   0.03703,  -0.04339,   0.01897,   0.02062,   0.04851,   0.06164,  -0.07293,  -0.03518,  -0.00072,  -0.00892,  -0.07457,  -0.06636,  -0.01056,   0.03210,  -0.02369,   0.01077,   0.04359,  -0.00564,  -0.02205,   0.05508,   0.03210,   0.00092,  -0.02862,  -0.02698,  -0.00072,   0.09611,   0.01405,  -0.00892,   0.00420,  -0.02533,  -0.00072,   0.08790,   0.00913,  -0.02533,   0.01077,  -0.01713,   0.00420,  -0.01385,  -0.00564,   0.01569,  -0.03518,   0.09775,   0.03867,   0.01077,  -0.01221,   0.04687,   0.00092,   0.02554,   0.01733,  -0.06636,  -0.01221,   0.03374,  -0.03518,  -0.01713,   0.02718,   0.02062,   0.04359,  -0.00400,   0.09118,   0.03046,  -0.04010,  -0.04667,   0.00092,  -0.06800,   0.01733,  -0.03518,  -0.10247,  -0.05323,   0.03539,   0.04687,  -0.05652,   0.02226,  -0.03026,   0.06492,  -0.01056,   0.00913,   0.00092,   0.03374,  -0.04010,  -0.07457,  -0.02369,  -0.00236,   0.01569,   0.03210,  -0.07621,   0.01897,  -0.02533,  -0.01549,   0.00585,  -0.04339,   0.02554,   0.08462,  -0.01385,   0.04687,   0.00585,  -0.03518,   0.01077,   0.02062,  -0.03026,   0.02882,   0.06000,  -0.00400,   0.00256,  -0.09590,  -0.00728,  -0.02369,  -0.03190,  -0.01877,   0.01405,   0.00420,  -0.01056,  -0.05323,   0.02226,  -0.06636,  -0.01713,  -0.08277,   0.07149,  -0.05652,   0.06164,   0.01733,   0.03046,  -0.01549,   0.04195,   0.02554,  -0.03190,  -0.00564,  -0.05980,   0.00749,   0.04523,   0.03210,   0.04031,  -0.05980,   0.03210,  -0.02533,   0.00092,   0.02062,   0.01077,   0.00749,  -0.02205,  -0.03354,   0.07149,   0.01569,  -0.02533,   0.00585,  -0.02533,   0.02882,  -0.00400,   0.02554,   0.02554,  -0.00236,  -0.00564,  -0.01713,   0.04031,   0.06164,   0.06328,   0.06657,  -0.00236,   0.00092,  -0.00728,   0.04359,   0.02554,   0.04851,   0.08134,  -0.11395,  -0.02533,  -0.03846,  -0.04995,  -0.04503,   0.01733,  -0.00564,  -0.05159,  -0.04010,  -0.02698,  -0.03846,  -0.01713,   0.03703,   0.01733,   0.06985,  -0.04339,  -0.01221,  -0.02533,   0.03374,   0.03703,   0.00749,  -0.03354,   0.00420,  -0.03846,  -0.13693,   0.00092,   0.00913,  -0.00400,   0.06821,  -0.01221,  -0.00072,  -0.00892,   0.09611,   0.02226,  -0.03518,  -0.09426,   0.04195,   0.00749,   0.01077,  -0.01549,   0.06164,   0.04031,   0.06000,   0.03046,   0.03210,  -0.03354,   0.07149,  -0.01056,   0.00420,   0.04687,  -0.01221,   0.03046,  -0.01221,  -0.00236,   0.00092,   0.06000,  -0.00400,   0.04523,  -0.02041,  -0.01713,  -0.05487,   0.06164,   0.04523,  -0.01056,  -0.00236,   0.03867,  -0.04010,  -0.01713,   0.02226,   0.01569,  -0.01877,  -0.04503,  -0.00564,   0.00585,  -0.11067,  -0.01713,   0.04195,  -0.04175,   0.06164,  -0.01549,  -0.05816,  -0.03026,   0.00585,   0.00585,   0.03539,   0.00092,  -0.05323,   0.07969,   0.04195,   0.01077,  -0.01385,  -0.02205,  -0.04667,   0.04523,   0.01077,  -0.01877,   0.02882,  -0.03190,   0.04523,   0.05016,  -0.04010,  -0.04503,   0.00256,   0.02390,   0.01241,   0.03539,   0.12565,  -0.04995,   0.02554,   0.00420,  -0.05323,  -0.03026,   0.02226,  -0.02698,  -0.04831,  -0.01877,  -0.03354,   0.00420,   0.00585,   0.01405,   0.05672,  -0.01385,   0.00420,  -0.06144,  -0.04339,   0.04687,  -0.02533,  -0.05487,   0.13549,   0.02718,   0.00092,  -0.08934,   0.10595,  -0.03682,   0.01733,   0.01897,   0.02226,   0.00913,  -0.05159,  -0.01385,   0.02390,  -0.00892,   0.05672,   0.04687,  -0.00236,   0.00749,  -0.01385,  -0.01713,   0.00749,   0.05508,  -0.01056,  -0.00236,   0.04031,   0.05016,  -0.04175,  -0.02369,   0.03867,  -0.01385,   0.00749,   0.04851,  -0.02369,   0.01405,   0.03374,  -0.02369,  -0.02698,   0.00913,  -0.00400,   0.02882,   0.04359,  -0.02369,   0.05508,  -0.03682,  -0.06472,   0.03374,  -0.00564,  -0.01221,  -0.07129,  -0.00892,   0.01733,   0.00420,  -0.05487,  -0.04339,  -0.02205,   0.01569,  -0.05487,  -0.00892,   0.03374,   0.03210,   0.01733,  -0.07129,   0.02718,   0.05180,   0.00420,   0.00256,   0.02390,   0.02390,   0.00749,  -0.03026,   0.01241,   0.05344,   0.05180,  -0.01221,  -0.06144,   0.00256,   0.05344,   0.03046,   0.01405,   0.02062,   0.00913,  -0.05159,   0.02226,  -0.03026,   0.03374,   0.02390,  -0.00072,  -0.01877,   0.03210,   0.03374,   0.04523,   0.02554,  -0.06144,  -0.00728,  -0.08441,  -0.02698,   0.01405,   0.03374,  -0.05323,  -0.02698,   0.00749,   0.02718,   0.04523,   0.00585,   0.01733,  -0.02205,   0.04687,   0.05180,   0.02554,  -0.00728,   0.01405,  -0.00400,  -0.02533,   0.08626,   0.02062,   0.06657,  -0.05816,  -0.00236,   0.04851,  -0.02698,   0.08298,   0.06164,  -0.01221,  -0.01549,   0.06985,   0.01733,  -0.02698,   0.08298,   0.01733,   0.03539,   0.03867,   0.05508,  -0.03682,   0.07641,  -0.06144,   0.01241,   0.02390,  -0.00072,  -0.02369,   0.04523,  -0.04831,  -0.08770,   0.01405,   0.03867,  -0.11395,   0.01241,   0.01897,   0.02718,   0.00913,  -0.04667,  -0.02205,   0.02226,  -0.01221,   0.02390,  -0.08113,  -0.04010,  -0.05487,   0.02554,   0.00420,  -0.08441,  -0.04175,  -0.01385,   0.01241,  -0.04667,   0.04851,  -0.02862,  -0.04339,   0.07313,  -0.00236
   0.04195,   0.05508,   0.04195,  -0.03846,  -0.00072,  -0.05159,  -0.02369,  -0.01221,   0.02062,  -0.06472,   0.03867,   0.06000,  -0.02205,  -0.02205,  -0.02041,  -0.00564,  -0.01221,   0.06657,  -0.00892,  -0.00728,   0.02062,  -0.04175,  -0.01549,   0.01569,   0.00749,   0.01897,  -0.01877,   0.06492,   0.02554,  -0.04339,   0.00585,  -0.04503,  -0.00564,  -0.05159,   0.07477,  -0.04831,  -0.00728,  -0.04175,   0.04195,   0.01241,   0.01733,   0.10267,   0.05016,  -0.01877,  -0.02698,  -0.02205,   0.00749,  -0.03846,   0.08134,  -0.00728,  -0.01385,  -0.07457,   0.04851,  -0.00072,   0.00749,  -0.00072,   0.00585,  -0.04010,  -0.04831,  -0.04175,  -0.04995,  -0.06800,  -0.07949,   0.00913,  -0.02369,  -0.01549,  -0.00892,   0.00749,  -0.02041,  -0.00072,  -0.03354,  -0.03682,  -0.04503,   0.05508,   0.04687,   0.06821,  -0.05323,   0.00913,  -0.07129,  -0.04831,  -0.07129,   0.00256,   0.00749,  -0.02698,   0.09775,   0.05508,   0.01897,   0.04523,  -0.01385,   0.00585,   0.05180,   0.04195,  -0.04175,   0.00092,   0.05672,  -0.00236,   0.04523,   0.00092,  -0.01385,  -0.04503,   0.04523,   0.00420,  -0.08277,  -0.08277,   0.04687,  -0.00072,   0.01733,  -0.02698,  -0.02041,  -0.09590,   0.00092,  -0.00892,  -0.03026,  -0.04010,  -0.02862,  -0.01877,  -0.04667,  -0.01056,   0.01569,  -0.02205,   0.02718,  -0.01877,  -0.04010,   0.00420,   0.00092,   0.03210,  -0.08113,  -0.00564,   0.08134,  -0.03682,  -0.06144,  -0.00400,   0.00913,   0.03210,  -0.03354,   0.12072,  -0.04831,  -0.01385,  -0.04831,   0.04031,   0.06164,   0.02718,  -0.01385,   0.05344,   0.02390,   0.01569,  -0.00564,  -0.07949,   0.01897,  -0.04503,   0.05672,  -0.09918,  -0.03026,   0.03046,   0.02882,  -0.06472,  -0.00892,   0.03210,  -0.11724,   0.04195,   0.04523,   0.01733,   0.00420,   0.05344,   0.02554,  -0.06472,  -0.03518,  -0.06636,   0.00749,   0.03539,   0.09939,   0.03046,   0.00092,   0.00585,  -0.02698,  -0.05323,  -0.07785,  -0.03354,  -0.01056,  -0.01713,   0.00420,  -0.00400,   0.02226,  -0.00728,  -0.03190,  -0.00072,   0.01077,  -0.10411,  -0.09262,  -0.05980,  -0.05323,   0.02062,   0.00585,   0.00256,   0.03539,  -0.03354,  -0.02041,  -0.02698,   0.01077,  -0.06636,  -0.07457,   0.03374,   0.04359,  -0.03682,   0.11744,   0.02718,   0.00420,   0.04195,   0.06821,  -0.00892,   0.01077,  -0.00892,  -0.03190,   0.00585,  -0.00236,   0.08462,   0.07805,  -0.03682,   0.03374,   0.00585,  -0.00564,  -0.07949,   0.01241,  -0.00236,  -0.03682,   0.02882,  -0.00400,   0.02062,  -0.04831,   0.00749,   0.09611,  -0.05323,   0.04687,  -0.05980,  -0.04831,   0.09118,   0.01241,  -0.04010,  -0.03026,  -0.04010,  -0.06964,  -0.05980,   0.00420,   0.00256,  -0.03354,   0.03539,  -0.06308,  -0.03518,   0.04359,   0.06657,   0.03210,  -0.00400,   0.02718,   0.00420,  -0.08277,   0.01569,   0.06985,   0.02882,   0.02226,  -0.01385,   0.07969,   0.02390,  -0.03026,  -0.02533,  -0.06472,   0.00749,   0.00092,  -0.02698,   0.01569,  -0.03682,   0.04359,   0.03374,   0.10595,  -0.04831,   0.04195,   0.00092,   0.02062,  -0.00728,   0.03703,   0.01077,   0.09282,   0.00092,  -0.00728,   0.06657,   0.04687,  -0.03354,   0.02554,  -0.04831,   0.06657,   0.03539,  -0.03354,   0.07805,  -0.04831,   0.03703,   0.00749,  -0.01385,  -0.01877,   0.02062,   0.04359,   0.03867,  -0.02533,  -0.06636,   0.02390,   0.01241,  -0.01877,  -0.03026,   0.05508,  -0.03846,  -0.07293,  -0.03190,   0.05508,   0.00913,   0.04687,   0.07969,  -0.02862,   0.00749,   0.00420,  -0.00400,   0.01241,  -0.04010,   0.01569,  -0.01221,  -0.08605,  -0.02698,   0.03374,   0.04687,  -0.01221,  -0.07129,  -0.01221,   0.04359,  -0.00072,  -0.01877,  -0.05816,   0.03374,   0.01077,   0.06000,   0.00585,   0.00092,   0.05180,   0.04687,   0.09282,   0.02390,   0.05180,   0.07477,   0.03210,  -0.02533,   0.02226,  -0.00236,   0.04523,   0.00092,  -0.06636,  -0.04503,   0.00092,  -0.00892,  -0.03518,   0.00092,  -0.03354,   0.02062,  -0.02698,  -0.02041,  -0.02041,  -0.06144,  -0.11067,   0.03374,   0.01569,   0.02554,   0.04523,  -0.00236,  -0.01713,   0.00913,   0.07641,  -0.00892,  -0.03518,   0.01897,   0.01733,  -0.00892,   0.00420,  -0.02533,  -0.02533,  -0.05323,  -0.01549,   0.09282,   0.03539,  -0.03846,   0.00420,  -0.07785,   0.03374,  -0.04503,   0.03210,  -0.01385,  -0.00564,   0.01569,  -0.00236,  -0.05323,  -0.01385,  -0.02698,   0.02882,  -0.00072,   0.03703,   0.00585,  -0.01056,   0.01241,   0.03210,  -0.03026,  -0.01549,  -0.01221,   0.00256,  -0.03026,   0.05344,  -0.11231,  -0.03682,   0.05508,   0.00913,  -0.00564,   0.06985,   0.01897,   0.08134,  -0.04339,   0.00256,   0.03046,  -0.01877,  -0.02862,   0.00749,  -0.03846,  -0.00072,  -0.01221,  -0.01877,   0.02554,   0.08790,  -0.06144,  -0.04339,  -0.04339,   0.00256,  -0.00564,  -0.00728,  -0.01221,   0.04195,  -0.02533,  -0.06308,   0.05180,   0.03539,  -0.02041,  -0.00892,   0.07641,  -0.00564,   0.01405,  -0.05816,  -0.09262,   0.02554,  -0.02698,   0.03210,  -0.00564,  -0.01549,  -0.00564,  -0.04175,   0.00585,  -0.03354,   0.00585,  -0.07293,  -0.03682,   0.03210,   0.05508,  -0.02533,   0.03210,   0.01405,   0.00749,   0.05672,   0.05016,  -0.05487,   0.00256,  -0.00236,  -0.01713,  -0.08113,   0.01241,   0.02882,  -0.01877,  -0.03190,   0.04523,   0.02882,  -0.02533,   0.00913,   0.01897,   0.01897,  -0.04667,  -0.06472,   0.02226,  -0.03518,  -0.06472,  -0.05487,   0.07149,   0.01897,  -0.01056,  -0.03682,  -0.10575,   0.04031,   0.00749,   0.02062,   0.07313,   0.09118,   0.00585,   0.01241,   0.03046,  -0.04010,   0.00420,  -0.02698,  -0.04175,  -0.00236,   0.02226,  -0.03682,   0.01733,   0.01405,   0.03374,  -0.00236,   0.02718,  -0.06144,  -0.01221,  -0.02698,  -0.00892,   0.01077,  -0.05487,   0.00585,   0.04359,   0.00256,   0.01077,  -0.01385,   0.00256,   0.02062,  -0.05816,  -0.00400,   0.01733,   0.03539,   0.02062,   0.03539,  -0.04667,  -0.04995,  -0.01713,  -0.03026,   0.02554,  -0.03846,  -0.02533,   0.05508,   0.06985,  -0.02533,  -0.04175,   0.05016,  -0.00728,   0.07313,  -0.03846,   0.02390,   0.07477,   0.00913,  -0.07785,  -0.10411,  -0.00072,  -0.01713,  -0.02205,   0.02554,   0.05344,  -0.00892,  -0.06964,   0.01569,  -0.01877,  -0.00400,   0.03374,   0.01569,  -0.03846,  -0.01385,   0.03374,   0.01077,  -0.02041,  -0.01713,  -0.00072,  -0.00728,   0.01077,  -0.02533,  -0.01713,  -0.05816,   0.02390,  -0.00728,  -0.02862,  -0.04010,   0.03703,   0.02554,   0.00913,  -0.00236,  -0.01713,   0.04687,  -0.03026,  -0.02041,  -0.03518,   0.01405,   0.00420,  -0.05652,   0.06000,  -0.05487,   0.01077,  -0.00892,   0.02554,  -0.05652,   0.01733,  -0.02205,   0.02226,   0.05836,  -0.01056,  -0.02205,  -0.06472,  -0.04175,  -0.00564,  -0.00728,  -0.02205,   0.05836,  -0.00728,  -0.01877,  -0.02041,   0.04687,  -0.02205,   0.10267,  -0.00728,   0.00420,   0.03703,  -0.00892,  -0.06308,  -0.04010,   0.08954,   0.03046,   0.00420,   0.02226,  -0.01221,  -0.09590,  -0.00072,   0.02226,  -0.00072,  -0.06472,   0.02554,   0.00585,  -0.03682,   0.00585,  -0.07949,  -0.03026,   0.04687,  -0.00892,   0.03867,   0.04031,  -0.11231,   0.05016,   0.04851,  -0.02533,  -0.00564,  -0.00400,  -0.02698,  -0.02205,  -0.05159,  -0.04503,   0.04359,   0.07313,   0.00585,  -0.05816,   0.04031,   0.03539,   0.02390,  -0.06308,  -0.00728,  -0.04010,   0.00092,  -0.09590,  -0.01385,   0.04031,   0.06000,   0.06000,   0.00256,   0.04195,  -0.06964,   0.03046,   0.02554,   0.03374,   0.05672,   0.00092,   0.01241,  -0.00236,  -0.00564,  -0.01221,  -0.03190,   0.04851,   0.02718,  -0.05159,   0.01241,   0.03374,  -0.00564,  -0.06800,   0.03374,  -0.02369,  -0.01549,  -0.00072,   0.02390,  -0.00728,   0.02554,  -0.02698,  -0.01056,  -0.05159,  -0.03518,  -0.04175,  -0.04339,  -0.01221,  -0.00892,   0.02390,   0.04031,   0.01897,  -0.02698,   0.07969,  -0.00728,   0.05344,  -0.00400,  -0.02205,   0.00420,   0.04523,  -0.00564,   0.00913,   0.11744,   0.01897,   0.03867,   0.00420,  -0.00400,   0.06492,  -0.01221,   0.01077,  -0.00236,   0.03210,  -0.00728,   0.01569,  -0.02862,  -0.03846,  -0.05159,  -0.04831,  -0.00564,  -0.03026,  -0.05323,  -0.08441,   0.06492,   0.00585,   0.00585,   0.07477,  -0.00892,   0.00092,  -0.01549,   0.00420,  -0.00236,  -0.01385,  -0.06636,   0.04687,   0.01897,   0.00913,   0.02226,  -0.01221,  -0.02862,   0.05016,  -0.01056,  -0.00728,   0.00749,  -0.02205,  -0.04010,   0.08626,   0.00913,   0.00092,  -0.04995,  -0.06308,  -0.00072,  -0.02369,   0.02062,   0.01077,  -0.04831,   0.00913,   0.03703,  -0.04010,  -0.05652,  -0.04175,  -0.00236,   0.03703,   0.02390,   0.06000,   0.06657,   0.05672,  -0.00072,   0.06492,  -0.07621,  -0.10739,   0.04687,   0.01897,   0.01241,  -0.01221,  -0.03354,  -0.00400,  -0.00728,   0.05180,  -0.00892,   0.07805,   0.02390,  -0.02041,  -0.02862,  -0.03026,   0.00749,   0.03046,  -0.11231,   0.00913,   0.02554,  -0.00400,   0.01733,   0.04031,  -0.00564,   0.04523,   0.05508,   0.02062,  -0.01385,  -0.00728,  -0.06800,   0.04195,  -0.01221,   0.03867,   0.00913,   0.05508,  -0.00236,  -0.02698,   0.02554,  -0.02041,   0.01897,   0.02062,  -0.03518,  -0.02369,  -0.06144,   0.03374,   0.03046,  -0.01221,   0.03539,  -0.02369,  -0.03518,  -0.03026,  -0.05816,  -0.00728,   0.01405,   0.00420,   0.01569,   0.03210,   0.04523,  -0.04831,  -0.04175,  -0.02205,   0.02226,   0.04195,  -0.05323,   0.00420,  -0.06472,   0.05016,  -0.07621,  -0.00564,   0.05016,   0.02062,   0.01077,  -0.02862,   0.00585,  -0.04339,   0.02226,   0.00092,  -0.00400,   0.03867,   0.00749,  -0.00400,   0.01733,   0.02718,  -0.01385,   0.06164,   0.03539,  -0.10411,   0.02226,  -0.02698,  -0.00892,  -0.03026,  -0.00236,  -0.07457,  -0.08277,  -0.06964,   0.02554,   0.08462,   0.01569,  -0.02041,  -0.00728,  -0.04995,  -0.06144,  -0.02041,  -0.02369,   0.02554,   0.01405,   0.05180,   0.07969,   0.03867,   0.00585,  -0.04175,  -0.04175,   0.06164,  -0.06636,   0.07313,  -0.01056,   0.08462,  -0.02041,   0.00092,   0.00420,  -0.10082,   0.08462,   0.10267,  -0.02369,  -0.05323,   0.05508,  -0.01713,  -0.00400,  -0.06472,   0.00585,   0.01241,   0.02390,  -0.04995,  -0.02369,   0.01077,  -0.04667,  -0.07129,  -0.08770,   0.00256,   0.01897,   0.00913,   0.03046,  -0.00236,  -0.02533,   0.00913,   0.13221,   0.05344,   0.04523,   0.04851,   0.02882,   0.06000,   0.08134,  -0.03518,  -0.02698,  -0.02041,  -0.01385,   0.01569,  -0.04175,  -0.03846,   0.06164,  -0.03354,  -0.04995,  -0.05159,   0.01077,  -0.00728,   0.04031,   0.02718,  -0.01877,   0.06328,  -0.01549,   0.02882,   0.01241,   0.02226,   0.07149,  -0.05816,   0.10759,   0.03703,  -0.02205,   0.04031,   0.05344,  -0.06308,   0.00256,   0.00749,  -0.06800,   0.02718,  -0.00400,  -0.05159,  -0.06800,   0.08790,   0.05508,  -0.02205,  -0.01713,  -0.05816,  -0.06636,  -0.04667,  -0.00564,   0.05508,  -0.04831,   0.01405,   0.01077,  -0.02369,   0.01897,   0.00913,   0.00092,  -0.03846,  -0.02862,  -0.01877,   0.03703,   0.02226,   0.04031,  -0.04667,   0.01897,   0.02718,  -0.04503,   0.06821,   0.01733,   0.04359,   0.04687,  -0.06144,   0.05836,  -0.04667,   0.00585,   0.01077,  -0.03518,  -0.00400,  -0.03354,   0.01241,  -0.10247,   0.01241,  -0.06144,   0.01405,  -0.04503,  -0.01549,   0.02062,   0.04031,  -0.04010,   0.01405,  -0.02698,  -0.03354,   0.05016
  -0.04010,   0.00913,  -0.01877,   0.04687,   0.04851,   0.08134,  -0.03682,   0.01077,  -0.03518,   0.00749,  -0.01713,  -0.02533,  -0.04503,   0.03374,   0.01897,  -0.00400,  -0.04667,   0.03046,   0.00913,   0.03374,  -0.00892,   0.06164,   0.05180,   0.00585,  -0.02205,  -0.04175,   0.03374,  -0.01713,  -0.00564,   0.06328,   0.06328,  -0.02205,  -0.01221,   0.02062,  -0.03846,  -0.04667,   0.03703,   0.02882,  -0.04667,  -0.00072,   0.01405,   0.03374,  -0.01877,  -0.04503,   0.01897,  -0.03026,  -0.01877,  -0.00564,  -0.01056,   0.03374,  -0.00400,  -0.02533,  -0.00072,   0.02226,   0.01733,   0.00913,   0.04687,  -0.01713,  -0.06144,   0.00749,  -0.00892,  -0.02205,  -0.09098,   0.02226,   0.01733,  -0.03846,   0.03703,   0.03046,   0.02718,   0.04359,  -0.00072,   0.00420,   0.02226,  -0.04010,  -0.01877,   0.00420,   0.03703,   0.08954,   0.05508,   0.00420,  -0.02041,  -0.00072,  -0.02533,  -0.06472,   0.05508,  -0.02369,  -0.00072,   0.02062,  -0.02041,   0.04359,  -0.02533,  -0.04831,  -0.06964,   0.04687,  -0.01385,  -0.01385,   0.04523,  -0.03354,  -0.01385,  -0.00564,  -0.01549,   0.02226,   0.01569,  -0.00072,   0.01405,  -0.03518,  -0.05980,  -0.05159,  -0.05323,   0.04523,   0.00913,  -0.02533,   0.02390,  -0.05159,   0.02390,  -0.00564,  -0.05323,  -0.01877,   0.03374,  -0.03682,   0.05508,  -0.12544,   0.04851,  -0.00400,  -0.00072,   0.03374,  -0.02533,   0.07641,  -0.07293,   0.05508,   0.00256,  -0.05159,   0.00749,  -0.00236,   0.07149,   0.04851,   0.02062,  -0.09098,   0.05344,  -0.02533,   0.03374,   0.02226,  -0.01877,   0.03703,  -0.02041,   0.04195,   0.03374,  -0.01221,   0.05672,   0.02226,   0.01077,  -0.00236,   0.01569,   0.06328,  -0.03518,   0.05180,  -0.01221,  -0.03518,  -0.00400,  -0.01549,   0.00749,  -0.01549,   0.00749,  -0.05159,  -0.01056,  -0.01549,  -0.04010,   0.00749,   0.05180,  -0.02698,  -0.05652,  -0.01056,  -0.04995,  -0.03846,  -0.01056,  -0.04503,  -0.03682,  -0.01385,  -0.07785,  -0.05652,   0.03703,  -0.00072,   0.04523,   0.08626,   0.00749,   0.00585,   0.05016,   0.02718,   0.08462,  -0.00400,   0.03703,  -0.03354,   0.00092,   0.06000,  -0.00236,   0.02226,  -0.07621,  -0.02533,  -0.01056,  -0.00728,  -0.01713,  -0.00892,  -0.00072,  -0.00072,   0.06821,  -0.00400,  -0.01385,   0.05508,  -0.02698,   0.04195,   0.01405,   0.04851,   0.01077,  -0.02041,  -0.04010,   0.01077,   0.05344,   0.02882,   0.04523,  -0.00236,   0.10267,   0.03374,  -0.01713,   0.03374,   0.03703,   0.01897,   0.01733,  -0.02041,   0.02718,  -0.04503,  -0.03354,   0.03046,   0.03046,   0.00092,   0.02718,   0.06328,  -0.04339,   0.03539,   0.03046,   0.05344,  -0.02369,   0.05180,  -0.06144,  -0.05487,   0.05016,  -0.04667,   0.02062,   0.04031,  -0.05652,  -0.00892,  -0.06144,  -0.06144,  -0.00400,  -0.00236,   0.03374,  -0.01877,  -0.00072,   0.08954,   0.02882,  -0.03354,   0.04851,  -0.02369,   0.01405,   0.03867,   0.00256,  -0.03190,  -0.02533,   0.01897,   0.02226,  -0.09754,  -0.02205,   0.05016,   0.03210,   0.01897,   0.01405,  -0.02205,  -0.02041,  -0.01385,   0.01241,   0.00256,   0.03210,   0.09775,   0.04195,   0.01897,  -0.01221,   0.00913,   0.05180,   0.06000,   0.07477,   0.02226,  -0.00072,  -0.01221,  -0.04667,   0.06821,  -0.00564,   0.06492,   0.04687,   0.03046,  -0.00892,  -0.02533,  -0.05980,   0.00256,   0.05016,  -0.04339,   0.00256,   0.00092,  -0.00564,   0.04523,   0.04031,   0.04687,   0.01733,  -0.01713,   0.02062,  -0.00400,   0.05180,  -0.09098,  -0.07949,   0.01241,  -0.01056,  -0.03190,   0.06328,  -0.00236,  -0.00236,   0.05508,  -0.01713,   0.00420,   0.01897,  -0.04503,  -0.03026,   0.01897,  -0.00728,  -0.02041,  -0.04995,   0.03703,   0.01569,  -0.01713,  -0.10082,   0.04031,   0.01405,  -0.01877,   0.01405,  -0.00728,  -0.01221,  -0.00728,  -0.04667,   0.01077,   0.03539,  -0.05652,  -0.01549,  -0.00072,   0.06328,   0.02554,  -0.02041,  -0.05652,   0.02062,  -0.00728,   0.01077,  -0.02533,   0.02718,  -0.02041,   0.06164,  -0.06636,   0.01077,   0.01897,   0.01733,  -0.03518,  -0.06308,  -0.01877,   0.00092,  -0.01877,   0.03867,  -0.02533,  -0.03190,  -0.02369,  -0.03846,   0.00585,   0.06657,   0.03703,  -0.01221,   0.01733,   0.01733,   0.10267,   0.11908,  -0.01713,  -0.00728,  -0.00072,  -0.01549,  -0.04995,   0.06985,   0.02062,   0.01241,   0.01241,  -0.04175,   0.00256,   0.02718,  -0.03026,   0.00585,   0.02226,   0.06328,  -0.08441,   0.02882,  -0.07129,   0.06821,   0.08462,  -0.00400,  -0.02205,   0.01569,  -0.06964,  -0.02369,  -0.05487,  -0.05323,   0.01733,  -0.02533,  -0.01385,   0.06985,   0.00420,   0.03703,   0.03210,   0.03703,   0.07805,   0.02226,   0.04359,  -0.04831,  -0.05159,   0.01733,  -0.00400,   0.04359,  -0.00564,   0.03046,  -0.02533,  -0.00892,  -0.01877,   0.04359,  -0.09918,   0.02882,  -0.03846,   0.04687,   0.05672,  -0.00400,  -0.05159,  -0.09918,   0.00092,   0.01241,  -0.02205,   0.00749,   0.05344,   0.01733,   0.00749,  -0.00236,  -0.09754,  -0.00072,   0.05508,  -0.03682,   0.04523,   0.03046,   0.00585,   0.00092,   0.05016,  -0.04339,  -0.04831,   0.04359,   0.00913,   0.01241,  -0.04995,   0.00585,  -0.01549,   0.01569,  -0.01056,  -0.12872,   0.06657,  -0.03190,   0.00420,  -0.01549,  -0.03846,   0.00256,   0.00420,  -0.01713,   0.00913,  -0.00564,   0.01077,   0.05672,  -0.03682,   0.07477,   0.04851,   0.02554,   0.03210,   0.00585,  -0.09426,   0.01569,   0.01897,   0.08626,   0.05672,  -0.03190,  -0.01056,   0.00092,  -0.02369,   0.05508,  -0.00892,  -0.03846,   0.04851,   0.05836,  -0.01056,   0.06164,   0.02062,   0.00256,  -0.00236,   0.02062,   0.06328,   0.00585,   0.00585,  -0.03846,   0.06821,   0.02554,  -0.02862,   0.07477,  -0.03518,   0.04687,   0.02718,   0.02390,   0.02390,  -0.00400,   0.00749,  -0.08277,   0.01405,  -0.00728,  -0.05816,  -0.00728,  -0.06472,   0.01569,  -0.08277,   0.03539,   0.01077,   0.05016,  -0.05487,   0.00420,   0.01077,  -0.05816,   0.02226,  -0.00564,  -0.03026,   0.04359,  -0.00400,   0.04031,  -0.02041,  -0.01713,  -0.00072,  -0.04175,  -0.00728,  -0.04339,   0.04359,  -0.00564,  -0.00728,  -0.02205,   0.01405,  -0.03026,  -0.01221,  -0.04831,   0.06000,  -0.01221,  -0.02041,  -0.00564,  -0.00072,   0.01733,  -0.01713,   0.04523,   0.03867,   0.07313,   0.00420,  -0.03682,   0.08626,  -0.05323,  -0.02533,  -0.02205,  -0.05323,   0.02554,   0.05016,   0.01897,   0.04359,  -0.05652,   0.03046,  -0.05487,   0.02062,  -0.04175,   0.04031,  -0.04503,  -0.06800,   0.01897,   0.09282,  -0.03846,  -0.04503,   0.03539,  -0.02369,  -0.02862,   0.01569,   0.02226,   0.01569,   0.06164,   0.01241,   0.07477,   0.01077,   0.01569,  -0.04175,  -0.00072,  -0.07129,   0.00913,   0.00585,  -0.04831,   0.00420,   0.01241,  -0.04339,   0.00420,  -0.01713,   0.07969,  -0.04667,   0.07969,  -0.02862,   0.01733,  -0.00728,   0.00256,  -0.03026,  -0.07293,   0.02390,   0.06492,  -0.10082,  -0.00072,   0.06985,  -0.05980,   0.03210,   0.01897,  -0.00400,   0.01569,  -0.02862,   0.00420,   0.04195,   0.03046,   0.02226,   0.05016,   0.02226,   0.04523,  -0.09098,   0.04851,   0.02390,   0.08298,  -0.02041,   0.07805,   0.00256,  -0.03682,  -0.02205,   0.04031,   0.06657,  -0.01877,   0.01733,   0.01897,   0.03210,  -0.00400,  -0.00236,   0.00749,   0.03046,   0.02226,  -0.00400,  -0.00072,  -0.01713,   0.01241,   0.03539,   0.05672,   0.00092,   0.05508,  -0.05487,   0.06328,   0.10431,   0.00092,  -0.04010,  -0.01549,   0.01077,   0.04031,   0.03374,   0.00913,  -0.04667,  -0.03354,  -0.02698,  -0.00892,  -0.05652,  -0.01385,  -0.02533,  -0.01877,  -0.00564,  -0.02862,  -0.06800,   0.05180,  -0.04503,  -0.01221,  -0.00072,  -0.01056,   0.00420,  -0.01549,   0.01077,   0.04195,  -0.00564,   0.04687,   0.06164,  -0.01713,   0.01733,   0.06492,  -0.05487,   0.05836,   0.03210,   0.06821,  -0.00728,   0.04359,  -0.05159,   0.05180,  -0.03026,   0.00749,   0.04031,   0.03703,   0.00092,  -0.02205,  -0.00400,   0.05016,   0.05344,  -0.02698,  -0.01877,  -0.09098,   0.00256,  -0.09262,  -0.00728,   0.02718,  -0.00564,  -0.04667,  -0.02698,  -0.06964,  -0.07621,   0.00585,  -0.04995,   0.06164,   0.04687,   0.04523,  -0.01549,   0.01077,   0.06328,   0.02718,  -0.01385,  -0.05487,  -0.05652,  -0.10247,   0.01405,   0.00420,   0.00420,   0.00585,  -0.03190,   0.03374,   0.01897,   0.02062,   0.07313,   0.07313,  -0.03190,   0.01733,  -0.02533,  -0.04503,   0.04523,  -0.03026,  -0.01549,  -0.02862,   0.02882,   0.05672,  -0.04995,  -0.02698,  -0.08770,  -0.01056,  -0.00892,  -0.01056,   0.04851,  -0.05159,  -0.03354,   0.04359,  -0.08605,   0.06985,   0.01241,  -0.01713,   0.00749,   0.00420,   0.07641,   0.01241,   0.01897,   0.00092,   0.04359,  -0.02205,   0.00256,   0.01077,  -0.05980,  -0.02205,   0.06985,  -0.04175,  -0.04995,   0.01241,   0.00092,   0.01733,   0.05508,  -0.05159,   0.00585,   0.01405,  -0.05652,   0.02062,  -0.05159,  -0.00072,  -0.10903,   0.00749,  -0.00400,   0.02226,   0.06985,   0.02390,  -0.02698,  -0.02862,  -0.10575,  -0.03026,  -0.05652,  -0.00072,   0.10759,  -0.02533,  -0.04995,  -0.04667,   0.02062,  -0.04995,  -0.01221,  -0.03190,   0.01569,   0.01405,  -0.00236,  -0.06800,  -0.03846,   0.05016,   0.01569,   0.04031,   0.08298,  -0.00564,  -0.04831,  -0.07457,  -0.02698,   0.00913,   0.06328,  -0.01713,   0.04359,   0.02718,  -0.01549,  -0.07293,  -0.02533,  -0.00892,   0.06328,   0.08626,  -0.00892,   0.07313,   0.07313,   0.00092,  -0.05323,  -0.08934,   0.09775,  -0.04339,   0.04523,   0.04851,  -0.01877,  -0.01385,   0.03539,   0.01733,  -0.02698,  -0.03026,  -0.00236,  -0.04503,   0.03539,   0.03867,  -0.02862,   0.06000,  -0.11231,   0.02062,  -0.00400,   0.04687,  -0.02533,   0.02062,   0.02062,  -0.05980,  -0.02862,   0.00913,  -0.02369,  -0.04339,  -0.03846,   0.03046,   0.01077,  -0.00892,  -0.04175,   0.02390,  -0.00400,  -0.01877,   0.03867,   0.03374,   0.00092,  -0.04175,  -0.00072,  -0.00892,   0.02226,   0.01569,   0.01405,   0.01733,   0.00256,  -0.02862,   0.02390,  -0.00072,  -0.02369,   0.00092,   0.00092,   0.04851,  -0.02698,  -0.00892,  -0.00400,   0.01405,  -0.01056,   0.01077,  -0.03518,   0.03046,  -0.03190,   0.02390,   0.01241,   0.03210,  -0.03190,  -0.00072,   0.00092,  -0.04503,   0.04523,   0.03210,  -0.03354,  -0.00400,   0.00913,   0.01897,   0.05508,   0.06000,  -0.02862,   0.03046,  -0.00564,  -0.00892,   0.02882,  -0.02533,  -0.05159,   0.02062,   0.00585,  -0.01056,  -0.04339,  -0.01877,   0.02718,   0.03703,  -0.04503,   0.04031,  -0.02698,  -0.03190,   0.00585,   0.01897,   0.01897,   0.00913,   0.00585,   0.06000,   0.04851,   0.10759,  -0.01221,   0.00749,   0.01897,  -0.03682,   0.00256,  -0.00564,  -0.06472,   0.00092,   0.02882,   0.03374,  -0.01221,   0.00913,  -0.06144,  -0.04503,   0.00092,   0.06164,   0.00256,  -0.02041,  -0.03682,  -0.03026,   0.02226,   0.01733,  -0.01056,  -0.04667,   0.02226,   0.05016,   0.01077,  -0.01549,  -0.09590,  -0.06472,   0.01077,  -0.03190,   0.04523,   0.01077,  -0.05323,  -0.05159,   0.01897,  -0.01713,  -0.03190,  -0.00236,  -0.02369,   0.07477,   0.09611,  -0.04010,   0.00256,  -0.02041,  -0.04503,   0.01077,   0.05508,   0.09118,  -0.03026,  -0.00072,   0.01077,   0.06492,   0.00749,  -0.01385,  -0.03190,   0.07805,  -0.03518,  -0.05323,  -0.01549,   0.06328,   0.01241,  -0.00236,   0.05508
  -0.07293,  -0.06308,   0.01897,  -0.03682,  -0.04175,   0.02718,  -0.01056,  -0.02862,  -0.03354,  -0.00564,   0.06657,   0.05508,  -0.00892,  -0.01877,  -0.01385,   0.00092,   0.00092,  -0.04667,   0.02554,  -0.06800,  -0.07621,   0.03539,   0.00585,  -0.08113,  -0.02862,  -0.04995,  -0.00072,   0.02226,   0.00749,   0.00749,  -0.03026,   0.00092,   0.04195,  -0.02862,   0.03210,  -0.05980,   0.03539,  -0.01877,  -0.01056,   0.02718,   0.00420,  -0.04010,   0.06164,   0.05344,   0.03374,  -0.02369,  -0.02369,  -0.05487,  -0.02369,  -0.00728,  -0.03846,   0.03867,   0.04687,   0.00585,   0.06821,  -0.01713,  -0.02041,   0.01897,  -0.02041,   0.02554,  -0.05487,   0.04687,  -0.01221,   0.02390,   0.03374,  -0.02698,   0.03046,  -0.01056,  -0.04995,  -0.04339,  -0.02369,  -0.03518,  -0.03026,   0.02882,  -0.05159,  -0.03682,   0.00420,  -0.01549,  -0.01877,  -0.00892,   0.07149,  -0.01877,   0.00913,  -0.06636,   0.05672,   0.02554,   0.00256,   0.03703,  -0.04339,  -0.01056,  -0.01549,   0.16667,  -0.06308,  -0.01221,  -0.06636,  -0.02205,   0.02554,  -0.02369,   0.00749,   0.04851,   0.02882,  -0.01549,   0.01569,  -0.08605,   0.02062,  -0.01056,  -0.00564,   0.03374,  -0.00728,   0.06328,  -0.03846,   0.13221,  -0.04667,  -0.06636,  -0.02041,  -0.00072,  -0.03846,  -0.00564,   0.01733,   0.03210,  -0.04503,   0.02554,  -0.01877,   0.00913,  -0.03190,   0.05344,   0.02226,   0.05180,   0.04851,  -0.01713,   0.02062,   0.04851,  -0.09590,   0.02390,   0.00585,   0.01405,  -0.01221,  -0.01549,  -0.02533,   0.06985,   0.00913,  -0.11559,  -0.02533,  -0.02205,   0.05836,   0.00749,  -0.02862,   0.00256,   0.01241,  -0.04010,   0.01077,  -0.03518,   0.00585,  -0.01877,   0.08462,   0.01733,   0.05672,  -0.02862,  -0.02533,  -0.02369,  -0.01549,  -0.03190,  -0.00728,  -0.05816,   0.05672,  -0.00072,   0.09282,  -0.03026,   0.03867,   0.10431,  -0.04175,  -0.02533,   0.12072,  -0.08277,  -0.03190,   0.01733,  -0.02698,  -0.03026,   0.02062,  -0.07785,   0.02390,  -0.00892,   0.04523,   0.13221,  -0.02862,  -0.02862,   0.07969,   0.01077,   0.02062,  -0.07457,  -0.00728,   0.02062,  -0.00400,   0.06492,   0.03703,  -0.03518,   0.04195,   0.04031,  -0.02369,   0.03539,   0.04195,  -0.07621,   0.04523,   0.04523,  -0.01056,   0.07313,   0.01405,  -0.05487,   0.04687,   0.01405,   0.05836,   0.06328,   0.00913,   0.06657,  -0.00892,  -0.04995,  -0.01056,  -0.01713,   0.02554,   0.06492,  -0.06636,   0.01241,   0.05180,   0.12729,   0.08790,  -0.05816,  -0.04667,  -0.01385,  -0.00400,   0.00092,   0.04523,  -0.02533,   0.05672,   0.02554,  -0.01385,  -0.09262,  -0.06308,   0.02390,   0.07477,   0.02390,  -0.05323,  -0.03354,   0.03374,   0.05180,   0.01569,   0.00749,  -0.05652,   0.05180,  -0.04995,   0.00420,  -0.00564,   0.00749,   0.00256,  -0.01877,   0.02882,  -0.00072,  -0.07293,  -0.07457,  -0.00072,  -0.02041,  -0.02205,  -0.03682,  -0.05652,  -0.10411,  -0.06308,  -0.01713,   0.01405,   0.10759,  -0.01877,   0.03210,  -0.04175,  -0.00400,  -0.00236,  -0.03518,   0.06164,  -0.00400,  -0.02698,  -0.04339,  -0.10247,  -0.03190,  -0.08770,  -0.04995,  -0.06964,  -0.07293,   0.01077,  -0.02369,  -0.03682,  -0.04010,  -0.08605,  -0.00236,  -0.05816,  -0.09098,  -0.03354,   0.05016,  -0.00892,  -0.03354,   0.06328,   0.01569,  -0.02369,   0.04851,   0.02226,   0.05508,  -0.04503,   0.00420,  -0.08441,  -0.01385,   0.08134,  -0.03682,   0.07969,  -0.00236,  -0.01056,  -0.05487,  -0.07129,  -0.03026,   0.01405,   0.11908,   0.05836,  -0.08770,  -0.11067,  -0.01056,   0.05016,   0.03867,   0.02718,  -0.05980,  -0.01877,   0.01569,   0.04851,   0.01569,   0.02390,  -0.01877,  -0.02862,   0.06164,   0.06328,  -0.01877,  -0.00072,  -0.01221,   0.06985,   0.00913,  -0.08770,  -0.00236,  -0.09262,   0.02390,   0.08134,   0.03374,   0.04851,   0.04523,  -0.06472,   0.01569,  -0.02369,   0.02226,  -0.10082,  -0.04831,  -0.01056,   0.02062,   0.04687,  -0.07293,   0.09118,   0.00420,   0.03539,   0.05344,  -0.00728,  -0.01221,  -0.00236,  -0.01713,   0.01405,  -0.02041,   0.02062,  -0.02533,  -0.04503,  -0.02533,   0.07805,  -0.10082,   0.05180,   0.04851,  -0.03190,  -0.05159,   0.00913,   0.06328,  -0.02205,   0.00913,  -0.03354,  -0.00236,   0.04851,   0.02226,  -0.03026,   0.05016,  -0.01713,  -0.07457,   0.01241,  -0.01549,   0.00749,  -0.02862,   0.04031,  -0.02041,   0.03539,  -0.10247,   0.03539,   0.00092,   0.00092,   0.02882,  -0.03682,   0.07149,   0.00256,   0.01733,  -0.00400,   0.04851,  -0.01713,  -0.03026,  -0.01221,  -0.04175,   0.05508,  -0.13365,  -0.06964,  -0.02698,   0.06821,  -0.00892,   0.02554,   0.04031,   0.01405,   0.04687,   0.04359,   0.03703,  -0.02862,   0.01733,  -0.07949,  -0.04339,  -0.09754,   0.02062,  -0.02205,  -0.04339,   0.02390,  -0.00236,   0.08134,  -0.03190,   0.07969,  -0.03846,  -0.06800,   0.02718,   0.00256,  -0.02862,  -0.03518,  -0.01713,  -0.01385,   0.00749,  -0.00564,  -0.01713,  -0.02533,  -0.05980,  -0.04010,   0.03046,  -0.04503,   0.05836,  -0.02698,   0.03210,   0.02226,   0.03046,  -0.01713,   0.03703,   0.09282,  -0.01221,   0.04851,   0.02882,  -0.03026,  -0.00728,   0.03374,   0.01897,  -0.00400,  -0.03518,  -0.02862,   0.01897,   0.03210,  -0.02698,   0.12400,  -0.00072,   0.06492,  -0.05323,  -0.03026,  -0.04667,  -0.00892,   0.00256,   0.02718,  -0.02698,  -0.03846,  -0.01221,   0.05508,  -0.00072,  -0.03190,  -0.00728,  -0.00892,  -0.04010,  -0.00892,   0.00092,   0.05344,   0.04359,  -0.03190,  -0.01713,  -0.03190,   0.00092,  -0.04831,   0.00585,  -0.02205,   0.06000,   0.03867,   0.00749,   0.00749,   0.00913,  -0.00072,   0.00420,  -0.05652,  -0.03518,   0.01241,  -0.06800,  -0.05980,   0.03539,   0.01405,  -0.00400,  -0.04503,  -0.00892,  -0.02698,  -0.04831,  -0.04831,   0.01077,  -0.03190,   0.05672,  -0.03518,  -0.06308,  -0.00400,   0.00913,  -0.01221,   0.04031,   0.02390,  -0.01713,   0.06492,   0.00256,   0.01733,   0.03539,   0.02062,   0.00585,   0.02554,   0.00256,  -0.04175,   0.06164,   0.00585,   0.06657,  -0.02862,   0.04687,   0.03703,   0.08462,   0.00749,   0.01077,  -0.15662,   0.05016,  -0.02041,  -0.03518,   0.05672,   0.05508,  -0.06636,  -0.01713,   0.03046,  -0.03846,  -0.00072,  -0.01056,   0.07313,   0.01733,   0.06657,  -0.02862,  -0.02369,   0.00420,  -0.06800,  -0.01877,   0.00749,   0.05836,  -0.08441,   0.03374,   0.00256,  -0.03026,  -0.00564,   0.01733,  -0.01877,   0.03539,  -0.05159,   0.01405,   0.01077,  -0.03190,   0.05016,  -0.07949,  -0.00400,   0.00749,   0.11744,   0.01241,   0.00749,   0.01897,   0.01569,  -0.01221,  -0.00728,  -0.05159,  -0.02862,  -0.06964,  -0.07621,   0.02062,  -0.02041,  -0.09918,   0.12072,  -0.03682,   0.00420,   0.04195,   0.02882,  -0.00892,  -0.02369,  -0.01056,   0.02718,  -0.02862,   0.00092,  -0.06144,  -0.01549,   0.00913,   0.00092,  -0.02369,  -0.01713,   0.04687,  -0.06800,   0.05016,   0.02226,   0.01569,   0.09939,   0.06328,   0.06328,  -0.01056,   0.07313,   0.03539,   0.05508,   0.10923,   0.04359,   0.06328,  -0.06144,   0.00420,  -0.02698,  -0.00892,  -0.05487,  -0.05323,  -0.04503,  -0.02369,  -0.01549,  -0.02369,  -0.09426,   0.01077,   0.00092,  -0.00236,  -0.07457,   0.03210,  -0.01056,  -0.03354,   0.01569,  -0.03354,   0.03210,   0.02718,   0.06164,  -0.07129,  -0.02369,  -0.00236,  -0.07621,  -0.03190,  -0.02205,  -0.06964,  -0.07785,  -0.04995,  -0.04667,   0.02226,   0.02718,  -0.07785,   0.08462,  -0.03518,  -0.01549,  -0.00400,  -0.12380,  -0.10411,   0.02882,   0.07805,   0.06657,   0.04359,  -0.04995,  -0.08113,   0.06164,   0.03046,   0.05180,  -0.02369,  -0.06636,   0.00092,   0.01241,   0.03210,  -0.00564,   0.02718,  -0.01056,   0.05508,   0.01405,  -0.07457,   0.05344,  -0.04667,   0.00092,   0.06328,  -0.07949,   0.01897,   0.00092,   0.02226,  -0.01221,  -0.01056,  -0.04831,  -0.03682,   0.01241,   0.09446,   0.00256,  -0.04503,   0.06821,   0.00913,  -0.02369,  -0.07293,  -0.02205,   0.01569,   0.01733,  -0.04667,   0.03867,  -0.06800,  -0.04503,  -0.04503,  -0.01056,   0.01405,  -0.00072,  -0.00564,  -0.00072,  -0.02533,   0.02062,   0.02882,   0.03210,   0.03539,  -0.02862,  -0.00072,  -0.00236,  -0.06800,   0.01405,  -0.03846,  -0.04175,   0.03374,  -0.04831,  -0.06472,   0.02882,   0.02390,   0.00913,  -0.00072,   0.04195,  -0.05816,  -0.00236,   0.06821,   0.01733,  -0.03682,   0.02882,  -0.12544,   0.05344,  -0.05652,  -0.02533,   0.00092,   0.00585,   0.00913,   0.07969,   0.02062,  -0.02369,   0.00420,   0.00913,  -0.01549,   0.02718,   0.00092,  -0.01713,  -0.02369,  -0.00564,   0.06000,   0.00256,  -0.00728,   0.00092,  -0.07129,  -0.02862,   0.08790,  -0.00072,   0.01733,  -0.06472,   0.02718,   0.02882,   0.05344,   0.17652,   0.09611,  -0.04339,   0.07969,  -0.00236,  -0.00072,  -0.01056,  -0.00400,  -0.05487,   0.06328,  -0.03354,  -0.06964,   0.01897,  -0.05487,   0.02062,   0.07149,  -0.00236,   0.03867,   0.03867,   0.09118,  -0.08605,  -0.04831,  -0.02862,   0.06164,  -0.01056,  -0.02205,   0.00092,  -0.03190,   0.09446,  -0.04831,  -0.01056,   0.01241,  -0.00072,   0.06657,  -0.05323,   0.04031,  -0.00072,  -0.05487,   0.04031,  -0.04831,   0.00092,   0.02882,  -0.04667,  -0.00236,  -0.05816,  -0.01056,  -0.09590,   0.03703,   0.01897,  -0.04667,   0.00420,   0.11088,  -0.06308,  -0.05980,  -0.05816,   0.03046,   0.01241,  -0.01713,  -0.01713,   0.00749,  -0.01056,   0.02554,  -0.00892,  -0.04010,   0.03374,   0.05344,  -0.03354,   0.00256,  -0.01385,  -0.05323,  -0.04339,  -0.01385,   0.02718,  -0.09262,  -0.04831,  -0.02533,   0.02718,  -0.01549,  -0.06308,  -0.01056,  -0.02533,   0.03374,  -0.04339,   0.00749,   0.03867,   0.03046,  -0.06472,   0.02554,   0.01733,  -0.00400,  -0.08113,   0.00420,  -0.04995,   0.05508,  -0.04995,   0.04195,   0.08298,   0.04851,   0.06985,   0.00092,  -0.03026,   0.09446,   0.02062,  -0.00892,   0.06492,   0.02390,  -0.00564,  -0.08441,   0.03046,  -0.03846,   0.01405,   0.00256,  -0.04995,  -0.04503,  -0.00892,  -0.03190,   0.00420,  -0.06800,  -0.00400,  -0.08934,   0.04031,   0.03046,   0.00256,  -0.03190,  -0.02041,   0.07969,  -0.00236,  -0.05980,   0.08954,  -0.05816,  -0.00728,   0.01241,  -0.03846,  -0.08441,  -0.00892,  -0.03846,   0.01241,   0.01241,  -0.00564,   0.02226,  -0.01385,  -0.09754,  -0.04995,  -0.04339,  -0.07949,   0.05508,   0.04851,   0.04359,   0.00913,  -0.03354,  -0.06800,   0.00913,   0.05672,  -0.05159,   0.02226,  -0.01221,   0.03046,   0.04523,   0.00092,   0.01733,   0.04687,   0.00749,   0.00420,   0.02390,   0.05016,  -0.06636,   0.04195,  -0.05487,  -0.02041,  -0.00564,  -0.05323,   0.02390,   0.02226,  -0.02698,  -0.03026,   0.02554,  -0.02698,  -0.03682,  -0.01056,   0.02226,   0.02554,  -0.00400,  -0.04831,  -0.05487,  -0.05323,   0.02390,   0.01733,   0.06821,  -0.03354,   0.01405,   0.05344,  -0.02533,   0.10267,   0.02062,   0.05016,  -0.02041,   0.01077,   0.00092,   0.05672,  -0.04995,   0.02226,   0.03539,  -0.00072,  -0.05816,  -0.11559,   0.06000,  -0.02862,   0.04195,  -0.02533,  -0.06472,  -0.01056,  -0.01385,  -0.07949,  -0.02862,   0.05180,  -0.01056,   0.04031,  -0.00400,  -0.00892,  -0.01056,   0.03703,  -0.01056,   0.00092,  -0.03682,  -0.00728,   0.02882,   0.05344,   0.07313,   0.06492,  -0.03846,   0.02882,   0.07149,   0.06328,  -0.03354,   0.04851,  -0.04831,   0.00585,   0.08954
  -0.03846,   0.11252,  -0.07949,  -0.01549,   0.03374,  -0.03026,   0.05016,  -0.07785,   0.00749,  -0.07785,   0.05180,  -0.01056,  -0.00072,   0.05672,  -0.03682,   0.04851,   0.08298,  -0.00564,  -0.01877,   0.00420,  -0.00892,  -0.00072,   0.05508,  -0.02369,   0.03210,  -0.03846,   0.01897,   0.00913,   0.01405,  -0.01385,  -0.01877,   0.05836,   0.03046,  -0.03190,  -0.00728,   0.01897,  -0.01877,  -0.03354,  -0.01877,   0.04851,   0.02718,   0.01733,   0.08134,   0.07641,   0.00420,  -0.01385,   0.03046,  -0.01221,   0.03046,   0.01897,  -0.02041,  -0.03682,  -0.03682,   0.02718,  -0.01221,   0.03046,   0.02226,   0.00092,   0.00256,   0.05836,  -0.02698,   0.00913,  -0.05159,   0.05344,   0.03374,   0.03539,   0.04523,   0.09118,   0.03046,  -0.06308,  -0.05980,   0.06328,  -0.01549,  -0.06144,   0.05672,   0.01241,  -0.00072,  -0.06964,   0.02882,  -0.00892,  -0.01877,   0.03703,   0.04195,  -0.03026,   0.03539,  -0.06636,  -0.05980,   0.02390,  -0.00400,   0.06985,  -0.04339,  -0.05159,  -0.02533,   0.02390,   0.03046,   0.06821,  -0.00564,  -0.05652,  -0.03682,   0.03867,   0.08790,  -0.04667,   0.03046,  -0.01877,  -0.00728,   0.01405,   0.06000,   0.04031,  -0.02533,   0.03046,  -0.00236,   0.04195,   0.04195,   0.03210,  -0.01385,   0.05672,   0.01405,  -0.04010,   0.05344,  -0.00072,  -0.04010,  -0.03518,  -0.00728,   0.06492,   0.01405,   0.00420,  -0.02862,   0.01897,   0.01405,  -0.02205,  -0.02698,   0.03867,   0.00913,  -0.02041,  -0.06308,   0.03374,  -0.02862,   0.04031,   0.01241,  -0.10247,  -0.01056,  -0.04831,   0.01897,   0.03210,  -0.07293,  -0.05652,   0.03703,   0.00256,   0.01569,   0.00256,  -0.05652,  -0.06144,  -0.00564,   0.01077,   0.00585,  -0.05816,   0.04851,  -0.00564,  -0.02698,   0.02062,   0.04687,   0.04523,  -0.08770,   0.02882,   0.00913,  -0.01385,   0.09282,   0.02882,  -0.05652,  -0.01385,   0.01733,  -0.00564,   0.03867,   0.01569,  -0.03190,  -0.01221,  -0.02205,  -0.01056,   0.01569,   0.00913,  -0.04995,  -0.00892,   0.02718,  -0.02041,  -0.06308,  -0.01549,   0.04687,   0.04523,  -0.01385,  -0.01056,   0.10431,  -0.00236,  -0.03190,   0.03374,   0.02882,  -0.05652,  -0.03354,  -0.00892,   0.04195,   0.03867,   0.00913,  -0.01056,   0.00913,   0.04031,  -0.03682,   0.09282,  -0.02698,   0.02882,   0.01241,  -0.00728,  -0.04175,  -0.08934,  -0.03190,   0.00749,  -0.08934,  -0.08605,  -0.03190,  -0.00892,  -0.08113,   0.02062,  -0.01385,   0.04523,  -0.00072,   0.03867,  -0.01713,   0.03046,   0.06492,   0.04687,  -0.00564,  -0.01221,   0.06000,  -0.05652,   0.03867,  -0.06800,   0.03867,  -0.05323,  -0.01713,   0.07641,  -0.01385,  -0.04667,   0.02718,   0.00256,  -0.01877,  -0.04667,  -0.00892,  -0.06636,   0.03539,  -0.00236,  -0.01385,   0.02882,   0.00092,  -0.00728,  -0.03190,  -0.05323,  -0.02698,  -0.00072,   0.00585,   0.01733,  -0.06308,   0.00913,   0.07477,   0.00092,   0.05508,  -0.08277,   0.04359,  -0.04339,   0.01405,   0.06164,   0.01241,   0.00420,  -0.03518,   0.06821,   0.00585,  -0.01877,  -0.01549,  -0.00892,   0.01405,   0.07969,   0.06492,   0.00092,   0.11744,   0.01077,   0.03374,  -0.05487,   0.00256,  -0.01385,   0.00749,   0.07149,  -0.00072,  -0.00400,  -0.02205,   0.02062,  -0.03354,  -0.04175,   0.06164,   0.01241,  -0.01713,  -0.03518,   0.05836,  -0.05652,   0.00585,   0.00420,   0.01405,  -0.00892,  -0.05487,   0.05180,  -0.04175,   0.03539,   0.01405,   0.01077,  -0.00400,  -0.03518,  -0.02698,  -0.03682,  -0.00564,  -0.04010,   0.01241,  -0.07457,   0.00092,  -0.03354,   0.02554,  -0.00400,  -0.00892,  -0.00072,   0.10595,  -0.00564,   0.00749,   0.01241,   0.02554,   0.00913,  -0.00072,   0.01405,  -0.07785,  -0.01713,  -0.03190,   0.00585,  -0.04995,  -0.01056,   0.05836,  -0.01056,   0.01077,  -0.04339,  -0.00236,   0.02226,  -0.03190,  -0.03026,   0.00420,  -0.06964,   0.02390,   0.05016,  -0.05159,  -0.02369,  -0.04339,  -0.03846,  -0.01877,   0.01241,   0.01241,   0.01897,  -0.01713,  -0.08441,   0.00585,   0.06985,   0.01569,   0.03539,   0.00749,   0.07149,   0.02226,   0.02062,  -0.01713,   0.04359,  -0.05652,  -0.01385,  -0.00564,   0.06492,   0.03210,   0.03046,  -0.04339,   0.05344,   0.04195,   0.00585,   0.04195,  -0.04010,   0.01405,  -0.02041,   0.01569,   0.07641,   0.00256,  -0.02698,   0.00092,   0.02390,  -0.07785,  -0.01549,  -0.03026,   0.06164,   0.00585,   0.02554,  -0.06964,   0.00749,  -0.00236,  -0.03846,   0.03539,  -0.03354,  -0.01877,   0.02226,   0.04359,   0.00749,  -0.02533,  -0.00892,  -0.02698,  -0.00728,   0.03374,  -0.01056,   0.04687,  -0.06636,   0.01569,   0.04851,   0.11416,  -0.05159,  -0.05159,   0.02882,  -0.06800,   0.06328,   0.02390,  -0.05652,   0.05016,  -0.04831,   0.01077,   0.02062,   0.02390,  -0.01877,  -0.03518,   0.01897,  -0.02698,   0.03046,   0.03210,  -0.01713,   0.01241,   0.00749,  -0.03846,   0.06821,  -0.05159,  -0.12544,  -0.03190,  -0.04831,  -0.08277,  -0.00892,  -0.03026,   0.00749,  -0.02041,  -0.04667,   0.08298,  -0.02369,  -0.08113,  -0.01385,   0.08954,   0.03539,  -0.06308,  -0.05487,  -0.02698,   0.00749,  -0.07457,   0.01897,  -0.08441,   0.00092,  -0.01713,   0.00256,  -0.00236,   0.00749,   0.00092,  -0.03518,   0.11088,  -0.01549,  -0.03518,  -0.04010,  -0.00728,  -0.01877,  -0.03190,   0.00256,   0.01077,  -0.01713,  -0.06144,  -0.04339,  -0.07785,  -0.01713,  -0.04503,  -0.03354,   0.03703,   0.00749,  -0.01056,   0.01569,   0.05508,  -0.01549,  -0.01221,   0.04031,   0.03539,   0.05180,  -0.01385,  -0.00072,   0.00420,   0.01569,   0.02390,   0.07149,   0.00092,   0.00913,   0.08298,  -0.01056,   0.02554,  -0.01713,   0.03867,   0.10431,  -0.02369,  -0.00564,   0.02062,  -0.01385,   0.06164,   0.01569,  -0.01056,   0.02390,   0.00585,  -0.01056,  -0.02205,   0.00420,   0.00585,  -0.00892,  -0.00564,   0.05016,   0.01897,  -0.01877,  -0.00236,   0.04851,   0.00585,   0.01897,  -0.06964,   0.03046,   0.04031,   0.05836,   0.01569,   0.02554,   0.03703,  -0.02041,   0.00420,  -0.05652,   0.03046,  -0.01221,   0.01897,   0.00749,  -0.02041,  -0.01549,   0.01405,   0.00256,  -0.00400,  -0.05487,   0.00256,  -0.00400,  -0.00400,   0.02226,   0.02062,   0.06328,   0.00256,  -0.00400,  -0.02205,   0.01569,   0.05508,  -0.06472,   0.05016,  -0.00892,   0.00092,   0.00092,   0.03703,  -0.03846,  -0.05652,   0.07641,  -0.05487,  -0.00072,  -0.00892,   0.07313,   0.04359,   0.03046,  -0.05487,  -0.03682,  -0.03026,  -0.01549,  -0.02862,   0.01077,  -0.01385,  -0.02205,  -0.07129,  -0.02041,   0.03374,  -0.06144,   0.07969,  -0.00564,  -0.06636,  -0.02698,  -0.04831,   0.02390,   0.02062,  -0.01713,  -0.03026,  -0.04503,   0.03374,   0.00092,   0.00585,   0.01077,   0.02226,  -0.04503,  -0.05980,  -0.00728,  -0.00564,  -0.03190,  -0.04339,  -0.01877,   0.02718,  -0.03026,  -0.01713,  -0.02369,  -0.04667,   0.00585,   0.01733,   0.00749,  -0.03026,   0.01897,  -0.04010,  -0.01221,   0.01241,  -0.04667,  -0.00892,   0.01733,  -0.00236,   0.08134,  -0.04503,   0.04851,   0.03210,   0.05836,  -0.00236,  -0.02041,  -0.00236,  -0.02533,   0.03703,   0.01569,   0.07313,   0.03210,  -0.02369,  -0.08770,  -0.01549,  -0.01385,  -0.00236,   0.06328,  -0.01877,  -0.01713,   0.06821,   0.00420,   0.04851,  -0.01713,  -0.03518,   0.02390,   0.05672,  -0.04995,   0.07149,  -0.05816,   0.02718,   0.06985,  -0.03354,  -0.01713,   0.00749,  -0.01713,   0.02226,  -0.04831,   0.01569,  -0.03190,  -0.02369,  -0.04831,  -0.00564,   0.03374,   0.08134,  -0.01385,  -0.06144,   0.07641,  -0.03026,  -0.01549,   0.01241,   0.02390,  -0.00564,   0.06328,   0.03867,   0.02554,   0.02226,   0.01569,   0.04359,  -0.10739,  -0.04010,  -0.00400,  -0.04667,   0.01733,  -0.01221,  -0.04831,  -0.01713,  -0.03682,  -0.00236,   0.06492,   0.01077,  -0.03354,   0.03539,   0.08626,  -0.06144,  -0.04175,  -0.07949,  -0.01221,  -0.01056,   0.02718,   0.01405,  -0.08934,  -0.00400,  -0.06308,   0.04031,   0.06000,   0.02226,  -0.03354,  -0.01877,  -0.04010,  -0.00728,  -0.04831,  -0.00072,   0.10595,   0.00913,   0.01405,   0.00585,  -0.04010,   0.11416,   0.02390,  -0.01713,   0.05836,   0.02882,  -0.04339,  -0.04175,   0.04523,   0.01733,  -0.00564,  -0.04831,  -0.01713,   0.03867,  -0.02369,  -0.03518,   0.02390,   0.00585,   0.04851,   0.00256,  -0.00072,  -0.00400,  -0.00564,  -0.03846,   0.00913,   0.00420,   0.01077,   0.03867,   0.04687,  -0.00072,   0.03046,   0.03539,  -0.02698,   0.03703,   0.07313,  -0.00564,  -0.08441,   0.00749,  -0.00728,   0.04359,   0.07149,  -0.01549,   0.00913,  -0.00728,   0.00256,  -0.02041,  -0.00072,  -0.04010,   0.03703,  -0.03518,  -0.01221,  -0.02862,  -0.01713,   0.07641,  -0.01056,  -0.05816,   0.07149,  -0.01221,  -0.01713,  -0.00072,  -0.00728,   0.00256,  -0.00236,  -0.00072,  -0.10575,  -0.03846,  -0.00400,  -0.01056,   0.05344,  -0.05159,   0.07313,  -0.04667,  -0.03846,  -0.01385,   0.03210,  -0.01877,   0.02062,   0.03046,  -0.03354,   0.05180,  -0.03682,   0.01405,  -0.02698,  -0.02533,  -0.01221,   0.02554,   0.04031,   0.00749,   0.03210,   0.00092,   0.00256,   0.04687,   0.00256,   0.03046,  -0.00564,   0.10759,  -0.06636,  -0.02369,  -0.01056,  -0.05816,   0.03867,   0.02554,  -0.01385,   0.00585,  -0.00892,  -0.02862,  -0.00564,  -0.04010,   0.05836,  -0.06308,   0.03046,   0.02390,   0.04851,  -0.03354,   0.02554,   0.07313,  -0.04995,  -0.01056,   0.07477,  -0.05323,  -0.00728,   0.05672,   0.02554,   0.02554,   0.00420,   0.00913,   0.02390,   0.02226,   0.01897,   0.05836,   0.02390,  -0.04175,  -0.04995,   0.00913,  -0.08605,  -0.02862,   0.00256,  -0.07949,  -0.04339,   0.01569,  -0.01221,   0.01733,   0.00420,  -0.01877,  -0.00400,  -0.01877,  -0.01056,  -0.02369,  -0.03354,   0.01241,  -0.00236,  -0.06472,   0.03046,   0.02226,   0.00256,   0.05344,   0.03374,   0.09775,  -0.04995,   0.02226,  -0.06308,  -0.04831,   0.05836,   0.06328,  -0.03846,   0.00256,  -0.01549,  -0.04010,  -0.00072,   0.12729,   0.03374,   0.03210,   0.08298,  -0.00728,   0.07477,   0.01569,   0.04851,   0.01405,  -0.09098,  -0.01877,  -0.00564,  -0.01056,   0.00092,   0.09118,   0.00092,   0.01077,  -0.06144,   0.00420,   0.02062,  -0.01549,  -0.01385,   0.00913,   0.02554,   0.01733,   0.01733,  -0.03026,  -0.01056,   0.02718,   0.04031,   0.05016,  -0.04175,  -0.01056,   0.02882,   0.04523,   0.04523,   0.03539,  -0.00564,   0.04687,  -0.00236,  -0.02041,  -0.00564,  -0.02041,  -0.04667,   0.04195,   0.01897,  -0.01549,   0.05508,  -0.01713,  -0.02205,  -0.07457,  -0.03190,   0.08298,   0.03210,  -0.03518,   0.04687,   0.04851,  -0.00892,  -0.04010,  -0.00728,   0.03703,   0.03539,   0.00749,   0.03046,  -0.03190,   0.03210,  -0.04503,  -0.03518,  -0.08934,  -0.05487,   0.03539,   0.04359,  -0.07621,  -0.01385,   0.00092,   0.02718,  -0.00728,   0.04523,  -0.02041,   0.01077,   0.02062,  -0.06308,  -0.02698,   0.01569,  -0.01056,   0.02554,   0.01897,  -0.11231,   0.03210,   0.04851,   0.01077,   0.02718,  -0.00728,   0.03539,   0.01733,  -0.06964,   0.01241,   0.01077,  -0.01221,  -0.01549,   0.01569,  -0.02041,   0.07477,   0.02882,  -0.07785,  -0.03354,  -0.02862,   0.08462,   0.02882,  -0.02369,   0.04031,  -0.06964,   0.02554,  -0.08113,  -0.01877,   0.01897,   0.03539,  -0.04667,   0.02718,  -0.02862,  -0.01713,   0.02882,   0.04851,  -0.01877,   0.06492,   0.01077,   0.00749,  -0.01713
  -0.02533,   0.01241,   0.02226,   0.02390,   0.00256,  -0.00236,  -0.00400,  -0.04995,   0.08626,   0.01241,   0.01897,   0.04195,   0.01569,   0.05016,  -0.11724,  -0.04831,  -0.03354,   0.06657,   0.01241,  -0.06472,   0.00092,  -0.05980,  -0.09262,  -0.02862,   0.01897,   0.01241,  -0.03190,   0.02718,  -0.01385,   0.01733,   0.01569,  -0.02369,  -0.02369,  -0.03518,   0.01241,   0.08790,   0.04195,  -0.02698,   0.03867,   0.06000,  -0.07129,  -0.00892,  -0.04831,  -0.02041,  -0.00728,  -0.01221,  -0.03026,  -0.04995,   0.05016,  -0.13365,   0.01241,   0.02390,   0.09282,  -0.01221,   0.00256,  -0.01385,   0.07477,  -0.01385,   0.04031,  -0.07129,   0.01077,  -0.04503,  -0.00728,   0.04687,  -0.02369,  -0.04667,   0.03046,  -0.04339,   0.05344,  -0.00072,  -0.00564,  -0.05159,  -0.09590,  -0.09918,  -0.02205,   0.00749,  -0.06308,  -0.07621,   0.02390,  -0.01385,   0.01733,   0.08298,  -0.03846,   0.06000,  -0.03190,   0.06492,  -0.04831,  -0.00072,   0.01569,  -0.02698,  -0.01056,  -0.00072,   0.01569,   0.00256,  -0.02533,  -0.01549,   0.00913,  -0.06636,   0.01733,  -0.02862,  -0.05652,  -0.04339,  -0.06964,   0.00585,  -0.01221,  -0.03026,  -0.06472,   0.01405,   0.02718,  -0.01221,  -0.01056,   0.02882,   0.02718,  -0.00892,   0.00749,   0.07477,  -0.10739,  -0.00072,  -0.00728,  -0.03354,  -0.01877,  -0.07457,   0.08134,  -0.00564,   0.06000,  -0.02862,   0.01897,   0.00913,  -0.03026,  -0.04831,   0.08298,  -0.04667,  -0.02205,   0.01405,   0.00585,   0.10431,  -0.02698,   0.00420,   0.01241,   0.04031,   0.01241,   0.01241,  -0.00072,  -0.02041,   0.01733,   0.01241,   0.00913,  -0.00728,   0.01897,   0.01897,  -0.00564,   0.10431,   0.03867,  -0.02698,  -0.01221,  -0.02205,   0.02554,  -0.02533,   0.04195,   0.00913,  -0.04995,   0.00749,   0.06657,   0.08626,   0.05180,   0.00420,   0.04523,   0.05016,   0.03374,   0.02226,  -0.02533,  -0.03682,   0.00420,  -0.06308,   0.04851,  -0.00236,   0.04359,   0.05672,  -0.05652,  -0.01056,   0.00256,  -0.00400,   0.00420,  -0.00236,  -0.03846,   0.02718,   0.02390,   0.05180,  -0.04667,   0.01241,   0.01733,   0.00092,  -0.06144,   0.06000,   0.00913,  -0.02041,  -0.07621,  -0.08277,  -0.00728,  -0.00892,   0.06000,  -0.02205,   0.00256,   0.05672,  -0.07949,   0.01569,  -0.02369,   0.03046,  -0.03026,  -0.03190,  -0.02862,  -0.02205,  -0.04831,   0.02226,   0.02062,  -0.01221,  -0.02205,   0.02062,   0.03374,   0.02882,   0.03703,   0.04851,  -0.00400,  -0.03518,  -0.01877,  -0.01385,  -0.00236,   0.04851,  -0.04503,  -0.07457,   0.03374,  -0.00072,  -0.04995,  -0.03682,  -0.00400,  -0.03518,  -0.08605,  -0.02533,  -0.06800,  -0.06144,  -0.00236,   0.05016,  -0.01549,   0.07477,   0.00092,  -0.01221,  -0.05159,   0.04195,  -0.04339,  -0.01877,  -0.07457,   0.09611,   0.00256,  -0.03190,  -0.06800,   0.05836,  -0.03026,  -0.04995,   0.03867,  -0.02698,   0.03374,   0.08298,   0.04523,   0.01733,   0.05344,  -0.06964,   0.04031,   0.00092,  -0.02369,  -0.03026,  -0.02041,   0.03046,  -0.09262,  -0.01713,  -0.02862,  -0.07949,   0.03046,  -0.01877,   0.05344,  -0.00072,   0.05016,   0.06328,   0.03867,  -0.00728,  -0.00564,   0.00585,   0.00092,   0.01897,   0.04523,   0.01405,  -0.05816,   0.05344,   0.06000,   0.03703,   0.00585,  -0.01549,   0.07149,   0.02390,   0.01405,   0.05344,   0.01733,  -0.02205,  -0.00564,  -0.01056,   0.06657,   0.01897,   0.03867,  -0.03682,  -0.01221,  -0.05487,   0.01077,   0.08134,  -0.00892,   0.01569,  -0.00728,  -0.01713,  -0.00892,  -0.04995,   0.01241,  -0.03354,  -0.05816,   0.00092,   0.01569,  -0.07457,   0.02390,   0.02554,   0.01241,   0.05344,   0.02554,  -0.01877,   0.00913,   0.03046,  -0.07293,   0.00420,  -0.03354,  -0.03190,   0.03374,  -0.00564,  -0.01056,  -0.00400,   0.01405,  -0.00564,   0.04359,  -0.01385,   0.06985,  -0.06144,   0.01241,   0.12400,   0.01733,   0.01077,  -0.05323,   0.06985,  -0.06964,   0.02062,  -0.01877,   0.01569,  -0.01549,   0.10759,  -0.01549,  -0.05487,   0.02718,  -0.02369,  -0.02533,   0.02226,   0.06492,  -0.00564,  -0.01221,  -0.00400,  -0.02205,   0.03703,   0.02226,  -0.01056,  -0.01877,  -0.06308,   0.04851,   0.06000,  -0.03026,  -0.01713,  -0.01056,  -0.00564,   0.00420,   0.00256,  -0.02698,  -0.00728,   0.07641,  -0.05159,  -0.05159,  -0.05159,  -0.00400,   0.01241,   0.02554,  -0.05487,  -0.04175,   0.00420,   0.04195,   0.06492,   0.09775,   0.05672,  -0.01877,   0.01897,  -0.01877,  -0.00400,   0.03703,   0.00420,  -0.02533,   0.09282,   0.02882,  -0.03846,  -0.01056,   0.02718,  -0.05159,  -0.00892,   0.03210,   0.10103,  -0.01056,   0.06164,   0.01241,  -0.00728,   0.01405,  -0.00236,   0.04851,  -0.13365,   0.06000,  -0.01713,   0.10595,  -0.04010,   0.07641,  -0.00072,   0.04851,  -0.02041,   0.03210,   0.03374,  -0.05980,  -0.01385,   0.03703,   0.05836,  -0.04010,   0.06000,  -0.00892,  -0.08277,   0.04687,   0.00420,   0.03703,   0.05836,   0.00420,  -0.00564,  -0.05652,  -0.00236,  -0.00236,   0.01569,  -0.01877,   0.02226,   0.06985,   0.03539,   0.06000,  -0.01221,   0.00420,  -0.04667,   0.00585,  -0.02698,   0.09118,  -0.02369,  -0.07457,   0.05836,   0.00092,  -0.01221,   0.02062,  -0.04175,  -0.04175,   0.02718,  -0.04010,   0.01077,  -0.05487,  -0.04339,   0.00256,  -0.07785,  -0.04831,   0.00749,   0.00256,  -0.04667,  -0.03026,  -0.05487,   0.08954,  -0.00236,   0.03046,  -0.01221,  -0.04175,  -0.08605,   0.05344,   0.11416,  -0.02862,  -0.04503,   0.07313,  -0.02041,  -0.03026,  -0.09918,   0.01241,  -0.03518,   0.03374,  -0.03518,   0.00749,  -0.01877,   0.01077,  -0.01385,   0.05016,   0.05836,  -0.01713,  -0.01713,  -0.06472,  -0.03846,  -0.03682,   0.05344,  -0.06800,   0.07477,  -0.04175,   0.00092,   0.00913,   0.04031,   0.03867,   0.01241,  -0.00072,   0.03210,  -0.04667,   0.00913,   0.00913,  -0.00728,  -0.04831,  -0.02369,   0.01733,   0.01569,   0.02718,   0.04195,   0.06985,  -0.00564,   0.02718,  -0.00236,  -0.01713,  -0.04667,  -0.04175,  -0.02205,  -0.01221,  -0.01877,   0.00092,   0.00256,  -0.01056,   0.05180,   0.00092,  -0.00236,   0.10267,   0.05016,   0.00913,  -0.00072,   0.08462,   0.05672,  -0.08770,  -0.05652,   0.09282,  -0.02041,   0.05672,   0.00420,  -0.00564,   0.02718,   0.05016,  -0.04175,  -0.01056,  -0.04175,  -0.01713,  -0.02533,   0.06000,   0.01241,   0.02226,   0.02062,   0.02226,   0.02062,   0.04195,  -0.04339,  -0.02369,  -0.04667,  -0.01385,  -0.01056,  -0.00236,   0.02718,   0.00749,  -0.00400,  -0.01056,   0.00913,   0.00420,   0.00913,  -0.04503,  -0.00564,  -0.00400,   0.04851,  -0.04339,  -0.06636,  -0.07293,  -0.02862,   0.05836,   0.03867,  -0.10739,   0.00913,   0.03210,  -0.00564,   0.09611,  -0.03190,  -0.03026,   0.03867,   0.01733,  -0.05980,   0.00092,   0.02062,   0.07313,   0.03703,  -0.02369,  -0.02533,   0.01733,  -0.00892,  -0.01056,  -0.02041,  -0.01877,  -0.03846,   0.00585,   0.01077,   0.04031,  -0.00400,  -0.03354,   0.08626,   0.06000,  -0.04010,  -0.03682,   0.06657,  -0.04995,  -0.01385,   0.05016,  -0.11559,  -0.03190,   0.08298,  -0.05816,  -0.03026,   0.02062,  -0.03682,  -0.00728,  -0.01056,   0.02882,  -0.02369,  -0.00564,   0.05508,  -0.01221,   0.01897,  -0.01549,  -0.01056,  -0.01549,  -0.01549,   0.04851,   0.01405,  -0.03354,  -0.05652,   0.00913,  -0.05980,   0.06985,  -0.02041,   0.02062,  -0.00400,  -0.09098,   0.02718,  -0.02369,  -0.01877,   0.01569,   0.01241,   0.03539,  -0.04175,   0.01241,  -0.07293,  -0.01877,   0.06164,  -0.07293,  -0.04175,  -0.00728,  -0.10903,  -0.08441,  -0.04339,  -0.01877,   0.05180,   0.05180,  -0.01385,  -0.02041,  -0.01713,   0.04851,  -0.00728,   0.05836,  -0.05980,  -0.01713,   0.06164,   0.01569,  -0.00236,  -0.00564,  -0.03354,   0.00092,   0.00749,  -0.04339,   0.00749,   0.06328,   0.00749,   0.00092,   0.04359,   0.00256,   0.00749,   0.05344,  -0.00892,  -0.04503,   0.02718,   0.03046,   0.00420,  -0.01221,  -0.00728,  -0.02041,   0.00092,   0.02062,  -0.01713,   0.03374,  -0.02533,  -0.03190,  -0.01221,  -0.02369,   0.02882,   0.03374,  -0.02698,   0.03539,   0.00913,  -0.04667,  -0.07621,   0.08134,  -0.03518,   0.04851,  -0.02369,  -0.01221,  -0.00892,   0.05344,   0.02062,   0.03703,  -0.01221,   0.03210,   0.05836,  -0.02698,  -0.04503,  -0.01877,  -0.05980,  -0.00892,  -0.04175,   0.00420,  -0.02369,  -0.01056,   0.01405,  -0.05159,   0.03867,  -0.00892,  -0.00072,  -0.03026,   0.02062,   0.01897,   0.00749,  -0.01056,   0.03210,  -0.00564,   0.01241,   0.09611,   0.01405,  -0.02369,   0.00585,   0.02390,  -0.02862,  -0.09754,  -0.03682,   0.08626,   0.03703,   0.05016,   0.00913,   0.05672,   0.00420,   0.06821,  -0.02205,   0.02226,  -0.04339,  -0.03354,   0.03539,  -0.00564,   0.05836,  -0.01549,   0.01077,   0.03867,   0.00420,  -0.00400,  -0.00236,  -0.01877,  -0.03846,   0.00913,  -0.03846,   0.00913,  -0.01713,  -0.00892,   0.01241,   0.02062,   0.08298,  -0.06308,  -0.02369,   0.01733,   0.08134,   0.01733,   0.00913,  -0.02698,   0.03867,   0.00420,   0.01569,   0.04359,   0.03374,  -0.01056,   0.04687,   0.05836,   0.00749,  -0.00400,   0.06492,   0.02882,  -0.05652,   0.03210,  -0.00564,   0.07969,  -0.01713,  -0.01221,   0.00585,  -0.00728,  -0.06144,  -0.01713,   0.00913,   0.03210,  -0.04010,   0.03539,   0.04523,  -0.03682,  -0.01877,  -0.04175,  -0.00728,  -0.09590,  -0.06308,   0.02062,  -0.04010,  -0.03518,   0.06000,   0.02882,  -0.07621,  -0.04995,   0.00256,   0.03703,   0.02554,   0.03210,  -0.03682,  -0.10903,  -0.04010,  -0.04831,   0.05508,   0.02062,  -0.00236,   0.01569,  -0.03682,  -0.04995,   0.06492,   0.02882,  -0.01713,  -0.01877,  -0.02533,   0.02062,  -0.01713,  -0.02533,  -0.00564,   0.00585,   0.04359,   0.06492,  -0.04175,  -0.04995,  -0.00236,  -0.02698,   0.02554,  -0.01877,  -0.01056,  -0.02698,   0.03210,  -0.01713,   0.03374,   0.03539,  -0.01221,   0.02062,   0.00256,   0.02226,   0.02062,  -0.06144,  -0.02533,  -0.04995,  -0.02369,  -0.02369,   0.02718,  -0.02041,   0.04031,   0.02882,   0.01405,   0.01897,   0.06657,  -0.01877,  -0.03518,   0.06000,   0.01569,   0.01733,   0.01241,   0.01897,   0.02226,   0.02062,  -0.02862,  -0.04995,  -0.04831,  -0.06472,   0.07313,  -0.09918,  -0.00400,   0.06985,   0.05672,   0.00585,   0.00749,  -0.06964,   0.00585,  -0.04831,   0.03374,   0.03539,   0.08134,  -0.04831,   0.04851,   0.06164,  -0.05652,  -0.03026,  -0.06144,  -0.07621,  -0.01221,   0.03046,   0.00749,  -0.04175,  -0.05816,   0.00420,  -0.00728,   0.03374,   0.00092,  -0.01713,   0.00913,   0.02882,  -0.05159,   0.02882,   0.00749,   0.00749,  -0.00564,   0.01569,   0.06492,   0.01897,   0.02718,  -0.01385,   0.02226,   0.01733,  -0.04010,   0.08462,   0.04031,   0.02226,   0.01241,  -0.06800,  -0.06800,   0.04359,  -0.01221,   0.00092,   0.07313,   0.06164,  -0.03354,   0.03539,  -0.04667,  -0.00236,  -0.00072,  -0.05980,   0.04195,   0.00420,   0.03703,   0.01077,  -0.04175,  -0.08113,   0.02554,  -0.00728,   0.01241,   0.02226,   0.05836,   0.02226,  -0.00728,  -0.00072,  -0.00564,   0.01569,   0.03703,  -0.00072,   0.00585,  -0.00892,   0.06985,  -0.02369,  -0.02533,   0.07969,  -0.06800,  -0.00564,   0.01077,   0.01733,   0.02718,  -0.02533,  -0.04010,  -0.03518,   0.06000,   0.08626,  -0.03518,  -0.00564,  -0.01877,  -0.02698,  -0.04503,   0.01405,  -0.06308,   0.01569,   0.04851,  -0.04339,   0.04523
   0.02062,   0.01733,  -0.06144,   0.02062,  -0.00072,   0.00913,  -0.00400,  -0.02369,   0.00256,  -0.02533,   0.04687,   0.03046,  -0.03026,  -0.00400,  -0.08770,   0.01733,   0.01405,   0.00585,  -0.00236,  -0.05816,  -0.01713,  -0.04831,  -0.08277,  -0.06308,  -0.08441,  -0.02698,   0.02226,  -0.04995,   0.04359,   0.00749,  -0.04667,   0.03703,   0.00256,   0.01077,  -0.04667,  -0.05487,  -0.05980,   0.00420,   0.00749,   0.02226,  -0.09918,   0.01569,  -0.03682,  -0.00564,  -0.02205,   0.03374,  -0.02533,  -0.06636,   0.04195,  -0.06144,  -0.07129,   0.01897,   0.04359,  -0.04339,  -0.00236,   0.01897,   0.03539,  -0.04667,   0.04359,  -0.06800,  -0.01549,  -0.04995,  -0.02369,  -0.02041,  -0.05652,   0.02062,   0.05180,  -0.02205,  -0.01877,   0.01897,   0.10267,   0.02718,  -0.01221,   0.01241,   0.02226,   0.00749,   0.00585,   0.05344,   0.03539,   0.02554,   0.01733,  -0.02533,   0.02062,  -0.00892,   0.07805,   0.01241,  -0.02533,  -0.04339,   0.05016,   0.02226,   0.01077,  -0.03518,   0.02718,   0.03867,  -0.04503,   0.08462,   0.05672,   0.03046,   0.03703,  -0.02205,   0.04523,  -0.08113,  -0.07129,  -0.05487,  -0.04339,  -0.02369,   0.00585,   0.01241,  -0.01877,  -0.03354,  -0.06800,   0.00913,  -0.03518,  -0.00728,  -0.01713,  -0.00892,   0.06821,  -0.08277,  -0.05323,   0.05672,   0.00092,  -0.03682,  -0.01056,   0.02882,  -0.00400,  -0.00728,  -0.03846,   0.03539,  -0.01385,   0.02554,   0.01569,   0.02882,   0.06000,  -0.00564,  -0.02862,   0.03210,   0.01897,  -0.04667,   0.08462,  -0.01385,   0.09446,   0.03210,  -0.01549,  -0.02698,  -0.03190,  -0.09098,   0.02226,   0.07477,  -0.04503,  -0.06636,   0.03046,  -0.00728,  -0.04995,  -0.05159,  -0.02205,  -0.02698,   0.01405,   0.02718,   0.05836,  -0.10739,   0.00092,  -0.01549,   0.03374,   0.04031,  -0.03026,   0.06328,   0.06985,  -0.03518,  -0.04010,  -0.00892,  -0.01056,   0.00913,   0.00420,   0.10595,   0.04031,  -0.05816,  -0.02041,   0.03046,   0.10595,  -0.02862,   0.01897,   0.01897,  -0.00892,   0.04687,   0.00913,   0.00092,  -0.04995,   0.00913,   0.01405,   0.04195,   0.00585,   0.06985,   0.00420,   0.01897,  -0.00400,   0.02718,   0.01569,  -0.01221,   0.03539,   0.02882,  -0.02533,   0.05508,   0.01241,  -0.04010,   0.02062,  -0.04503,  -0.00564,   0.05180,  -0.05652,   0.08790,  -0.04010,   0.00256,  -0.03354,  -0.03518,  -0.08277,  -0.08277,   0.02718,   0.01241,  -0.03026,   0.01077,  -0.10247,   0.05508,   0.13057,  -0.03354,  -0.07949,  -0.04010,  -0.09262,  -0.03026,  -0.01549,  -0.04175,  -0.04503,  -0.03518,  -0.05816,   0.08134,   0.02062,  -0.00400,  -0.03518,   0.00913,   0.02062,  -0.06144,  -0.04175,  -0.00072,   0.06328,   0.03046,  -0.03682,   0.00585,  -0.00564,   0.00420,  -0.00892,   0.03867,   0.04195,   0.07313,  -0.02862,   0.00256,  -0.06800,  -0.05816,   0.02718,   0.04523,  -0.00236,   0.03374,   0.05016,   0.05672,   0.01897,   0.02718,   0.02554,  -0.00400,   0.01569,  -0.02862,  -0.00564,  -0.03354,  -0.02369,  -0.01877,  -0.01713,  -0.01549,   0.01733,  -0.02533,  -0.00564,  -0.01056,   0.05344,  -0.00564,  -0.01056,   0.07805,   0.02718,  -0.01877,  -0.04995,  -0.04175,   0.04687,   0.01405,  -0.06472,  -0.03682,  -0.09918,  -0.01385,   0.04523,   0.00092,  -0.04503,   0.10595,   0.00092,  -0.01549,  -0.04831,   0.00420,   0.01077,   0.00585,  -0.00400,   0.07641,  -0.00072,  -0.03682,  -0.04339,   0.05836,  -0.00892,  -0.00564,   0.04523,   0.02226,  -0.01056,  -0.01221,  -0.04175,  -0.00236,   0.01733,  -0.01221,  -0.04339,   0.01405,   0.00585,  -0.02698,   0.06000,  -0.01056,  -0.02698,  -0.00728,  -0.05323,   0.04195,   0.01405,   0.01733,  -0.00072,   0.05344,   0.03374,  -0.00892,   0.01241,   0.00256,  -0.00400,   0.00420,   0.02062,  -0.00728,   0.01241,   0.02226,  -0.01056,  -0.04831,   0.02062,   0.02554,  -0.04831,  -0.02041,   0.02882,  -0.00236,   0.09282,  -0.00728,  -0.05652,   0.05180,  -0.06144,  -0.05323,   0.02882,   0.01569,  -0.00728,  -0.05323,  -0.02205,  -0.06964,  -0.00400,  -0.04339,   0.03046,   0.04687,   0.13549,  -0.03846,   0.03867,  -0.01549,   0.11088,   0.11416,   0.05672,   0.04195,   0.00420,  -0.00728,   0.07641,  -0.05159,   0.07641,   0.03539,   0.03210,  -0.04995,  -0.05323,   0.00420,  -0.02862,   0.04851,   0.02554,   0.05016,   0.05180,   0.00585,   0.02554,   0.05508,  -0.00892,  -0.05159,   0.02226,   0.03046,   0.08954,  -0.00072,   0.02718,   0.05344,  -0.03682,  -0.03518,   0.00749,  -0.02533,   0.00585,  -0.02862,   0.04851,  -0.06800,   0.04195,  -0.05980,   0.01897,  -0.00236,   0.04851,  -0.01056,  -0.04831,   0.06657,   0.01569,  -0.04010,  -0.01056,  -0.03190,  -0.01221,  -0.02533,  -0.01877,  -0.01385,  -0.01877,   0.04359,  -0.16319,  -0.04995,  -0.00400,  -0.00564,  -0.04831,  -0.01221,   0.03210,  -0.02205,  -0.01713,   0.08462,  -0.03354,   0.04195,  -0.03354,   0.01733,  -0.01385,   0.01241,  -0.04339,   0.03210,   0.04359,   0.00256,   0.01569,  -0.06308,  -0.03682,   0.03210,   0.06164,   0.08626,   0.05016,   0.01569,   0.04687,   0.02554,   0.04195,  -0.01877,  -0.04831,   0.00913,   0.02390,  -0.04010,  -0.06308,  -0.01549,  -0.01713,  -0.01385,  -0.05159,  -0.02862,  -0.01713,   0.01077,   0.03046,   0.11908,   0.00913,  -0.01877,  -0.00892,  -0.03190,   0.01569,   0.03374,  -0.00400,  -0.06636,  -0.03354,  -0.04010,  -0.02369,   0.00092,   0.01733,   0.05016,  -0.00892,  -0.01877,  -0.00728,  -0.00564,   0.05836,   0.00913,  -0.02041,   0.06657,   0.06821,   0.02554,   0.00092,   0.02062,  -0.05652,  -0.07293,  -0.02533,  -0.02205,   0.03210,  -0.04667,   0.05016,   0.00256,   0.05508,   0.10431,   0.02390,   0.01241,  -0.01221,  -0.00236,  -0.05980,  -0.03846,  -0.04010,   0.04359,   0.01569,  -0.00236,  -0.04831,   0.01733,   0.02226,  -0.01713,  -0.01549,  -0.09098,  -0.01713,  -0.04339,  -0.02369,  -0.06144,   0.02554,   0.00420,  -0.03682,   0.00256,   0.04687,  -0.04667,  -0.02533,   0.02226,  -0.10903,   0.00749,  -0.02533,   0.01733,   0.04523,   0.02062,   0.01241,   0.04523,   0.04195,   0.03210,  -0.00892,  -0.00892,  -0.00072,   0.03703,  -0.01713,  -0.03846,   0.02062,   0.03539,  -0.05323,  -0.04667,   0.00585,  -0.08934,   0.05180,   0.00092,   0.02554,  -0.03190,   0.03703,   0.00256,   0.04851,  -0.01713,  -0.04175,  -0.00236,   0.07641,   0.00092,   0.05016,   0.06492,   0.04523,   0.01405,   0.01733,   0.03210,  -0.00728,  -0.06308,  -0.01221,   0.03374,   0.01241,   0.07149,   0.06492,   0.00256,   0.03539,   0.04687,  -0.05159,   0.01241,   0.03210,   0.09446,   0.06164,  -0.01713,  -0.02698,  -0.02698,   0.01733,  -0.02533,   0.03374,   0.02554,  -0.06636,  -0.02533,  -0.01385,  -0.02205,  -0.02862,  -0.01056,  -0.07129,  -0.02862,  -0.00728,  -0.04010,   0.03703,   0.06657,  -0.05816,  -0.03846,  -0.06308,   0.01733,   0.01405,  -0.08605,   0.04195,   0.06492,  -0.02369,  -0.03190,  -0.02041,   0.01733,   0.03210,   0.01569,   0.03867,   0.02718,   0.02062,   0.07149,  -0.03354,  -0.03518,   0.02062,   0.00749,  -0.06800,   0.03210,   0.01405,  -0.00400,   0.00749,   0.01405,  -0.01549,  -0.01056,   0.01077,   0.01241,  -0.05652,   0.00585,   0.02882,  -0.10247,   0.06821,  -0.00564,  -0.02698,   0.00749,  -0.03682,  -0.01221,   0.05180,   0.04687,  -0.05323,  -0.03026,   0.00256,  -0.01877,  -0.08770,   0.03867,  -0.03682,  -0.00400,  -0.11231,   0.04031,  -0.04995,  -0.01713,   0.02390,  -0.01385,   0.13385,  -0.02369,  -0.04339,   0.04031,   0.01897,   0.03046,   0.03703,   0.03374,   0.01405,  -0.01385,   0.00420,  -0.11231,  -0.04667,   0.04851,  -0.06636,   0.06164,  -0.00728,   0.08790,  -0.00728,  -0.03190,   0.05508,  -0.01877,  -0.02369,  -0.02698,  -0.02041,  -0.01385,  -0.00892,   0.06000,   0.02062,   0.02226,  -0.03518,  -0.04010,  -0.03354,  -0.01385,  -0.02533,   0.02554,   0.01733,  -0.01221,  -0.04831,   0.03867,   0.00749,  -0.04503,  -0.02533,   0.05344,   0.04687,   0.09118,   0.02226,   0.05836,  -0.03026,  -0.03518,  -0.02533,  -0.00236,  -0.06308,   0.01897,  -0.04995,  -0.03354,   0.01241,   0.09282,   0.03210,   0.02882,   0.01569,  -0.01385,   0.04523,   0.04687,   0.00256,  -0.02862,   0.00749,   0.02882,  -0.02533,   0.05836,  -0.02041,  -0.05159,   0.01241,   0.00913,   0.02882,  -0.02533,   0.06492,  -0.04995,  -0.07785,   0.06328,  -0.02041,   0.04687,   0.06492,   0.04523,  -0.00400,  -0.01221,  -0.01221,   0.01241,   0.11416,  -0.06636,  -0.01385,  -0.09754,  -0.08934,   0.03046,  -0.01549,   0.02390,  -0.01713,   0.01569,   0.00420,   0.06328,   0.04195,   0.06000,   0.05016,  -0.02205,  -0.02698,  -0.02369,   0.06657,   0.07313,   0.02390,   0.00913,   0.05016,  -0.02533,  -0.05980,   0.01733,   0.03374,   0.02554,  -0.05323,   0.01569,   0.05180,  -0.05159,  -0.03354,   0.00585,   0.04359,   0.01897,   0.01405,  -0.08934,  -0.00564,   0.00092,  -0.00236,   0.05508,   0.00585,   0.00913,  -0.00400,  -0.02369,  -0.00236,   0.05672,   0.03703,   0.01405,   0.04195,  -0.02041,   0.02390,  -0.00236,  -0.05323,  -0.04667,  -0.02698,   0.02390,   0.01077,   0.03046,   0.01077,   0.06821,   0.02554,  -0.05652,  -0.07129,  -0.02698,  -0.01877,   0.01241,   0.00913,  -0.05487,  -0.01549,  -0.01713,  -0.03190,   0.01569,  -0.01056,   0.08134,  -0.00400,   0.07313,  -0.00236,  -0.03518,  -0.00236,  -0.01056,  -0.06964,   0.00092,   0.02390,  -0.02205,   0.01897,  -0.02698,   0.00749,   0.02062,  -0.06636,  -0.01713,   0.06164,   0.04359,   0.02226,   0.01405,  -0.03682,  -0.01221,   0.05508,   0.04195,  -0.08277,   0.06657,  -0.10575,  -0.03354,  -0.01221,   0.00420,  -0.03518,  -0.05487,   0.00585,  -0.03026,   0.01077,  -0.03354,   0.00420,   0.04195,  -0.05159,  -0.01549,   0.00585,  -0.04995,  -0.00072,   0.01405,   0.02882,   0.02882,   0.05016,   0.05836,   0.08790,  -0.14349,   0.05508,   0.07805,  -0.04995,   0.02062,   0.03867,   0.04031,  -0.00072,   0.07805,  -0.00564,   0.01077,  -0.05159,   0.04195,   0.00585,   0.05180,  -0.03518,   0.00585,   0.01241,  -0.05323,   0.01897,   0.01077,  -0.04010,   0.06821,   0.02554,  -0.03354,   0.03867,   0.06000,   0.00585,  -0.03682,   0.02390,   0.03703,   0.00585,  -0.01221,   0.03703,   0.08790,   0.09611,  -0.03354,   0.01405,  -0.03354,   0.01241,   0.06492,   0.00256,   0.09446,   0.06821,  -0.04667,  -0.02862,  -0.01877,   0.01405,   0.05508,  -0.02205,  -0.02041,   0.01077,  -0.01221,   0.03210,   0.06492,   0.07805,   0.07313,  -0.00564,   0.00913,   0.03539,  -0.00400,  -0.01713,  -0.01221,  -0.05323,   0.01405,  -0.04995,   0.02390,   0.01897,   0.00913,   0.00420,  -0.03682,  -0.04831,   0.00913,  -0.01549,   0.00420,   0.05016,  -0.08441,   0.03210,  -0.03026,  -0.03682,   0.07805,   0.03046,  -0.00400,   0.05672,  -0.01549,  -0.00564,  -0.02041,   0.07969,  -0.02369,   0.00585,   0.02226,   0.00092,  -0.05980,  -0.05159,  -0.02369,  -0.06144,  -0.02533,   0.03867,   0.02554,   0.05344,  -0.07457,  -0.07293,  -0.01385,   0.01241,  -0.00236,   0.04031,   0.08134,  -0.03682,   0.01077,   0.01241,   0.02226,   0.02718,  -0.01221,  -0.00072,   0.05672,   0.02062,  -0.00728,  -0.02205,   0.04687,  -0.05980,   0.03374,   0.03374,  -0.07949,  -0.01385,  -0.00728,  -0.02533,   0.04359,  -0.01056,   0.00913,   0.07641,  -0.03354,  -0.11559,   0.07313,   0.00420,  -0.00400,  -0.00564,   0.07805,   0.06821,   0.01897,   0.00092,   0.02226,   0.00256,  -0.02533
   0.04031,   0.05016,   0.03703,   0.00256,  -0.03682,  -0.04010,   0.03046,  -0.04175,   0.03374,  -0.04010,   0.05180,   0.04031,  -0.04010,   0.01405,  -0.05159,   0.04851,   0.08462,   0.02390,  -0.07949,  -0.01056,   0.04359,  -0.05816,  -0.02205,  -0.02369,  -0.09918,  -0.01385,  -0.00564,  -0.04339,  -0.06472,  -0.03682,  -0.02041,  -0.05652,   0.00092,   0.09282,   0.01241,  -0.01549,  -0.06472,   0.04359,  -0.07293,   0.03374,   0.01077,   0.04687,  -0.00728,  -0.04667,   0.03539,   0.02882,   0.04523,   0.02226,   0.00749,  -0.06636,  -0.00400,  -0.01221,   0.05016,   0.03374,  -0.04175,   0.02226,  -0.03026,  -0.03190,  -0.05159,   0.04687,  -0.00564,  -0.05487,  -0.02533,  -0.00892,   0.03703,   0.02390,  -0.07621,  -0.04175,   0.01569,  -0.01221,   0.07313,   0.14370,   0.10923,   0.01569,  -0.03026,   0.00749,   0.00420,  -0.05816,   0.00585,  -0.00564,   0.03867,   0.05344,  -0.02862,   0.05180,   0.06985,   0.07149,   0.03539,  -0.04339,  -0.04995,  -0.00728,   0.06000,   0.03703,  -0.02369,   0.02718,  -0.00072,   0.08298,   0.07969,   0.03046,  -0.00892,   0.01077,   0.02226,  -0.04995,   0.03539,  -0.02533,  -0.00564,   0.01241,  -0.02369,  -0.03518,  -0.04010,   0.00256,   0.01897,   0.01569,  -0.07949,  -0.01549,  -0.04503,  -0.03682,   0.02390,  -0.08605,  -0.05816,  -0.01713,  -0.01385,  -0.00892,   0.04195,   0.12072,   0.02882,   0.00092,   0.07641,   0.04523,  -0.06472,  -0.05487,  -0.01385,  -0.04831,   0.03867,  -0.13036,  -0.03518,   0.00420,   0.01241,   0.01897,  -0.01877,   0.07969,   0.02718,   0.02390,  -0.03518,  -0.08277,   0.05180,   0.00585,  -0.00236,  -0.04010,  -0.04175,   0.01733,  -0.00072,  -0.07457,  -0.05652,  -0.00236,   0.02554,   0.02062,  -0.01713,   0.01897,  -0.02862,  -0.00564,   0.00585,   0.05180,   0.07641,   0.00256,   0.08790,   0.08298,   0.01241,   0.06985,  -0.09426,   0.01077,  -0.01385,   0.00913,  -0.00564,  -0.04010,  -0.04995,   0.00420,   0.05016,  -0.00892,   0.02390,   0.05508,   0.03374,  -0.00072,  -0.01385,  -0.06308,  -0.04175,  -0.02862,  -0.00072,  -0.00892,   0.04523,  -0.02533,  -0.05159,   0.01241,  -0.02533,   0.00420,  -0.00400,   0.02062,   0.02554,  -0.06636,  -0.09098,  -0.01056,  -0.01056,  -0.00236,   0.01241,  -0.08441,   0.04195,  -0.00564,   0.00913,  -0.06636,   0.00420,   0.09611,  -0.01385,  -0.04175,  -0.03518,  -0.01549,  -0.02862,   0.01405,   0.05344,  -0.01221,  -0.04831,   0.01897,   0.04523,   0.00749,  -0.04503,   0.09775,  -0.00892,  -0.01549,   0.00749,   0.01077,   0.03703,   0.01241,   0.00420,   0.00749,  -0.03682,  -0.00236,   0.05672,   0.04359,  -0.01549,   0.07477,   0.00256,  -0.04831,   0.05508,   0.01733,  -0.01713,   0.02554,  -0.03518,  -0.01713,  -0.02041,  -0.02533,   0.01405,   0.01569,   0.03210,  -0.02862,   0.01405,   0.01077,   0.01897,   0.00913,   0.02718,   0.16011,   0.02226,  -0.05487,   0.01077,   0.00913,   0.05508,   0.01077,  -0.09262,   0.04195,  -0.04339,   0.03374,  -0.02205,   0.01569,  -0.00236,   0.01733,  -0.01877,   0.00256,   0.05180,   0.00092,  -0.05323,   0.06000,  -0.00072,  -0.00564,   0.02882,  -0.01385,  -0.01056,   0.00092,   0.02062,   0.02062,   0.02390,   0.00585,   0.02390,  -0.05323,   0.03210,   0.00749,  -0.00564,   0.03374,  -0.06144,   0.04195,   0.10923,   0.02718,  -0.06472,  -0.01549,  -0.05652,   0.06657,  -0.10082,  -0.04503,   0.02882,   0.03374,  -0.00892,  -0.05159,   0.05180,  -0.02698,  -0.01713,   0.00256,   0.01405,  -0.01056,   0.04195,   0.02554,   0.01733,   0.01897,   0.03046,   0.00256,  -0.01549,   0.05016,   0.02718,  -0.02205,   0.05508,  -0.03026,   0.00092,   0.01077,   0.01733,  -0.02041,  -0.03026,  -0.08113,  -0.00892,  -0.05980,   0.03210,  -0.00564,  -0.06964,   0.00585,  -0.00892,  -0.01877,   0.02226,   0.01077,  -0.00564,   0.00913,   0.05836,  -0.04175,   0.01077,   0.09118,  -0.05323,  -0.00564,   0.14862,  -0.00072,  -0.02205,  -0.04831,  -0.06308,  -0.00236,  -0.03354,   0.01077,   0.05344,   0.06492,   0.01733,   0.02390,   0.01733,  -0.05652,   0.02882,  -0.02698,   0.10595,  -0.02533,  -0.06800,  -0.02533,   0.01077,   0.05508,  -0.00400,  -0.02205,   0.00420,   0.03210,  -0.06308,   0.02554,   0.01897,  -0.02205,  -0.00564,   0.03374,   0.01897,   0.00913,  -0.02041,   0.00420,   0.04687,  -0.00072,   0.01569,  -0.01221,   0.01241,   0.11252,   0.02226,  -0.08605,   0.02554,  -0.02205,   0.05180,   0.00585,  -0.06636,   0.01405,  -0.01877,  -0.04831,   0.00256,  -0.01877,   0.05836,   0.04851,   0.02062,  -0.00892,   0.05836,  -0.03026,  -0.00892,  -0.04010,   0.01569,   0.10267,  -0.03026,   0.04195,  -0.00892,  -0.02862,  -0.00236,  -0.02533,   0.03046,  -0.00728,  -0.02369,   0.05672,  -0.01877,   0.07477,  -0.02533,   0.04359,   0.05508,   0.04523,  -0.00400,   0.01733,  -0.08934,  -0.02533,  -0.01877,  -0.02862,  -0.01056,   0.04687,  -0.04831,  -0.02533,   0.00092,  -0.00236,   0.00092,   0.02226,  -0.00072,  -0.00236,   0.04195,  -0.01549,   0.04687,   0.00749,  -0.03682,  -0.04667,   0.02226,  -0.03026,  -0.05816,  -0.02698,  -0.00892,  -0.00072,  -0.00728,  -0.02205,  -0.00236,   0.04031,   0.06492,  -0.06964,   0.00420,  -0.00564,  -0.10575,   0.01569,   0.04523,  -0.06472,   0.02718,  -0.01877,   0.00749,   0.06492,  -0.02698,   0.02718,  -0.04503,   0.06000,  -0.02369,   0.04523,  -0.03026,  -0.00728,  -0.01221,  -0.00400,  -0.04339,  -0.02533,   0.07477,   0.01077,  -0.00728,  -0.00236,  -0.04339,  -0.00072,  -0.00072,   0.00913,   0.06657,   0.11416,   0.02390,   0.08298,  -0.08934,  -0.06472,  -0.03354,   0.00913,   0.00420,  -0.00892,   0.02554,  -0.07293,  -0.02862,  -0.00564,   0.01569,   0.01897,   0.01897,  -0.01056,   0.00092,  -0.00072,   0.01733,  -0.00564,  -0.02862,   0.00749,  -0.00728,   0.00749,   0.05180,   0.06985,   0.02718,  -0.03190,   0.03867,   0.00913,   0.02226,   0.06000,  -0.11724,  -0.04667,   0.00256,   0.01405,   0.02554,   0.01897,   0.01897,  -0.01877,  -0.04995,   0.04195,  -0.02041,   0.00749,   0.09939,   0.01405,  -0.00728,  -0.03026,   0.00092,   0.04031,   0.02390,   0.00585,   0.00913,   0.06328,  -0.01713,   0.03703,  -0.04831,   0.04523,  -0.04339,   0.01897,  -0.02369,   0.03046,  -0.05652,   0.00256,  -0.07293,   0.03867,  -0.00728,  -0.05816,  -0.02698,  -0.00728,   0.03210,   0.00913,   0.04359,  -0.10739,  -0.02369,  -0.07621,  -0.02205,  -0.04995,   0.02226,   0.00420,   0.00913,  -0.02533,   0.00092,   0.00749,   0.02882,   0.02226,   0.00913,  -0.05159,  -0.06636,  -0.04175,  -0.06964,   0.04195,   0.02062,   0.00092,   0.01897,  -0.04175,   0.05508,  -0.05323,  -0.14021,  -0.07129,  -0.01385,   0.07477,   0.01077,   0.09611,   0.05672,  -0.01549,  -0.01385,  -0.03846,  -0.03026,   0.04851,  -0.01877,   0.00092,  -0.00400,  -0.03518,  -0.02698,  -0.00400,  -0.00892,   0.07805,  -0.03026,   0.02554,  -0.01713,   0.06164,  -0.00892,  -0.03190,  -0.01549,   0.02882,  -0.01056,   0.02554,  -0.01877,  -0.05487,  -0.01385,  -0.06472,   0.01405,   0.00092,  -0.03190,  -0.04175,  -0.08277,  -0.02041,   0.01569,  -0.01877,  -0.01221,  -0.01549,   0.02882,   0.00420,   0.03374,   0.05672,  -0.00564,   0.01569,  -0.01549,  -0.06308,  -0.03518,   0.04359,  -0.00728,   0.03703,  -0.02533,  -0.01385,  -0.04831,  -0.04831,   0.02062,   0.01077,  -0.06800,  -0.01713,  -0.03190,   0.00420,  -0.04339,   0.00092,   0.03210,   0.06328,  -0.01713,   0.03046,  -0.01056,  -0.00072,  -0.04339,  -0.06144,  -0.01877,   0.05836,  -0.00728,   0.07149,   0.10923,   0.01569,  -0.01877,  -0.02862,   0.00913,   0.05508,   0.03867,  -0.02369,  -0.03682,  -0.07621,  -0.01385,  -0.03518,   0.03210,   0.01241,  -0.03354,  -0.04667,   0.02554,  -0.02698,  -0.05816,  -0.04503,   0.03046,  -0.06144,  -0.05487,  -0.03354,  -0.05652,  -0.02205,   0.04195,   0.04687,   0.02390,   0.00585,  -0.08113,   0.01241,   0.02554,   0.01405,   0.00092,  -0.04503,  -0.00236,   0.00420,  -0.05487,  -0.06636,  -0.03026,  -0.03190,  -0.04503,   0.01569,   0.02390,   0.04359,   0.01405,   0.02554,  -0.01877,  -0.06800,   0.05344,   0.03867,   0.00256,  -0.00892,  -0.03190,  -0.01549,   0.01077,  -0.01877,   0.08298,   0.00256,  -0.03682,  -0.07785,  -0.00072,  -0.04831,  -0.04339,  -0.10739,   0.03703,   0.00913,  -0.02041,   0.00256,  -0.01877,   0.03210,   0.03374,  -0.00892,   0.05508,  -0.06636,   0.04195,   0.09282,  -0.01385,   0.03703,  -0.00236,  -0.05816,   0.03867,  -0.03190,  -0.04010,  -0.00564,   0.01569,   0.07149,   0.00585,  -0.04831,  -0.01056,   0.06492,   0.00256,   0.00256,   0.04523,   0.00256,  -0.03682,  -0.04503,  -0.07129,  -0.01385,   0.00585,  -0.00892,  -0.03354,  -0.01713,   0.04195,   0.05180,   0.04523,   0.00913,   0.01241,   0.01569,  -0.04010,  -0.04995,  -0.04339,  -0.03190,   0.02718,   0.03374,  -0.02205,  -0.01385,   0.06000,  -0.04503,  -0.04667,   0.02554,  -0.02698,  -0.00564,   0.14862,   0.03210,   0.02882,   0.04195,  -0.02369,   0.02554,  -0.00892,  -0.03026,   0.01241,  -0.04175,  -0.04995,  -0.05323,   0.01897,  -0.01713,   0.00585,  -0.03354,  -0.03190,   0.00092,  -0.03354,  -0.00564,   0.00256,   0.01897,  -0.01549,   0.05836,  -0.01877,   0.05836,   0.04523,   0.00420,  -0.01385,   0.09118,  -0.02862,   0.02226,  -0.04503,  -0.01549,   0.00420,  -0.00400,  -0.05652,   0.03374,   0.03374,  -0.03190,  -0.04831,  -0.05652,  -0.00400,   0.01241,  -0.04339,   0.00913,  -0.00728,   0.00585,   0.02226,   0.04031,   0.05016,   0.04851,   0.04359,  -0.00072,  -0.02862,   0.01569,  -0.02698,  -0.03682,   0.00256,   0.03046,   0.00913,  -0.04667,  -0.01221,   0.03046,   0.05344,   0.04195,  -0.00892,  -0.02041,   0.03374,  -0.02041,   0.02390,  -0.02205,  -0.06472,  -0.00236,  -0.01221,  -0.08113,  -0.06144,   0.05672,   0.00420,  -0.12380,  -0.03190,   0.04523,  -0.00892,   0.04359,  -0.00564,   0.03046,  -0.03354,  -0.02533,  -0.03518,   0.00749,   0.00913,   0.01405,   0.03210,  -0.01221,  -0.07293,   0.05180,  -0.05652,  -0.04995,  -0.05159,   0.00749,  -0.00072,  -0.10082,   0.05836,   0.01405,   0.02062,  -0.00564,  -0.01713,  -0.00728,  -0.00728,   0.01897,   0.07641,   0.03210,  -0.06472,   0.08462,   0.04523,   0.01405,  -0.03682,  -0.00236,   0.01405,   0.05016,  -0.08441,   0.04359,  -0.01713,   0.01569,   0.01241,   0.04031,  -0.03190,  -0.01549,   0.01897,   0.03867,  -0.00072,  -0.04667,  -0.00728,  -0.05980,  -0.00400,  -0.02698,   0.00913,  -0.00072,  -0.02205,  -0.00728,  -0.06472,   0.03046,  -0.09754,   0.02718,  -0.04995,   0.03210,  -0.01056,   0.00749,  -0.05159,   0.01405,  -0.03518,  -0.02205,  -0.00564,   0.00092,  -0.00728,  -0.03026,   0.05508,  -0.03846,  -0.00072,   0.05508,  -0.02533,   0.03703,   0.03210,  -0.05980,   0.00420,   0.01897,  -0.00236,   0.01241,  -0.00728,  -0.04667,   0.05344,   0.03867,  -0.02862,  -0.05159,  -0.04995,   0.00585,  -0.01221,   0.00913,  -0.09426,   0.08134,   0.01569,   0.05672,   0.02882,   0.02718,   0.04195,  -0.03846,  -0.04010,   0.06492,  -0.00728,  -0.08770,   0.02554,  -0.02533,  -0.01056,   0.01569,  -0.08441,  -0.04175,  -0.04175,   0.08790,  -0.04010,  -0.01385,   0.05180,   0.06000,  -0.03518,  -0.04503,  -0.06144,  -0.00072,  -0.06472,   0.02226,  -0.02205,   0.06000,   0.01897,  -0.00892,  -0.06472,  -0.00728,   0.01241,  -0.07129,   0.02226,   0.05836,   0.12729,   0.05180,   0.03374,  -0.02533,   0.02718,   0.03703,  -0.02205,   0.00256
  -0.05980,   0.01241,  -0.04831,   0.09446,  -0.03190,   0.02882,   0.03867,   0.01077,   0.05836,  -0.06144,   0.01077,  -0.00072,   0.06657,   0.01405,  -0.04010,  -0.02205,   0.00420,  -0.00892,   0.02062,   0.02554,   0.13057,  -0.03846,  -0.04175,  -0.03846,  -0.09426,   0.08626,  -0.00892,  -0.02698,   0.00092,  -0.00728,  -0.03682,  -0.01549,  -0.01549,  -0.00236,  -0.04175,   0.02718,  -0.04831,   0.01241,   0.16175,  -0.04503,   0.02718,  -0.00728,   0.01405,   0.03539,  -0.00564,  -0.03026,   0.03703,   0.00420,  -0.00236,  -0.05323,  -0.04339,  -0.04339,  -0.03846,  -0.01056,  -0.00728,  -0.00236,   0.06328,  -0.03518,   0.02062,   0.02390,   0.01569,   0.03374,   0.01077,   0.05508,   0.01241,   0.04195,  -0.00564,  -0.03846,   0.04687,  -0.04667,   0.05016,  -0.04995,   0.01077,   0.08134,  -0.01877,   0.03867,  -0.05159,  -0.01221,  -0.00728,  -0.01221,  -0.04995,   0.02390,   0.05672,   0.02882,   0.05180,  -0.04010,  -0.05816,   0.01077,   0.02718,  -0.03190,   0.00256,   0.07969,   0.04359,   0.00420,  -0.04010,  -0.06964,  -0.01385,  -0.06636,   0.02062,  -0.02698,  -0.02533,  -0.06964,  -0.01549,  -0.03846,  -0.03518,  -0.00892,  -0.07457,  -0.02533,   0.03374,  -0.00072,   0.10103,   0.01569,   0.02554,   0.01241,  -0.04010,   0.04359,   0.03210,  -0.00400,   0.05672,   0.08626,  -0.07457,  -0.02205,   0.06328,   0.04031,  -0.06964,   0.01733,   0.01569,  -0.09754,  -0.01877,  -0.01385,  -0.08277,  -0.01385,   0.00092,  -0.06800,  -0.02369,   0.11908,  -0.00072,   0.01405,  -0.02041,   0.01733,  -0.01056,   0.02718,   0.03867,  -0.01221,   0.02062,   0.03703,  -0.04995,   0.01241,   0.04195,  -0.03518,  -0.00072,  -0.02205,   0.09118,   0.03374,   0.07477,  -0.00728,   0.06492,  -0.00728,  -0.05980,  -0.03354,   0.01733,  -0.00236,  -0.03518,  -0.06964,  -0.01877,  -0.00400,  -0.02862,  -0.04175,   0.01405,   0.01241,  -0.06472,   0.06000,  -0.05816,   0.00913,  -0.00564,   0.00420,  -0.04339,  -0.03846,   0.00749,  -0.02862,  -0.03026,   0.03210,   0.04687,   0.00256,  -0.06472,  -0.01877,  -0.09262,   0.08298,  -0.00072,   0.02226,   0.03210,   0.05180,  -0.07293,   0.01405,  -0.03846,  -0.04667,  -0.02862,  -0.02698,  -0.01385,  -0.07293,   0.00585,  -0.01056,  -0.03846,  -0.00400,  -0.02862,   0.07477,  -0.01877,  -0.02533,  -0.05980,  -0.05980,   0.00092,  -0.05159,   0.09282,   0.01897,  -0.02041,  -0.02205,   0.03867,   0.02718,   0.02062,   0.02554,  -0.00072,  -0.02369,   0.05672,   0.06000,   0.03867,   0.00749,  -0.10575,  -0.04010,   0.11252,  -0.04339,   0.07477,   0.00092,   0.00585,  -0.00728,  -0.05159,  -0.04010,   0.04359,  -0.02205,  -0.10903,   0.00092,   0.00092,   0.03539,  -0.03354,   0.00585,  -0.02205,  -0.01713,  -0.10575,   0.07805,  -0.03190,  -0.05652,  -0.00728,  -0.01385,   0.03539,  -0.00400,   0.03374,   0.05836,   0.02226,  -0.04831,   0.00585,  -0.03026,   0.02554,   0.04031,   0.07149,   0.05180,  -0.04010,  -0.08770,  -0.02369,   0.03539,   0.03046,  -0.01056,   0.02062,   0.03210,  -0.09098,  -0.01549,   0.03046,   0.00420,  -0.01713,  -0.04339,   0.01733,  -0.00400,  -0.01877,   0.05016,   0.09118,   0.02882,   0.01405,  -0.01056,   0.01241,   0.02226,  -0.07129,  -0.06144,   0.04687,   0.04851,   0.02554,  -0.00236,   0.03046,   0.00256,   0.04359,   0.06000,   0.03046,   0.02226,  -0.01549,  -0.01385,  -0.05816,   0.01569,  -0.00072,   0.07313,  -0.04175,   0.02226,  -0.00072,  -0.01221,   0.03374,  -0.06308,  -0.01056,  -0.00564,   0.03867,   0.05672,  -0.05980,  -0.07949,   0.00585,  -0.01221,   0.08134,  -0.01877,  -0.05816,  -0.00564,   0.01405,   0.03867,  -0.00400,   0.00092,  -0.01877,   0.06164,  -0.01549,  -0.04667,   0.01569,   0.13057,   0.03703,   0.04687,   0.05344,  -0.03518,  -0.01221,  -0.08934,  -0.05323,  -0.06144,   0.14041,  -0.01877,  -0.05652,  -0.03682,   0.00913,   0.02226,  -0.00400,   0.03867,  -0.00072,   0.02226,  -0.06800,  -0.00728,  -0.04175,   0.04687,   0.01241,   0.05836,   0.00420,   0.03703,   0.09939,  -0.00564,   0.07149,   0.05180,  -0.06308,   0.06985,   0.01077,  -0.02205,  -0.00892,  -0.06308,   0.01405,   0.01733,   0.06492,  -0.04339,   0.02554,   0.00749,  -0.02698,  -0.02533,  -0.00892,   0.02718,  -0.02041,   0.02554,  -0.02041,   0.04851,  -0.02862,  -0.02041,  -0.06636,   0.00585,  -0.01056,  -0.02041,   0.04195,  -0.00728,  -0.08277,   0.02062,   0.03539,  -0.09098,   0.00749,  -0.01877,   0.07805,  -0.04831,  -0.07129,   0.00420,   0.06164,   0.02882,  -0.03190,   0.01241,  -0.03846,   0.02062,   0.02718,   0.01077,   0.02390,  -0.01713,   0.02554,  -0.04667,  -0.04503,  -0.01385,   0.00420,  -0.00400,  -0.00728,  -0.11231,   0.06328,   0.01241,  -0.00728,  -0.01549,   0.00585,   0.01405,  -0.02862,  -0.06308,  -0.00564,   0.05672,  -0.03846,  -0.05816,  -0.02205,   0.03374,  -0.00400,   0.01077,  -0.00072,  -0.00072,   0.02882,   0.04195,   0.05836,   0.05344,  -0.04339,   0.04851,  -0.04339,   0.02226,  -0.04339,   0.02718,  -0.03682,   0.04195,  -0.02862,   0.06657,   0.02882,  -0.04831,   0.04851,   0.04031,  -0.02041,   0.02226,   0.00913,   0.00256,   0.03210,   0.00256,   0.00092,   0.01569,  -0.02698,   0.02554,   0.02718,   0.02554,  -0.05816,   0.04031,  -0.00728,  -0.04831,  -0.02533,   0.05508,   0.06821,   0.02226,   0.04687,  -0.02369,   0.01405,  -0.07129,   0.03210,   0.01405,   0.01405,   0.02062,  -0.06800,  -0.04010,  -0.02369,   0.02882,  -0.05159,  -0.03682,  -0.00892,  -0.00400,  -0.02041,   0.00420,   0.03046,  -0.03190,   0.00256,  -0.01877,   0.04359,  -0.03518,   0.00256,  -0.04339,  -0.00236,  -0.01221,   0.02390,  -0.02369,  -0.03518,   0.09118,   0.01733,  -0.00728,  -0.02369,   0.00092,  -0.02369,  -0.01221,  -0.01056,   0.01569,  -0.06964,   0.03374,   0.01405,  -0.04503,  -0.01549,  -0.03846,  -0.04175,  -0.00400,   0.01897,  -0.01056,  -0.02205,  -0.00072,   0.03539,  -0.05159,   0.07313,  -0.06636,   0.06328,  -0.02862,  -0.01221,  -0.06964,  -0.01549,   0.04195,   0.05836,  -0.02369,  -0.06144,  -0.12544,   0.00749,   0.06657,   0.05180,   0.02062,   0.04523,   0.03867,   0.00585,  -0.02698,   0.04851,   0.00585,  -0.03682,   0.00256,   0.03210,  -0.03354,   0.06492,   0.01077,  -0.02369,   0.02718,  -0.07293,  -0.04339,   0.03046,   0.10431,   0.00749,  -0.04175,   0.04687,  -0.05159,   0.05672,  -0.11724,   0.10759,  -0.01549,   0.04359,  -0.01385,  -0.02041,   0.01077,  -0.02369,  -0.03026,  -0.03190,   0.03539,  -0.09098,  -0.06308,  -0.11231,   0.00256,  -0.02533,  -0.01549,  -0.04175,   0.01241,   0.00749,   0.03046,  -0.00892,  -0.01877,  -0.03846,  -0.04503,   0.06164,   0.00749,  -0.01713,  -0.00236,   0.05672,  -0.10575,  -0.01877,   0.04851,  -0.07293,  -0.01549,  -0.03026,   0.00913,   0.01733,  -0.07621,   0.05180,   0.01241,   0.02062,   0.01241,  -0.02533,   0.06328,   0.01897,  -0.04010,  -0.04667,  -0.01549,   0.07477,  -0.01385,   0.06985,   0.03539,  -0.02041,   0.02718,  -0.01385,   0.05672,   0.00585,   0.05016,  -0.02205,   0.01569,   0.05180,  -0.01713,  -0.00072,  -0.00072,   0.03046,   0.00749,  -0.04175,  -0.03354,  -0.03026,  -0.06144,  -0.02533,   0.01897,   0.06000,   0.02226,  -0.05323,  -0.00892,  -0.03518,   0.10103,  -0.00564,  -0.03354,  -0.03354,   0.02718,   0.05344,  -0.02205,   0.04195,  -0.02369,   0.02226,  -0.07949,   0.03046,   0.03867,  -0.03190,  -0.10247,   0.00092,   0.02226,   0.01077,   0.03867,   0.03539,  -0.02533,  -0.03682,   0.05180,   0.00092,  -0.03026,   0.02390,   0.00420,  -0.05652,   0.10431,   0.03703,  -0.07457,   0.04523,  -0.00236,   0.02718,   0.00749,  -0.00236,  -0.10247,   0.08134,   0.01733,  -0.09098,   0.06000,   0.00092,   0.00420,  -0.04175,  -0.00564,   0.00420,  -0.00072,   0.06985,   0.03210,  -0.03190,  -0.00564,   0.01569,   0.06000,   0.12893,  -0.03682,  -0.05652,   0.05016,   0.04195,   0.07641,  -0.00892,  -0.00236,   0.03046,   0.04851,  -0.00072,  -0.06964,   0.00420,  -0.01713,  -0.02698,   0.02062,   0.11580,   0.04359,  -0.03682,   0.04195,   0.06328,   0.06985,   0.04851,   0.02062,   0.01241,  -0.00236,  -0.01056,  -0.00564,  -0.05816,   0.00749,   0.02390,  -0.01056,   0.06985,  -0.05652,   0.03703,  -0.02369,  -0.01221,  -0.03682,   0.03210,  -0.04339,   0.00256,   0.01241,  -0.01549,   0.03374,  -0.02205,  -0.04667,  -0.06144,   0.07149,  -0.00564,  -0.07293,   0.00913,  -0.07621,  -0.02205,  -0.00892,   0.03867,   0.01241,  -0.10411,   0.04359,   0.02062,  -0.01877,   0.00256,  -0.06800,  -0.05816,  -0.04667,   0.10103,   0.01077,   0.05016,   0.03539,  -0.02862,   0.09775,   0.04523,   0.06164,   0.01569,   0.03374,   0.05508,   0.01569,   0.02882,  -0.01221,   0.05180,   0.03046,   0.01897,  -0.00728,   0.02554,   0.04687,   0.01241,   0.04523,   0.06164,   0.01241,   0.01897,   0.03867,  -0.02369,  -0.04503,  -0.00072,  -0.05323,   0.08298,  -0.00728,  -0.00892,   0.04359,   0.02554,   0.00256,  -0.00072,   0.05836,  -0.00072,  -0.03026,   0.04687,   0.03046,  -0.06144,   0.00420,   0.03046,  -0.04503,  -0.04503,  -0.06472,   0.08134,   0.07477,  -0.07293,  -0.03518,  -0.02698,   0.01569,   0.06328,   0.01077,   0.05344,   0.05672,   0.08134,   0.01569,  -0.03682,   0.04851,   0.04031,  -0.01549,  -0.01877,   0.00585,  -0.04175,   0.00092,   0.02226,   0.01241,  -0.04010,  -0.06308,   0.03210,   0.01569,   0.00092,   0.00092,  -0.09918,  -0.06144,  -0.03846,  -0.04175,   0.00585,  -0.04339,   0.03539,  -0.00236,   0.04359,   0.06492,  -0.00072,  -0.04339,  -0.02533,  -0.03518,  -0.00564,  -0.00892,  -0.03846,   0.03374,  -0.01221,   0.02062,   0.03210,  -0.03354,   0.00420,  -0.06472,   0.02226,   0.09446,   0.02390,  -0.04503,   0.02390,  -0.00892,  -0.04010,  -0.01713,  -0.00400,  -0.00400,   0.00420,  -0.21078,   0.10103,  -0.04339,  -0.02533,   0.06657,  -0.05159,  -0.05816,  -0.05159,  -0.00400,   0.06985,  -0.07949,   0.00749,   0.03210,  -0.00236,  -0.01056,  -0.12544,   0.01405,   0.04851,  -0.00400,  -0.01549,   0.05508,   0.02718,   0.04359,  -0.03518,   0.01897,  -0.05487,  -0.02698,   0.03374,  -0.11395,  -0.01385,   0.04523,   0.03046,  -0.03354,  -0.06144,  -0.00728,  -0.05652,  -0.05487,   0.06328,  -0.01056,  -0.03190,   0.04195,   0.01405,  -0.03518,   0.03374,  -0.02698,  -0.01549,   0.02226,  -0.00564,   0.11580,  -0.04339,  -0.00400,  -0.05159,   0.02390,   0.08626,  -0.02205,  -0.01385,  -0.02369,   0.07641,   0.12893,   0.04687,  -0.00728,   0.00913,  -0.01221,  -0.07949,   0.02062,  -0.01549,   0.05672,  -0.01549,  -0.04503,  -0.02533,  -0.11888,  -0.00892,  -0.00728,  -0.01056,  -0.01877,  -0.03026,  -0.03682,  -0.03846,   0.04195,  -0.00892,  -0.00400,  -0.00728,  -0.02041,  -0.00564,   0.00420,  -0.01385,   0.09446,   0.07641,   0.01569,  -0.00400,  -0.06472,   0.02718,  -0.00564,   0.01733,  -0.02041,   0.03210,   0.01241,   0.00913,   0.03867,   0.01241,   0.03046,   0.03539,   0.00092,  -0.02041,   0.01897,   0.00256,   0.01897,   0.01077,   0.03374,  -0.03026,   0.05836,   0.01077,   0.04687,   0.03374,   0.03210,  -0.05816,   0.00913,  -0.05159,  -0.08277,  -0.04339,  -0.02369,   0.02062,   0.01241,  -0.03190,  -0.03354,   0.00256,  -0.07949,  -0.04175,  -0.05652,  -0.01056,   0.02062,   0.04687,   0.02718,  -0.06144,  -0.07129,   0.03374,   0.00420,  -0.05652,  -0.04995,   0.08626,  -0.01221,   0.01897,  -0.03518,   0.08462,  -0.01549,   0.02226,  -0.04339,  -0.00072,   0.03703
   0.04359,   0.05508,   0.01241,  -0.06636,  -0.01221,  -0.00564,   0.06164,  -0.00728,   0.01569,   0.02062,  -0.10411,   0.00913,  -0.00564,   0.05672,  -0.00236,   0.04687,   0.05508,   0.02062,   0.02390,   0.00913,  -0.00564,  -0.04010,  -0.06472,   0.03210,   0.06328,   0.00256,  -0.07129,  -0.04995,   0.08134,   0.01733,  -0.01056,   0.04523,  -0.00072,  -0.03518,   0.04195,   0.01897,  -0.06964,   0.06657,   0.08954,   0.07969,  -0.03846,   0.00092,  -0.03190,   0.01569,  -0.00072,   0.01897,  -0.01549,   0.07313,   0.01241,   0.01405,  -0.05159,  -0.05980,  -0.00892,  -0.03518,   0.02062,  -0.00892,  -0.00564,   0.04687,   0.02554,  -0.03354,  -0.07457,   0.06328,  -0.04503,  -0.00400,   0.05016,   0.05672,  -0.04010,   0.04031,   0.05836,   0.05672,  -0.03026,   0.02554,   0.03703,   0.04195,  -0.00564,   0.08462,  -0.00072,   0.03867,   0.01897,   0.00420,  -0.01877,  -0.06472,   0.04687,   0.03703,   0.01241,   0.00256,  -0.09098,  -0.06308,  -0.10739,  -0.00728,  -0.00400,  -0.03682,   0.06000,  -0.00072,   0.01569,  -0.03354,  -0.04995,  -0.01713,   0.01405,   0.01733,  -0.06800,   0.02554,  -0.01549,   0.07805,  -0.03846,  -0.04339,  -0.02041,   0.03539,   0.02882,  -0.01549,  -0.02041,  -0.00400,  -0.00728,  -0.00892,  -0.06144,  -0.07621,  -0.03518,   0.05672,   0.05836,   0.02226,  -0.04010,   0.05180,  -0.02205,   0.00585,   0.05672,   0.02226,   0.03210,   0.03210,  -0.01549,  -0.03190,   0.06821,  -0.01549,   0.03867,   0.06000,  -0.05980,   0.01405,   0.04195,   0.03374,  -0.02862,  -0.00400,   0.02554,   0.04687,   0.02882,  -0.08605,  -0.07457,  -0.06472,   0.02554,  -0.00892,  -0.03026,   0.02882,  -0.01549,   0.04031,  -0.08934,  -0.00236,   0.05508,  -0.03190,   0.05508,  -0.04010,  -0.06964,  -0.00728,  -0.04010,  -0.01877,   0.02226,   0.03374,  -0.00892,   0.03703,   0.04687,   0.02882,   0.03046,   0.06000,   0.03210,  -0.00564,   0.05836,  -0.02041,   0.00913,  -0.00564,  -0.06800,  -0.03518,  -0.00564,   0.05016,  -0.03682,   0.05180,   0.05672,  -0.00728,  -0.04010,  -0.04175,   0.03703,   0.01569,  -0.04831,  -0.03190,   0.06821,   0.02226,  -0.00728,  -0.03518,   0.03867,  -0.03846,  -0.02041,   0.01569,  -0.08277,   0.06821,  -0.04010,  -0.12708,   0.01569,  -0.04010,  -0.00564,   0.05016,  -0.06800,   0.03703,   0.07641,   0.06657,  -0.01877,  -0.04339,  -0.03846,  -0.07785,   0.06492,  -0.06472,   0.04851,   0.00256,  -0.01056,  -0.04010,  -0.11559,  -0.00236,  -0.00400,  -0.01877,   0.04687,  -0.00892,  -0.04503,   0.06328,   0.08790,   0.04195,   0.02554,   0.00256,   0.04851,   0.00092,  -0.01549,   0.07313,  -0.02698,  -0.02205,   0.01241,  -0.08605,  -0.06636,  -0.04503,  -0.08113,  -0.01549,   0.04523,   0.00749,   0.00913,   0.04851,   0.01241,   0.07477,   0.00420,  -0.01713,  -0.02698,  -0.00236,  -0.11559,   0.02226,  -0.08113,  -0.03190,   0.05016,  -0.04831,  -0.05652,   0.00256,  -0.02533,   0.02718,   0.00913,   0.01897,   0.14370,   0.02718,  -0.11067,   0.05672,  -0.09426,  -0.11067,   0.00256,   0.05508,  -0.03190,   0.01897,  -0.07621,   0.01569,  -0.02205,   0.02882,  -0.01549,  -0.03682,  -0.05652,   0.01241,   0.00749,  -0.09590,  -0.01385,   0.00256,  -0.01549,  -0.05652,   0.02390,  -0.03518,  -0.03846,   0.02062,   0.06000,  -0.00072,  -0.02698,  -0.02698,   0.00749,  -0.01549,   0.03210,   0.08298,   0.01733,   0.04031,   0.08954,   0.04031,   0.01569,   0.04523,  -0.00236,  -0.00564,  -0.01385,   0.01733,   0.02390,  -0.01877,   0.09118,  -0.02698,  -0.02862,   0.04851,  -0.01056,  -0.08770,   0.03210,   0.02718,   0.04031,   0.03374,   0.00585,  -0.02205,  -0.04667,  -0.03354,   0.02226,  -0.01713,   0.01077,  -0.08277,   0.01569,   0.04195,  -0.03190,   0.02554,  -0.02369,   0.08462,   0.06657,  -0.05980,   0.03046,  -0.00236,   0.04195,  -0.00892,   0.04195,  -0.04010,   0.06328,   0.01405,  -0.04175,   0.00913,  -0.00072,   0.06985,   0.01733,  -0.01221,  -0.09262,  -0.03518,  -0.00236,   0.02062,   0.01241,  -0.01385,  -0.03682,  -0.05816,   0.01077,  -0.07785,   0.03539,  -0.01713,  -0.02369,   0.02226,  -0.03190,   0.04195,  -0.07785,  -0.02698,  -0.01713,   0.02718,   0.01733,   0.01241,   0.06657,  -0.03518,  -0.04010,  -0.05159,  -0.00564,  -0.01713,   0.02718,  -0.01385,  -0.03026,  -0.01221,   0.06821,  -0.06472,   0.09446,   0.03539,  -0.00728,  -0.06472,   0.03046,  -0.00072,  -0.01549,   0.01077,  -0.05323,   0.04195,  -0.00728,   0.03539,  -0.05323,   0.06492,  -0.02205,   0.02226,   0.05180,   0.03210,  -0.02041,  -0.13201,  -0.01056,   0.03374,  -0.01549,  -0.01221,  -0.03682,  -0.04831,  -0.02533,  -0.04010,  -0.05652,   0.03867,   0.02554,  -0.00564,   0.02226,   0.03539,  -0.02041,  -0.04831,   0.06821,  -0.02533,  -0.04831,  -0.01221,   0.07313,   0.01077,  -0.03026,   0.01733,  -0.00400,   0.04195,   0.00913,  -0.01549,  -0.08113,  -0.04667,  -0.02205,   0.02226,  -0.07129,   0.00585,  -0.02533,   0.00913,   0.01733,   0.03374,   0.07313,  -0.02862,   0.08298,   0.01733,  -0.05159,  -0.02205,   0.01569,  -0.01056,   0.03374,   0.06000,   0.05836,  -0.00072,  -0.07129,   0.05180,  -0.06472,  -0.00728,  -0.02369,  -0.01713,  -0.09590,  -0.03354,   0.07805,  -0.00892,   0.04359,  -0.12216,   0.00420,   0.04851,   0.05016,  -0.00400,   0.02718,   0.03703,  -0.01549,   0.04851,  -0.03682,   0.02554,   0.04851,  -0.02369,   0.00749,   0.04195,  -0.02698,  -0.02698,   0.11580,  -0.04667,  -0.00400,   0.02062,   0.02882,  -0.05159,   0.05180,  -0.01221,  -0.02041,   0.04359,   0.03703,  -0.05159,   0.04851,  -0.03518,  -0.00728,   0.00420,  -0.04010,   0.02226,  -0.02533,   0.01077,   0.00585,  -0.01877,  -0.00892,   0.02554,   0.05344,  -0.04503,  -0.07293,  -0.02533,   0.00749,  -0.03190,  -0.05980,  -0.01549,  -0.01877,  -0.02862,  -0.06636,   0.01405,  -0.02369,   0.01569,  -0.04339,  -0.02698,   0.00420,  -0.01713,   0.03539,  -0.03026,   0.03046,   0.06000,   0.02718,  -0.01549,  -0.04667,  -0.01713,  -0.01385,  -0.02533,  -0.06964,   0.02718,  -0.04995,   0.05836,   0.06328,  -0.01221,   0.03210,   0.00585,  -0.03682,   0.00256,  -0.03026,   0.01241,  -0.00236,   0.03046,  -0.02205,   0.04687,   0.01405,  -0.03026,  -0.01056,  -0.03846,  -0.03682,   0.02882,   0.06657,   0.05016,  -0.03682,  -0.07457,  -0.01549,   0.02554,  -0.05323,   0.00092,  -0.01221,  -0.00728,   0.01733,  -0.09590,  -0.03190,   0.00749,  -0.04503,  -0.03682,   0.04359,  -0.08277,   0.06164,   0.03539,   0.03374,   0.07969,  -0.05323,   0.01897,   0.05016,   0.04359,   0.02062,  -0.02698,   0.00749,  -0.04667,  -0.07129,  -0.01549,  -0.07785,   0.06821,   0.08134,   0.02718,   0.03210,   0.06328,   0.06328,   0.04523,  -0.00564,   0.04359,  -0.05652,  -0.01549,  -0.01549,   0.02226,   0.03046,  -0.06308,  -0.07457,   0.01569,   0.02226,   0.07149,   0.02226,   0.00092,   0.03374,   0.00256,   0.00585,   0.05508,   0.07313,  -0.02205,   0.00420,  -0.01056,   0.03374,   0.06821,  -0.04175,  -0.02041,   0.02882,  -0.06144,   0.01077,   0.04523,  -0.03682,   0.04687,  -0.03846,   0.04195,  -0.01221,  -0.00400,  -0.06472,  -0.03026,  -0.00564,   0.04031,  -0.03354,  -0.01877,  -0.01713,  -0.01877,  -0.03518,  -0.03682,   0.07641,   0.02882,  -0.06964,  -0.05816,  -0.00564,  -0.02041,   0.10431,  -0.02369,  -0.05487,   0.05180,   0.00913,  -0.04831,  -0.07621,  -0.03354,  -0.00564,   0.02062,   0.02882,  -0.02041,  -0.01056,  -0.05652,   0.01897,   0.01733,   0.07805,  -0.01221,   0.03046,  -0.05159,   0.01569,   0.00420,   0.00749,   0.07969,  -0.03518,   0.01241,  -0.04503,   0.04523,  -0.03682,   0.00749,   0.06164,  -0.03518,  -0.04667,   0.06164,  -0.00400,   0.02554,   0.06000,   0.05344,  -0.04010,  -0.02533,   0.00749,  -0.04175,  -0.02698,   0.05672,   0.00420,  -0.01877,   0.03703,  -0.04010,   0.03046,  -0.03026,  -0.02698,   0.05180,  -0.05323,   0.04195,  -0.00072,   0.00913,  -0.00072,   0.05836,   0.02062,  -0.08113,   0.04851,   0.06000,  -0.01385,  -0.04667,  -0.00236,  -0.01877,   0.01241,  -0.06800,   0.04195,  -0.05980,  -0.05652,   0.05508,  -0.06308,   0.00913,   0.08626,  -0.00072,   0.03374,  -0.02205,   0.02718,   0.04851,   0.09775,  -0.01549,   0.05016,  -0.04503,   0.00913,  -0.02369,   0.07313,   0.08298,  -0.02698,  -0.00072,  -0.00072,   0.05344,  -0.03354,  -0.03354,   0.01077,  -0.04175,   0.00913,  -0.01385,  -0.04339,  -0.00728,  -0.00072,  -0.06472,  -0.02205,   0.01077,  -0.04503,  -0.00892,  -0.07457,   0.00256,  -0.01221,  -0.00236,  -0.10739,  -0.01221,   0.02554,  -0.01877,   0.02226,   0.02390,  -0.07621,   0.01077,   0.03703,  -0.02698,   0.01897,   0.07313,   0.01733,   0.05016,  -0.10247,  -0.04503,  -0.00236,   0.04523,   0.01733,   0.02062,   0.01241,  -0.01221,   0.00585,   0.00092,  -0.11067,   0.02718,  -0.03026,   0.00585,   0.09446,  -0.09098,  -0.01221,  -0.00236,  -0.05816,  -0.03190,  -0.01056,   0.01733,   0.02718,  -0.00072,   0.02882,   0.02390,   0.05016,   0.04523,  -0.06308,   0.04359,  -0.02533,  -0.02205,   0.02390,  -0.01056,  -0.02533,   0.02062,   0.02554,   0.05508,   0.05508,   0.01405,  -0.01056,  -0.00072,  -0.02533,   0.01241,  -0.00728,   0.01405,   0.00913,  -0.03026,   0.02390,  -0.03190,   0.02226,   0.02882,  -0.01549,  -0.00400,  -0.04831,   0.04359,  -0.06636,   0.06000,   0.02062,  -0.00892,  -0.01385,  -0.03518,   0.06657,  -0.02862,  -0.08934,   0.03539,  -0.00892,  -0.04010,   0.01405,  -0.11888,   0.02226,  -0.02698,   0.02718,   0.01569,   0.07313,   0.05344,   0.01077,   0.03539,  -0.02862,  -0.05159,  -0.05323,  -0.02369,   0.07313,   0.02390,  -0.02369,  -0.02862,   0.03046,  -0.02533,   0.06985,  -0.06144,  -0.00564,   0.02226,   0.05180,   0.03210,   0.03046,  -0.03026,  -0.04010,   0.00749,   0.05508,   0.01569,   0.02390,   0.02882,   0.06164,  -0.02041,   0.07641,   0.03046,  -0.11559,  -0.04831,   0.02882,   0.04031,  -0.05816,  -0.00072,  -0.05980,   0.07805,   0.00913,   0.00256,  -0.00728,   0.00749,  -0.01056,  -0.05323,   0.06492,   0.01241,   0.00585,   0.02226,   0.02062,  -0.02698,   0.01077,  -0.06800,  -0.03682,  -0.00236,  -0.00892,  -0.04667,   0.00913,   0.05836,  -0.06800,   0.01405,   0.01733,   0.04851,   0.01077,  -0.02533,   0.03703,  -0.01549,  -0.04010,   0.02062,  -0.02205,  -0.03354,  -0.01221,   0.00749,   0.03210,   0.00585,   0.04031,  -0.05816,  -0.00728,   0.02390,  -0.03026,   0.03046,   0.07149,  -0.03190,   0.00749,   0.03539,   0.01241,  -0.01221,   0.16175,   0.00749,  -0.02041,   0.00749,  -0.02698,   0.02226,  -0.03026,   0.07805,  -0.02698,  -0.04339,  -0.03190,  -0.07949,   0.03867,  -0.01713,   0.02226,   0.03210,  -0.09262,   0.09118,  -0.02205,  -0.03682,  -0.00072,   0.02718,   0.01405,  -0.07785,   0.02718,   0.02554,   0.04195,   0.00749,  -0.00564,   0.09611,  -0.02369,  -0.01713,  -0.06800,   0.05344,  -0.01713,   0.00092,  -0.02205,   0.03046,   0.08462,  -0.04503,  -0.01221,  -0.01056,   0.01077,  -0.05980,   0.00092,  -0.04667,  -0.02533,  -0.08934,  -0.07621,  -0.03518,  -0.02205,  -0.00072,  -0.01713,  -0.06636,   0.01077,   0.00585,  -0.04667,   0.02226,  -0.01549,  -0.01877,   0.02554,  -0.03518,  -0.04831,  -0.02698,   0.04359,  -0.00400,   0.06328,   0.02062,   0.02554,  -0.03026,  -0.03190,   0.04523,   0.00913,   0.00092,  -0.04175,  -0.06800,  -0.02205,  -0.03354,  -0.00892,   0.02390,  -0.02205,  -0.06800,  -0.00892,  -0.01221,  -0.08277,   0.14698
   0.00585,   0.00092,  -0.08770,  -0.04667,  -0.02862,   0.04851,  -0.00072,  -0.03354,   0.02062,  -0.01221,  -0.01549,  -0.00236,  -0.08113,  -0.01549,  -0.03682,   0.03867,   0.04687,  -0.06800,  -0.04339,  -0.01385,   0.06328,   0.04851,  -0.02533,   0.03867,   0.04359,   0.04031,  -0.03682,   0.04523,  -0.07785,   0.01241,   0.05672,  -0.06636,   0.00092,  -0.04175,   0.00256,   0.03210,   0.05836,   0.00092,  -0.03846,  -0.04667,  -0.03846,   0.01569,   0.01077,   0.00092,   0.03210,  -0.02041,   0.02062,  -0.06144,   0.03046,   0.01569,  -0.07621,   0.04523,   0.00256,   0.02226,   0.04359,  -0.07293,   0.00913,  -0.00892,  -0.03026,  -0.02533,   0.02226,   0.02390,  -0.05159,  -0.05652,  -0.01549,  -0.06308,   0.05180,   0.05344,  -0.01385,   0.03539,   0.01077,   0.00585,  -0.01221,  -0.06144,   0.01405,   0.02062,   0.02390,  -0.04831,  -0.06800,  -0.01549,   0.00749,  -0.01221,  -0.05980,   0.00420,   0.08626,   0.00585,  -0.10247,   0.01897,   0.02718,  -0.03354,   0.00585,   0.01569,  -0.00728,  -0.02533,  -0.01877,  -0.03354,   0.01241,   0.00585,  -0.02205,  -0.04995,   0.06000,  -0.00728,   0.04031,   0.00749,   0.03374,   0.03703,   0.05508,  -0.04010,   0.07969,   0.01569,   0.02718,  -0.01221,   0.01241,  -0.01221,  -0.01385,   0.02390,   0.03046,  -0.03518,  -0.00564,  -0.00400,  -0.01221,  -0.03354,   0.06328,   0.02390,  -0.00400,  -0.01056,  -0.00564,   0.03867,  -0.03354,   0.04031,  -0.08441,  -0.05323,   0.01897,  -0.00072,   0.02226,   0.00256,   0.02718,   0.00256,  -0.12708,  -0.04503,   0.04195,   0.01241,  -0.08770,  -0.00236,  -0.02205,   0.00585,  -0.00072,   0.04687,   0.00256,  -0.01713,  -0.00236,   0.02226,   0.01897,   0.04195,  -0.01877,   0.07313,  -0.03026,  -0.00892,  -0.05980,   0.00420,   0.01733,   0.04031,  -0.00728,   0.03374,   0.04687,   0.06000,  -0.03354,  -0.05487,  -0.01221,   0.01405,  -0.06144,  -0.01056,  -0.02041,   0.07149,  -0.06800,  -0.04831,   0.05672,   0.00749,   0.01241,   0.02062,   0.01241,   0.05508,   0.00585,  -0.04010,   0.04195,  -0.01221,  -0.00072,   0.04195,  -0.01221,  -0.02041,  -0.02698,   0.00585,  -0.00072,   0.04523,   0.05016,  -0.05816,   0.01241,  -0.02862,   0.03539,  -0.03026,  -0.05323,  -0.05487,  -0.02041,  -0.03190,  -0.07293,   0.00092,  -0.02862,   0.00749,   0.01569,   0.11908,   0.03046,  -0.01713,  -0.04667,  -0.07293,  -0.03846,  -0.06636,   0.04031,   0.04687,   0.02062,   0.01569,  -0.02698,   0.01733,  -0.00400,  -0.01549,   0.01241,  -0.04175,  -0.02369,  -0.01056,  -0.03026,   0.02554,   0.00913,  -0.03846,   0.03374,   0.00256,   0.02062,  -0.06308,  -0.04667,  -0.09098,   0.00092,   0.06985,  -0.01713,  -0.04503,   0.03703,  -0.01221,  -0.00400,  -0.00072,   0.02882,   0.04195,   0.02226,   0.02554,  -0.07129,  -0.02041,  -0.00236,   0.02882,   0.02226,  -0.02698,  -0.04010,  -0.00892,   0.02226,  -0.05980,  -0.05487,   0.01897,   0.02882,  -0.00400,  -0.01385,   0.01897,  -0.04995,  -0.01549,   0.02062,  -0.05323,  -0.06144,   0.02062,  -0.00564,   0.04359,  -0.03682,   0.01569,   0.00092,  -0.00072,  -0.05652,   0.04195,   0.05016,  -0.04667,  -0.04339,  -0.00564,   0.05672,   0.04359,   0.03703,   0.02718,  -0.04831,  -0.01385,  -0.02698,  -0.00400,   0.01569,  -0.02369,  -0.02205,  -0.06472,   0.01241,  -0.02369,   0.04851,   0.04031,  -0.00236,  -0.00400,  -0.04667,  -0.00728,   0.03374,   0.03703,  -0.02533,  -0.05159,   0.05180,   0.00420,  -0.03026,   0.01733,  -0.07621,  -0.03354,   0.03703,  -0.10247,  -0.02533,   0.02718,   0.03374,  -0.08441,   0.04031,   0.06000,   0.01241,  -0.01549,   0.03539,  -0.02698,  -0.04667,  -0.02205,   0.00256,   0.07969,   0.06328,  -0.04339,   0.03046,  -0.06308,   0.05016,   0.01405,   0.08954,  -0.00236,  -0.08770,  -0.00728,  -0.04010,   0.03210,  -0.01549,  -0.00564,  -0.03846,  -0.01549,  -0.03518,  -0.02862,   0.00585,  -0.00072,  -0.02862,  -0.04010,   0.04851,  -0.01221,  -0.01221,   0.03867,   0.04687,   0.00420,   0.02882,  -0.00072,  -0.05652,  -0.04339,  -0.03026,  -0.01221,  -0.00892,  -0.01056,   0.00420,  -0.07129,   0.02062,   0.01897,  -0.03518,   0.02390,  -0.02533,  -0.02369,   0.03046,   0.00256,  -0.00564,  -0.04339,   0.02554,   0.05344,  -0.01385,   0.00749,   0.01077,   0.01897,   0.02390,   0.02226,  -0.01713,  -0.00236,   0.02390,   0.10923,   0.03046,  -0.06472,  -0.02369,  -0.00892,   0.08626,   0.07313,  -0.03518,  -0.02041,   0.01897,   0.00420,  -0.03354,   0.01569,  -0.05652,  -0.03846,   0.02882,  -0.02369,   0.03374,  -0.06144,  -0.01549,  -0.00564,   0.05344,   0.01077,   0.05016,  -0.04667,   0.04851,   0.02062,  -0.01549,  -0.02698,  -0.04010,   0.03210,   0.01569,  -0.03190,  -0.00564,   0.01897,   0.03374,  -0.00072,   0.03046,  -0.03682,   0.01077,   0.04195,   0.04031,  -0.04503,  -0.06636,  -0.02698,  -0.00564,  -0.01385,  -0.08441,  -0.04175,   0.01077,   0.01569,  -0.02041,   0.01241,  -0.05652,  -0.04339,  -0.04995,  -0.05980,  -0.01549,   0.06164,   0.01241,  -0.03682,   0.02554,  -0.02862,  -0.03026,   0.01077,   0.02718,  -0.03354,   0.08298,  -0.04339,  -0.00072,  -0.02862,   0.03703,  -0.02205,  -0.01877,  -0.01877,   0.04031,  -0.00236,   0.07641,  -0.00892,  -0.02041,   0.01569,   0.03703,  -0.03518,  -0.01221,  -0.04503,  -0.01221,   0.02718,   0.04523,   0.02062,   0.02882,   0.00092,  -0.04667,  -0.05652,  -0.00400,  -0.02369,  -0.01877,   0.04195,   0.06164,   0.02718,   0.07313,   0.04523,   0.03210,   0.06000,   0.04031,   0.01077,  -0.00072,  -0.07621,   0.03046,   0.03703,   0.00420,  -0.03026,   0.04359,  -0.00892,  -0.04010,  -0.04503,   0.06985,   0.03867,   0.03867,  -0.04503,  -0.03026,   0.04687,  -0.06472,  -0.01549,   0.08134,  -0.03190,   0.02062,   0.00420,   0.05016,   0.00420,  -0.02698,   0.04523,   0.05836,   0.03046,   0.02882,   0.00420,  -0.09590,  -0.03846,  -0.00236,   0.06492,  -0.04175,   0.00749,  -0.02862,   0.06985,   0.03374,   0.03539,  -0.07621,   0.00256,  -0.05652,   0.06492,   0.01241,  -0.03518,  -0.01221,   0.01405,  -0.03846,   0.01405,   0.03046,   0.00913,  -0.07457,  -0.03190,   0.04851,  -0.00400,   0.00092,   0.04359,  -0.01549,   0.08298,  -0.02533,  -0.01056,   0.00092,  -0.01221,   0.03046,   0.00749,  -0.00400,   0.00585,  -0.03846,  -0.03354,   0.03539,   0.08134,  -0.04339,  -0.02205,  -0.06472,  -0.00728,   0.05836,   0.00420,   0.01733,  -0.04175,   0.04687,  -0.01056,   0.04523,  -0.01713,  -0.02205,  -0.10247,  -0.00400,   0.03703,  -0.01877,   0.02390,   0.07641,  -0.03846,   0.01241,   0.01241,  -0.04010,  -0.04831,   0.03867,  -0.01385,   0.02882,   0.07477,  -0.05487,  -0.00236,  -0.02862,   0.01077,  -0.02533,   0.01733,  -0.05816,  -0.03354,  -0.05159,   0.06000,  -0.03846,  -0.05980,   0.05344,  -0.03026,   0.00092,   0.01241,   0.02718,  -0.03682,   0.02226,   0.04687,   0.00913,   0.01733,  -0.04503,   0.04359,   0.01077,   0.00092,   0.05836,   0.03210,   0.06657,   0.07477,  -0.01549,   0.00420,  -0.02041,   0.00913,   0.01733,  -0.03846,   0.01405,   0.06657,  -0.02698,  -0.03026,   0.02062,   0.04031,   0.01733,   0.04523,   0.00585,  -0.04503,  -0.10247,  -0.01221,   0.04031,   0.01077,  -0.04010,  -0.02369,  -0.00400,  -0.02862,   0.01733,  -0.00892,  -0.05323,  -0.07129,  -0.07457,   0.02226,   0.00256,  -0.02862,   0.01733,   0.02226,   0.05180,   0.00092,   0.00256,  -0.02862,   0.04031,   0.02554,  -0.04995,  -0.01713,   0.05508,   0.01077,  -0.04010,   0.01405,   0.04195,  -0.00400,  -0.07621,  -0.01713,   0.00092,  -0.05323,   0.03210,   0.01897,   0.01897,   0.05180,  -0.02041,   0.00420,   0.05672,  -0.03682,  -0.01385,   0.02390,  -0.06472,  -0.01713,  -0.03354,  -0.09918,   0.01733,  -0.00072,  -0.03354,   0.02554,   0.04359,  -0.06308,  -0.05159,   0.04851,   0.01077,   0.00913,  -0.02862,  -0.06800,   0.02390,  -0.04995,  -0.01056,   0.08134,   0.02062,  -0.00236,   0.00256,   0.01897,   0.01405,  -0.04831,   0.03703,  -0.04503,  -0.03354,   0.07477,   0.01241,   0.02554,   0.00256,  -0.03682,   0.00420,   0.00913,  -0.02533,  -0.00236,   0.02718,  -0.00728,  -0.01056,   0.03539,  -0.07129,   0.01405,  -0.00072,  -0.03518,  -0.03354,   0.00913,   0.02882,  -0.01221,   0.00092,  -0.05159,   0.00749,   0.02882,  -0.02533,   0.00092,  -0.00892,  -0.01221,  -0.00892,   0.01405,   0.01569,  -0.01713,  -0.01877,  -0.02205,   0.00092,   0.04523,   0.02390,   0.01405,   0.08462,  -0.04667,   0.01897,  -0.00236,  -0.00236,   0.04687,  -0.05652,  -0.05980,  -0.04831,  -0.02862,  -0.05323,   0.04523,  -0.03354,  -0.04667,  -0.00892,  -0.02862,  -0.04339,  -0.00564,  -0.01385,  -0.10739,  -0.04339,  -0.02698,   0.00749,  -0.03026,   0.03046,   0.01569,   0.01077,   0.04523,  -0.04667,  -0.02369,  -0.01385,  -0.02533,   0.04195,   0.02390,   0.05508,  -0.02369,  -0.02862,  -0.00236,   0.01897,  -0.03846,   0.05016,  -0.01385,  -0.01056,   0.00256,  -0.01221,  -0.04010,  -0.03026,   0.01897,   0.04687,   0.00585,  -0.00564,  -0.07457,   0.06328,  -0.03190,  -0.04010,   0.02062,   0.04687,   0.02882,  -0.00728,  -0.02205,   0.06328,   0.09446,   0.00092,  -0.05816,   0.02882,  -0.02698,  -0.13036,  -0.00236,  -0.03190,  -0.03190,  -0.01877,  -0.08605,   0.09611,  -0.03846,   0.02718,   0.02062,   0.06000,  -0.00400,  -0.01549,   0.01405,  -0.02862,   0.02554,   0.01897,  -0.05652,   0.00256,  -0.01877,  -0.01221,   0.02062,   0.02390,  -0.00564,   0.05344,  -0.03190,   0.04687,   0.06821,   0.02718,  -0.07129,   0.02882,  -0.01713,   0.03539,   0.06000,   0.02554,  -0.03518,  -0.07293,  -0.02205,  -0.08770,  -0.02205,  -0.05816,   0.08790,   0.01733,  -0.04175,  -0.04175,   0.00092,  -0.01056,   0.01569,   0.00092,   0.04031,   0.00749,  -0.00236,   0.00256,  -0.03846,   0.06000,   0.04195,  -0.00400,  -0.00892,  -0.06800,   0.06328,  -0.03846,  -0.08277,   0.04359,   0.01405,   0.07149,  -0.01056,   0.00092,  -0.09918,   0.02554,  -0.01221,  -0.02369,  -0.00564,  -0.06144,  -0.00236,   0.03374,  -0.03846,   0.01569,  -0.02205,   0.03210,  -0.03026,  -0.00892,   0.02062,  -0.01877,  -0.06472,   0.04359,  -0.03354,  -0.04667,   0.00749,  -0.00072,   0.01405,   0.00585,   0.05672,   0.09611,   0.08134,  -0.01056,   0.01897,  -0.04010,  -0.01385,   0.02718,   0.04195,   0.01897,  -0.06800,  -0.02862,   0.02882,  -0.00236,   0.04687,  -0.04503,  -0.00072,  -0.04667,  -0.03190,  -0.10903,  -0.06964,  -0.03354,  -0.01877,  -0.00400,   0.06821,   0.00913,  -0.02862,   0.04851,  -0.03518,   0.05344,  -0.03846,   0.01241,  -0.02698,   0.03867,  -0.06636,   0.02226,   0.04687,   0.02718,   0.01897,  -0.09754,   0.01077,  -0.03518,   0.05016,   0.03210,  -0.00564,   0.01897,   0.02062,   0.04687,   0.00913,  -0.01549,  -0.01549,  -0.00072,   0.03210,  -0.02533,  -0.03682,   0.01897,   0.06821,  -0.06308,  -0.00072,  -0.01056,   0.06328,  -0.03354,   0.00092,   0.02554,   0.05180,  -0.07129,  -0.01549,   0.08462,  -0.04175,  -0.01385,  -0.00400,  -0.02862,  -0.01877,   0.04031,   0.01077,  -0.07785,   0.00256,  -0.01385,   0.07641,   0.05344,  -0.01549,  -0.04831,   0.00420,   0.00092,  -0.03682,   0.02390,   0.00585,   0.02882,   0.03046,  -0.02041,  -0.02041,  -0.04503,  -0.01877,   0.05180,  -0.02041,  -0.02041,  -0.07621,  -0.02205,   0.04687,  -0.02041,  -0.02205,  -0.04010,  -0.00400,   0.05508,  -0.00400,   0.08462,   0.01733,   0.01897,  -0.04010,  -0.04010,   0.04851,  -0.00400,   0.01897
   0.02390,  -0.00236,  -0.01385,  -0.02369,   0.01733,   0.02882,  -0.02698,   0.00256,  -0.04339,  -0.02698,  -0.00400,   0.06492,   0.01897,  -0.00728,  -0.03518,   0.01733,  -0.00892,   0.08954,  -0.05652,  -0.02862,   0.02062,  -0.08605,  -0.11559,   0.06492,  -0.00564,  -0.03518,   0.01077,  -0.00728,   0.06000,  -0.05816,  -0.04339,   0.07149,  -0.02205,  -0.06472,  -0.01221,   0.03374,  -0.06800,  -0.00892,  -0.10903,  -0.01713,  -0.03190,   0.01405,   0.01241,   0.01569,   0.00420,  -0.00892,  -0.03190,   0.01569,   0.00420,   0.01405,  -0.04175,  -0.03354,  -0.03354,   0.00420,  -0.06308,   0.00749,   0.06164,  -0.00236,   0.05016,  -0.02533,   0.13549,   0.03867,  -0.06964,  -0.04339,  -0.07457,   0.02718,   0.02718,   0.03046,   0.00749,  -0.02205,   0.05016,  -0.02369,   0.08462,  -0.02862,   0.05016,  -0.07457,  -0.11395,   0.07641,   0.02554,   0.04523,  -0.01221,  -0.00072,   0.03210,   0.00749,   0.01077,  -0.04831,  -0.04339,   0.01405,  -0.08113,  -0.05323,   0.03703,  -0.00564,  -0.05323,   0.03210,   0.00092,   0.02718,   0.01569,   0.04359,   0.06000,   0.09775,  -0.00072,  -0.11559,   0.00585,   0.04523,  -0.01221,   0.04359,   0.03210,   0.05508,  -0.02533,   0.02390,  -0.02205,   0.01733,  -0.03354,  -0.05816,   0.02554,   0.01897,  -0.06472,  -0.00564,   0.00585,   0.00585,   0.00256,   0.00585,  -0.03518,   0.06328,  -0.00728,   0.01241,   0.01077,  -0.09918,   0.04523,   0.01077,  -0.02205,  -0.00892,  -0.01877,  -0.09590,   0.03867,   0.00256,  -0.02041,  -0.08770,  -0.01713,  -0.02862,  -0.06964,  -0.00564,   0.03703,   0.04195,  -0.04667,  -0.01877,   0.06985,  -0.05159,  -0.02369,  -0.01056,  -0.02205,  -0.03190,   0.00420,  -0.03518,  -0.02533,   0.00585,   0.01733,  -0.00892,   0.03046,  -0.06800,   0.04031,  -0.04831,   0.01733,   0.02390,  -0.02205,  -0.01221,  -0.02533,   0.06164,   0.03703,  -0.00728,  -0.04995,  -0.04010,  -0.02041,   0.03703,  -0.04995,  -0.01221,  -0.01385,  -0.00892,  -0.02862,  -0.00236,  -0.08770,  -0.02041,  -0.01056,  -0.03846,   0.00420,   0.06164,  -0.03354,   0.01405,   0.01077,   0.01897,   0.04523,   0.02062,  -0.03682,  -0.02205,  -0.01877,  -0.07293,  -0.04175,  -0.04175,   0.02062,   0.08134,  -0.03846,   0.03539,   0.03703,  -0.11888,  -0.07129,   0.06657,  -0.03682,  -0.04339,   0.03210,  -0.04175,   0.00585,  -0.02698,  -0.01056,  -0.02698,   0.01241,  -0.02041,   0.07149,   0.07313,   0.02062,  -0.04175,   0.01569,   0.02226,  -0.03846,  -0.00400,   0.06657,   0.00420,  -0.05816,  -0.04831,  -0.07785,  -0.04503,   0.04031,  -0.07949,   0.02062,   0.02390,  -0.03518,   0.00585,   0.04359,   0.00585,   0.01733,  -0.07621,   0.03703,  -0.05323,  -0.06308,   0.02554,   0.00585,   0.00749,  -0.04010,   0.05016,   0.00420,   0.05836,  -0.00728,  -0.04339,  -0.08934,  -0.02369,   0.07805,   0.02718,   0.06985,  -0.00728,   0.05672,   0.00749,  -0.03682,  -0.02862,  -0.01385,   0.02390,   0.03867,   0.05672,  -0.04503,   0.00092,  -0.03190,   0.02062,   0.04031,  -0.04995,  -0.02041,   0.01077,  -0.01221,  -0.04010,  -0.02041,  -0.05652,  -0.05816,  -0.03846,   0.02882,  -0.00400,  -0.00564,  -0.00728,  -0.01056,   0.00585,   0.04687,   0.00256,  -0.01056,  -0.03518,  -0.04175,   0.08462,   0.01897,   0.00256,   0.00749,   0.08626,   0.01405,  -0.06636,  -0.00236,   0.03374,  -0.05816,   0.04031,  -0.01877,  -0.01713,   0.00256,  -0.02041,  -0.01221,   0.02882,  -0.04175,   0.00913,   0.00420,  -0.07293,  -0.00072,   0.02226,  -0.03682,  -0.07621,   0.01897,  -0.01713,  -0.01713,   0.02226,   0.01077,   0.00420,   0.01569,  -0.01713,  -0.00400,   0.00420,  -0.08277,   0.02718,   0.04359,  -0.02041,   0.03210,   0.00749,   0.01569,  -0.01056,  -0.01221,  -0.03190,  -0.09426,   0.00092,  -0.02698,  -0.05487,   0.02718,   0.03210,  -0.05980,   0.06657,  -0.00892,   0.01077,   0.00585,   0.16011,  -0.02698,  -0.02698,   0.00420,  -0.00236,  -0.00892,  -0.00072,   0.01733,   0.02882,   0.06821,  -0.05159,  -0.01385,   0.06821,  -0.03518,   0.07641,  -0.04667,   0.05180,   0.00749,  -0.00236,   0.03046,  -0.01877,   0.02062,   0.04523,  -0.04503,   0.03703,   0.07149,  -0.04010,   0.06985,  -0.00564,   0.03703,   0.05672,  -0.10411,   0.06164,   0.00256,  -0.00564,  -0.02533,   0.02882,   0.01897,   0.09446,  -0.02369,  -0.03518,  -0.05816,   0.03703,  -0.07293,   0.02882,  -0.02205,   0.01241,   0.05344,  -0.01713,   0.05016,   0.01733,  -0.01385,   0.09446,   0.04687,   0.05016,   0.03210,   0.04031,   0.04031,  -0.03518,   0.04031,   0.00749,   0.00913,   0.03867,   0.04851,   0.00092,   0.02390,  -0.01385,  -0.00564,  -0.05487,   0.00256,   0.00092,   0.01569,   0.01897,   0.04031,  -0.10575,   0.02718,   0.01569,  -0.02533,   0.02718,  -0.03682,  -0.03846,   0.01241,   0.07641,   0.05180,   0.00420,  -0.05652,  -0.03682,  -0.05323,   0.01077,   0.00749,  -0.00236,  -0.07293,   0.08626,  -0.02533,   0.04031,   0.00420,  -0.01549,  -0.03846,  -0.04831,  -0.01385,  -0.00400,   0.01241,  -0.01221,  -0.05652,   0.01241,   0.03210,  -0.02369,   0.00420,  -0.06964,  -0.03026,   0.00749,  -0.02041,   0.01733,   0.03703,  -0.02369,  -0.00564,  -0.02041,   0.00913,   0.00092,  -0.04175,  -0.00236,   0.02882,   0.01569,  -0.02862,  -0.00236,   0.03539,  -0.03846,  -0.04175,  -0.04995,   0.03867,  -0.02369,   0.00092,  -0.03682,   0.01897,   0.06821,   0.00092,  -0.06144,   0.03703,  -0.02041,  -0.01221,  -0.04667,  -0.01549,  -0.06144,   0.06657,  -0.07457,  -0.04175,   0.00585,   0.05836,  -0.08277,   0.02554,  -0.04995,  -0.03026,  -0.02862,  -0.02862,  -0.02862,   0.08626,  -0.03190,  -0.06964,   0.06821,  -0.03190,   0.01569,  -0.10247,  -0.00564,  -0.00072,  -0.00564,   0.04851,   0.00913,  -0.03026,   0.00420,  -0.00892,  -0.04667,  -0.03190,   0.03374,  -0.06144,  -0.01877,  -0.00236,  -0.03682,  -0.10575,   0.02390,   0.03210,  -0.02862,   0.04195,   0.00256,  -0.03518,  -0.01549,  -0.01549,  -0.02041,   0.00585,   0.01405,  -0.05159,   0.10431,  -0.03190,  -0.02698,   0.02390,   0.03539,  -0.07129,   0.01897,  -0.01877,   0.02554,  -0.03846,  -0.02533,   0.06657,   0.03046,  -0.01221,   0.00256,  -0.04503,  -0.00564,  -0.03354,   0.03374,  -0.04503,   0.03703,   0.00092,   0.00585,  -0.00236,   0.02390,  -0.01221,   0.04031,  -0.06800,  -0.06636,   0.00749,  -0.01877,  -0.02698,  -0.05323,   0.01897,   0.05016,  -0.05323,  -0.01549,   0.04851,  -0.01713,   0.00913,  -0.04667,   0.01077,  -0.02533,  -0.01713,  -0.01877,  -0.00728,  -0.00236,  -0.04995,   0.03867,  -0.03682,   0.04359,   0.01733,  -0.01221,  -0.01385,   0.01897,  -0.02862,  -0.06308,   0.03867,  -0.02698,   0.04031,  -0.03190,  -0.06308,   0.04195,  -0.06308,   0.05836,   0.03539,  -0.03354,   0.02882,   0.03210,  -0.01549,  -0.03518,   0.02062,  -0.05652,  -0.00892,  -0.06800,  -0.03190,   0.08790,  -0.01056,   0.01405,  -0.00400,   0.05672,  -0.03846,  -0.03026,   0.00092,  -0.00892,  -0.01877,   0.06985,   0.04195,   0.05180,   0.00585,  -0.02369,   0.01897,   0.08134,   0.07969,  -0.00728,  -0.04010,  -0.02369,  -0.05816,   0.04687,  -0.04667,   0.01241,  -0.00236,  -0.02533,   0.04031,  -0.08441,  -0.07129,   0.01897,   0.00585,  -0.00564,   0.05672,   0.08790,   0.03703,  -0.10247,   0.02390,   0.03703,  -0.02369,  -0.02369,  -0.02698,   0.03374,  -0.05159,   0.03703,  -0.06636,  -0.00400,  -0.02698,  -0.03518,   0.03867,  -0.03518,  -0.05487,   0.05016,   0.02062,  -0.00728,   0.07641,   0.00749,  -0.02533,  -0.01877,   0.06164,   0.06000,   0.02226,   0.08298,  -0.00728,  -0.10575,   0.03374,  -0.09918,   0.00585,  -0.00072,  -0.00236,   0.04523,  -0.05159,  -0.02041,  -0.01713,  -0.01221,  -0.03026,  -0.01713,  -0.07293,   0.02226,  -0.01877,  -0.04667,   0.05508,  -0.00072,  -0.04010,  -0.01877,  -0.01549,   0.04523,  -0.04503,  -0.01385,  -0.07457,  -0.07293,   0.02390,  -0.04339,   0.03703,  -0.05816,   0.02062,  -0.06144,  -0.09098,   0.02718,  -0.03354,   0.06985,   0.05016,   0.03539,   0.03703,  -0.01713,  -0.08113,   0.00420,  -0.01221,  -0.01385,  -0.04339,   0.05672,   0.05836,   0.01405,  -0.07949,   0.01241,   0.03046,   0.05344,   0.11416,   0.00420,   0.04195,  -0.01713,   0.00092,  -0.05652,   0.03210,   0.00420,   0.02882,  -0.01877,   0.04687,  -0.02698,  -0.03354,   0.02882,   0.01077,   0.05672,   0.03046,  -0.06800,   0.02882,   0.05672,   0.02882,  -0.02369,  -0.07949,  -0.00400,   0.03703,  -0.00236,  -0.04831,  -0.02698,  -0.02533,   0.07969,  -0.04667,  -0.03846,   0.04851,  -0.05323,   0.07477,  -0.03846,   0.00913,   0.00092,   0.02718,   0.09118,   0.04851,  -0.07457,  -0.08605,   0.01733,  -0.03846,   0.07805,   0.00256,  -0.03682,   0.05016,   0.05672,   0.00749,   0.00585,   0.04851,  -0.01385,  -0.06472,  -0.00728,  -0.02533,   0.06000,  -0.05323,   0.02226,   0.04851,  -0.06636,   0.03210,  -0.06308,   0.03539,  -0.00728,  -0.03518,   0.00749,  -0.03682,   0.00256,  -0.04010,  -0.00072,   0.05344,  -0.03682,  -0.03354,  -0.01056,  -0.04503,  -0.00564,  -0.01056,   0.00913,  -0.04995,   0.03210,  -0.07293,  -0.02369,   0.02718,  -0.01549,  -0.07621,   0.06821,  -0.03354,  -0.11724,   0.06164,  -0.00564,  -0.04175,  -0.00400,  -0.12216,   0.01897,   0.02390,  -0.04667,  -0.01549,  -0.00892,   0.04031,   0.00585,  -0.03846,  -0.01877,   0.03374,   0.05672,   0.00256,  -0.01877,   0.02718,   0.00913,   0.01733,  -0.04831,   0.06821,  -0.04667,   0.02390,  -0.02041,  -0.09262,  -0.12216,  -0.04010,  -0.02369,  -0.03846,  -0.08441,  -0.02205,  -0.03354,   0.03867,  -0.01713,  -0.06472,  -0.01221,   0.03210,  -0.03190,   0.05016,   0.00749,  -0.02862,  -0.04831,   0.00256,   0.07313,  -0.03682,  -0.08770,   0.01897,  -0.03518,  -0.02698,  -0.00236,  -0.05159,  -0.02862,  -0.03682,   0.01241,  -0.04339,   0.04523,  -0.03026,  -0.02369,   0.05836,   0.02062,  -0.05323,  -0.01221,  -0.05487,  -0.05323,   0.00092,   0.02062,   0.04359,  -0.02041,   0.06492,  -0.01056,  -0.00236,  -0.02369,   0.02390,   0.00420,   0.00585,   0.05672,  -0.03026,   0.00913,  -0.00728,   0.00256,  -0.07785,  -0.02369,  -0.00892,  -0.06308,  -0.02369,  -0.06144,  -0.04995,  -0.10411,   0.06164,  -0.01713,  -0.09262,   0.06985,  -0.04339,   0.03867,   0.01077,   0.05344,   0.00256,   0.02554,   0.00585,  -0.01713,   0.00092,   0.03374,   0.11416,   0.03867,   0.01405,   0.05180,   0.07313,  -0.09590,  -0.03190,  -0.02041,  -0.00072,  -0.01713,   0.03867,  -0.01877,   0.05016,   0.01733,   0.04523,   0.00420,   0.00585,  -0.05487,   0.01897,   0.06492,  -0.03190,   0.05836,  -0.01385,   0.03867,  -0.02862,   0.01241,  -0.03354,  -0.01385,  -0.03518,  -0.00236,   0.01569,  -0.01221,  -0.03190,  -0.03190,  -0.04175,   0.00585,  -0.04995,  -0.04503,   0.00256,  -0.01056,   0.02062,   0.04523,   0.03539,   0.02226,   0.01897,   0.00585,  -0.01877,  -0.03026,   0.02062,  -0.03190,  -0.03190,   0.02718,  -0.04667,   0.03374,  -0.15498,   0.01241,  -0.05159,   0.04359,   0.02554,   0.00585,  -0.06308,  -0.09754,   0.03210,   0.01077,   0.07805,  -0.01549,  -0.01877,  -0.02698,   0.01241,  -0.02862,   0.01241,  -0.09426,  -0.00892,  -0.01221,   0.03374,  -0.03190,   0.05836,  -0.03354,  -0.04667,   0.01569,   0.02882,   0.00256,   0.10431,  -0.02533,   0.01733,  -0.05159,  -0.01221,  -0.00400,  -0.02862,  -0.01056,   0.04359,  -0.06636,  -0.04831,   0.02062,   0.02882,   0.04851,  -0.02533,   0.00913,   0.03210,  -0.01549
   0.06492,  -0.09262,  -0.03518,   0.15683,   0.02062,  -0.01385,  -0.04831,   0.03374,   0.04687,   0.04851,  -0.02041,   0.00420,   0.04359,  -0.00892,  -0.03682,   0.03539,   0.06657,   0.04851,   0.00420,   0.03703,  -0.04010,   0.01405,   0.01897,   0.00749,  -0.05159,   0.10103,  -0.04503,   0.07149,   0.00256,  -0.02862,  -0.02041,  -0.01549,   0.01077,  -0.02041,  -0.01056,   0.05836,   0.06328,   0.08790,   0.01405,  -0.00400,  -0.04010,  -0.02205,  -0.04667,   0.03703,   0.06985,   0.05672,  -0.07621,   0.02390,  -0.01385,  -0.12052,  -0.05159,   0.01077,  -0.05980,  -0.04175,  -0.01221,  -0.05652,   0.01077,  -0.01056,   0.00749,   0.05180,   0.05180,  -0.01056,  -0.02041,  -0.00400,  -0.06144,   0.04031,  -0.00892,  -0.01877,   0.01241,  -0.04667,   0.03867,   0.02226,  -0.04503,  -0.03846,   0.03539,   0.02882,   0.03703,   0.08298,   0.02226,   0.00420,   0.03539,  -0.03026,  -0.06636,  -0.02862,   0.04031,   0.03703,   0.02062,   0.02390,   0.05836,   0.01897,  -0.03354,  -0.00892,   0.02554,   0.04195,   0.07969,   0.08134,   0.00256,   0.04851,  -0.03190,   0.04195,  -0.00400,   0.03210,   0.03374,  -0.00892,   0.05344,   0.03867,   0.03046,   0.02390,  -0.03026,  -0.00564,  -0.00072,   0.00420,   0.00092,   0.04851,  -0.02041,   0.03703,   0.04523,  -0.03846,   0.01569,   0.05508,   0.05180,   0.05180,   0.01405,  -0.02698,   0.01733,   0.02554,  -0.02533,   0.03210,  -0.03354,   0.04195,  -0.01549,   0.02718,  -0.09590,   0.03539,   0.00913,  -0.02533,   0.01241,  -0.04503,  -0.14349,  -0.00892,  -0.11067,   0.05344,  -0.03190,   0.11744,   0.00749,   0.01733,   0.01733,   0.00913,   0.01897,   0.07313,   0.02554,   0.03374,  -0.06800,  -0.00564,  -0.04010,   0.07805,  -0.03026,  -0.06800,  -0.01056,  -0.00400,   0.03539,   0.00420,   0.01405,  -0.01713,   0.02554,   0.04851,   0.02882,   0.03539,   0.05508,   0.13221,  -0.02862,   0.02062,   0.06164,  -0.02698,  -0.01549,   0.07477,  -0.02041,   0.01077,   0.11416,   0.01077,   0.05836,   0.00256,   0.05344,   0.02718,   0.00913,  -0.01713,  -0.03846,   0.02554,   0.04523,   0.00585,  -0.02369,  -0.01056,  -0.01877,  -0.03190,  -0.04667,   0.00913,  -0.02698,   0.00749,   0.03046,   0.01733,   0.00420,  -0.03190,  -0.03354,   0.02882,  -0.00728,   0.04031,  -0.00400,  -0.01549,   0.01569,  -0.10739,  -0.06144,   0.02062,   0.05180,  -0.04503,   0.01241,  -0.00564,  -0.02041,   0.04523,   0.00749,   0.00913,  -0.02041,   0.02226,   0.03374,  -0.04667,   0.03374,  -0.00564,  -0.05980,  -0.00072,   0.00420,  -0.04995,  -0.00564,   0.01077,  -0.05159,   0.08462,   0.01569,   0.02882,  -0.00728,  -0.05816,  -0.01221,   0.02390,   0.05016,   0.06164,   0.04195,  -0.02369,  -0.00564,   0.00913,  -0.00236,   0.07969,   0.02390,  -0.05652,  -0.02041,  -0.00400,   0.03703,  -0.03354,  -0.00236,  -0.02698,   0.01733,   0.02226,   0.02062,   0.00749,  -0.00892,  -0.10247,   0.03210,  -0.04175,  -0.00236,   0.08626,   0.08790,  -0.03190,   0.02390,  -0.13036,  -0.01713,  -0.05980,  -0.00892,  -0.02533,  -0.01549,  -0.01056,  -0.01385,   0.09939,   0.09282,  -0.03190,  -0.05652,   0.00585,  -0.00892,  -0.02041,   0.03703,  -0.02862,   0.01077,   0.04359,  -0.03190,   0.00092,   0.04687,  -0.03846,   0.02062,   0.01569,  -0.01221,   0.09446,   0.07969,   0.04031,   0.03539,   0.01077,  -0.09590,   0.09118,  -0.03026,  -0.05487,   0.02718,   0.02062,  -0.02698,  -0.05323,  -0.03026,   0.04687,  -0.00072,   0.01405,   0.02882,   0.06985,  -0.00564,  -0.09426,   0.03703,   0.03374,   0.00256,   0.01077,  -0.01056,   0.03374,  -0.03190,   0.00585,   0.00256,   0.07477,   0.02226,  -0.01385,   0.09118,  -0.04831,   0.00420,  -0.01221,   0.02390,  -0.04175,  -0.00400,  -0.00236,  -0.03354,   0.00585,   0.07149,   0.00256,  -0.05980,  -0.00072,   0.02226,  -0.06800,  -0.00236,   0.01405,  -0.00400,   0.01405,   0.02062,   0.07805,   0.04523,   0.01733,   0.06821,  -0.01056,  -0.02041,  -0.03190,   0.01733,   0.00420,   0.00092,  -0.05652,   0.06821,   0.09446,  -0.09098,   0.06000,  -0.00892,   0.03210,   0.03374,  -0.00564,  -0.00072,   0.00092,   0.06985,   0.01077,   0.05508,   0.03046,   0.01569,   0.03210,   0.06492,   0.00256,   0.00420,   0.04851,   0.02718,  -0.04995,  -0.04831,   0.05672,  -0.02533,   0.03867,  -0.02369,  -0.06636,   0.05016,   0.01077,   0.01733,  -0.07129,   0.04687,   0.02718,  -0.00236,   0.03210,   0.01733,  -0.01385,   0.08298,  -0.06800,  -0.01549,  -0.05323,   0.01733,   0.01077,  -0.05487,  -0.01549,   0.03867,   0.00913,   0.01733,   0.01569,   0.01897,   0.02062,   0.03210,   0.06164,  -0.02698,  -0.04010,  -0.02533,   0.00585,  -0.11559,   0.09282,  -0.05487,  -0.00400,  -0.04831,  -0.04667,  -0.10247,   0.02226,   0.05672,   0.02390,  -0.04667,   0.01241,  -0.01549,  -0.06308,  -0.01713,   0.05016,  -0.08770,  -0.03846,  -0.02533,   0.00585,   0.07969,  -0.07949,  -0.01056,   0.04195,  -0.03682,  -0.08113,   0.00256,   0.05508,  -0.00072,   0.06492,  -0.06964,   0.08298,   0.00749,   0.04851,   0.01405,   0.01241,  -0.00892,   0.04687,  -0.01385,  -0.01877,  -0.00728,   0.03046,   0.00913,  -0.01056,   0.01405,  -0.01221,  -0.01056,  -0.05487,   0.01241,   0.06328,   0.04031,  -0.00892,  -0.02041,  -0.01385,  -0.08934,   0.04851,   0.05836,   0.02390,  -0.03846,   0.00420,   0.02390,  -0.00892,   0.00913,  -0.01385,  -0.03518,  -0.04667,   0.01241,   0.02390,   0.00256,   0.06328,   0.00420,   0.04031,   0.01077,   0.07477,  -0.01221,  -0.03518,   0.04851,  -0.06144,  -0.04175,  -0.03354,  -0.06964,   0.05180,  -0.06472,   0.06328,  -0.00564,  -0.00892,   0.02554,  -0.02205,  -0.00072,  -0.02533,  -0.00072,   0.03374,  -0.02369,  -0.06800,  -0.07457,  -0.04339,  -0.09426,   0.01897,   0.05016,   0.05672,  -0.05323,   0.00256,  -0.02041,  -0.06144,  -0.01221,  -0.02698,  -0.03026,   0.01405,   0.00585,   0.02062,  -0.03190,   0.03374,  -0.01713,   0.02718,   0.03867,   0.07313,   0.05344,   0.01241,   0.03046,  -0.09262,   0.01569,   0.02882,  -0.03354,  -0.04995,  -0.03682,   0.05836,  -0.02862,   0.08626,  -0.05980,  -0.01877,   0.03539,  -0.01713,  -0.00564,   0.00420,  -0.01221,   0.03046,   0.03703,   0.00585,  -0.01056,  -0.07293,   0.06985,   0.00913,   0.03046,   0.04359,  -0.09098,  -0.00728,  -0.05159,  -0.08934,   0.07477,   0.07313,   0.04687,  -0.03518,  -0.05159,   0.06985,   0.00749,  -0.02698,   0.00749,   0.02226,  -0.00236,   0.03374,  -0.00236,  -0.00892,   0.00256,  -0.01221,   0.05344,  -0.00072,  -0.02041,  -0.00564,  -0.04831,  -0.05816,  -0.04175,  -0.08770,  -0.05323,  -0.01713,  -0.02205,  -0.00892,  -0.08277,  -0.07457,  -0.01221,   0.01077,   0.04687,   0.00420,  -0.00400,  -0.04831,  -0.00236,  -0.03190,   0.05836,  -0.04831,   0.01077,  -0.07949,  -0.03026,  -0.00728,  -0.04503,  -0.10247,   0.06000,   0.00256,   0.01733,  -0.00564,  -0.04995,  -0.03026,   0.04851,   0.04359,  -0.02369,  -0.02533,  -0.09098,   0.01077,   0.05508,  -0.03026,  -0.04010,   0.03539,   0.03703,  -0.08113,  -0.03354,  -0.06964,  -0.05652,   0.00420,  -0.01221,   0.00585,  -0.05159,  -0.03354,  -0.03518,  -0.02205,  -0.02698,  -0.06144,   0.09939,   0.01733,  -0.02369,   0.03867,   0.04523,  -0.01713,   0.00420,  -0.04503,   0.06328,   0.04031,  -0.05323,   0.01405,   0.02226,  -0.01056,  -0.04995,   0.00092,   0.01569,  -0.03354,   0.08462,  -0.04667,  -0.05487,  -0.07949,   0.00420,   0.03210,   0.00749,  -0.08113,   0.03210,   0.03703,   0.05344,   0.06000,  -0.02369,  -0.01549,  -0.03190,  -0.07293,   0.01077,   0.00585,  -0.01713,  -0.03354,  -0.01221,   0.02062,   0.06821,   0.03539,   0.07641,   0.04031,  -0.08934,   0.02390,   0.02882,   0.05180,   0.01569,   0.01897,   0.01897,   0.01077,  -0.01549,  -0.01549,  -0.01877,   0.04687,   0.01897,   0.03867,   0.03046,   0.07477,   0.09611,   0.04031,  -0.01877,  -0.00564,   0.01897,   0.03374,  -0.02205,  -0.00892,  -0.00728,   0.01077,   0.01241,   0.05672,   0.03539,  -0.03354,   0.03046,  -0.04667,   0.01897,  -0.05487,  -0.08277,   0.05508,  -0.02533,  -0.03026,  -0.08934,  -0.01385,   0.00256,   0.05836,   0.05836,  -0.01385,   0.00420,   0.04359,  -0.00728,   0.00749,  -0.07785,   0.04031,   0.02882,  -0.05323,  -0.01549,   0.01569,  -0.03026,  -0.09098,   0.03867,  -0.00892,  -0.12052,   0.04523,   0.06164,  -0.07129,   0.05016,   0.01405,  -0.03518,  -0.04995,   0.07641,  -0.11231,   0.01897,   0.00256,   0.03046,   0.04031,  -0.06472,  -0.03846,  -0.01221,   0.00092,  -0.07949,  -0.07293,   0.02062,   0.00092,   0.00256,   0.02554,   0.07313,  -0.02533,   0.01405,  -0.07785,   0.01733,   0.01569,   0.03539,   0.14206,   0.03374,  -0.01549,  -0.02862,  -0.02041,   0.04523,   0.01569,  -0.04175,   0.04851,  -0.09754,  -0.01385,  -0.07949,  -0.04831,   0.03539,  -0.04831,   0.00092,   0.01405,   0.00585,  -0.04010,   0.02390,   0.00420,   0.02226,  -0.08277,  -0.09590,   0.02718,  -0.05816,   0.03374,  -0.02369,  -0.08441,   0.11252,  -0.03682,  -0.03846,   0.04359,   0.03867,   0.01897,  -0.06472,  -0.04503,   0.07805,   0.03867,   0.00420,  -0.04831,  -0.03026,  -0.01713,  -0.01385,   0.02226,   0.04359,  -0.00400,   0.07477,   0.06000,   0.04195,  -0.02205,  -0.03354,   0.03210,   0.12729,   0.03703,   0.09611,  -0.09426,   0.02718,  -0.04667,   0.05016,   0.01569,   0.01241,   0.04523,  -0.03682,   0.03539,   0.03210,  -0.02862,  -0.00400,  -0.02698,   0.05180,   0.01569,  -0.06308,  -0.01221,   0.03539,  -0.01385,  -0.02041,  -0.07621,  -0.07621,   0.03703,   0.00585,   0.02882,  -0.04175,   0.04523,   0.04031,  -0.06800,   0.01241,   0.01897,  -0.01221,   0.03210,  -0.01056,   0.04195,   0.03374,   0.03210,   0.04523,   0.04031,  -0.02533,   0.00913,  -0.02205,  -0.01385,  -0.00728,   0.05180,  -0.04503,   0.02718,  -0.01221,  -0.01056,  -0.00728,   0.04851,  -0.00892,   0.01077,   0.00585,  -0.01385,  -0.00892,  -0.02698,   0.02390,   0.01405,  -0.01713,  -0.01056,   0.11908,  -0.05652,   0.00585,   0.03374,   0.03867,   0.00092,   0.02882,  -0.08605,  -0.02533,  -0.07785,  -0.03190,  -0.01385,   0.03046,   0.00256,  -0.00236,  -0.07293,  -0.00400,   0.01569,   0.06492,  -0.00728,   0.05016,   0.03374,  -0.02205,   0.01077,   0.00092,  -0.02862,  -0.00400,  -0.00892,   0.05508,   0.06492,   0.04523,   0.09611,   0.01733,   0.04359,  -0.02533,   0.01733,   0.00749,   0.05672,   0.02226,   0.02062,  -0.02369,   0.04851,  -0.01713,  -0.05487,   0.05508,  -0.02862,   0.01077,  -0.04831,  -0.01221,   0.07149,   0.08298,   0.03374,   0.00585,  -0.05487,  -0.00564,   0.03703,  -0.03846,  -0.10739,  -0.06144,   0.00913,   0.06328,   0.03046,   0.04359,  -0.05816,   0.03210,  -0.00728,  -0.04010,  -0.02205,   0.00749,  -0.05652,   0.03374,  -0.02205,  -0.01056,   0.03046,  -0.08277,  -0.06472,   0.01077,   0.01569,  -0.00400,   0.08954,  -0.04175,  -0.04175,   0.01241,   0.03867,  -0.01713,  -0.07785,  -0.02369,   0.02718,   0.05508,  -0.01385,   0.00420,  -0.00728,   0.02390,  -0.05323,   0.16011,  -0.07949,   0.03539,  -0.04995,   0.04195,   0.00585,   0.00749,   0.02226,   0.03210,   0.00749,  -0.01385,  -0.02862,   0.01733,  -0.06308,  -0.01056,   0.05180,  -0.04995,   0.01569,  -0.01385,   0.08134,   0.01405,  -0.02533,   0.05508,   0.00585,   0.02718,  -0.00564,  -0.00236,  -0.04010,   0.05836,  -0.03846,  -0.03190,   0.00420,   0.00749,   0.00585,   0.00256,  -0.00400,   0.04523,   0.02882
  -0.05487,  -0.02041,   0.00585,  -0.11231,   0.08954,  -0.04339,   0.00585,   0.03703,  -0.01056,   0.03374,   0.06000,   0.03867,   0.04359,   0.03046,   0.07641,   0.02062,  -0.06636,  -0.09426,   0.10431,  -0.01221,   0.00585,  -0.04339,  -0.05159,  -0.00564,  -0.01713,   0.02882,  -0.09754,  -0.01713,  -0.02862,   0.03210,   0.06328,  -0.02862,   0.14862,   0.00092,  -0.02369,   0.03046,   0.02718,   0.01733,   0.00256,  -0.01056,  -0.00400,  -0.03026,  -0.02698,   0.01241,  -0.04010,   0.02882,   0.00420,   0.01405,  -0.07293,   0.05344,  -0.05980,   0.04031,   0.02390,  -0.09590,  -0.01549,  -0.00564,   0.02554,   0.06164,  -0.00072,   0.02062,   0.04031,   0.01897,  -0.08770,   0.01077,  -0.04831,   0.00092,   0.03210,   0.00585,  -0.02698,  -0.00892,  -0.04339,   0.06328,  -0.03190,   0.01569,  -0.00892,   0.05836,   0.06000,   0.02226,   0.08626,  -0.04339,  -0.02533,  -0.01221,  -0.02862,  -0.02533,   0.04031,  -0.00236,   0.00256,   0.05344,  -0.00728,   0.06985,  -0.10247,   0.00256,  -0.00236,   0.03374,   0.03539,   0.16995,   0.01733,  -0.12052,  -0.04667,   0.05180,   0.00749,   0.04031,  -0.01549,  -0.03682,  -0.04831,  -0.00236,   0.02882,  -0.04831,   0.02554,  -0.02205,   0.01405,  -0.02862,  -0.00892,   0.01405,   0.00092,  -0.01549,  -0.03026,   0.12893,   0.01241,   0.01241,  -0.01221,  -0.00236,   0.02554,  -0.02698,  -0.04339,  -0.00564,   0.02226,  -0.04667,  -0.02533,   0.06164,  -0.06636,   0.03703,  -0.02533,   0.02062,   0.02390,   0.02554,  -0.00072,  -0.06964,   0.06492,   0.01569,  -0.03354,   0.01405,  -0.00728,   0.01733,   0.00913,  -0.01221,   0.04851,  -0.02205,   0.06657,  -0.05487,  -0.02698,  -0.00564,  -0.01713,  -0.09754,  -0.03354,   0.05180,  -0.05487,   0.00420,  -0.00236,  -0.00564,  -0.02698,  -0.02533,   0.01733,   0.05836,  -0.02041,  -0.02369,  -0.00892,   0.00913,  -0.05487,   0.02226,  -0.04667,   0.04359,   0.04031,   0.02062,  -0.00072,  -0.02205,  -0.00400,  -0.07293,  -0.00564,  -0.05816,   0.06985,  -0.03846,  -0.02041,   0.05016,  -0.03518,  -0.01549,   0.00092,  -0.08770,   0.07313,   0.03374,  -0.06144,  -0.01221,   0.05836,  -0.04010,  -0.03846,  -0.02533,   0.06492,  -0.02533,  -0.04339,  -0.08770,   0.07477,   0.06657,  -0.00728,  -0.03026,  -0.00564,  -0.06800,  -0.00892,   0.00913,  -0.02205,  -0.04831,  -0.03518,  -0.02205,   0.07477,  -0.00236,  -0.03190,  -0.01056,  -0.00728,   0.02062,   0.05016,  -0.00564,   0.01733,   0.01405,  -0.06144,   0.10759,  -0.05323,   0.04851,   0.00092,  -0.06964,   0.02554,  -0.04831,   0.06657,  -0.01549,   0.04523,  -0.06636,   0.02718,  -0.02041,  -0.04503,  -0.03354,  -0.00728,   0.02882,   0.06328,   0.00913,  -0.00072,   0.00092,  -0.07457,   0.04031,  -0.01549,  -0.03518,  -0.02041,   0.01733,   0.04031,   0.03210,  -0.03354,   0.00913,   0.04359,   0.05836,   0.00913,   0.05180,  -0.04339,  -0.02041,  -0.06144,   0.00585,  -0.03190,   0.01569,  -0.04175,   0.03539,   0.00585,  -0.05159,  -0.00892,  -0.09918,   0.00256,  -0.04503,  -0.05816,   0.00585,  -0.03518,  -0.03682,   0.01241,   0.05344,  -0.00072,   0.01897,   0.00585,  -0.04503,   0.01569,  -0.06964,  -0.04339,  -0.04339,  -0.01056,  -0.01056,  -0.06800,  -0.01713,  -0.02205,  -0.06964,   0.01733,   0.06657,  -0.00892,  -0.07457,  -0.04667,  -0.02698,   0.02226,   0.03210,  -0.01056,   0.03374,   0.00913,  -0.09262,   0.03867,   0.02882,  -0.02205,  -0.08113,   0.01897,   0.00092,  -0.02533,   0.06000,   0.01405,  -0.01713,   0.01733,  -0.02369,  -0.02369,   0.00256,  -0.03518,   0.01405,   0.01241,   0.01569,   0.02390,  -0.00564,   0.01897,   0.06000,   0.07313,   0.00092,   0.13877,   0.02554,   0.03703,   0.06000,   0.03046,  -0.00564,  -0.03026,   0.04687,   0.03867,  -0.05487,  -0.01056,   0.03210,   0.06492,   0.03046,  -0.04175,   0.05672,   0.12400,  -0.00892,   0.06328,  -0.06636,  -0.00236,  -0.06472,  -0.04503,  -0.04503,  -0.04339,   0.03210,   0.00092,   0.03703,   0.01405,  -0.03846,   0.01405,  -0.03682,   0.01569,   0.02554,  -0.02041,   0.07641,  -0.06144,   0.00749,  -0.02533,  -0.01877,  -0.01056,  -0.02862,   0.07149,   0.02718,  -0.05652,  -0.00236,  -0.07129,   0.01569,  -0.01877,  -0.04831,   0.06985,  -0.05652,  -0.01713,   0.05508,  -0.01385,  -0.00400,   0.05344,   0.12893,  -0.02041,  -0.02698,   0.01405,   0.00420,   0.03539,  -0.00236,  -0.01877,  -0.08113,  -0.03846,   0.03210,   0.02062,  -0.07785,  -0.02205,  -0.06964,  -0.02205,  -0.01385,   0.01077,   0.06657,   0.01569,   0.02718,  -0.03518,   0.09282,  -0.00728,  -0.03682,  -0.02698,  -0.04010,  -0.03846,  -0.03190,   0.03703,   0.12729,   0.01405,  -0.09590,  -0.00728,   0.04851,  -0.01056,  -0.00236,  -0.04175,   0.08790,  -0.03190,  -0.01549,   0.00256,   0.04195,  -0.04339,   0.02062,   0.04359,   0.00092,   0.03703,  -0.06472,   0.06657,   0.01733,  -0.04995,   0.00256,   0.00256,   0.01733,  -0.06636,   0.01077,  -0.07785,   0.00256,  -0.03026,   0.01733,   0.01405,   0.01405,   0.02554,  -0.03682,  -0.05816,  -0.02041,  -0.05652,  -0.00728,   0.03374,   0.00749,   0.05344,  -0.01056,   0.08790,   0.03046,   0.00092,   0.00092,  -0.02862,  -0.08934,  -0.00564,  -0.02041,   0.01897,   0.00420,   0.06985,   0.01405,   0.02554,   0.04359,   0.02718,  -0.04667,   0.00092,  -0.02862,   0.03374,   0.01077,   0.00749,  -0.03190,  -0.01385,   0.00256,  -0.04503,   0.09611,   0.04031,   0.00585,  -0.02533,   0.03210,  -0.03354,   0.11252,  -0.04175,   0.01405,   0.04195,  -0.03026,  -0.04667,  -0.01549,   0.04195,   0.00092,  -0.03190,   0.04851,  -0.03190,   0.02226,   0.03703,  -0.05816,   0.00420,   0.07969,  -0.01549,  -0.06964,   0.03703,  -0.03518,  -0.01877,   0.01897,  -0.05816,  -0.15170,  -0.09098,   0.04031,  -0.00564,   0.06821,  -0.02041,  -0.00236,   0.07149,  -0.01385,   0.01569,   0.12400,  -0.00400,  -0.01385,  -0.00892,   0.05508,   0.00420,  -0.07949,  -0.08113,   0.02554,   0.00420,  -0.06964,   0.09282,  -0.07457,  -0.03518,  -0.00236,  -0.01877,   0.05016,  -0.01056,   0.03046,  -0.01549,  -0.05487,  -0.00728,   0.05180,  -0.00564,  -0.08770,   0.02062,  -0.04010,  -0.04175,  -0.05323,  -0.06800,  -0.06472,   0.03374,   0.04687,   0.03210,  -0.03682,  -0.03518,  -0.13201,   0.01241,   0.04195,  -0.01713,  -0.04667,  -0.01056,   0.02554,  -0.05487,  -0.01385,  -0.00236,  -0.04503,  -0.02698,  -0.00400,   0.01405,   0.01077,  -0.00728,   0.07805,  -0.06472,   0.02718,  -0.04667,   0.01077,  -0.03190,  -0.00728,   0.07805,  -0.00728,   0.00092,  -0.01877,  -0.02698,   0.03210,   0.08626,  -0.00072,  -0.02698,  -0.00072,  -0.06144,   0.08954,   0.01077,   0.02554,  -0.01713,   0.03867,  -0.03026,   0.04687,   0.06328,   0.03046,  -0.03354,  -0.00892,  -0.00728,  -0.07457,  -0.04503,   0.00913,  -0.01056,  -0.04503,  -0.03682,  -0.03354,   0.03703,  -0.03354,   0.00749,  -0.05816,   0.02226,   0.01077,   0.00092,  -0.04667,  -0.04503,   0.07969,  -0.06964,  -0.02369,   0.02226,   0.07805,  -0.01221,  -0.06636,  -0.06308,  -0.05816,  -0.01221,  -0.07293,   0.06492,  -0.10739,   0.02554,  -0.02205,  -0.00892,  -0.03518,  -0.03190,  -0.13529,  -0.04667,   0.02062,  -0.02698,   0.02718,   0.02718,   0.05836,   0.00913,  -0.01385,   0.00585,  -0.07785,  -0.01549,   0.05508,   0.00749,   0.02226,  -0.02533,  -0.01713,  -0.01385,  -0.00892,  -0.06964,  -0.01221,   0.05180,   0.06328,   0.04523,  -0.04010,   0.01241,   0.04031,   0.02882,  -0.03026,   0.03703,  -0.01713,   0.03046,   0.05344,   0.03867,  -0.00728,   0.06821,   0.00256,  -0.00400,  -0.01221,  -0.07621,  -0.01549,  -0.06308,   0.08298,  -0.03518,   0.07149,  -0.04667,  -0.00400,  -0.01877,  -0.04339,   0.01077,   0.04851,  -0.06472,  -0.01713,  -0.03682,  -0.02698,   0.03703,   0.03703,  -0.03846,  -0.12380,  -0.07949,  -0.02205,   0.00749,   0.01733,   0.06000,  -0.07293,   0.02226,   0.00256,  -0.05816,  -0.06800,  -0.03190,  -0.07129,  -0.01385,   0.03210,   0.02882,   0.00420,  -0.03354,   0.06657,   0.01897,  -0.03026,   0.01077,   0.04523,  -0.02205,  -0.00892,   0.03210,  -0.01549,  -0.01549,   0.10923,  -0.02698,   0.04195,   0.03703,  -0.04667,  -0.05487,  -0.00400,  -0.02533,  -0.10575,  -0.00236,   0.01405,  -0.05159,  -0.01056,   0.01897,  -0.12380,  -0.00400,  -0.00072,  -0.01056,   0.03867,   0.06985,   0.06657,  -0.02369,  -0.00400,   0.05672,  -0.07457,  -0.04831,  -0.04175,  -0.07293,   0.03374,  -0.02205,  -0.03518,   0.05344,   0.00749,   0.00749,  -0.05323,   0.02226,  -0.06800,   0.06657,   0.01897,  -0.04339,   0.01077,  -0.01713,  -0.00236,   0.01077,  -0.05980,  -0.03190,  -0.08113,   0.01569,  -0.10082,  -0.06964,  -0.04175,  -0.03026,  -0.01385,  -0.01549,  -0.01877,  -0.02533,  -0.09098,   0.00585,  -0.04995,  -0.04503,   0.03210,  -0.09590,  -0.04503,  -0.04175,   0.05672,   0.04687,   0.03539,   0.03046,  -0.02698,   0.02062,  -0.10411,  -0.04175,   0.08626,  -0.04010,  -0.02205,   0.03210,  -0.03354,  -0.00236,  -0.02862,  -0.01549,  -0.00072,  -0.00892,   0.00585,  -0.02205,   0.00420,   0.03539,  -0.12052,   0.01569,  -0.00728,   0.04031,  -0.01877,   0.06328,  -0.03190,   0.05180,   0.02882,  -0.02533,   0.04359,  -0.03190,  -0.02862,  -0.03026,   0.01077,  -0.07129,  -0.00400,   0.09282,  -0.01385,   0.06657,   0.01733,  -0.03682,   0.05672,  -0.01221,   0.03539,   0.01405,  -0.03354,   0.04031,  -0.03682,  -0.05652,   0.03703,  -0.00400,  -0.02205,   0.08790,  -0.04503,  -0.02862,  -0.00728,   0.00256,   0.03703,   0.01405,   0.01569,   0.03210,  -0.01056,   0.02062,   0.03539,   0.08626,   0.05508,  -0.01385,  -0.05159,  -0.04995,   0.06985,   0.01405,   0.03374,   0.03210,  -0.00728,   0.01897,  -0.02041,  -0.08277,   0.07969,   0.03539,  -0.03190,   0.04359,   0.00749,  -0.02533,   0.04031,   0.02718,  -0.02041,  -0.01221,  -0.06144,  -0.01713,  -0.01713,   0.03539,   0.02390,  -0.03190,   0.07641,   0.04359,  -0.06636,  -0.00728,   0.02554,  -0.04010,  -0.06964,  -0.04831,   0.06657,  -0.02862,  -0.09098,  -0.03846,  -0.03846,   0.02390,   0.01077,   0.06821,  -0.00400,  -0.04339,  -0.06964,  -0.06800,  -0.01056,  -0.02862,  -0.05159,  -0.01713,  -0.05980,  -0.00892,   0.00749,   0.03703,   0.01733,  -0.00728,  -0.06472,   0.05016,  -0.03682,   0.07805,   0.01569,  -0.08113,  -0.04175,   0.00256,  -0.08770,   0.00256,   0.00420,  -0.09098,  -0.00892,   0.02554,  -0.00892,   0.03374,   0.01733,  -0.03026,  -0.00072,  -0.01549,  -0.01549,  -0.03026,   0.01569,  -0.07129,  -0.06964,  -0.03190,   0.02554,   0.03374,  -0.04339,  -0.04503,  -0.02041,   0.07641,   0.00749,   0.00585,  -0.06144,   0.00749,  -0.07129,  -0.12544,   0.03046,  -0.07785,  -0.07949,   0.01897,   0.03374,   0.12893,  -0.00072,   0.00420,   0.00256,  -0.07785,  -0.02369,   0.03703,   0.05836,  -0.03682,   0.00256,  -0.02205,   0.06821,  -0.03682,   0.02718,   0.05672,   0.05836,   0.01733,  -0.07785,  -0.01713,  -0.03354,   0.00420,  -0.07129,   0.07805,  -0.01221,   0.00256,   0.03374,  -0.00236,   0.07313,  -0.01385,  -0.03354,  -0.00564,  -0.00072,  -0.04995,  -0.02041,  -0.06636,   0.02554,  -0.01056,   0.07313,   0.01077,   0.09446,   0.02882,  -0.02205,   0.10759,   0.06985,  -0.02205,   0.08134,   0.02554,  -0.00564,  -0.01713,  -0.06800,  -0.08770,  -0.04831,   0.03374,   0.04687,  -0.00564,   0.01897,   0.03046,  -0.00892,  -0.01713,  -0.02533,   0.02882,   0.06492,  -0.03354,   0.03374,  -0.00564,  -0.04175
   0.03703,   0.00585,  -0.08441,   0.02062,  -0.04175,   0.02554,  -0.01549,   0.01569,  -0.10411,  -0.04667,   0.01241,   0.07805,  -0.04010,   0.04687,   0.08790,   0.02554,  -0.09098,   0.02554,  -0.02533,  -0.04831,   0.00092,  -0.00072,   0.04359,   0.13549,   0.13221,   0.00420,   0.03210,   0.01733,   0.08954,   0.05344,   0.04031,   0.00585,   0.05180,  -0.00072,  -0.04667,  -0.08277,   0.00256,   0.02390,  -0.00236,  -0.00400,  -0.00072,   0.02718,  -0.04503,  -0.01713,   0.03210,   0.01569,   0.06000,  -0.02533,  -0.02862,   0.02718,  -0.00072,  -0.05816,   0.06328,  -0.05980,  -0.06144,  -0.03846,  -0.00564,  -0.04339,  -0.00072,  -0.00564,  -0.04831,  -0.01056,   0.04687,   0.04031,  -0.07949,  -0.00236,   0.01405,   0.02718,  -0.04339,  -0.06964,  -0.00564,   0.01077,   0.00256,   0.02062,   0.03539,   0.05672,  -0.02041,   0.05016,  -0.03026,  -0.02698,  -0.00564,  -0.00400,  -0.03518,   0.06985,  -0.03190,   0.00585,  -0.03354,   0.00256,  -0.02862,  -0.03518,  -0.05980,  -0.01877,  -0.03190,   0.04851,  -0.04503,   0.03210,   0.02226,   0.12729,  -0.06800,  -0.07457,  -0.01385,  -0.06636,   0.00092,   0.07313,  -0.01877,  -0.07785,   0.00420,  -0.04667,   0.05508,  -0.00564,   0.07477,   0.03210,   0.07641,  -0.04339,   0.00256,  -0.07785,  -0.07129,  -0.02533,  -0.08277,  -0.11559,  -0.07949,   0.00420,   0.00092,   0.03539,   0.03703,  -0.04010,   0.01241,   0.00092,  -0.01385,   0.00256,  -0.04175,  -0.05980,  -0.02862,  -0.02041,   0.06821,  -0.08277,   0.00913,   0.01569,   0.07477,   0.00092,  -0.02533,  -0.08113,   0.03374,  -0.00892,  -0.07293,   0.00913,   0.07313,   0.02882,   0.02390,  -0.04831,   0.01241,  -0.02041,   0.08134,   0.01733,  -0.01385,   0.01241,   0.01897,  -0.02698,   0.04359,  -0.04175,   0.04523,  -0.04831,  -0.01713,   0.02882,   0.06657,   0.03210,  -0.01877,   0.00256,   0.03374,   0.01077,   0.01405,  -0.06964,   0.03210,   0.00420,   0.06985,  -0.07457,   0.06164,  -0.02369,   0.06985,  -0.01549,   0.05508,  -0.04010,  -0.00236,   0.05180,   0.06492,   0.00585,  -0.03190,   0.00256,   0.00585,   0.00420,   0.00749,   0.05508,   0.07805,   0.02882,   0.01077,   0.06164,  -0.03518,  -0.01713,   0.01077,   0.01077,  -0.00072,   0.02062,  -0.00400,   0.04195,  -0.00728,   0.00256,  -0.01877,   0.02062,  -0.05323,  -0.03190,   0.00749,  -0.03026,   0.01241,  -0.02533,  -0.00400,   0.04195,   0.00420,  -0.04339,   0.03046,  -0.03354,   0.01733,  -0.08277,   0.01077,  -0.02862,  -0.04010,  -0.01549,  -0.00728,  -0.04995,   0.03703,   0.03210,  -0.03354,   0.01569,  -0.01385,  -0.02533,  -0.02862,  -0.00072,  -0.02698,  -0.05652,   0.01569,  -0.03190,   0.02882,   0.01733,   0.06657,  -0.00892,  -0.07457,  -0.05980,   0.03539,   0.02226,   0.02718,  -0.01385,   0.03210,   0.00256,  -0.01385,  -0.03354,  -0.06144,   0.07477,   0.05836,  -0.01877,  -0.00892,   0.08462,  -0.07293,   0.01897,  -0.07785,  -0.02533,   0.00420,   0.01897,  -0.00728,   0.02882,  -0.00564,  -0.06308,   0.01897,  -0.03518,  -0.04831,   0.00420,  -0.04831,  -0.04339,  -0.06144,   0.06000,  -0.06308,  -0.00236,   0.01569,  -0.02205,  -0.03682,   0.00749,   0.02390,   0.01897,  -0.04667,   0.02882,   0.00913,   0.02226,   0.06985,   0.03046,  -0.01549,   0.09282,  -0.01549,  -0.03518,  -0.01221,   0.03867,  -0.01385,  -0.07293,  -0.00400,   0.01569,  -0.09590,  -0.03518,   0.05016,   0.05508,  -0.00564,  -0.04175,   0.04195,  -0.01385,  -0.03682,   0.03046,   0.02062,  -0.00236,   0.01405,  -0.06472,   0.01241,   0.05836,   0.03703,   0.02554,   0.02882,   0.01241,  -0.05159,   0.00256,  -0.02369,  -0.05159,   0.01569,  -0.00892,  -0.01221,   0.04031,  -0.01549,  -0.00728,  -0.05159,   0.01897,  -0.00072,  -0.03354,  -0.01713,   0.04523,   0.11908,   0.00420,  -0.03026,   0.05180,  -0.00400,   0.02062,   0.01897,   0.05344,   0.02718,  -0.00072,  -0.02862,  -0.04831,   0.00585,  -0.01713,   0.01405,  -0.00400,  -0.04010,   0.05344,   0.06328,   0.06821,   0.03046,  -0.02862,   0.01241,  -0.06800,   0.00585,  -0.01877,  -0.06144,  -0.02862,   0.04195,   0.04195,  -0.01056,  -0.05652,   0.01897,   0.00256,  -0.03354,  -0.07293,   0.02390,   0.07805,   0.01405,  -0.01877,  -0.04503,  -0.01549,   0.03210,  -0.05652,  -0.08605,   0.11744,   0.00420,   0.00092,  -0.10739,  -0.02698,  -0.02862,   0.02718,  -0.00564,   0.01733,   0.00913,   0.03046,   0.07313,  -0.03190,   0.00092,   0.06328,   0.02390,  -0.03026,   0.06164,   0.01077,  -0.05652,  -0.00072,   0.02882,  -0.04339,  -0.08934,   0.00749,  -0.04339,   0.01569,  -0.02041,  -0.04503,  -0.01221,  -0.05816,  -0.09098,   0.00749,  -0.00728,   0.01569,   0.08298,  -0.01713,  -0.04831,   0.03539,  -0.03190,   0.00749,   0.05344,   0.04687,  -0.00072,   0.02390,   0.02554,  -0.02698,  -0.04503,  -0.04995,  -0.01877,   0.06000,  -0.02041,  -0.00072,   0.02718,   0.02390,   0.05016,  -0.02041,   0.00420,  -0.04503,  -0.03682,   0.00749,   0.02554,  -0.00400,   0.02554,  -0.06472,   0.04031,  -0.10082,  -0.04995,  -0.02862,  -0.05980,  -0.11395,  -0.06964,  -0.06636,  -0.00728,   0.02390,   0.02226,   0.00749,  -0.02369,   0.09446,   0.05016,   0.02062,   0.04687,   0.02226,  -0.04503,   0.02226,   0.01569,  -0.03846,   0.00256,   0.01077,  -0.02205,   0.02882,   0.00749,   0.01569,   0.03374,   0.08626,   0.00585,   0.01733,   0.04851,   0.01077,   0.01569,   0.03867,   0.01405,   0.03374,   0.00913,   0.01897,  -0.05159,   0.05508,  -0.01221,   0.01897,  -0.04010,   0.07477,   0.00420,  -0.10247,   0.01405,  -0.02862,   0.04195,   0.00585,   0.02882,  -0.05816,  -0.03026,   0.05836,  -0.05323,   0.03046,   0.00420,  -0.02698,  -0.01056,   0.03374,  -0.00072,  -0.01056,  -0.05816,  -0.01056,   0.02718,  -0.02533,  -0.02862,  -0.02369,  -0.01056,  -0.06144,   0.00585,   0.02226,  -0.03846,  -0.02369,   0.04359,   0.02390,   0.00749,   0.01241,   0.02062,   0.05672,  -0.03846,  -0.05980,   0.03867,   0.03867,  -0.00072,  -0.02369,   0.04359,  -0.09590,   0.00913,  -0.08113,   0.02226,  -0.01713,   0.04523,   0.00585,   0.05836,   0.04195,   0.07477,   0.04851,   0.02390,   0.05344,   0.08462,  -0.02862,  -0.05323,  -0.00728,   0.02390,  -0.01056,   0.03867,   0.00749,  -0.02533,  -0.09426,   0.14206,   0.00420,  -0.00236,   0.06657,   0.00092,  -0.06964,  -0.01221,  -0.06800,  -0.01877,   0.07641,   0.05016,   0.02226,   0.07313,   0.03867,   0.03046,  -0.02205,  -0.03190,   0.04359,  -0.10575,  -0.03682,   0.04523,   0.07969,   0.04195,  -0.00892,  -0.02862,  -0.01713,  -0.05159,   0.04687,   0.01405,  -0.01549,  -0.03846,   0.00256,   0.03703,  -0.01713,  -0.00236,   0.09775,  -0.02041,   0.01241,   0.00913,   0.00256,   0.01405,  -0.04995,  -0.05159,   0.01733,  -0.05323,  -0.01549,  -0.03190,   0.13221,  -0.01385,  -0.01385,   0.03046,   0.06821,  -0.01713,  -0.01549,   0.01077,  -0.04503,  -0.01385,   0.03210,   0.11252,  -0.06636,   0.03703,   0.10103,   0.00749,   0.03539,  -0.01713,   0.03210,   0.04687,   0.07477,  -0.04503,   0.01405,   0.00585,  -0.05652,   0.04523,  -0.00400,   0.01733,  -0.02698,   0.01897,   0.07969,   0.01405,  -0.02369,   0.05508,  -0.02533,  -0.02205,  -0.00236,  -0.01385,   0.05016,  -0.02205,   0.02882,   0.00420,  -0.00400,   0.01405,   0.05672,  -0.01056,  -0.04175,   0.02554,  -0.03026,  -0.01549,  -0.04995,   0.08134,  -0.03190,   0.01077,   0.06164,  -0.00728,   0.03046,  -0.00564,   0.01569,   0.01241,   0.03867,   0.03703,  -0.00728,  -0.02205,   0.02390,   0.00420,  -0.07457,  -0.02862,  -0.00564,  -0.01877,  -0.04175,  -0.01221,   0.11580,   0.04687,   0.02226,   0.00256,  -0.02205,  -0.03190,   0.00749,  -0.03190,  -0.00400,   0.00420,  -0.08605,   0.02062,   0.01569,   0.07313,  -0.04667,  -0.04667,  -0.08605,   0.00913,   0.01569,  -0.01385,  -0.01385,  -0.03846,   0.02226,  -0.05652,   0.07313,   0.03539,   0.04359,  -0.03518,  -0.03518,  -0.00236,   0.01241,  -0.00400,  -0.04339,  -0.02041,   0.00749,  -0.02205,  -0.00400,  -0.00892,  -0.00728,   0.00092,  -0.01713,   0.07805,   0.02718,  -0.01221,  -0.01056,   0.02718,  -0.02041,   0.07149,  -0.01549,   0.03539,  -0.06472,   0.01569,  -0.08441,   0.01077,  -0.00400,   0.06985,  -0.07621,   0.04523,  -0.01549,  -0.02205,  -0.01877,  -0.03518,   0.07149,  -0.00892,  -0.01713,   0.08134,   0.01733,   0.01733,   0.02062,  -0.04831,  -0.04667,   0.05344,   0.04195,  -0.03682,   0.04523,   0.02718,   0.06985,   0.00092,  -0.01549,  -0.01877,  -0.00728,   0.01405,  -0.03354,  -0.00728,   0.02390,  -0.07949,  -0.05980,  -0.00728,  -0.04339,  -0.07949,   0.04359,  -0.02369,  -0.03190,  -0.02698,   0.00256,  -0.03682,  -0.02533,   0.00913,   0.02390,   0.04851,  -0.01877,  -0.01549,  -0.05487,  -0.04667,   0.01405,   0.00749,  -0.03518,  -0.04175,   0.00749,  -0.05323,  -0.07129,   0.08462,  -0.03026,   0.03539,   0.11908,  -0.00892,   0.05836,  -0.03846,  -0.01549,  -0.04831,   0.01405,   0.00749,  -0.03682,   0.03374,   0.02062,  -0.00400,  -0.00072,   0.00256,   0.04359,  -0.00728,  -0.02533,   0.07641,   0.02882,  -0.00400,   0.01569,  -0.07785,  -0.00564,   0.03539,  -0.01221,   0.05672,   0.04031,   0.01733,  -0.05323,   0.04195,   0.07969,   0.13877,  -0.01549,  -0.06636,  -0.02369,   0.03374,  -0.06472,   0.05180,  -0.05487,   0.02226,   0.04687,   0.05836,  -0.01385,  -0.04667,   0.05672,  -0.02369,   0.06985,   0.06821,  -0.07785,  -0.05816,   0.04359,   0.01569,   0.01897,  -0.02533,  -0.02533,  -0.03354,  -0.01713,  -0.03354,  -0.02698,   0.00913,  -0.01713,   0.00420,  -0.00236,  -0.05159,   0.00420,   0.00256,   0.06985,   0.06000,   0.00092,  -0.02698,  -0.01877,   0.06985,  -0.02205,   0.04031,  -0.03846,   0.02718,  -0.00564,  -0.06964,  -0.00728,  -0.03682,  -0.01221,  -0.03190,   0.00749,   0.03867,   0.05672,  -0.03190,   0.02390,  -0.02862,   0.01733,  -0.04667,  -0.02533,   0.06492,  -0.09098,  -0.03354,  -0.04995,  -0.03190,  -0.06308,   0.03539,  -0.00072,  -0.01385,  -0.07129,  -0.00892,  -0.02698,  -0.02205,  -0.03026,  -0.03354,  -0.02698,   0.00092,   0.09282,   0.01569,  -0.01877,   0.04031,   0.04687,  -0.06144,   0.03210,  -0.04995,  -0.03026,   0.06164,  -0.03026,   0.02062,   0.10759,   0.01569,  -0.01713,  -0.08605,  -0.02369,  -0.02205,   0.05016,  -0.06472,   0.02062,   0.00913,   0.01569,  -0.02862,   0.02882,  -0.02205,   0.03210,   0.00913,   0.05672,  -0.02862,   0.05180,   0.02226,  -0.01221,   0.01077,  -0.05652,   0.03210,   0.06164,  -0.00072,   0.07149,   0.02062,  -0.01385,   0.00420,  -0.05980,  -0.03190,  -0.02862,   0.00585,  -0.03026,  -0.00892,   0.03539,   0.00913,   0.02226,  -0.01549,   0.01733,  -0.04010,   0.01241,   0.01569,   0.06657,   0.02390,  -0.03354,  -0.06964,   0.03867,  -0.03518,  -0.00400,   0.04523,   0.00913,  -0.06144,  -0.01877,  -0.01549,   0.01733,  -0.01877,  -0.03354,   0.00420,   0.01569,  -0.05159,  -0.01385,  -0.01056,  -0.00892,   0.02062,  -0.02698,   0.05836,   0.05344,   0.01569,   0.01569,   0.07805,  -0.01549,   0.07477,   0.03210,   0.02882,   0.09775,  -0.02698,  -0.06308,  -0.08113,  -0.02862,   0.04359,   0.06821,   0.00092,   0.02390,   0.03867,   0.05672,  -0.03190,   0.00749,  -0.03026,   0.07313,   0.00092,   0.01897,  -0.02041,  -0.00728,  -0.01877,  -0.01221,   0.03210,   0.05836,  -0.03354,  -0.00236,  -0.05652,  -0.01056,   0.06164,  -0.03026,  -0.00564,  -0.00072,  -0.02533,  -0.00892,   0.00420,  -0.01385
   0.03046,   0.02062,   0.05180,   0.06657,   0.01077,  -0.01877,   0.00256,   0.00420,   0.05672,  -0.04831,   0.00585,  -0.10903,   0.00585,   0.02226,   0.00256,  -0.02698,   0.06657,   0.05508,  -0.00072,  -0.03518,   0.04031,   0.00913,  -0.01056,  -0.06964,   0.01077,   0.07313,  -0.06308,  -0.01385,   0.05508,  -0.02533,   0.02062,   0.01897,   0.08298,   0.05016,   0.04687,   0.01569,   0.00585,  -0.02205,   0.01569,   0.02882,  -0.01056,   0.03539,  -0.04995,   0.08790,   0.02062,   0.04031,   0.04359,   0.02718,  -0.01056,   0.00256,   0.04851,  -0.03846,  -0.02862,  -0.03518,   0.06164,   0.01897,   0.00913,  -0.03518,  -0.00072,   0.01077,   0.01897,  -0.09918,  -0.00400,   0.00585,  -0.02862,   0.05016,  -0.06472,   0.00092,   0.04523,   0.00749,   0.06000,   0.06821,  -0.01221,   0.00749,  -0.01549,  -0.01549,   0.00749,   0.03210,   0.00585,  -0.02533,   0.01405,   0.08134,   0.05836,  -0.04175,  -0.02205,  -0.04995,  -0.05652,   0.00256,   0.02390,   0.01077,   0.04031,  -0.06308,   0.03046,   0.05016,  -0.02862,   0.00092,   0.02062,  -0.04175,  -0.03518,   0.05344,   0.03210,  -0.05323,   0.03046,  -0.00728,  -0.04175,   0.05016,  -0.02369,  -0.01549,   0.03539,   0.00256,  -0.05652,   0.00256,  -0.05323,  -0.08277,  -0.04667,  -0.00728,  -0.02533,  -0.05323,   0.02390,  -0.08770,   0.04031,   0.01241,   0.05016,   0.02062,   0.00749,  -0.01713,   0.03867,   0.02390,  -0.05159,  -0.00400,  -0.02041,  -0.02041,  -0.04503,   0.00585,   0.01405,   0.02226,  -0.00728,   0.03374,   0.15683,   0.05508,   0.04031,  -0.03518,   0.00585,  -0.05323,   0.00749,   0.03210,   0.14534,  -0.02205,   0.01241,   0.00420,   0.00749,  -0.01713,  -0.05816,   0.09611,   0.00256,  -0.00728,  -0.03518,   0.05672,  -0.03190,  -0.08934,  -0.05652,   0.01897,   0.01241,  -0.02698,   0.03703,  -0.03518,  -0.02369,   0.06492,  -0.08277,   0.03046,   0.05508,   0.00749,  -0.02369,  -0.02698,   0.00256,  -0.02041,   0.04687,  -0.01221,   0.01897,  -0.05980,  -0.03354,   0.09775,  -0.00400,   0.03046,   0.00420,  -0.01056,  -0.01221,  -0.05159,   0.02390,  -0.00892,  -0.02533,   0.05508,  -0.01385,  -0.10575,  -0.00400,  -0.04831,  -0.00400,  -0.04667,   0.05180,   0.02062,  -0.01713,  -0.01056,   0.03046,  -0.03190,  -0.08277,   0.04031,  -0.01877,  -0.03846,  -0.04995,  -0.01056,   0.03374,  -0.03518,   0.01897,  -0.02205,  -0.04831,   0.02882,  -0.01385,   0.00420,   0.06000,   0.02062,   0.03703,   0.04687,  -0.04995,   0.04523,   0.01897,   0.03539,  -0.04339,  -0.05652,  -0.03846,   0.00749,  -0.02205,   0.08954,   0.02554,   0.05508,  -0.03518,  -0.03026,   0.01405,   0.00420,  -0.02862,   0.01733,  -0.03518,   0.03539,   0.04523,  -0.05159,   0.01077,  -0.05323,  -0.01385,   0.01569,  -0.09262,  -0.03846,   0.03374,   0.10431,  -0.06308,  -0.00728,   0.00585,  -0.04503,  -0.07129,  -0.01056,  -0.03190,  -0.01056,   0.01241,   0.02062,  -0.03190,  -0.01221,  -0.00564,   0.10103,   0.06000,   0.01733,   0.01241,  -0.06964,  -0.03190,  -0.01385,  -0.03682,  -0.02862,  -0.04503,   0.01241,   0.01241,   0.02718,  -0.00892,   0.04523,  -0.03682,  -0.00072,  -0.00728,  -0.11395,  -0.07621,   0.08954,  -0.01877,   0.00256,   0.00420,  -0.02533,  -0.01056,  -0.02041,  -0.09426,  -0.03682,  -0.05323,  -0.02369,  -0.09262,   0.02554,  -0.00728,  -0.01385,  -0.10575,   0.00749,  -0.03518,   0.03374,   0.00749,  -0.04667,   0.05508,  -0.02041,   0.02390,  -0.06800,   0.06657,  -0.02698,  -0.00400,   0.03867,   0.05344,  -0.03518,   0.05016,  -0.01877,  -0.03026,   0.05180,   0.02390,  -0.03354,   0.04687,   0.04031,  -0.03354,  -0.00564,  -0.03682,   0.05180,  -0.00236,   0.06164,   0.01077,   0.00585,  -0.00564,  -0.01056,  -0.00728,  -0.00564,  -0.04831,   0.00256,   0.09446,  -0.02205,  -0.01221,   0.02554,  -0.01549,   0.07313,  -0.02205,  -0.02698,  -0.01549,  -0.00892,  -0.02205,  -0.04175,   0.00749,  -0.01877,  -0.02533,   0.02882,   0.10431,  -0.04503,   0.04851,   0.02882,   0.01897,  -0.01877,  -0.02205,  -0.10247,  -0.07293,   0.00585,  -0.02533,   0.01897,  -0.00728,  -0.00072,   0.03210,  -0.04010,  -0.03190,  -0.06636,   0.00092,  -0.03026,   0.02882,  -0.01385,   0.04031,   0.01405,   0.01077,  -0.00236,  -0.02698,   0.02718,  -0.00892,  -0.00892,  -0.04995,   0.02062,  -0.02862,   0.03374,  -0.11724,   0.03210,   0.00749,  -0.00892,  -0.03190,  -0.02041,  -0.01713,   0.05016,   0.04687,  -0.04995,  -0.03026,   0.01077,   0.01569,  -0.04667,   0.05508,   0.02718,   0.04359,   0.08134,  -0.04339,   0.03046,   0.06000,   0.01405,  -0.04175,   0.02554,  -0.03026,   0.03539,  -0.05652,   0.06657,   0.04359,   0.02226,  -0.00072,   0.03539,  -0.00892,   0.02062,   0.08626,  -0.00236,   0.01241,  -0.02533,  -0.05487,  -0.03518,   0.03210,  -0.05323,  -0.00892,   0.02554,  -0.00400,  -0.02369,  -0.02533,  -0.00728,  -0.00564,  -0.00400,   0.01405,   0.01241,   0.01733,  -0.00728,  -0.04831,  -0.04995,   0.01241,  -0.02862,  -0.00400,  -0.00892,  -0.05323,  -0.03026,   0.05672,   0.04031,   0.04359,  -0.00564,   0.05836,  -0.02205,  -0.04667,   0.00092,  -0.01549,   0.09118,  -0.04339,  -0.03354,  -0.02533,   0.04359,   0.08626,  -0.04010,   0.01405,  -0.00728,  -0.04503,   0.02554,  -0.02041,  -0.02698,  -0.01713,  -0.05487,   0.04523,   0.02062,  -0.02698,  -0.01056,  -0.00728,   0.05672,  -0.02205,   0.02390,   0.03210,  -0.02041,  -0.08770,   0.01077,   0.00420,   0.05344,  -0.03354,  -0.02533,   0.01405,   0.05180,   0.01241,  -0.01877,   0.00420,   0.00420,  -0.00564,   0.06328,   0.01897,  -0.03190,  -0.03354,   0.01897,  -0.00236,  -0.00236,   0.01077,  -0.02369,  -0.01221,   0.09775,  -0.02369,   0.01077,   0.01897,  -0.01713,  -0.01549,  -0.05487,   0.03539,   0.05672,   0.04359,  -0.02533,  -0.01221,   0.06821,  -0.00072,  -0.00564,   0.09446,   0.02062,  -0.02369,  -0.06308,  -0.00400,  -0.04503,   0.01077,  -0.01713,  -0.01385,   0.01077,   0.00256,   0.01405,   0.06164,  -0.10247,  -0.01385,   0.02390,   0.03867,  -0.02205,   0.03210,  -0.02533,   0.03046,  -0.01877,  -0.02205,  -0.05159,   0.06000,  -0.06636,  -0.02533,   0.05180,  -0.03354,  -0.10082,   0.02062,   0.00585,   0.05836,   0.01241,  -0.10575,  -0.01385,  -0.04667,  -0.00072,   0.02226,   0.06657,   0.03210,  -0.01385,  -0.02698,   0.02226,  -0.04667,  -0.04175,   0.13877,  -0.00236,  -0.01221,  -0.03190,  -0.00564,  -0.05159,   0.07149,   0.03046,  -0.01056,  -0.01549,  -0.05487,  -0.00236,   0.03046,   0.11252,  -0.05323,   0.00420,  -0.06636,   0.05344,  -0.03518,  -0.02698,   0.01241,   0.03210,   0.03703,   0.01897,  -0.04995,  -0.00564,   0.01077,  -0.05159,  -0.01549,  -0.01877,  -0.03190,   0.06164,  -0.01385,   0.00420,   0.03703,  -0.03354,  -0.01713,  -0.01385,   0.08298,   0.04687,   0.01405,  -0.04667,  -0.05487,   0.07313,   0.10759,  -0.04175,  -0.04010,   0.00420,  -0.00728,  -0.02205,   0.04523,  -0.01877,   0.03046,  -0.04667,   0.00420,   0.00092,  -0.00892,   0.05016,   0.01077,   0.02062,   0.04195,  -0.01877,   0.03046,   0.05016,  -0.00236,  -0.08605,  -0.03190,   0.01569,  -0.01385,  -0.05159,  -0.01056,   0.03703,   0.02226,   0.00913,  -0.09426,  -0.04995,  -0.00728,   0.06821,  -0.05159,   0.05672,   0.04195,   0.01077,  -0.08441,   0.02390,   0.00256,   0.02062,  -0.00564,   0.06000,   0.02226,   0.00420,  -0.00400,  -0.01385,  -0.00564,  -0.12708,   0.04523,  -0.03846,   0.01241,  -0.06800,   0.00585,   0.02062,   0.05344,  -0.02205,   0.01733,   0.01897,   0.03703,   0.00749,   0.02718,  -0.02369,   0.00092,   0.04031,  -0.03518,  -0.00564,   0.03374,  -0.06800,   0.00256,   0.03867,  -0.02369,   0.02390,   0.00913,   0.02718,  -0.03190,   0.00420,   0.00092,  -0.02369,   0.00420,   0.09611,  -0.04831,   0.02390,  -0.06800,  -0.02862,  -0.01549,   0.02390,   0.04523,  -0.04831,   0.06000,  -0.00400,   0.02718,  -0.03190,   0.01569,  -0.03518,   0.00256,  -0.02205,   0.00092,   0.00420,   0.00913,   0.00092,   0.02554,  -0.02533,   0.02062,  -0.00728,   0.05344,   0.00256,   0.10759,   0.06657,  -0.01221,   0.01569,   0.01241,   0.02390,  -0.00728,  -0.02533,  -0.03190,  -0.02533,  -0.01385,  -0.00728,   0.00749,  -0.04995,  -0.11231,   0.05180,   0.02390,   0.01897,   0.00913,   0.01897,   0.01405,   0.12729,   0.05508,  -0.03682,  -0.00728,  -0.03518,  -0.03354,  -0.03190,  -0.05159,  -0.08277,  -0.02041,   0.04687,   0.04687,   0.06492,   0.01077,  -0.06964,  -0.00728,   0.05180,  -0.00728,  -0.00400,  -0.08770,  -0.01713,  -0.02205,   0.01569,  -0.04339,   0.00585,  -0.01877,  -0.01877,   0.06492,  -0.05487,   0.04031,   0.00256,   0.03867,   0.00585,  -0.04831,   0.04523,  -0.01713,  -0.01877,  -0.03190,  -0.06144,   0.00256,  -0.06636,   0.00420,   0.05508,  -0.03846,  -0.00728,   0.06000,   0.06985,   0.01897,  -0.05487,  -0.03354,   0.00749,   0.04687,  -0.02369,  -0.05323,   0.00585,  -0.06308,   0.05016,  -0.03026,  -0.00072,   0.00092,   0.02718,  -0.00564,  -0.02698,   0.07149,   0.01405,   0.03703,   0.03867,   0.05344,  -0.01056,  -0.02041,   0.01733,  -0.00564,  -0.02533,  -0.07785,  -0.00400,  -0.01056,   0.01733,   0.01405,   0.00092,   0.03539,  -0.03190,   0.01405,   0.01897,  -0.06964,   0.03703,   0.01241,   0.01405,  -0.06308,   0.01405,  -0.08277,   0.01569,  -0.02205,  -0.00072,   0.02554,   0.01897,  -0.01713,  -0.04175,   0.00092,   0.00749,  -0.02205,  -0.00236,   0.04523,  -0.03190,   0.00913,  -0.01221,   0.01405,  -0.05159,   0.00256,   0.03539,  -0.05980,   0.05672,   0.04031,   0.01733,   0.00092,  -0.01713,  -0.02533,   0.04195,  -0.03518,  -0.04667,  -0.00564,   0.02226,  -0.00236,  -0.02041,  -0.06964,   0.01569,  -0.06144,   0.03210,  -0.04503,   0.02226,  -0.00892,  -0.04339,  -0.00072,  -0.02698,  -0.00728,   0.01897,  -0.00072,   0.05508,  -0.03026,  -0.01877,   0.04523,   0.00256,   0.00420,   0.00420,  -0.10739,   0.02062,   0.00585,  -0.03354,   0.03867,   0.04851,  -0.06472,  -0.02533,   0.02062,  -0.01056,   0.02554,   0.02882,   0.03374,   0.03867,  -0.02205,   0.01241,   0.00585,  -0.00236,  -0.07129,  -0.01549,   0.05180,   0.03374,   0.04523,   0.03867,  -0.00400,   0.02226,   0.03210,   0.00913,  -0.04831,  -0.02698,   0.03539,   0.03867,   0.04359,   0.06985,  -0.08605,   0.02062,  -0.08277,   0.01733,   0.03210,  -0.03190,   0.02882,   0.02390,  -0.04175,  -0.00236,   0.04851,  -0.00728,   0.08134,   0.04687,   0.11580,  -0.03026,   0.02226,  -0.06144,   0.00092,  -0.02862,  -0.10082,  -0.01549,   0.05180,  -0.05980,   0.00420,  -0.11231,   0.02390,   0.03046,   0.09611,   0.04195,  -0.04831,  -0.02862,  -0.00728,   0.00092,   0.05344,  -0.06308,  -0.02533,   0.02226,  -0.00072,   0.01241,   0.00913,  -0.04503,  -0.00400,   0.05016,  -0.01385,   0.03703,   0.04359,   0.08462,  -0.02533,  -0.09918,   0.02554,  -0.01385,  -0.01385,   0.00256,   0.02062,   0.02390,   0.03374,  -0.01713,  -0.00072,   0.05344,   0.08134,   0.00585,   0.02882,   0.01733,  -0.01877,   0.04195,  -0.00072,  -0.02041,  -0.01385,  -0.01385,  -0.02041,   0.01733,  -0.03846,   0.02390,   0.07149,   0.07313,   0.02718,  -0.01056,   0.02062,   0.02882,   0.03539,   0.02554,  -0.00728,   0.02062,  -0.01056,   0.02226,   0.04195,   0.03703,   0.03210,   0.00913,   0.05180,   0.03210,   0.00749,   0.00092,  -0.01056,  -0.01549,  -0.03518,   0.02062,  -0.00728,  -0.01056,  -0.05487,  -0.00072,  -0.01877,  -0.06636,   0.05672,   0.03210
  -0.00236,   0.00420,  -0.06144,   0.03867,  -0.00072,   0.05180,  -0.04339,   0.00913,  -0.01385,   0.07313,   0.02062,   0.03539,  -0.02205,  -0.04175,  -0.03846,   0.02226,  -0.00400,  -0.00400,  -0.08770,  -0.03354,  -0.02862,  -0.02369,  -0.01549,   0.02226,   0.02390,   0.00092,  -0.03026,  -0.00564,   0.02062,   0.00256,   0.02554,  -0.01549,  -0.01549,  -0.03354,  -0.05323,  -0.05652,   0.02062,  -0.07785,  -0.03190,  -0.03518,   0.02062,   0.02554,   0.06000,  -0.04831,  -0.08770,  -0.04010,   0.04195,   0.04523,   0.04031,   0.06328,  -0.05816,  -0.08113,   0.05016,   0.02554,  -0.01713,  -0.04995,   0.07477,  -0.02698,  -0.01877,  -0.04010,   0.01405,   0.01241,  -0.05159,  -0.04503,  -0.00728,  -0.02862,  -0.03354,  -0.01221,  -0.03518,   0.04851,  -0.00072,   0.02882,  -0.04503,   0.06000,   0.03210,  -0.04667,  -0.02041,  -0.02862,   0.00256,   0.02226,  -0.02041,   0.00256,   0.04031,  -0.03518,  -0.07785,  -0.03354,  -0.03354,  -0.03518,   0.08626,   0.00585,   0.02390,  -0.02533,   0.04687,  -0.05652,  -0.07293,  -0.07293,  -0.01549,   0.05836,  -0.04175,   0.02718,   0.03374,  -0.00564,   0.00256,  -0.08113,  -0.04010,   0.00913,  -0.02205,  -0.02205,   0.09282,   0.01733,   0.05344,   0.07149,  -0.00892,   0.02226,  -0.07621,  -0.06964,  -0.04503,  -0.00892,  -0.04339,  -0.00728,   0.00585,   0.04359,  -0.01549,  -0.04010,  -0.01221,  -0.03190,  -0.02205,  -0.07457,  -0.02041,   0.03539,  -0.07785,  -0.00728,   0.00092,  -0.02698,  -0.01549,  -0.05816,   0.00420,   0.03046,  -0.07457,  -0.02533,  -0.00564,  -0.02041,  -0.07621,  -0.06308,  -0.09098,  -0.00728,   0.03867,  -0.08934,   0.00420,  -0.04831,  -0.02041,   0.04195,  -0.02041,   0.01569,   0.02882,   0.01241,  -0.00400,  -0.02041,   0.06657,  -0.02369,  -0.05980,   0.00092,  -0.03518,  -0.00892,  -0.02698,   0.04359,   0.10431,   0.04851,   0.04195,  -0.02698,  -0.03190,  -0.04175,  -0.00072,  -0.02862,  -0.03354,  -0.01385,  -0.03682,  -0.03354,   0.01733,  -0.06472,  -0.00728,   0.04359,   0.01077,  -0.04831,   0.00256,   0.08626,  -0.00564,   0.10103,  -0.01056,   0.03210,   0.01405,  -0.02862,  -0.00236,   0.01405,   0.04687,  -0.04010,  -0.07621,   0.06657,  -0.02205,   0.05016,  -0.08770,   0.02062,   0.00749,  -0.02205,  -0.01877,   0.06328,  -0.08770,   0.04031,  -0.07293,   0.05672,   0.01077,  -0.00236,  -0.02862,  -0.00564,  -0.02533,   0.01897,   0.02554,  -0.01056,  -0.03846,   0.02554,  -0.05816,   0.02882,   0.00420,  -0.02041,   0.02062,  -0.00236,  -0.04831,   0.05344,   0.01569,   0.01405,   0.02062,   0.05508,  -0.02698,   0.02554,  -0.02205,  -0.02041,  -0.02862,   0.02718,  -0.04175,  -0.03190,  -0.01877,   0.03867,   0.03703,   0.03703,   0.01897,   0.02390,   0.00585,  -0.00236,   0.08298,   0.05344,  -0.02698,  -0.05323,  -0.07293,   0.03867,  -0.00400,  -0.00564,  -0.02862,   0.01733,  -0.01713,   0.02390,  -0.02533,   0.04359,   0.01077,  -0.03518,  -0.03190,   0.05508,   0.00092,  -0.07293,  -0.00892,  -0.01385,  -0.05652,  -0.02533,  -0.05652,  -0.07621,   0.05836,   0.08298,   0.02554,   0.01241,  -0.05487,  -0.02862,  -0.06636,   0.01405,   0.02062,   0.03867,   0.01569,  -0.00072,  -0.00728,  -0.01385,  -0.00400,  -0.03518,   0.00256,   0.00749,   0.07477,  -0.01221,  -0.02041,   0.01077,  -0.04503,  -0.00892,   0.00585,   0.01733,  -0.04339,  -0.08441,   0.06821,  -0.00728,   0.00092,   0.00092,  -0.04339,   0.05016,  -0.05816,   0.01897,   0.04851,   0.03539,  -0.00564,  -0.07129,   0.04031,   0.00256,   0.00749,  -0.00400,  -0.00072,  -0.01385,   0.07313,   0.06328,  -0.02533,   0.05180,  -0.00728,   0.01897,  -0.02533,  -0.05487,  -0.00072,  -0.01056,   0.02882,  -0.01385,   0.03210,   0.04195,  -0.01713,  -0.01713,   0.03046,  -0.00564,  -0.02533,   0.04359,   0.02390,  -0.01549,  -0.05323,  -0.08277,  -0.02041,  -0.00564,   0.00749,   0.01077,  -0.00564,  -0.03354,  -0.04995,   0.00913,  -0.00564,   0.07149,   0.05344,   0.04687,  -0.04503,  -0.00564,   0.00585,   0.01077,   0.06985,  -0.05159,   0.02390,  -0.05487,  -0.03354,  -0.01713,  -0.05980,  -0.00236,   0.06164,   0.00913,   0.00420,   0.03539,   0.04359,  -0.01221,  -0.07129,   0.01569,  -0.01549,   0.05180,  -0.03682,  -0.04175,  -0.09262,  -0.07293,   0.01569,  -0.02862,   0.02062,   0.06328,  -0.04175,   0.04851,   0.04523,  -0.00236,   0.06328,   0.02554,  -0.00072,  -0.02369,   0.00420,  -0.01056,   0.01569,  -0.04175,  -0.00072,   0.01569,  -0.03682,   0.04359,  -0.01549,  -0.04339,   0.00585,  -0.03026,  -0.00072,  -0.02205,   0.08954,  -0.05652,  -0.01385,   0.00256,  -0.06964,  -0.02369,  -0.02862,   0.02226,  -0.07129,  -0.05816,  -0.02205,  -0.06308,  -0.01385,   0.02718,  -0.05159,   0.02554,  -0.05816,   0.00913,   0.00420,   0.06492,  -0.09918,  -0.01056,   0.01405,   0.01241,   0.00092,   0.06164,  -0.02041,   0.04359,   0.02226,  -0.06964,  -0.00072,  -0.02862,   0.00420,   0.01733,   0.05508,   0.01733,  -0.03190,  -0.01221,   0.06000,  -0.04010,   0.02554,   0.04523,   0.01405,   0.04523,  -0.00564,   0.00913,   0.00420,   0.03703,  -0.05487,  -0.01877,   0.05180,  -0.05159,   0.09118,   0.00913,   0.01897,   0.03374,   0.00585,   0.04031,  -0.01221,   0.04851,   0.01569,   0.02062,   0.01733,   0.02718,   0.00585,   0.03210,   0.01733,   0.08298,   0.03374,  -0.02698,   0.02882,  -0.02533,   0.00913,   0.04359,   0.02062,   0.02226,  -0.03682,   0.05180,  -0.02369,  -0.00728,  -0.01056,   0.03867,  -0.02041,   0.02718,  -0.00400,  -0.05652,   0.01569,   0.01569,  -0.06308,   0.01569,   0.01241,  -0.02369,   0.03046,  -0.02205,  -0.02862,   0.06000,  -0.02205,  -0.03518,   0.05672,  -0.00564,   0.03539,  -0.01713,  -0.02369,  -0.07785,  -0.04995,  -0.02862,   0.00420,   0.03210,  -0.01221,   0.00420,  -0.01221,  -0.03846,  -0.03026,   0.02062,  -0.00728,   0.01077,   0.03867,  -0.03190,   0.06328,  -0.01549,  -0.02041,  -0.03518,  -0.04175,  -0.01221,  -0.04175,  -0.04831,  -0.03190,   0.08790,   0.00092,  -0.06472,   0.02226,  -0.06800,   0.02882,   0.00913,   0.00585,   0.01569,  -0.02533,   0.01569,   0.00420,   0.07641,  -0.05816,   0.05672,  -0.00892,  -0.06308,  -0.04010,   0.04359,  -0.05159,  -0.03682,   0.08954,  -0.07129,   0.05508,  -0.01549,  -0.02862,  -0.01056,   0.00585,  -0.00564,   0.01569,  -0.10739,  -0.03518,   0.05344,   0.00749,   0.00256,  -0.00400,  -0.01221,  -0.06472,  -0.03518,   0.03703,  -0.00892,   0.01569,   0.01897,   0.01733,  -0.04010,  -0.03026,  -0.04010,   0.04195,  -0.01056,   0.00256,  -0.01385,   0.04195,   0.02062,  -0.01385,  -0.00892,   0.01077,  -0.04339,  -0.03354,   0.04523,   0.01569,  -0.06472,  -0.02533,  -0.01877,  -0.01221,   0.02390,   0.00420,  -0.00564,  -0.04175,   0.01897,  -0.07621,  -0.00728,  -0.01385,  -0.03354,  -0.01385,   0.09118,  -0.00072,   0.05508,  -0.02205,  -0.04503,  -0.06964,  -0.04667,   0.01733,   0.05508,  -0.03190,  -0.00892,  -0.05487,   0.00420,   0.02062,  -0.04175,  -0.01877,   0.01569,   0.00913,  -0.00072,  -0.03846,  -0.07293,  -0.04667,   0.08626,   0.03210,   0.00092,  -0.04010,  -0.01056,  -0.04667,   0.08134,  -0.01056,  -0.05652,  -0.00892,  -0.04010,  -0.03518,  -0.04339,   0.08626,   0.00585,  -0.02041,  -0.02041,  -0.04831,   0.01405,  -0.04831,   0.03374,   0.00420,  -0.00400,   0.06985,  -0.04831,  -0.01221,  -0.00236,  -0.01713,   0.02226,  -0.03354,  -0.01713,  -0.02533,   0.03374,   0.04195,   0.07313,   0.08626,   0.08462,   0.01897,   0.01897,  -0.02369,  -0.02041,   0.04359,  -0.01056,  -0.00892,  -0.00728,   0.04687,   0.00585,   0.03539,  -0.08441,   0.03374,  -0.00236,   0.05508,  -0.01549,   0.02554,  -0.05323,   0.08298,  -0.02041,   0.01733,  -0.02862,   0.00092,  -0.03190,   0.05344,  -0.00564,   0.01733,  -0.11888,   0.04031,  -0.07293,  -0.00564,   0.04523,  -0.01056,   0.02226,  -0.03026,   0.02882,  -0.02862,  -0.00564,   0.00585,  -0.00072,   0.01077,  -0.03518,  -0.01713,   0.00420,   0.06164,   0.07969,   0.00585,  -0.02533,   0.00585,  -0.02369,   0.10267,   0.02062,   0.03867,  -0.04503,   0.04031,  -0.03518,  -0.00892,  -0.02533,   0.03867,   0.09446,   0.03867,   0.01897,  -0.02533,  -0.08605,   0.01733,   0.02718,   0.06000,  -0.09754,  -0.01385,  -0.01385,  -0.02862,   0.03539,  -0.07129,   0.04523,   0.08134,   0.05344,  -0.04010,  -0.02862,   0.01077,  -0.06800,  -0.03518,  -0.07457,  -0.08113,  -0.07785,  -0.07949,  -0.01385,  -0.02862,  -0.04010,  -0.03354,  -0.00072,   0.00420,  -0.05816,  -0.02205,  -0.00564,   0.01733,   0.09282,  -0.04010,   0.00585,  -0.01385,  -0.00892,  -0.02698,   0.02554,  -0.00400,  -0.04503,   0.01733,  -0.02369,  -0.05816,  -0.02533,   0.01569,  -0.06472,  -0.03190,   0.03046,  -0.04339,   0.01569,   0.01405,   0.03867,  -0.00072,   0.00256,   0.00749,  -0.08934,  -0.08934,   0.01241,  -0.04175,   0.01405,  -0.05980,   0.01897,   0.05672,  -0.00728,   0.03539,   0.02390,   0.02718,   0.04851,   0.02226,   0.02554,  -0.00564,  -0.05652,  -0.00236,  -0.03354,  -0.00564,   0.00749,   0.02062,  -0.03354,  -0.02205,   0.02554,  -0.01221,  -0.06144,  -0.03026,  -0.03026,   0.02390,  -0.02205,  -0.06472,   0.03210,  -0.08605,  -0.03354,  -0.01056,   0.01897,   0.04195,  -0.06636,   0.01897,  -0.00564,  -0.01713,   0.03867,  -0.03682,   0.00420,  -0.02369,   0.02554,  -0.04175,   0.05836,  -0.03190,   0.07805,   0.00256,   0.03374,  -0.08113,   0.02718,  -0.05980,  -0.03682,   0.01733,  -0.06964,  -0.02041,   0.00420,   0.00256,   0.02718,   0.07477,   0.03046,  -0.06144,  -0.05159,  -0.01221,  -0.09918,   0.02226,  -0.05159,  -0.04339,  -0.01385,   0.00092,  -0.04995,   0.06328,   0.04359,  -0.07129,  -0.03846,  -0.01877,  -0.03026,  -0.03354,   0.00256,   0.01405,  -0.03682,  -0.05487,   0.05016,  -0.04995,  -0.02533,  -0.03846,  -0.01056,  -0.03026,   0.06821,   0.06657,   0.02882,  -0.02041,  -0.07129,   0.00420,  -0.01056,  -0.02698,   0.03867,   0.02062,   0.02554,   0.01077,  -0.08277,  -0.09918,   0.01405,   0.07805,   0.01077,  -0.01385,   0.00749,   0.01077,  -0.00892,   0.10923,   0.05016,  -0.08934,  -0.03354,  -0.03190,  -0.03682,  -0.02533,   0.00092,   0.00749,   0.01569,   0.00256,  -0.04175,  -0.02205,  -0.00072,   0.02226,  -0.06636,   0.01241,   0.00256,   0.01077,  -0.03518,  -0.03026,   0.05508,  -0.00892,  -0.11724,   0.00092,  -0.06964,   0.04523,   0.01077,  -0.10739,   0.00749,   0.07477,  -0.04175,  -0.00236,  -0.02205,   0.06657,   0.05180,   0.00420,  -0.00400,  -0.07621,   0.03374,  -0.07785,   0.08790,  -0.02862,  -0.00236,  -0.05980,   0.01241,  -0.00072,  -0.00564,  -0.01056,   0.00256,  -0.00728,   0.00092,  -0.03518,   0.00585,  -0.08605,  -0.07457,   0.06657,   0.01569,   0.06164,   0.04195,  -0.01713,   0.06000,  -0.04503,  -0.07785,  -0.01713,   0.00913,  -0.04831,   0.00913,   0.02718,  -0.01385,   0.00420,   0.00420,  -0.04667,  -0.05159,  -0.07457,  -0.04339,  -0.01713,   0.01077,  -0.08770,  -0.07129,  -0.00728,  -0.06308,  -0.00400,   0.06000,   0.06657,  -0.03354,  -0.13036,  -0.01056,  -0.03518,   0.00256,  -0.05159,  -0.01221,   0.06492,   0.02554,   0.01733,   0.02390,   0.00913,  -0.01549,   0.06328,   0.04687,  -0.00072,  -0.02862,  -0.00236,  -0.00728,   0.08954,   0.01077,  -0.00236,  -0.01385,  -0.00236,  -0.00728,  -0.07457,  -0.03354,  -0.05323,   0.05672,   0.06164,  -0.01713,  -0.00728,   0.00749,   0.02554,   0.01077,   0.01405,  -0.05159,   0.04523,   0.01241
   0.01897,  -0.07949,   0.09775,  -0.00072,   0.00256,   0.00092,   0.00256,   0.00092,   0.02718,   0.06492,  -0.08113,  -0.00728,  -0.01056,   0.02226,  -0.01877,   0.09282,   0.02390,   0.02062,  -0.00728,   0.00913,   0.02062,   0.02390,   0.01241,   0.07477,  -0.01877,  -0.00892,   0.03046,  -0.00728,   0.10103,   0.00913,  -0.04175,   0.07477,   0.02882,   0.00749,  -0.03190,   0.02390,  -0.02041,  -0.00892,   0.00749,  -0.00400,  -0.04503,   0.02882,   0.00585,   0.02390,   0.06328,   0.06164,   0.07969,   0.11908,  -0.03354,   0.03703,  -0.04175,  -0.04010,   0.01897,  -0.00564,  -0.05323,   0.01405,  -0.03190,  -0.05323,  -0.00892,   0.06000,   0.11252,  -0.00564,  -0.04831,  -0.03682,  -0.02205,   0.05016,   0.02062,   0.01569,   0.03703,  -0.02041,  -0.01056,   0.03539,  -0.03518,   0.02882,  -0.04175,  -0.00892,   0.08298,   0.03374,   0.02718,   0.02554,  -0.01549,   0.03703,   0.00420,   0.05508,   0.01405,  -0.02369,   0.04523,   0.02226,   0.01077,   0.04687,   0.06985,   0.01241,  -0.00400,  -0.00072,   0.05180,   0.03867,   0.02062,   0.04031,  -0.01056,   0.05344,  -0.09918,  -0.05159,  -0.06472,  -0.02369,  -0.00728,  -0.00892,  -0.00400,   0.00585,   0.01077,   0.01733,   0.02554,  -0.10411,   0.03867,   0.01733,  -0.02205,  -0.00072,  -0.02041,   0.05836,   0.05344,   0.08462,  -0.01385,  -0.03846,  -0.00400,   0.03539,  -0.03026,   0.02554,  -0.01713,  -0.00400,  -0.04831,  -0.01713,   0.01405,   0.02718,  -0.00236,   0.14534,   0.09118,   0.02062,   0.01077,   0.03374,  -0.00564,  -0.08770,   0.02062,  -0.01877,   0.00913,   0.04523,   0.05180,  -0.02041,   0.00256,   0.00256,   0.13713,   0.01241,  -0.02862,   0.09282,   0.07969,  -0.03190,   0.00749,   0.03046,   0.06985,   0.04031,   0.00092,   0.01733,  -0.05323,  -0.00236,  -0.02041,  -0.05323,   0.02554,  -0.01221,  -0.04175,   0.07149,   0.00749,   0.05016,  -0.08770,  -0.00236,   0.03046,  -0.00236,   0.03046,   0.00092,  -0.05980,  -0.02369,  -0.00728,  -0.01221,  -0.08277,  -0.02533,   0.02718,   0.00420,   0.00256,   0.02718,   0.01897,  -0.03846,   0.01897,   0.05508,  -0.08441,   0.01569,   0.03703,   0.03374,  -0.08605,   0.01569,  -0.04995,  -0.05159,  -0.02698,  -0.04010,   0.02226,  -0.03682,   0.00749,   0.01733,  -0.04503,  -0.00400,  -0.03682,  -0.01713,   0.02882,   0.05836,   0.09446,  -0.04995,   0.04031,  -0.02369,  -0.00400,  -0.03190,  -0.02205,   0.02390,  -0.01221,   0.08790,  -0.04667,   0.09446,  -0.05980,   0.00256,  -0.05159,  -0.02533,  -0.02041,  -0.00400,   0.03210,  -0.04010,   0.02062,  -0.00564,  -0.01385,   0.02062,  -0.05816,  -0.06472,   0.00749,  -0.06636,   0.03867,   0.01733,  -0.03026,  -0.01056,   0.01733,   0.04851,   0.02390,  -0.04995,   0.03046,  -0.04010,  -0.00892,  -0.06144,   0.03703,  -0.01385,   0.06000,   0.03374,  -0.02205,  -0.01877,   0.01405,   0.06821,  -0.04667,  -0.00728,   0.01897,  -0.03846,   0.04687,  -0.01385,   0.00092,  -0.04831,  -0.05323,  -0.05980,   0.03374,   0.05180,  -0.04175,   0.01077,  -0.02533,  -0.04010,   0.02390,  -0.08770,   0.05836,   0.00585,  -0.02698,   0.04359,   0.00420,  -0.01549,  -0.04010,   0.03374,  -0.05487,   0.05836,  -0.00072,  -0.06144,   0.02062,  -0.08113,  -0.01056,  -0.12216,   0.03210,   0.04687,  -0.04995,  -0.00728,  -0.01385,  -0.00072,   0.04359,   0.03046,   0.03867,   0.03867,   0.02554,   0.00092,   0.01569,   0.05836,  -0.02369,   0.00092,  -0.06472,  -0.04831,   0.01569,   0.03539,  -0.04831,  -0.01221,  -0.04995,   0.01569,   0.05180,  -0.00400,  -0.01221,   0.04195,   0.07641,  -0.03846,   0.00420,   0.03210,  -0.01221,  -0.01385,   0.01897,  -0.03354,  -0.07785,   0.07149,   0.04523,   0.06492,   0.05016,   0.00749,   0.06000,  -0.02533,   0.00420,  -0.03518,  -0.03682,   0.11252,  -0.05816,  -0.05159,  -0.05323,   0.14698,   0.03867,  -0.02862,   0.00913,   0.06328,   0.02718,   0.04195,   0.00749,   0.05180,   0.03703,   0.02226,   0.03867,   0.01241,   0.06328,  -0.02862,   0.00256,  -0.04175,  -0.00072,  -0.00236,  -0.02698,   0.03539,   0.05016,  -0.01056,  -0.03026,   0.02882,   0.00420,  -0.03354,   0.02062,   0.00420,   0.06657,   0.03867,   0.06000,   0.05016,   0.02062,  -0.02041,  -0.02041,   0.01405,   0.02718,   0.04195,  -0.04503,   0.00749,   0.00585,  -0.08113,  -0.03354,  -0.03846,   0.01897,  -0.02533,  -0.01713,   0.09282,  -0.05980,  -0.01877,  -0.02041,   0.03210,   0.02554,   0.06164,  -0.02205,  -0.04995,   0.04195,   0.05508,   0.02062,   0.05180,   0.02390,   0.05836,   0.06164,  -0.04831,   0.02062,   0.03867,  -0.00892,   0.07641,   0.02882,   0.06657,  -0.07293,   0.00913,  -0.02862,  -0.03846,  -0.00236,   0.01077,   0.08626,   0.08298,   0.11416,   0.03867,  -0.02205,   0.05344,  -0.01877,  -0.00072,  -0.00564,   0.09611,  -0.02533,   0.08954,  -0.06144,  -0.03354,   0.07313,   0.06985,  -0.00728,   0.10267,   0.00420,  -0.02698,  -0.00236,  -0.01056,   0.02882,   0.03867,   0.03539,  -0.11559,   0.02226,  -0.02041,   0.00749,   0.00092,  -0.00564,  -0.04503,  -0.02862,  -0.06308,   0.00749,  -0.06800,  -0.03682,  -0.07785,   0.00585,  -0.01713,   0.00913,   0.05508,   0.00585,  -0.01713,   0.04195,  -0.07293,  -0.01877,  -0.04831,   0.00092,  -0.01221,  -0.00892,  -0.01549,  -0.00072,  -0.00072,   0.02882,   0.01733,  -0.02698,   0.04687,  -0.02533,  -0.02205,   0.02390,  -0.02369,   0.01897,  -0.07457,   0.02554,   0.05180,   0.00420,  -0.04503,  -0.02205,  -0.02862,   0.01897,   0.03539,   0.00092,   0.03867,   0.03046,  -0.00072,  -0.04667,   0.00092,  -0.00892,   0.00585,  -0.00892,  -0.00564,   0.01569,  -0.06472,  -0.01877,   0.03210,  -0.03682,   0.08134,  -0.01385,   0.01241,   0.00749,  -0.05487,   0.03046,  -0.02698,  -0.06144,  -0.07621,  -0.01877,   0.00420,  -0.02862,   0.06657,  -0.01877,  -0.02533,   0.02718,   0.03374,  -0.02862,   0.02882,   0.03046,  -0.02369,   0.06164,  -0.02369,   0.00092,  -0.04175,  -0.04831,  -0.01221,   0.05016,  -0.01221,   0.03539,   0.03210,   0.03703,   0.00092,   0.06657,  -0.14021,  -0.00892,   0.02062,  -0.05487,  -0.02369,   0.02390,   0.02390,   0.03046,   0.00092,  -0.04667,  -0.02041,  -0.00728,  -0.02041,   0.02718,  -0.07457,  -0.01877,   0.04195,   0.03374,   0.00913,  -0.02369,   0.03867,  -0.00236,   0.00092,  -0.01713,  -0.01549,   0.02062,   0.04359,   0.03539,  -0.02698,   0.03703,  -0.04667,  -0.00236,  -0.00564,   0.00585,  -0.02533,   0.08954,  -0.00236,   0.00749,  -0.01385,   0.05508,  -0.10411,   0.09611,   0.00585,  -0.01549,  -0.00564,  -0.02698,  -0.06308,  -0.00072,  -0.04667,  -0.03026,  -0.02369,  -0.01221,  -0.07293,   0.03210,  -0.01713,   0.03374,  -0.00072,   0.02390,   0.00585,  -0.06636,   0.06000,  -0.01221,  -0.00236,  -0.01385,  -0.04010,   0.02226,  -0.03354,   0.03046,   0.02554,   0.00749,  -0.00236,  -0.02862,   0.02882,  -0.00072,  -0.01385,  -0.01056,   0.00256,   0.00420,   0.05672,  -0.04339,  -0.11888,   0.02718,   0.01733,   0.06164,   0.00913,   0.00585,   0.01241,   0.03867,   0.04523,   0.00749,  -0.00400,  -0.06144,   0.01405,   0.01405,   0.06657,  -0.04831,   0.02718,   0.02062,  -0.06800,  -0.04503,  -0.02369,  -0.02205,  -0.00728,  -0.03846,  -0.04175,   0.07149,  -0.00400,  -0.08441,  -0.07621,  -0.04831,   0.01077,   0.01241,   0.02062,  -0.06636,   0.04523,  -0.00564,   0.01569,   0.03539,  -0.01713,   0.05672,  -0.00564,  -0.02862,  -0.06144,   0.01241,  -0.00072,   0.00256,   0.01241,   0.05016,  -0.00564,   0.02554,  -0.02862,   0.13385,   0.03210,   0.03539,  -0.01713,  -0.00400,   0.11252,  -0.00400,   0.04195,  -0.00892,   0.00256,   0.01897,  -0.06636,  -0.00564,   0.06657,  -0.00892,   0.00420,  -0.05323,   0.01569,  -0.03026,  -0.02369,   0.02882,   0.01733,   0.07805,  -0.03682,  -0.05652,   0.04523,  -0.05323,   0.02718,  -0.04175,  -0.02205,  -0.01056,   0.00092,   0.02718,  -0.09262,   0.00420,   0.03867,   0.00420,  -0.03846,  -0.06144,   0.00092,  -0.03026,   0.04031,  -0.01549,  -0.03026,  -0.03682,  -0.01056,   0.03046,   0.11908,   0.00092,  -0.04175,  -0.05159,  -0.01221,   0.06000,  -0.06636,   0.00585,  -0.04339,   0.00749,   0.00420,  -0.03846,  -0.04175,   0.01897,   0.02554,  -0.00564,   0.00913,  -0.04831,  -0.00892,   0.00092,   0.00420,  -0.00236,   0.02718,   0.06000,  -0.03518,   0.00256,  -0.04831,   0.02390,   0.01733,  -0.01713,  -0.01056,   0.09118,  -0.01385,  -0.01877,   0.07313,   0.00256,  -0.07129,  -0.04995,  -0.03682,   0.03867,   0.06657,   0.05836,  -0.00564,   0.02554,  -0.03026,  -0.13036,   0.00585,   0.04523,  -0.01549,   0.01241,  -0.04667,  -0.00564,   0.00092,  -0.01385,   0.07149,  -0.00728,   0.00749,  -0.00564,   0.03210,  -0.04995,  -0.04010,   0.04031,  -0.05487,  -0.00564,   0.00749,  -0.05159,   0.01405,  -0.01056,   0.06000,  -0.03682,   0.03703,   0.03703,   0.11580,   0.06000,   0.07313,   0.00092,  -0.04667,   0.03867,  -0.03682,   0.06000,  -0.05323,  -0.04831,   0.06821,  -0.05980,  -0.00236,   0.03867,   0.02718,   0.04359,  -0.09754,  -0.02698,   0.03703,  -0.04503,   0.05016,   0.01897,   0.01405,  -0.00072,   0.09611,  -0.04995,  -0.03682,   0.04523,   0.03703,   0.08626,  -0.02369,   0.01405,  -0.06144,  -0.03846,   0.04359,  -0.01221,  -0.02533,  -0.03846,  -0.01221,   0.03703,   0.03374,   0.05016,   0.00420,  -0.05652,   0.00092,  -0.04831,  -0.03682,   0.00092,  -0.02369,   0.00585,   0.01077,  -0.04503,  -0.06964,   0.00092,  -0.03682,  -0.04175,   0.02390,   0.02390,  -0.00236,   0.07313,  -0.09098,  -0.04995,  -0.01056,  -0.03846,  -0.07293,  -0.00236,  -0.03518,   0.03703,   0.05508,   0.02718,  -0.04995,  -0.01385,  -0.03026,   0.03867,  -0.11231,   0.02226,   0.03539,  -0.05487,   0.00420,  -0.05980,  -0.01549,  -0.04339,   0.05344,   0.01733,  -0.00728,   0.01897,  -0.02533,  -0.02862,  -0.01713,  -0.00236,   0.00749,  -0.07129,   0.06000,   0.00256,  -0.01056,   0.02226,  -0.03518,   0.03867,   0.05672,  -0.07949,   0.12729,  -0.01056,   0.05344,   0.06000,  -0.04010,  -0.00072,  -0.03518,   0.01405,   0.02882,   0.06164,   0.09939,   0.05180,   0.07313,   0.03867,   0.02226,   0.03374,   0.00585,  -0.08770,   0.01897,   0.02554,   0.05180,  -0.02698,   0.00585,   0.00585,  -0.01549,  -0.04503,  -0.03518,   0.00092,   0.00256,   0.05672,  -0.04339,  -0.07129,  -0.02369,  -0.00400,  -0.08277,   0.05016,  -0.03026,   0.01405,  -0.00564,  -0.07457,   0.03210,   0.03374,  -0.01713,  -0.01056,   0.06000,  -0.00072,  -0.00564,  -0.03518,  -0.01056,   0.05344,  -0.10247,  -0.00892,   0.03374,   0.02718,  -0.03518,  -0.00400,   0.04031,  -0.00728,   0.04031,   0.02718,   0.00092,  -0.06472,  -0.03026,  -0.00236,  -0.06964,  -0.01056,   0.03374,  -0.09754,   0.06492,  -0.01877,   0.05672,  -0.05652,   0.02718,  -0.08441,   0.03046,   0.07313,  -0.01385,   0.01733,   0.03374,   0.05344,   0.01405,   0.01897,  -0.07457,   0.06164,   0.01077,  -0.01385,   0.06000,  -0.05652,  -0.07621,   0.03210,   0.03374,  -0.01056,  -0.03354,  -0.05816,  -0.01385,  -0.07457,   0.01897,  -0.00400,  -0.03682,  -0.08113,   0.01405,  -0.04995,   0.01241,  -0.05816,   0.03703,   0.03374,  -0.00072,   0.09775,  -0.04010,   0.05180,  -0.06800,   0.03210,   0.04195,   0.05672,  -0.03518,  -0.02862,  -0.02533,   0.03867,   0.06000,  -0.03026,  -0.05159,  -0.01549,  -0.01877,   0.03703,   0.03210,   0.01405,  -0.04339,   0.04687,  -0.02533,  -0.02369,   0.00913,  -0.01877,   0.00749
   0.01241,  -0.00400,   0.00092,   0.01405,   0.00585,   0.01405,  -0.04667,   0.02226,  -0.00892,  -0.03190,  -0.03846,   0.02062,  -0.08605,   0.03703,   0.02882,   0.02882,  -0.02041,   0.01405,  -0.05159,   0.01405,   0.07641,   0.03703,  -0.01056,  -0.03026,  -0.00564,  -0.04995,  -0.04503,  -0.00400,   0.09118,   0.04031,   0.01569,   0.05016,  -0.08441,  -0.00728,   0.00585,   0.05672,  -0.02533,   0.02226,   0.05180,  -0.00236,   0.03867,   0.01241,  -0.01549,   0.00256,  -0.00072,  -0.04831,  -0.08113,   0.03867,   0.00913,   0.07641,  -0.02698,  -0.06144,  -0.01877,   0.03210,  -0.02041,   0.03046,   0.00913,   0.03539,   0.01241,   0.06985,   0.04195,   0.05672,   0.00585,  -0.03682,  -0.03682,   0.04851,  -0.07621,   0.06164,  -0.06472,  -0.01877,   0.04031,  -0.01385,   0.01077,  -0.00400,  -0.00400,   0.00092,   0.03703,   0.05508,  -0.06308,   0.00092,  -0.01056,  -0.00728,   0.00092,  -0.04339,   0.01241,   0.05508,   0.02718,  -0.02041,   0.01569,  -0.05652,   0.04359,   0.01897,  -0.00236,   0.07313,  -0.02533,   0.06985,  -0.08605,   0.02226,  -0.01385,  -0.02533,  -0.05652,   0.07477,  -0.05159,  -0.04503,   0.02554,   0.02554,   0.00913,  -0.05159,  -0.02041,  -0.04995,   0.02226,  -0.07457,   0.02718,  -0.03354,   0.02390,   0.00420,   0.00913,  -0.05980,   0.03539,  -0.01877,   0.04195,  -0.05652,   0.02882,  -0.06144,  -0.00400,   0.05180,  -0.03354,   0.08954,  -0.03518,  -0.05323,  -0.05487,  -0.04995,  -0.01713,   0.02554,  -0.07293,  -0.02205,   0.00913,   0.05344,   0.00420,   0.02390,   0.04523,  -0.04010,  -0.00072,   0.07805,  -0.03354,   0.01569,  -0.03354,  -0.02369,   0.03703,  -0.00564,  -0.03026,  -0.06800,  -0.03190,   0.07477,  -0.04010,  -0.00892,   0.03046,  -0.00564,  -0.02369,  -0.00072,   0.01077,  -0.00236,   0.02882,  -0.00564,   0.03210,  -0.04010,  -0.07129,  -0.04339,  -0.08605,  -0.02698,   0.03046,   0.06657,  -0.00236,   0.03046,  -0.04339,   0.01405,  -0.01549,   0.05836,   0.05016,  -0.06144,   0.01733,   0.02062,   0.04687,   0.08298,  -0.01385,  -0.01385,  -0.06472,   0.06492,   0.05180,  -0.09098,  -0.01385,  -0.07129,   0.08626,  -0.06144,   0.00585,   0.03539,   0.00420,   0.02882,  -0.03190,  -0.03026,  -0.04667,   0.04195,   0.02554,   0.02554,  -0.01221,  -0.07621,  -0.02369,   0.01077,  -0.06636,  -0.00564,  -0.05487,   0.00585,  -0.02369,  -0.00728,   0.02554,   0.04687,  -0.00728,  -0.05323,   0.05180,   0.03867,   0.04031,  -0.03846,   0.03374,  -0.01877,   0.03046,  -0.07457,   0.03374,   0.04195,  -0.04010,   0.02062,  -0.03354,  -0.02369,  -0.00728,  -0.06472,  -0.02533,   0.00913,  -0.02369,  -0.01877,   0.04031,  -0.00892,  -0.03190,  -0.01385,   0.03703,  -0.00400,   0.01077,  -0.00728,  -0.07457,   0.02718,  -0.01713,  -0.02041,  -0.03026,  -0.04339,  -0.01056,  -0.03354,  -0.03190,  -0.02533,   0.01077,   0.01241,   0.01077,  -0.01221,   0.02554,   0.02226,   0.02226,   0.11744,   0.00913,  -0.00728,   0.04359,   0.00585,  -0.02041,   0.02882,   0.02390,   0.05180,  -0.04339,   0.06821,   0.07477,   0.00420,  -0.01385,   0.00420,   0.00585,  -0.00892,   0.03374,   0.07313,   0.00256,   0.01569,  -0.00564,   0.01897,   0.01241,  -0.07621,  -0.02533,  -0.04503,   0.05016,   0.01733,   0.01077,  -0.02533,   0.01733,   0.03867,  -0.02041,  -0.01713,   0.02554,  -0.00236,  -0.02698,  -0.01385,  -0.04831,   0.03539,  -0.02369,   0.04523,   0.06821,  -0.02369,  -0.05980,   0.00420,  -0.02698,   0.02554,   0.03210,  -0.02205,   0.02062,  -0.01713,  -0.00892,   0.03539,   0.00256,  -0.01385,  -0.03190,  -0.02533,   0.00913,   0.06985,  -0.11888,   0.04523,  -0.00728,   0.04031,  -0.01221,  -0.01221,  -0.01056,   0.05836,  -0.01221,   0.11744,   0.06821,  -0.06472,   0.00585,   0.00913,  -0.03026,  -0.03518,   0.05344,  -0.04339,  -0.02041,  -0.03190,   0.02226,  -0.05980,  -0.04175,   0.05016,   0.06000,  -0.02205,  -0.00072,  -0.00892,   0.01569,   0.02226,  -0.01877,  -0.00400,   0.03867,   0.00913,   0.04687,   0.02554,  -0.04503,  -0.00892,  -0.04667,   0.00256,  -0.01221,  -0.03026,  -0.03354,   0.03210,  -0.01877,  -0.00400,  -0.02205,   0.04687,  -0.07129,   0.04523,   0.06821,   0.00913,   0.01733,  -0.04503,  -0.06636,   0.02882,   0.07149,   0.04195,   0.01569,  -0.03026,  -0.01056,  -0.06472,   0.03046,  -0.08113,   0.05344,   0.06821,  -0.05652,   0.03210,  -0.02369,  -0.05159,   0.02390,   0.01569,  -0.00072,   0.05508,   0.00256,   0.00420,  -0.03190,  -0.07129,  -0.01221,  -0.03682,   0.01077,   0.03703,   0.02554,   0.05344,  -0.01221,   0.01077,  -0.03846,   0.03703,   0.02718,   0.04031,   0.04031,   0.00092,  -0.06800,   0.00749,  -0.00728,  -0.03354,  -0.01385,   0.04195,  -0.00236,   0.02882,  -0.03682,   0.04851,   0.00749,   0.05672,   0.04195,   0.02882,  -0.00236,  -0.03190,   0.04031,  -0.03026,   0.08462,   0.08954,  -0.01713,   0.03539,  -0.02862,  -0.02698,   0.01569,   0.04359,   0.00913,   0.00585,   0.03703,   0.06492,   0.10923,  -0.09098,  -0.07457,   0.06164,   0.00913,  -0.01221,   0.00585,   0.00585,   0.04359,  -0.00236,   0.02718,  -0.00400,   0.01405,  -0.01713,   0.10595,  -0.01713,   0.06164,  -0.03190,  -0.04175,  -0.06144,  -0.01221,  -0.02862,  -0.04175,  -0.03026,  -0.04175,  -0.01713,   0.02062,  -0.00236,  -0.03682,   0.00420,  -0.01056,  -0.02862,  -0.06472,  -0.07621,  -0.00400,   0.03703,   0.03867,  -0.01221,  -0.00236,   0.05508,   0.05508,   0.00420,  -0.04175,   0.04523,   0.06657,   0.05344,   0.00092,  -0.02533,  -0.02041,   0.07641,   0.02062,   0.07149,  -0.00564,   0.00913,   0.02882,   0.04031,   0.00749,   0.03210,  -0.00072,  -0.01385,   0.04195,  -0.02862,  -0.01877,   0.00585,   0.01733,   0.14534,   0.01405,  -0.01221,  -0.04175,  -0.05323,   0.05508,  -0.08441,   0.04359,  -0.01877,  -0.03518,  -0.03190,   0.07149,  -0.03518,   0.00913,  -0.02205,   0.01569,  -0.06472,   0.00913,  -0.01713,   0.00913,   0.03046,  -0.09918,   0.02226,  -0.08934,  -0.07293,  -0.04339,   0.02062,  -0.00892,   0.01897,  -0.04831,   0.05016,  -0.00892,   0.00256,   0.04031,   0.01897,   0.04195,  -0.09590,   0.00092,   0.04523,   0.02882,   0.03703,   0.09939,  -0.03682,  -0.00564,   0.03703,   0.00749,   0.04851,   0.04031,   0.00749,   0.07313,  -0.00236,   0.00913,  -0.02041,  -0.04831,   0.02226,   0.05016,   0.02390,   0.02554,   0.01405,   0.01077,   0.00749,  -0.00564,   0.01405,   0.03374,  -0.00564,  -0.02698,  -0.00400,  -0.00728,  -0.01877,  -0.05323,   0.03210,   0.05672,   0.02226,   0.05672,  -0.04175,   0.03539,  -0.04010,  -0.01385,   0.02390,  -0.00892,  -0.03682,   0.00913,  -0.01549,   0.01569,  -0.04831,  -0.01056,  -0.00400,   0.02226,  -0.00236,  -0.00236,   0.06328,  -0.05159,   0.03539,  -0.01877,   0.05344,  -0.03026,   0.01569,  -0.02862,  -0.02862,   0.06492,   0.00420,   0.00585,  -0.00892,   0.01241,  -0.01385,   0.03539,   0.02554,  -0.07621,  -0.06472,   0.00092,  -0.02533,  -0.03518,  -0.02041,   0.02882,   0.02226,  -0.06800,   0.01077,  -0.06964,   0.02718,  -0.04339,  -0.05159,   0.01077,  -0.00072,  -0.03682,  -0.05159,  -0.02205,   0.05672,   0.00913,   0.00420,   0.07969,   0.02226,   0.01405,   0.08298,   0.03539,  -0.03354,   0.00585,  -0.05487,  -0.02698,   0.02554,   0.06000,  -0.01549,  -0.02533,  -0.03846,  -0.00564,   0.06657,   0.03046,   0.04359,  -0.03682,  -0.06308,   0.00092,   0.03539,   0.01405,  -0.01056,  -0.02369,  -0.00236,   0.09446,  -0.11559,  -0.01385,   0.01077,  -0.03026,  -0.05652,  -0.02698,   0.04687,   0.01241,  -0.01713,  -0.01549,   0.03210,  -0.10247,   0.05836,   0.00420,  -0.02698,  -0.04667,  -0.00072,  -0.09098,  -0.06472,   0.03703,   0.03210,  -0.01877,  -0.04503,   0.02718,   0.06328,   0.00749,   0.01077,   0.01733,   0.00256,   0.02390,   0.01569,   0.00913,  -0.00072,   0.00585,   0.00420,  -0.07457,  -0.00400,  -0.08605,  -0.04175,   0.01077,  -0.07293,   0.02390,   0.05016,  -0.01549,   0.01241,  -0.03682,  -0.03846,   0.02226,  -0.06800,  -0.03682,   0.04851,  -0.04339,   0.02062,   0.01241,   0.01897,  -0.05652,  -0.02862,  -0.05159,  -0.04995,   0.00092,   0.02226,  -0.01221,   0.01077,   0.04031,  -0.05487,  -0.02698,   0.08790,  -0.06636,  -0.07949,   0.05672,   0.04851,  -0.01713,  -0.00400,  -0.00728,   0.03703,   0.01897,  -0.01549,  -0.02369,   0.02554,  -0.02698,  -0.02041,   0.02062,  -0.01385,  -0.01221,  -0.01549,  -0.05323,  -0.02041,   0.02390,  -0.00236,  -0.05816,  -0.01713,   0.04031,   0.02390,   0.05180,   0.00913,  -0.06308,   0.03867,   0.00420,   0.01405,  -0.05323,   0.02554,  -0.03846,   0.01569,   0.07969,   0.00913,   0.02226,   0.00585,  -0.02862,   0.01897,  -0.00892,  -0.00564,   0.01077,   0.01241,   0.09611,   0.10267,  -0.06308,   0.07969,   0.05508,   0.02226,  -0.01877,   0.01897,  -0.05159,   0.02390,  -0.01221,   0.01241,  -0.00400,  -0.03518,  -0.05816,  -0.02698,  -0.07457,   0.00913,  -0.04667,  -0.04995,   0.01733,  -0.00564,   0.02718,   0.05344,  -0.04175,   0.06000,   0.00913,   0.01241,   0.02882,  -0.06144,  -0.01385,   0.05016,   0.05672,   0.03539,   0.02062,   0.04359,  -0.03026,   0.02062,  -0.05323,  -0.09754,   0.00749,   0.03046,  -0.04339,   0.03703,   0.00092,  -0.04010,  -0.05159,  -0.02369,  -0.04503,  -0.06472,   0.03046,   0.05344,   0.02062,  -0.01056,  -0.01221,   0.00749,  -0.05323,   0.06492,   0.06164,  -0.06800,  -0.02205,   0.03210,  -0.00072,   0.06657,   0.03046,  -0.04503,   0.00749,  -0.00236,  -0.08113,   0.06492,   0.04359,  -0.06800,  -0.01549,  -0.01385,  -0.05980,  -0.05159,  -0.02862,   0.08134,  -0.08277,  -0.02369,  -0.12216,   0.05180,   0.00092,   0.00913,   0.04031,   0.03867,  -0.09098,  -0.00728,   0.04523,  -0.10247,  -0.04339,   0.03703,   0.07641,  -0.03518,   0.10759,  -0.01056,  -0.02862,   0.00913,  -0.05652,   0.02882,   0.00749,  -0.00892,  -0.04175,  -0.01713,  -0.03518,  -0.00072,   0.09446,  -0.01385,  -0.03846,  -0.07949,   0.10103,  -0.02862,   0.02226,   0.00256,  -0.01877,   0.08462,  -0.04339,   0.01733,   0.06164,  -0.03026,  -0.02862,   0.00749,  -0.03518,  -0.10575,   0.01569,  -0.00564,   0.01405,  -0.03518,  -0.02205,   0.08790,  -0.02205,  -0.04339,   0.05344,  -0.06964,   0.08790,  -0.04995,  -0.01713,  -0.00400,  -0.03354,   0.03867,   0.03374,   0.02882,  -0.01221,  -0.08113,   0.00749,  -0.04667,  -0.00564,  -0.05652,   0.05180,   0.01077,  -0.02533,   0.03867,  -0.04175,   0.04195,  -0.01713,  -0.04667,  -0.03354,  -0.05980,   0.07969,  -0.05652,  -0.00728,   0.06164,  -0.03846,  -0.01056,   0.02226,   0.06492,  -0.04995,   0.01405,   0.00092,  -0.02533,   0.02554,  -0.01713,   0.00420,   0.01569,   0.01241,   0.03703,  -0.02205,  -0.01549,   0.04687,  -0.03682,   0.04523,   0.00256,   0.01733,   0.04851,   0.04031,   0.00913,   0.00749,  -0.06636,  -0.09754,   0.01897,  -0.03190,  -0.03682,  -0.05816,   0.04359,  -0.00236,   0.01405,  -0.00728,   0.00913,   0.07641,  -0.02369,   0.01569,   0.01733,  -0.06472,  -0.04175,   0.01077,   0.02062,   0.00420,   0.07805,  -0.03354,   0.05180,  -0.01221,  -0.05323,   0.06328,   0.00420,   0.02390,  -0.01385,   0.01077,   0.00913,  -0.01221,  -0.08934,   0.02554,   0.13385,  -0.02205,   0.02390,  -0.00564,  -0.03190,   0.00913,  -0.00236,   0.00420,  -0.07621,  -0.01549,  -0.03518,   0.04359,  -0.00236,   0.06000,   0.06328,   0.01405,   0.03046,   0.03539,  -0.05323,  -0.02698,   0.07805,  -0.00564,  -0.04831
   0.03374,   0.04031,  -0.03026,  -0.01056,  -0.04339,   0.03210,   0.02882,   0.00585,  -0.02862,  -0.00072,   0.04687,  -0.04995,  -0.02041,   0.04195,  -0.03682,   0.02390,  -0.03026,  -0.01385,   0.03703,  -0.01385,  -0.04175,  -0.02369,  -0.00564,  -0.01713,   0.07313,   0.01733,  -0.06308,  -0.04995,   0.04359,  -0.07785,   0.00749,  -0.00400,  -0.00236,  -0.00892,   0.01733,   0.03703,  -0.05816,   0.07313,   0.00585,   0.02062,  -0.02533,   0.04359,  -0.05487,  -0.05980,   0.03867,   0.05180,  -0.08277,   0.02390,   0.05016,  -0.02369,   0.02554,  -0.06308,  -0.01877,  -0.00728,  -0.05159,  -0.01877,  -0.02041,   0.03867,   0.01241,  -0.07457,   0.01897,  -0.02205,  -0.01549,  -0.02862,  -0.01385,  -0.01221,   0.05672,  -0.07949,  -0.07949,   0.03046,   0.06000,  -0.04995,   0.05672,   0.09282,  -0.02533,  -0.04831,   0.03539,  -0.03518,   0.01733,   0.08298,  -0.05980,  -0.01877,   0.05180,  -0.09262,  -0.02533,  -0.01713,  -0.04831,  -0.06800,  -0.03026,  -0.03518,  -0.07457,  -0.01713,  -0.06800,  -0.04503,   0.02226,  -0.02041,  -0.04010,  -0.03190,   0.01569,  -0.00564,  -0.05652,   0.00092,   0.00420,   0.00585,   0.06164,   0.02062,   0.02226,  -0.00564,   0.01077,   0.06492,  -0.00564,  -0.01713,   0.04687,   0.02554,  -0.08605,   0.02226,  -0.01056,  -0.07129,  -0.01056,  -0.02533,   0.02226,  -0.02369,   0.05016,   0.03867,  -0.00892,   0.00420,   0.00749,  -0.01056,  -0.02369,   0.02226,  -0.03846,   0.03046,  -0.03354,  -0.01877,  -0.00236,  -0.04503,  -0.02862,   0.06000,   0.02390,  -0.01877,   0.01897,   0.06000,  -0.02041,  -0.02698,  -0.03190,  -0.02205,  -0.00072,  -0.03026,   0.08626,   0.01077,  -0.01385,   0.04523,  -0.02369,  -0.08113,   0.00256,   0.00092,  -0.05323,   0.03539,   0.07313,   0.00749,  -0.07785,   0.03210,   0.00256,  -0.04667,  -0.05980,  -0.03682,  -0.07293,  -0.01056,   0.02226,  -0.06144,   0.01241,  -0.04339,   0.03374,  -0.01221,  -0.03518,  -0.01221,  -0.02698,  -0.01221,  -0.03026,   0.04031,   0.00420,   0.00913,   0.03046,   0.04523,  -0.04339,   0.01241,   0.02390,  -0.05980,   0.02390,   0.02226,  -0.02369,   0.00585,   0.00420,  -0.03518,   0.04687,   0.01405,  -0.03026,   0.00092,  -0.02533,   0.05016,  -0.00072,  -0.00892,  -0.08441,   0.04687,  -0.05980,  -0.03846,   0.11744,  -0.00728,  -0.02205,   0.02062,   0.02718,  -0.00236,   0.03703,   0.06492,  -0.04995,  -0.00236,  -0.03354,  -0.02041,  -0.01056,   0.01569,   0.00749,   0.00256,  -0.06144,   0.02062,   0.02226,   0.06328,   0.02226,   0.00420,   0.05180,   0.09939,   0.01077,   0.04031,  -0.00728,  -0.03354,   0.01241,  -0.01713,  -0.00728,   0.04523,  -0.03026,   0.03210,   0.02718,   0.02718,  -0.06636,   0.02718,   0.06000,   0.01241,  -0.00400,  -0.05487,  -0.03190,   0.07477,  -0.05487,   0.02882,   0.05180,   0.04687,   0.00092,   0.01733,  -0.03682,   0.03046,  -0.05816,   0.01405,   0.01569,   0.00585,   0.06164,   0.05180,  -0.04667,  -0.03026,  -0.06800,   0.02062,   0.04687,   0.03539,   0.04851,   0.01241,  -0.01221,  -0.05323,  -0.00892,  -0.02369,  -0.07129,   0.02390,   0.03867,   0.05672,  -0.03190,  -0.03518,   0.01733,   0.04851,  -0.01549,  -0.00728,  -0.06800,   0.02226,  -0.05652,   0.01241,   0.07477,  -0.04339,   0.05836,   0.02718,   0.05508,   0.02554,   0.00913,  -0.06472,   0.05016,   0.03374,  -0.07129,   0.05180,  -0.04995,   0.06000,  -0.00072,  -0.08934,  -0.05159,  -0.01056,   0.06000,   0.03210,  -0.02041,   0.00092,  -0.00236,  -0.00564,  -0.05323,  -0.00400,   0.04523,   0.01569,  -0.01385,  -0.01385,  -0.03846,   0.02882,   0.06164,   0.00749,  -0.02205,  -0.05980,  -0.02205,  -0.03026,  -0.07785,  -0.00728,  -0.06636,   0.06821,  -0.01549,  -0.05487,   0.00913,   0.00420,  -0.01385,  -0.00236,  -0.04339,   0.06164,  -0.00400,   0.04687,  -0.10082,  -0.04667,   0.01405,  -0.03354,  -0.01385,  -0.02862,  -0.04010,   0.04523,   0.00585,   0.01077,   0.00585,  -0.07129,   0.03210,  -0.01549,   0.06164,  -0.03354,  -0.04667,  -0.04010,  -0.07457,   0.00913,  -0.02369,  -0.00400,   0.02718,  -0.02698,   0.05016,  -0.03026,   0.01405,  -0.02041,   0.02062,   0.05508,   0.00420,  -0.03190,  -0.01877,   0.04031,   0.04195,  -0.02369,  -0.02369,   0.06328,   0.02554,  -0.01877,  -0.07621,  -0.03846,  -0.05816,   0.00749,  -0.03846,  -0.02205,   0.01897,  -0.01549,  -0.04831,   0.01569,   0.00749,   0.05508,  -0.02533,  -0.03190,  -0.03682,  -0.04010,  -0.04503,  -0.08113,   0.04687,   0.00585,   0.03374,   0.01077,  -0.07785,   0.05016,  -0.10247,  -0.04503,  -0.01549,   0.04359,  -0.00892,   0.02882,   0.03703,  -0.04175,   0.01241,   0.03539,   0.02062,  -0.06636,   0.00585,   0.04523,  -0.03518,   0.02390,   0.00749,  -0.07129,  -0.01056,   0.07805,   0.04359,  -0.02205,   0.02062,  -0.07457,  -0.04010,   0.05344,  -0.02205,   0.02718,   0.07805,  -0.01221,   0.05180,  -0.03190,  -0.03518,   0.00256,  -0.06636,  -0.02533,   0.08954,  -0.01385,   0.06657,   0.01241,  -0.05323,  -0.04010,   0.05344,   0.03374,  -0.07785,  -0.09426,   0.00256,   0.01897,  -0.03682,  -0.06308,  -0.04010,   0.08954,  -0.01385,  -0.01221,  -0.02862,  -0.01549,   0.03374,  -0.03190,   0.01241,  -0.00236,  -0.04010,  -0.02533,   0.02554,   0.05672,   0.03374,   0.06821,  -0.01549,  -0.01056,  -0.05323,   0.03539,  -0.04175,  -0.07785,   0.08626,  -0.00728,   0.02554,   0.02882,   0.03374,  -0.02041,  -0.05159,   0.02062,   0.02554,  -0.00728,   0.01405,   0.03539,   0.01897,  -0.02862,  -0.10411,   0.05344,  -0.01877,  -0.03190,  -0.06472,   0.00913,   0.02882,   0.00256,  -0.05323,  -0.03682,   0.02718,   0.00913,  -0.01221,   0.07969,   0.11252,  -0.05652,  -0.01056,  -0.02698,   0.04687,  -0.00728,  -0.04339,  -0.01385,  -0.04175,  -0.01877,   0.04195,  -0.06308,   0.02390,   0.02390,  -0.02369,   0.06000,   0.00092,  -0.01713,   0.06164,  -0.02205,  -0.00564,  -0.01549,  -0.09098,  -0.00564,  -0.00892,  -0.00728,  -0.02369,  -0.03354,  -0.06636,   0.01241,   0.00585,  -0.03026,   0.02718,  -0.00400,   0.02390,   0.05180,   0.05344,   0.04523,   0.00092,   0.00092,   0.02554,   0.03374,  -0.02041,  -0.01549,  -0.03518,   0.00092,   0.00420,  -0.04175,   0.04195,  -0.02369,  -0.01549,   0.06164,  -0.02533,  -0.05159,   0.01733,   0.00092,   0.03374,   0.04523,   0.05836,   0.06492,  -0.00236,   0.01897,  -0.01385,  -0.09590,  -0.01549,   0.04195,  -0.01385,  -0.00892,   0.05672,   0.05672,   0.00256,  -0.05816,   0.05016,   0.00420,   0.06492,   0.02882,   0.03210,  -0.02698,   0.06164,  -0.03846,  -0.00564,   0.00256,   0.00913,   0.05672,  -0.10247,   0.02226,  -0.11395,   0.03867,  -0.05487,  -0.06472,  -0.04175,  -0.08113,  -0.04831,   0.00913,  -0.07129,  -0.01385,   0.06985,  -0.00728,   0.05344,  -0.01056,   0.06492,  -0.08113,  -0.03026,  -0.08934,  -0.08605,   0.06657,  -0.00728,   0.02062,  -0.02369,  -0.05816,   0.01569,  -0.01056,  -0.02698,  -0.03682,  -0.04831,   0.06985,  -0.08441,   0.02062,   0.06985,  -0.00892,   0.04195,   0.03046,  -0.03518,   0.00256,   0.00256,  -0.07785,  -0.02533,  -0.01549,   0.01405,   0.02390,   0.00913,   0.03374,   0.00256,   0.01897,  -0.03026,   0.00256,  -0.00892,  -0.00236,  -0.07621,  -0.06964,  -0.00236,  -0.02041,  -0.02041,   0.05344,  -0.02205,   0.00585,  -0.00400,   0.04523,  -0.04175,   0.01405,  -0.01549,  -0.03846,  -0.00236,  -0.06308,  -0.08113,  -0.08770,  -0.05980,  -0.00236,   0.05344,  -0.01713,   0.00585,   0.06492,  -0.03190,  -0.06308,   0.00092,  -0.02533,   0.03374,   0.02882,  -0.05816,   0.02062,   0.07969,  -0.01713,   0.00420,  -0.01549,   0.05344,  -0.00728,  -0.08605,  -0.06472,   0.00420,  -0.00564,   0.02390,   0.06164,   0.04195,  -0.01877,   0.01897,  -0.06800,  -0.02205,   0.05508,   0.03374,   0.00092,   0.00749,   0.05836,  -0.03026,  -0.05487,   0.06000,   0.01405,   0.02226,  -0.05652,  -0.02533,   0.02390,   0.08298,  -0.00236,  -0.05980,   0.02390,  -0.03682,   0.01077,   0.06657,   0.04523,   0.04359,   0.01077,  -0.03354,  -0.03190,  -0.01877,   0.02062,   0.05672,  -0.03354,   0.01077,   0.04031,   0.00092,  -0.01385,  -0.08605,  -0.04995,  -0.08113,  -0.02205,   0.02718,  -0.00236,   0.05180,  -0.01221,  -0.02862,  -0.03682,   0.11088,   0.00585,   0.06328,   0.04851,   0.03539,   0.01733,   0.00585,   0.00749,   0.00749,  -0.02205,   0.01077,   0.01077,  -0.00400,  -0.00728,  -0.03354,   0.03210,   0.02226,   0.02226,  -0.04175,  -0.01549,   0.03867,  -0.00400,   0.00585,  -0.01713,   0.01569,  -0.00892,   0.01241,   0.00749,  -0.00892,   0.07477,   0.05836,   0.03539,   0.05508,  -0.00892,  -0.02533,   0.04031,  -0.02533,   0.04031,  -0.05323,   0.03539,  -0.03682,   0.02882,   0.01733,   0.03539,   0.01733,  -0.01549,  -0.06472,   0.03046,   0.03539,  -0.09098,   0.01569,   0.05672,  -0.00072,   0.03539,   0.03539,   0.01241,  -0.01385,   0.03210,   0.01733,  -0.04010,  -0.03190,  -0.01385,  -0.01385,   0.04031,   0.04359,  -0.02533,  -0.03026,  -0.01385,  -0.00072,   0.02882,   0.05836,   0.05180,  -0.00892,  -0.00892,   0.02062,   0.02718,   0.05836,  -0.02041,   0.01733,  -0.00072,   0.06492,   0.10431,  -0.06308,  -0.05816,  -0.05323,  -0.00728,  -0.02369,  -0.01056,   0.04523,   0.00913,   0.00420,  -0.06308,   0.03539,  -0.00236,  -0.01056,  -0.05980,  -0.06636,   0.05508,   0.03867,   0.00749,   0.06000,   0.00913,   0.01897,   0.06821,   0.02062,  -0.00564,  -0.05816,  -0.01221,  -0.03026,   0.01405,  -0.04667,   0.02718,  -0.00072,   0.01405,   0.04687,   0.00585,  -0.05323,   0.03046,   0.01077,  -0.00236,   0.00913,   0.07969,   0.12400,   0.02718,   0.04687,   0.03539,  -0.02533,   0.05508,   0.01569,  -0.05487,  -0.02698,  -0.00072,  -0.09098,  -0.06964,  -0.03026,   0.01897,  -0.03026,  -0.04831,  -0.01385,   0.03046,   0.07805,   0.00585,  -0.00564,  -0.02533,   0.08134,   0.02390,  -0.00400,  -0.01713,  -0.03846,   0.01241,   0.02062,   0.01569,   0.01897,   0.03210,   0.01241,   0.04359,   0.02554,   0.06492,   0.05344,   0.02554,  -0.01385,   0.08298,  -0.02041,   0.02062,   0.00585,  -0.04667,  -0.07457,  -0.05323,  -0.08934,  -0.01056,   0.04031,   0.05016,  -0.02862,  -0.03682,  -0.00892,   0.00585,   0.03046,   0.02390,   0.01241,  -0.04995,   0.06985,  -0.01713,  -0.05816,  -0.00400,  -0.04503,  -0.09754,   0.07313,   0.05836,  -0.03682,  -0.07949,   0.08462,  -0.03846,   0.01569,   0.05344,  -0.05980,   0.05344,   0.07477,  -0.04010,  -0.03026,  -0.06144,   0.01405,   0.02390,  -0.05159,   0.02226,   0.00585,  -0.01221,  -0.02369,  -0.00728,  -0.02698,  -0.04831,  -0.08277,  -0.01549,  -0.04175,   0.00749,   0.04687,  -0.01713,   0.00913,   0.01405,   0.00585,   0.01733,  -0.02533,  -0.02862,   0.05180,  -0.02369,   0.02882,  -0.00564,   0.04687,  -0.04503,   0.02554,  -0.01713,  -0.00072,   0.06000,  -0.01877,  -0.01221,  -0.05487,  -0.01385,  -0.06308,  -0.03190,  -0.04995,  -0.02205,   0.02718,  -0.03026,   0.03539,  -0.03026,  -0.00400,  -0.00892,  -0.00564,  -0.00236,  -0.03846,   0.01077,  -0.07293,   0.02554,  -0.07457,  -0.04175,   0.00092,  -0.05487,   0.00420,   0.04031,  -0.04175,   0.00585,  -0.00564,   0.01569,   0.04031,  -0.01385,  -0.02041,  -0.00728,   0.00749,  -0.05652,  -0.03682,  -0.00072,  -0.01056,  -0.05487,   0.01405,  -0.01056,  -0.11231,  -0.06308,   0.02390,  -0.04339,  -0.04667,  -0.01549,  -0.01549,   0.04031,  -0.04831,   0.01897,  -0.01549,  -0.03518,  -0.00236,   0.01897
  -0.00236,   0.01733,  -0.01713,   0.00092,  -0.03026,   0.01569,   0.02062,   0.02062,   0.01897,  -0.02369,   0.04851,  -0.10411,  -0.06144,   0.00749,   0.01897,  -0.03518,  -0.01549,   0.11744,  -0.02369,  -0.06964,  -0.03354,  -0.01385,   0.02062,  -0.05323,   0.00092,   0.04851,   0.09775,   0.04195,  -0.00236,  -0.01221,   0.03539,   0.06985,  -0.02041,   0.01241,   0.03539,  -0.08770,   0.04523,  -0.00564,  -0.00564,  -0.07129,   0.03703,   0.09118,   0.05344,  -0.02205,   0.01569,   0.04851,   0.00585,   0.06000,  -0.02533,  -0.05980,   0.04687,   0.03703,  -0.02205,  -0.00400,  -0.03518,  -0.02369,  -0.04339,  -0.05652,  -0.03190,   0.06985,   0.06492,  -0.00400,   0.06985,   0.05180,   0.05180,   0.01897,   0.05508,   0.06657,   0.07313,  -0.03682,  -0.02041,  -0.00072,   0.01569,   0.05836,   0.01733,   0.03703,   0.01077,  -0.04339,   0.03374,   0.06985,  -0.01713,  -0.01221,   0.02554,   0.02554,  -0.01877,   0.09611,  -0.02698,   0.07477,  -0.01385,   0.02718,  -0.01713,  -0.01056,   0.03703,  -0.04503,  -0.01056,  -0.05980,  -0.04831,  -0.01056,  -0.11231,   0.06000,  -0.01713,   0.04523,  -0.06636,   0.09775,   0.03210,   0.08790,  -0.02369,   0.03210,   0.00420,   0.01405,  -0.04010,   0.05672,  -0.05323,  -0.00892,  -0.03354,   0.01569,   0.09611,  -0.10903,  -0.05487,   0.04359,   0.00092,   0.08134,  -0.00400,  -0.00236,   0.05016,  -0.07621,  -0.01549,   0.09775,  -0.02698,   0.04523,  -0.00400,   0.03374,  -0.03518,  -0.02205,  -0.01877,  -0.05816,   0.03703,   0.00749,   0.03374,  -0.00564,   0.04195,   0.02718,  -0.01056,  -0.01056,  -0.00892,   0.01569,   0.00913,  -0.00400,  -0.00236,  -0.09754,   0.10759,   0.00256,  -0.04667,  -0.05652,  -0.08605,  -0.01385,   0.05672,  -0.04667,  -0.04831,   0.03703,   0.10103,   0.01897,  -0.04995,  -0.01385,   0.04523,   0.03210,  -0.01056,   0.00749,   0.06328,   0.00092,   0.01897,  -0.02862,   0.01733,  -0.04831,   0.06657,  -0.03846,  -0.11559,  -0.02533,   0.05672,  -0.05816,  -0.03846,   0.07149,   0.02390,   0.07969,   0.02226,   0.02062,   0.00585,   0.00749,   0.03867,  -0.03026,   0.06985,   0.01569,  -0.03354,   0.04523,   0.01733,  -0.02205,  -0.01385,   0.05016,  -0.00400,  -0.07949,   0.02226,  -0.07949,  -0.05323,  -0.04503,   0.01405,   0.04359,   0.00913,   0.05508,  -0.03026,   0.02062,  -0.02369,   0.02554,  -0.11067,   0.00749,  -0.04831,   0.00913,   0.00092,   0.04851,   0.02554,  -0.03518,   0.07805,  -0.03026,  -0.03190,   0.03703,  -0.03190,   0.01405,  -0.07621,   0.08790,  -0.02369,  -0.06964,  -0.06144,  -0.02205,  -0.02862,  -0.01221,  -0.02041,  -0.03846,   0.07477,   0.00913,   0.05508,   0.01569,  -0.03846,   0.02390,   0.10923,   0.00256,  -0.08441,   0.03210,   0.04195,  -0.03026,  -0.00400,   0.00420,  -0.00236,  -0.02205,   0.05508,   0.01405,  -0.10082,   0.01077,   0.02882,  -0.00236,   0.03867,  -0.00892,  -0.01221,   0.01241,  -0.07129,   0.03210,   0.08134,   0.08790,   0.03374,  -0.00072,  -0.02369,   0.06492,   0.00092,  -0.07785,   0.02062,   0.00420,   0.03046,  -0.09918,   0.01897,   0.09446,  -0.03846,   0.06821,   0.02226,  -0.01549,  -0.06144,   0.00585,   0.02226,  -0.05487,  -0.00400,   0.02226,   0.00420,  -0.00400,  -0.05159,   0.01897,  -0.05816,   0.05180,  -0.02862,   0.10431,  -0.01713,  -0.00564,   0.00256,  -0.07949,   0.01897,   0.08626,   0.01405,   0.11744,  -0.07621,   0.02390,   0.07805,  -0.04995,  -0.01385,  -0.00072,   0.00092,  -0.03354,  -0.07293,   0.00256,  -0.02369,  -0.03846,   0.02226,   0.04031,  -0.03518,  -0.01713,   0.03374,  -0.06964,   0.00913,  -0.03354,  -0.08605,   0.02554,   0.04359,  -0.02369,   0.07149,  -0.01221,  -0.00400,   0.04851,   0.06000,   0.02062,   0.01405,  -0.06308,   0.08462,   0.05508,   0.09282,  -0.05487,   0.01897,   0.01733,   0.01405,   0.00256,   0.03703,   0.06164,  -0.04175,  -0.02369,   0.02390,   0.00092,  -0.02041,  -0.02862,   0.02062,  -0.00564,   0.02226,   0.01897,   0.01405,  -0.02369,   0.03046,   0.00420,  -0.11559,  -0.07457,  -0.00892,   0.00749,  -0.05487,   0.02226,  -0.02205,  -0.03190,   0.06657,   0.06492,  -0.09754,   0.03539,  -0.02369,  -0.07949,  -0.02369,  -0.00564,  -0.01713,   0.03210,   0.02062,   0.04523,  -0.04995,   0.03539,  -0.03682,  -0.01713,  -0.04831,  -0.00236,   0.00092,  -0.01713,  -0.01056,   0.05180,   0.01241,  -0.06800,  -0.05159,  -0.07621,   0.00913,  -0.00728,   0.00913,  -0.06472,   0.00420,  -0.00728,   0.00256,  -0.00400,   0.04195,  -0.01056,  -0.05487,   0.00585,  -0.03190,  -0.05159,  -0.05323,  -0.05487,   0.06821,  -0.04995,   0.00585,   0.02062,  -0.09426,  -0.02369,  -0.00400,   0.00585,  -0.01385,  -0.04831,   0.01569,   0.02882,   0.06000,   0.04523,   0.02062,   0.00749,  -0.03354,   0.03539,   0.04359,   0.05016,   0.08954,  -0.02862,  -0.02533,   0.06164,   0.03867,  -0.08770,   0.02554,   0.01405,   0.04851,  -0.03354,   0.05508,  -0.04667,  -0.00072,   0.03374,  -0.06636,  -0.00236,   0.06328,  -0.00072,   0.04031,  -0.00728,  -0.03354,  -0.04339,  -0.05652,  -0.04831,  -0.01385,   0.00749,   0.05672,   0.00585,   0.01733,   0.01733,  -0.00400,  -0.02205,   0.04031,  -0.01056,   0.01569,  -0.02369,  -0.02862,   0.07149,  -0.08113,  -0.06472,  -0.02698,   0.00749,   0.03867,   0.02882,  -0.03026,  -0.01877,   0.00913,   0.14370,   0.10759,  -0.01056,   0.07149,  -0.01221,  -0.06308,  -0.01877,  -0.02369,   0.01897,  -0.01713,  -0.14513,  -0.10247,  -0.03518,  -0.02041,  -0.05159,   0.06164,   0.00420,  -0.00728,  -0.01221,   0.04031,   0.03046,  -0.03518,   0.02062,   0.03210,  -0.02369,   0.02226,  -0.00072,  -0.08277,  -0.07293,   0.01405,  -0.01056,   0.02226,   0.03703,   0.03374,  -0.03518,   0.00420,  -0.15498,  -0.05323,  -0.06472,   0.09118,   0.00585,   0.03210,  -0.07293,   0.00913,   0.00420,   0.05672,   0.00420,  -0.01713,  -0.05159,  -0.04831,  -0.04175,  -0.01056,  -0.02369,   0.08298,   0.03374,   0.05836,  -0.00728,  -0.01056,  -0.02698,  -0.07949,  -0.07785,  -0.03026,  -0.01549,  -0.00072,   0.00256,  -0.02698,  -0.02041,  -0.07457,   0.01733,  -0.02698,  -0.02205,  -0.12216,  -0.02698,   0.01897,  -0.01549,  -0.07621,   0.03703,   0.01077,   0.04359,  -0.06636,   0.04359,   0.10759,  -0.01713,  -0.03518,  -0.04339,   0.04851,   0.01733,   0.06985,   0.01733,  -0.08113,  -0.07785,  -0.07949,   0.01733,  -0.02369,   0.01733,  -0.02698,  -0.01056,  -0.03026,   0.06492,   0.03539,   0.03210,  -0.00564,   0.06328,   0.00420,  -0.00892,  -0.00072,   0.00092,   0.00256,   0.03374,  -0.03518,   0.03703,   0.02390,   0.01733,  -0.02369,   0.00749,  -0.00728,  -0.09262,   0.00913,  -0.01713,  -0.00564,  -0.01056,   0.03867,   0.01733,  -0.02533,   0.04031,  -0.03518,  -0.04339,  -0.05980,   0.01077,   0.01241,  -0.01877,  -0.00564,  -0.09918,   0.03703,   0.06985,  -0.01056,   0.01077,  -0.01385,   0.05180,   0.00092,   0.06985,   0.01897,   0.04851,  -0.04995,   0.06492,   0.06000,  -0.01385,  -0.04831,   0.00420,   0.03210,  -0.02205,   0.01405,  -0.05816,  -0.04995,   0.06328,  -0.02533,   0.11088,   0.00749,   0.00092,  -0.02041,   0.01077,  -0.04010,  -0.00892,  -0.03354,  -0.00236,  -0.01221,  -0.03190,  -0.01877,   0.02554,  -0.02862,   0.01733,   0.05016,   0.03867,   0.02718,  -0.01056,   0.04851,   0.06164,  -0.06472,  -0.03190,   0.08626,  -0.06800,  -0.05980,   0.05836,  -0.01056,  -0.01877,  -0.03026,  -0.03518,   0.00913,  -0.02041,   0.01897,   0.02882,   0.07313,  -0.04010,  -0.02862,   0.08626,  -0.01056,   0.00420,   0.00092,  -0.06472,   0.02062,  -0.04831,   0.01897,  -0.03026,  -0.04995,   0.00913,  -0.02369,  -0.00564,  -0.01221,   0.00749,  -0.01877,  -0.01056,   0.12236,  -0.00236,   0.00256,   0.04687,  -0.02533,  -0.04667,  -0.01713,  -0.00892,   0.03867,   0.05016,  -0.01549,   0.04851,  -0.00400,  -0.05487,  -0.02533,   0.02882,  -0.01713,   0.02226,  -0.02041,   0.08298,  -0.02041,  -0.01221,   0.04195,   0.06492,   0.02882,  -0.01221,  -0.03846,   0.00913,   0.02554,  -0.03518,   0.06328,   0.08298,  -0.00072,  -0.01877,   0.08954,  -0.03682,  -0.03026,   0.04523,   0.06328,   0.02390,   0.00585,  -0.01221,  -0.00892,   0.02718,   0.03867,  -0.06636,  -0.04503,   0.11744,   0.04359,  -0.03190,  -0.03354,   0.00420,  -0.03518,   0.00092,  -0.01385,  -0.00072,  -0.00236,   0.03210,   0.00749,   0.05180,   0.03867,   0.02390,   0.04359,  -0.02205,   0.06328,  -0.07129,   0.02226,  -0.01221,   0.10431,   0.01077,  -0.02041,  -0.00728,  -0.07293,   0.02554,  -0.03354,  -0.03190,  -0.01385,   0.02718,  -0.08605,  -0.07457,   0.10759,   0.00749,   0.02390,  -0.00892,  -0.01056,   0.12893,  -0.11395,   0.03046,  -0.07785,  -0.05159,   0.04031,  -0.05487,   0.02062,  -0.03682,  -0.02369,  -0.06308,  -0.03518,   0.04687,   0.04687,  -0.04339,   0.00749,  -0.09098,  -0.00728,   0.03210,  -0.01221,  -0.00072,   0.06492,  -0.02533,   0.01897,  -0.01221,  -0.05159,   0.00256,   0.02718,  -0.03190,   0.05508,   0.00420,   0.04195,   0.05672,  -0.02041,  -0.13365,   0.08790,   0.04687,  -0.04175,  -0.07949,  -0.03026,  -0.02205,  -0.02205,   0.02554,  -0.00728,   0.03703,   0.02554,   0.06657,  -0.02369,   0.08790,  -0.09262,   0.07149,   0.00585,  -0.01385,  -0.00564,   0.06328,   0.00420,   0.03703,   0.10923,   0.02062,  -0.01385,   0.02390,  -0.07129,   0.04195,  -0.01549,   0.07805,  -0.05323,  -0.02369,   0.00420,   0.03867,   0.06000,   0.03703,  -0.00236,  -0.01385,  -0.01385,   0.00092,  -0.00564,  -0.08277,   0.03539,   0.00913,   0.04851,  -0.01877,  -0.02862,  -0.05487,  -0.02041,  -0.01056,  -0.00072,  -0.04831,   0.02062,  -0.01713,   0.05508,  -0.02862,  -0.09590,   0.08298,  -0.05980,  -0.01549,   0.04359,   0.01241,  -0.04503,  -0.02041,  -0.00072,   0.02718,   0.00913,   0.10923,  -0.04503,   0.09446,  -0.05323,   0.03046,   0.01733,  -0.07949,   0.07149,  -0.01056,   0.01897,   0.06821,  -0.00564,   0.06000,   0.06657,  -0.04831,  -0.03190,  -0.00728,  -0.07129,   0.08790,   0.05836,  -0.00400,   0.01077,  -0.04175,  -0.03190,  -0.04503,  -0.01549,  -0.00892,  -0.08934,   0.10267,   0.01569,  -0.03190,   0.07477,  -0.03846,  -0.03682,  -0.03190,  -0.07621,   0.01733,   0.01897,   0.01733,  -0.00072,  -0.04667,   0.06657,   0.03703,  -0.08441,   0.02554,   0.04523,  -0.07621,   0.06000,   0.01241,   0.00256,  -0.04503,  -0.00892,   0.02718,   0.05672,  -0.03518,   0.03867,  -0.05487,  -0.04010,  -0.03190,  -0.02862,   0.04031,   0.00749,   0.04195,  -0.06308,  -0.06636,   0.02554,  -0.01221,  -0.03026,  -0.00728,   0.05508,   0.00420,  -0.04503,  -0.00400,  -0.01221,  -0.00564,   0.04851,   0.01733,   0.09775,  -0.01385,  -0.05816,  -0.01877,  -0.02533,  -0.05487,   0.07641,  -0.06472,  -0.03026,  -0.03026,  -0.02205,   0.04359,   0.05672,   0.03539,  -0.03518,  -0.01713,   0.00749,  -0.00400,  -0.01385,  -0.00564,   0.07969,  -0.04010,   0.03703,  -0.05980,   0.01077,  -0.04503,   0.02062,   0.00092,   0.04687,   0.03867,  -0.00400,  -0.05159,  -0.02862,  -0.04831,   0.05180,  -0.05980,   0.02718,   0.07477,  -0.00236,  -0.00892,   0.01569,   0.03210,   0.06985,  -0.05816,  -0.11724,  -0.02698,  -0.03190,   0.03046,   0.05508,  -0.02369,   0.00749,   0.09118,   0.04359,  -0.03846,  -0.08277,   0.05016,  -0.05816,  -0.00728,  -0.09098,  -0.00892,  -0.05159,   0.02226,   0.00749,   0.09775,  -0.01713,   0.07805,  -0.04010,   0.01897,   0.04523,  -0.01385,   0.06000,  -0.01549
   0.00749,  -0.01056,  -0.04667,   0.04031,  -0.08770,  -0.03846,   0.00913,  -0.02698,  -0.00236,   0.02062,  -0.08277,   0.01077,   0.03374,  -0.00236,  -0.02041,  -0.00236,   0.01241,   0.02882,   0.00420,   0.02390,   0.07969,   0.02062,   0.00256,   0.03046,  -0.01713,  -0.02369,  -0.05816,   0.00913,  -0.01385,  -0.04995,   0.02554,  -0.00400,  -0.02698,  -0.06800,  -0.01385,  -0.05487,  -0.04667,  -0.06800,   0.01569,  -0.01221,   0.02882,  -0.00072,  -0.00072,   0.00585,   0.02554,   0.03046,   0.07313,  -0.06472,   0.03703,   0.02554,  -0.06964,   0.01405,   0.00092,  -0.02533,   0.02882,  -0.03354,  -0.01713,   0.02062,  -0.07785,  -0.03846,  -0.05980,  -0.05159,  -0.03190,   0.06821,   0.05344,   0.01569,  -0.05816,   0.05508,   0.09282,   0.01077,  -0.03190,  -0.04831,   0.07149,  -0.04339,  -0.00400,  -0.00236,  -0.03682,   0.01569,   0.02226,   0.02390,   0.06328,   0.09611,  -0.05652,  -0.00236,  -0.00728,  -0.02533,  -0.02533,   0.00749,   0.04523,   0.02062,  -0.02205,   0.04851,   0.06492,  -0.04831,  -0.01549,   0.02554,   0.02390,   0.01077,  -0.05816,   0.03210,  -0.00564,   0.00585,   0.06657,   0.02554,  -0.01385,   0.05836,  -0.03354,   0.02390,   0.05344,  -0.00728,  -0.03682,  -0.00400,   0.02390,   0.09282,   0.04031,   0.03210,  -0.02205,   0.04359,   0.02882,   0.03046,  -0.00400,  -0.03846,   0.02390,  -0.04995,  -0.03682,  -0.01385,   0.00749,  -0.00892,   0.00420,  -0.00728,   0.02062,   0.04851,   0.03703,  -0.00892,   0.03374,  -0.01877,  -0.01877,   0.03703,   0.04359,   0.02718,   0.03210,   0.06492,   0.03867,  -0.02533,  -0.00892,  -0.03026,   0.01897,   0.01897,   0.05508,   0.01241,  -0.01549,  -0.02041,   0.03703,   0.00420,  -0.05652,  -0.02698,  -0.12052,   0.05836,  -0.02698,  -0.01877,   0.00585,  -0.06472,  -0.01549,   0.00585,   0.00256,  -0.01549,  -0.02205,  -0.04010,  -0.00564,   0.00749,  -0.01385,  -0.00564,   0.04851,  -0.11559,  -0.09098,   0.06164,   0.05344,  -0.01385,  -0.03190,   0.01077,  -0.07457,  -0.05652,   0.03703,   0.03210,   0.06164,   0.04359,   0.04523,  -0.04010,  -0.04175,   0.00420,  -0.05652,  -0.06144,  -0.02533,  -0.03682,  -0.01385,  -0.03518,   0.02226,   0.03867,  -0.01385,   0.00913,   0.04195,  -0.00892,   0.00256,   0.07477,  -0.07129,  -0.00072,   0.04687,   0.02226,  -0.03354,  -0.02862,   0.00256,   0.01897,  -0.03682,   0.00749,   0.01241,  -0.02862,   0.03539,  -0.07129,   0.06657,   0.02062,   0.00913,   0.02554,  -0.05652,   0.05180,   0.01077,   0.01241,   0.03046,  -0.00564,   0.03867,   0.02226,  -0.00564,  -0.03518,   0.09118,  -0.01385,   0.03539,   0.06164,  -0.01385,  -0.03026,  -0.05816,  -0.00564,   0.06164,  -0.03190,  -0.00236,   0.03539,   0.07805,  -0.04503,   0.01569,  -0.07457,  -0.00236,   0.01733,   0.07313,   0.00749,  -0.05816,  -0.03846,   0.01897,  -0.02862,   0.00256,  -0.03190,   0.00585,  -0.01713,  -0.01549,   0.00913,   0.02718,   0.04359,   0.04359,   0.01569,  -0.08113,  -0.01221,   0.07641,   0.02882,  -0.05323,  -0.02205,   0.00256,  -0.03682,   0.09118,   0.04687,  -0.01877,   0.04851,   0.03703,  -0.04339,   0.05016,   0.01897,   0.02390,  -0.00564,  -0.01221,   0.01733,   0.00092,   0.01897,  -0.04995,  -0.05323,   0.02554,   0.02062,  -0.04995,  -0.05487,  -0.00236,   0.03374,  -0.04667,  -0.03354,   0.03374,  -0.05159,   0.01897,  -0.02205,  -0.02533,   0.01241,   0.00420,  -0.00072,  -0.08441,   0.01733,   0.09611,  -0.02862,  -0.00400,  -0.03682,   0.03210,  -0.04339,   0.02062,  -0.01877,   0.11088,   0.04523,  -0.01056,   0.04195,   0.00420,  -0.00236,  -0.01713,   0.02554,  -0.04010,   0.11908,   0.03703,  -0.00564,  -0.01056,  -0.03354,  -0.02369,  -0.03354,   0.03210,   0.04687,  -0.05980,  -0.02698,  -0.06472,  -0.00236,  -0.06144,   0.08790,  -0.05816,   0.04195,  -0.01221,  -0.01713,  -0.01877,  -0.02698,  -0.02041,  -0.04667,   0.00420,  -0.00400,  -0.01385,  -0.05816,  -0.04667,  -0.00564,  -0.01221,   0.06657,   0.04359,  -0.00564,  -0.04831,   0.04523,   0.03374,   0.04195,  -0.05323,   0.06164,  -0.03518,  -0.01877,  -0.04831,   0.00092,   0.00256,  -0.01877,   0.02390,  -0.03026,   0.02554,  -0.02698,   0.00585,  -0.08277,  -0.00892,  -0.05652,   0.00749,  -0.03846,  -0.01056,  -0.03846,   0.01569,   0.04031,  -0.03846,  -0.03846,   0.02226,   0.02062,   0.02554,   0.00749,   0.10595,  -0.03354,  -0.01877,   0.01569,  -0.00892,   0.02882,   0.03210,   0.01897,   0.00256,  -0.03354,  -0.05980,   0.00585,  -0.00072,  -0.02369,   0.00092,   0.04031,  -0.01877,   0.03374,   0.02554,  -0.00072,   0.05016,   0.00585,  -0.07293,   0.01897,   0.04195,  -0.04175,   0.00913,  -0.04503,  -0.02041,  -0.03846,   0.01077,   0.00256,  -0.01385,  -0.02862,  -0.00236,   0.06328,  -0.08934,  -0.02862,   0.01733,   0.01241,  -0.03026,  -0.02041,  -0.01385,  -0.05159,   0.01405,  -0.00072,   0.01405,   0.05508,   0.01077,  -0.00072,  -0.03518,  -0.03026,  -0.01056,  -0.00728,  -0.00236,   0.08626,  -0.02369,  -0.04831,  -0.00236,  -0.00892,  -0.03682,   0.02062,   0.03046,   0.05180,   0.00256,  -0.03354,  -0.08277,   0.01897,  -0.00072,   0.00749,   0.02718,  -0.00072,   0.07477,   0.05836,   0.00092,   0.01241,  -0.01549,   0.01405,  -0.00072,  -0.00072,  -0.01385,  -0.01713,  -0.00564,  -0.03518,   0.00749,   0.06985,  -0.07293,  -0.02862,   0.06328,  -0.01056,  -0.04667,  -0.00236,   0.00585,  -0.07129,  -0.03846,  -0.00892,   0.08626,  -0.01549,  -0.02369,  -0.04831,   0.00913,   0.00749,  -0.01056,   0.03046,   0.03539,  -0.04010,   0.04523,   0.04687,   0.03539,   0.06164,   0.01897,   0.03046,  -0.00728,  -0.03846,   0.01569,   0.01077,   0.00092,  -0.01221,  -0.01713,  -0.05652,   0.06985,  -0.04339,  -0.00400,  -0.00892,  -0.00564,  -0.00400,  -0.01056,   0.06164,  -0.04667,   0.10759,   0.04031,  -0.04503,   0.06657,   0.01733,  -0.05159,  -0.01713,   0.00092,   0.06164,  -0.06472,  -0.04831,  -0.02533,  -0.06144,   0.01241,  -0.02862,  -0.09262,   0.01569,  -0.06144,   0.03210,   0.00420,  -0.01713,  -0.02698,   0.10267,   0.01405,   0.06492,  -0.00892,  -0.00728,  -0.00400,  -0.03190,  -0.00236,  -0.07785,  -0.10739,  -0.05159,   0.00092,   0.03539,  -0.02698,  -0.03846,  -0.02698,  -0.03026,  -0.00728,  -0.00400,  -0.04831,  -0.01549,   0.08790,  -0.04503,  -0.03026,  -0.00728,   0.04031,  -0.01221,   0.06657,   0.03539,   0.01569,   0.02882,   0.06657,   0.00256,   0.09282,   0.04195,  -0.00564,  -0.04175,  -0.01056,  -0.05487,   0.04195,  -0.03190,  -0.04831,  -0.01549,  -0.00564,   0.00256,   0.07805,  -0.01385,   0.05180,  -0.07621,   0.01077,  -0.03682,   0.00256,  -0.02369,  -0.02698,  -0.01877,   0.04523,   0.02882,  -0.03354,   0.06657,  -0.02041,  -0.05159,  -0.04503,  -0.02205,  -0.01385,   0.04851,   0.00749,  -0.00400,   0.02390,   0.06821,   0.09611,  -0.00236,  -0.00236,   0.03046,   0.04523,  -0.04339,  -0.05487,  -0.04667,  -0.02369,   0.00420,   0.00256,   0.00585,  -0.04339,   0.07969,  -0.03190,  -0.04831,  -0.02369,   0.05016,  -0.02369,   0.00585,  -0.01877,  -0.02698,   0.03046,  -0.01877,  -0.07621,  -0.01549,  -0.06144,   0.04195,  -0.03682,   0.01897,  -0.02041,   0.01405,   0.08626,   0.04031,   0.02882,  -0.00072,   0.02062,   0.04031,  -0.08277,  -0.05816,   0.05180,   0.01241,  -0.06144,   0.02554,  -0.06308,  -0.02533,  -0.04175,   0.00913,  -0.01221,  -0.02533,  -0.07457,   0.09118,   0.02554,   0.02882,   0.04687,  -0.01877,   0.03374,   0.10103,   0.00749,   0.04195,   0.00913,   0.03539,   0.02554,  -0.08113,  -0.05159,  -0.00728,   0.04031,  -0.14677,  -0.01056,   0.06492,  -0.03190,   0.03539,   0.02390,   0.03374,   0.13221,   0.00092,  -0.01549,   0.00913,   0.02062,  -0.05487,  -0.02041,   0.02390,  -0.04503,  -0.00400,  -0.02698,   0.01569,   0.03867,  -0.04831,   0.01241,   0.06985,   0.01405,   0.03539,  -0.01713,   0.02062,  -0.02698,  -0.01713,  -0.07129,  -0.01549,   0.03374,   0.00092,  -0.02205,   0.02554,  -0.08113,   0.01897,   0.05508,  -0.03518,   0.04523,  -0.00400,  -0.05159,  -0.01221,   0.00256,  -0.05487,  -0.03354,  -0.07129,  -0.04995,  -0.03026,   0.02718,  -0.05159,   0.07641,   0.07313,   0.03374,   0.03703,  -0.01385,  -0.03026,   0.04523,   0.09446,  -0.01549,  -0.02041,   0.08298,  -0.03190,   0.05672,   0.04195,  -0.08277,   0.02226,  -0.06800,  -0.04503,   0.05836,  -0.03682,   0.00749,  -0.00072,   0.02718,   0.01077,   0.02718,  -0.00072,   0.02062,   0.05344,   0.05508,  -0.02205,   0.05344,  -0.01549,   0.03867,  -0.00400,  -0.03354,   0.02718,  -0.02205,   0.00092,   0.05344,  -0.01877,   0.05016,  -0.03846,  -0.04175,  -0.00892,  -0.01877,  -0.06964,  -0.00892,  -0.00072,  -0.02698,   0.00749,   0.02062,  -0.08441,   0.01897,  -0.01877,   0.05672,   0.00913,  -0.06964,  -0.01056,   0.03703,   0.07477,   0.03046,   0.01077,  -0.07129,  -0.01385,   0.03703,  -0.01713,   0.12729,  -0.02041,   0.00749,   0.00913,  -0.04995,   0.02390,  -0.08441,   0.03703,  -0.06964,   0.01405,   0.00092,  -0.04175,   0.01241,   0.00585,  -0.02369,   0.09775,   0.07477,   0.04851,  -0.02041,  -0.00564,  -0.02862,   0.04359,  -0.05159,   0.02882,   0.01733,  -0.06964,  -0.02698,  -0.02533,  -0.03518,  -0.01056,   0.05508,  -0.05652,   0.06164,   0.02554,  -0.03026,   0.00585,  -0.06964,   0.00749,   0.01077,  -0.02369,   0.01405,  -0.06636,  -0.03190,  -0.06800,  -0.03190,   0.04687,  -0.06636,  -0.03026,   0.01405,   0.01077,  -0.01056,  -0.02041,  -0.03354,  -0.03354,   0.02062,  -0.03354,  -0.03190,   0.02554,  -0.00564,  -0.01056,  -0.04175,  -0.04175,   0.09775,  -0.05487,   0.04359,  -0.08277,  -0.05487,  -0.01877,   0.02882,   0.05508,  -0.00564,   0.00092,  -0.04667,   0.08954,   0.01405,   0.00092,   0.05180,  -0.04010,  -0.08277,  -0.00564,  -0.06964,  -0.00564,   0.01077,   0.03703,   0.03539,  -0.06472,  -0.07949,  -0.04995,   0.05344,  -0.00728,  -0.02205,   0.01405,  -0.01713,  -0.04831,   0.00585,   0.02226,  -0.00072,   0.05836,   0.01241,   0.06000,  -0.01549,   0.00913,  -0.02041,  -0.02205,  -0.01385,  -0.04339,  -0.05323,   0.05016,  -0.00236,   0.00092,   0.01569,   0.02390,   0.04523,  -0.03026,   0.02718,   0.03374,   0.00092,  -0.00400,   0.01569,  -0.02862,   0.04359,  -0.02533,  -0.00564,   0.03703,   0.04523,  -0.03190,  -0.09754,   0.01077,   0.02062,  -0.01713,   0.01569,  -0.03518,   0.06492,  -0.00236,  -0.01877,   0.09282,   0.07969,  -0.01549,  -0.00892,   0.01897,   0.02062,  -0.02698,  -0.04667,  -0.03354,   0.05180,  -0.00892,  -0.04175,  -0.00072,   0.02062,  -0.03026,  -0.02205,   0.00092,   0.04359,   0.04523,   0.01077,   0.00420,   0.03046,   0.00256,   0.03703,   0.04687,   0.02718,  -0.04010,   0.02554,   0.01241,  -0.02041,  -0.04995,   0.10759,  -0.00892,  -0.05980,   0.06000,  -0.08770,  -0.03518,   0.02390,   0.01241,   0.03539,  -0.02205,   0.03046,   0.01897,   0.01241,   0.01405,  -0.01877,  -0.06800,   0.01405,  -0.07129,   0.01405,   0.11252,  -0.02041,   0.01569,   0.00913,   0.03703,  -0.09918,   0.00092,  -0.00236,   0.00749,   0.05836,   0.01077,   0.10759,  -0.00564,  -0.02041,   0.03374,   0.07805,  -0.03190,   0.06000,   0.03046,   0.01733,  -0.02041,   0.03703,   0.01077,   0.00256,   0.03210,   0.05180,  -0.01221,   0.06328,  -0.06800,   0.03374,  -0.01056,  -0.06308,  -0.01549,  -0.03846,  -0.03026,  -0.04667,  -0.08113,  -0.05159,   0.03539,  -0.03518,  -0.01713,  -0.04339,  -0.07621,  -0.01713,   0.04195
  -0.03682,   0.04523,  -0.05816,  -0.02041,   0.08462,   0.02390,  -0.01549,   0.06492,   0.03046,   0.03539,  -0.00564,   0.03046,   0.08134,   0.07805,   0.10103,   0.05180,  -0.06636,  -0.04339,   0.02226,  -0.07949,   0.02226,   0.04031,   0.02226,  -0.07785,   0.07969,  -0.02533,  -0.02041,  -0.05816,  -0.01549,  -0.05652,  -0.07129,  -0.04175,  -0.03354,  -0.01877,  -0.07457,   0.06821,  -0.03354,  -0.08277,   0.00585,  -0.05159,   0.08626,   0.07641,   0.07969,   0.00913,  -0.02205,  -0.03190,  -0.04010,  -0.07457,  -0.00072,  -0.04667,  -0.01713,   0.02882,   0.00585,  -0.03846,  -0.03518,   0.07149,   0.04359,  -0.03354,   0.07969,  -0.02041,   0.00256,  -0.11067,  -0.04667,   0.01241,  -0.04339,   0.00749,  -0.04175,  -0.00728,   0.03539,   0.01077,   0.03867,   0.00420,  -0.01056,  -0.02205,   0.06657,  -0.03354,   0.12236,  -0.05159,   0.00420,   0.00585,   0.00256,   0.11580,  -0.03354,  -0.00072,  -0.06144,  -0.03846,  -0.04010,  -0.00400,  -0.02369,   0.01405,  -0.00400,  -0.03354,  -0.00564,   0.01897,  -0.00892,  -0.00072,   0.02718,  -0.02041,   0.04523,  -0.04667,  -0.03190,   0.00749,   0.04195,   0.07313,   0.00256,   0.02062,  -0.05816,   0.03867,  -0.00892,  -0.02041,   0.02226,  -0.02369,  -0.04010,  -0.02533,   0.03210,   0.03539,   0.03539,  -0.07457,   0.09118,  -0.02041,  -0.05816,   0.01733,   0.00749,  -0.02862,   0.04031,  -0.02533,   0.01569,  -0.04503,  -0.01056,  -0.01056,   0.00585,   0.04359,   0.01241,   0.03539,   0.05016,   0.00420,   0.04195,  -0.00564,  -0.01713,   0.03539,   0.02554,   0.03374,   0.05344,  -0.07621,   0.02882,   0.01241,   0.04687,  -0.06800,   0.00092,   0.01077,   0.07641,  -0.00236,  -0.01877,   0.05672,   0.02554,  -0.00072,   0.03374,   0.07313,  -0.01385,  -0.03682,   0.04359,  -0.01221,  -0.04339,   0.01569,  -0.04831,  -0.00400,   0.07805,  -0.04995,  -0.03682,  -0.05980,   0.01569,   0.03539,   0.00913,   0.01733,  -0.11888,  -0.07457,  -0.00892,   0.03703,   0.03210,  -0.05159,  -0.02369,   0.05180,  -0.00892,   0.06492,  -0.08605,   0.02062,   0.03374,   0.02882,  -0.06636,  -0.03026,  -0.04503,   0.02390,   0.09775,   0.04687,  -0.01877,  -0.07785,  -0.01385,  -0.08277,   0.00585,   0.01733,  -0.05980,   0.04031,   0.04359,  -0.04175,  -0.06144,  -0.00564,  -0.02862,  -0.03682,   0.01569,  -0.01713,  -0.03026,   0.00420,  -0.02862,   0.01241,   0.07149,  -0.01877,  -0.05487,  -0.02041,   0.05672,  -0.07785,  -0.02862,   0.08790,   0.03046,   0.01405,  -0.03682,   0.00585,  -0.08770,  -0.02369,   0.01077,   0.01405,   0.08298,  -0.02041,  -0.03846,   0.07149,   0.03703,  -0.02533,  -0.04503,  -0.01713,   0.06328,   0.10103,  -0.01221,  -0.02862,  -0.07293,  -0.06308,   0.03210,  -0.06472,  -0.08441,  -0.00072,   0.00092,  -0.01056,   0.04031,  -0.00728,   0.06164,  -0.02205,  -0.08113,  -0.04010,  -0.01549,  -0.00400,   0.02062,  -0.03518,  -0.01713,   0.02062,   0.02390,   0.05836,  -0.03682,  -0.00564,   0.04523,  -0.03354,   0.00585,  -0.09098,   0.00092,   0.06657,  -0.07621,   0.02882,   0.02718,  -0.00236,   0.03210,  -0.02041,   0.00256,   0.11744,  -0.04831,  -0.00236,  -0.01056,   0.01897,  -0.04010,   0.00913,  -0.00236,  -0.02041,  -0.03518,  -0.07457,   0.02554,  -0.06308,   0.02062,  -0.00892,   0.01733,  -0.06964,   0.03539,  -0.06144,   0.01733,  -0.00728,   0.03703,  -0.00072,   0.08462,  -0.05487,  -0.04175,   0.05836,   0.12072,   0.03374,   0.01897,  -0.03846,   0.00749,  -0.00564,   0.06985,   0.00420,  -0.04831,  -0.02369,  -0.06964,  -0.08113,   0.03210,   0.04523,   0.07969,   0.08134,   0.00913,  -0.04503,   0.02882,  -0.00400,  -0.05159,   0.04195,   0.02718,   0.01569,  -0.04503,   0.04031,   0.01733,   0.00585,   0.03046,   0.02062,   0.04359,   0.06985,   0.03703,  -0.07129,  -0.00892,  -0.02862,  -0.00728,   0.04523,  -0.01385,  -0.05652,   0.02718,   0.05672,   0.04523,   0.01077,  -0.04010,  -0.00072,  -0.04667,   0.01897,   0.00913,  -0.01385,  -0.02698,   0.13549,   0.01241,  -0.00564,   0.01569,   0.03210,  -0.01385,   0.01569,  -0.02698,  -0.02533,   0.03374,  -0.00564,   0.00913,  -0.04010,  -0.05323,   0.01077,  -0.01056,  -0.01221,  -0.01713,   0.02882,   0.01405,  -0.05816,   0.03210,  -0.00072,   0.01897,   0.12893,   0.05180,   0.06164,   0.03703,   0.01241,   0.00256,   0.04359,  -0.02369,  -0.01056,  -0.00728,  -0.05159,   0.00749,   0.02390,  -0.00728,   0.00913,  -0.02369,   0.00256,  -0.00564,   0.00749,   0.01897,  -0.03354,   0.02062,   0.04031,  -0.07293,   0.01405,   0.00092,   0.06985,  -0.05323,   0.06328,  -0.00072,  -0.00728,   0.06985,  -0.08770,  -0.05323,   0.08298,  -0.03190,  -0.07785,  -0.00236,  -0.00236,   0.11416,   0.05836,   0.03539,   0.09282,   0.04523,   0.00585,  -0.00400,   0.06000,   0.00256,   0.04359,  -0.00564,   0.01897,   0.04687,  -0.01713,  -0.01056,  -0.02205,  -0.00400,  -0.03518,  -0.05652,  -0.01056,   0.08298,   0.00585,  -0.03190,   0.05836,  -0.06472,  -0.00564,   0.07477,  -0.03518,  -0.03518,  -0.03026,   0.07477,   0.01897,   0.07805,  -0.03846,   0.07805,  -0.03190,   0.00092,  -0.02041,  -0.01713,  -0.00728,   0.03210,  -0.03190,  -0.01385,   0.01569,   0.06164,  -0.00072,  -0.09426,   0.01569,  -0.01713,   0.04359,   0.05016,  -0.03682,  -0.02205,  -0.07785,   0.02226,  -0.00236,   0.06821,  -0.02698,   0.01405,   0.04359,  -0.06308,  -0.01221,   0.00256,   0.06000,  -0.04339,  -0.08277,   0.02554,   0.05180,  -0.03190,   0.01405,  -0.03354,  -0.02862,   0.00585,   0.01405,  -0.01549,   0.02882,  -0.02862,  -0.05652,   0.01569,   0.03374,  -0.04831,  -0.01877,   0.00092,  -0.03518,   0.01077,  -0.03190,  -0.00400,   0.05344,  -0.00892,  -0.03682,  -0.01385,  -0.01056,   0.08954,  -0.05816,  -0.02041,   0.02062,   0.02062,   0.04031,   0.04195,   0.03046,  -0.05652,  -0.01056,  -0.01877,   0.03210,  -0.00400,  -0.01549,   0.05508,  -0.05323,   0.03703,   0.01077,   0.02226,   0.01569,   0.03867,   0.02882,  -0.05323,   0.00420,   0.03539,  -0.01221,  -0.05816,  -0.05816,   0.01241,  -0.10082,   0.01405,  -0.03026,   0.02554,   0.00913,  -0.00728,  -0.01549,   0.08790,   0.12565,   0.06821,  -0.01221,   0.02390,   0.03867,  -0.04995,  -0.04667,  -0.03518,  -0.04339,  -0.03190,  -0.00072,  -0.06144,   0.04031,   0.10103,  -0.06308,  -0.03354,  -0.01713,   0.00256,  -0.01056,   0.01241,  -0.02698,   0.01569,  -0.07457,   0.01733,   0.00092,   0.03374,  -0.06964,   0.00913,   0.01897,  -0.02041,  -0.04010,   0.02226,  -0.00236,  -0.00072,  -0.06472,   0.05180,   0.01241,   0.05836,   0.00749,  -0.00892,   0.00256,   0.04359,  -0.03682,  -0.00728,  -0.01056,  -0.02533,   0.01569,  -0.06636,   0.04851,  -0.01385,  -0.06144,  -0.02862,  -0.03026,  -0.04503,  -0.00728,   0.00749,   0.02062,   0.01733,  -0.06964,  -0.01056,   0.02226,  -0.00892,  -0.05652,  -0.05323,   0.07477,  -0.06964,  -0.01549,   0.05016,   0.00749,  -0.05487,  -0.04010,   0.04031,   0.02062,  -0.03682,   0.04851,  -0.03518,   0.02554,   0.00420,   0.00256,  -0.07785,   0.00092,   0.03374,  -0.01877,   0.02062,   0.00585,  -0.00728,   0.03046,   0.04195,   0.04359,   0.03374,   0.00420,   0.00092,   0.00420,  -0.01877,  -0.03518,  -0.06144,  -0.01549,  -0.03026,  -0.02205,  -0.04831,  -0.02533,  -0.05980,  -0.05159,   0.03867,   0.02062,  -0.04667,   0.02882,   0.02554,  -0.05652,   0.04195,   0.04851,  -0.01877,  -0.03682,  -0.06636,   0.02718,  -0.01221,   0.08954,  -0.01549,  -0.03026,   0.06328,   0.06328,   0.01733,   0.00749,   0.02882,  -0.03190,   0.06821,   0.01733,  -0.05652,   0.00585,  -0.03682,   0.00913,   0.06985,  -0.00892,   0.01241,  -0.09098,  -0.06636,   0.03539,   0.02062,   0.04851,   0.05016,   0.03703,   0.00092,  -0.00236,  -0.01385,   0.00749,  -0.04831,  -0.02041,  -0.09590,   0.02062,  -0.00564,  -0.10575,   0.03374,  -0.00072,   0.01241,  -0.04175,   0.09446,   0.03374,   0.02718,  -0.01877,   0.02554,  -0.00236,  -0.04339,   0.04523,  -0.03682,  -0.04010,   0.01077,   0.04031,   0.04687,  -0.04503,  -0.05323,   0.06821,   0.03046,  -0.05323,   0.00749,  -0.06800,  -0.04995,  -0.07293,  -0.01221,   0.04031,  -0.07785,  -0.07785,  -0.00236,  -0.01713,  -0.06636,  -0.02533,  -0.00728,   0.03210,  -0.07621,  -0.07949,   0.00256,   0.09446,  -0.05159,   0.04687,  -0.11231,   0.00749,  -0.02533,   0.04687,  -0.02205,  -0.02862,   0.03867,  -0.03354,  -0.03518,   0.04195,  -0.02041,   0.01241,  -0.05159,   0.14534,  -0.00236,   0.08790,  -0.01221,   0.01405,  -0.02205,  -0.01549,  -0.01877,   0.00420,   0.01241,   0.06164,  -0.04667,   0.03374,   0.01405,  -0.09098,  -0.03026,   0.06328,   0.05344,  -0.02533,  -0.01056,  -0.03846,  -0.02698,   0.06328,  -0.05487,   0.01241,   0.02554,  -0.00236,   0.02718,  -0.03518,  -0.05159,  -0.04667,  -0.01385,   0.01569,   0.01405,  -0.04175,  -0.04339,   0.02718,  -0.01713,  -0.11067,  -0.01221,  -0.03190,   0.00749,  -0.06964,   0.03210,   0.02390,  -0.00236,   0.01733,  -0.04667,   0.06492,   0.01241,   0.00913,   0.05180,  -0.05487,   0.02554,  -0.05816,   0.03210,   0.02226,   0.02718,  -0.01385,   0.01077,   0.02226,  -0.00728,   0.03867,   0.00092,   0.01241,   0.01733,   0.04523,   0.06821,  -0.01385,   0.08134,  -0.04995,   0.00749,  -0.05816,   0.01733,  -0.00564,  -0.03354,  -0.04831,  -0.01385,   0.04523,  -0.02369,  -0.04010,   0.03046,  -0.02205,  -0.06144,   0.01569,   0.05672,  -0.00728,   0.04031,   0.00420,  -0.01385,  -0.00564,  -0.01549,  -0.02533,   0.00913,  -0.01221,  -0.02698,   0.05508,  -0.00400,   0.06657,   0.03374,  -0.01877,   0.06657,  -0.06308,   0.00420,  -0.02533,  -0.08113,  -0.05323,   0.01569,   0.01569,  -0.01056,   0.06000,  -0.02205,   0.03046,   0.07313,   0.03046,  -0.02369,  -0.00564,   0.04359,   0.08134,   0.07969,   0.03374,  -0.10739,  -0.03682,  -0.00728,  -0.01549,  -0.02533,   0.05836,   0.08954,   0.07641,  -0.08934,   0.01077,   0.01077,  -0.01385,   0.06657,   0.06164,  -0.05159,   0.02882,   0.05508,   0.07313,   0.03210,  -0.04995,   0.00256,  -0.03354,  -0.05652,  -0.07785,  -0.02862,  -0.04503,   0.00256,  -0.05816,   0.02882,   0.01897,   0.04031,  -0.01056,   0.08298,  -0.07293,   0.00913,   0.05508,  -0.05980,  -0.07129,  -0.01385,  -0.00564,  -0.06964,  -0.00236,  -0.03846,  -0.05323,  -0.01713,   0.02390,   0.05672,   0.01405,   0.03703,  -0.05159,  -0.00564,  -0.05159,  -0.07293,   0.01733,   0.07805,   0.03539,  -0.00564,  -0.02862,   0.00585,  -0.00072,   0.07805,   0.05836,   0.00913,   0.05180,   0.07149,  -0.02862,   0.01733,  -0.02041,   0.12729,   0.01241,   0.05180,   0.10103,  -0.01549,   0.02226,   0.08626,   0.00749,  -0.01385,   0.02390,  -0.01713,   0.02882,   0.04687,   0.04195,  -0.00400,   0.03539,   0.04031,   0.04195,  -0.01056,  -0.02698,   0.00092,   0.05344,   0.04359,  -0.00400,  -0.04010,  -0.05323,  -0.01713,   0.05344,   0.01405,   0.00092,  -0.05652,   0.02390,  -0.04175,  -0.04175,  -0.06636,   0.02390,   0.04851,  -0.06144,  -0.04175,  -0.01713,   0.10267,  -0.03354,  -0.03846,  -0.03354,  -0.03518,  -0.05652,  -0.02698,   0.04851,  -0.01877,  -0.01549,  -0.04667,  -0.00728,   0.02882,   0.02718,   0.02062,   0.04031,  -0.07293,   0.03046,   0.06000,  -0.05980,   0.00256,  -0.01549,   0.06657,  -0.01549,  -0.03682,  -0.00236,  -0.01385,  -0.03026,   0.05344,   0.00092,   0.04523,   0.02226,  -0.01549,   0.10595,  -0.00892,   0.02226,  -0.05816,  -0.03846,  -0.00236,  -0.00236
   0.04523,   0.02226,   0.00420,  -0.02205,   0.03046,  -0.00564,   0.01897,  -0.00564,  -0.01713,  -0.03846,  -0.05487,  -0.02698,   0.03867,   0.02554,  -0.06308,   0.00585,   0.01077,  -0.06964,  -0.14185,  -0.00728,  -0.00892,  -0.00400,   0.00913,   0.06164,  -0.03026,   0.02718,   0.02062,   0.08134,  -0.08277,  -0.03682,  -0.02205,  -0.04010,  -0.03190,   0.06164,   0.01241,   0.04687,  -0.03354,  -0.02862,  -0.00728,  -0.02041,  -0.09098,   0.02226,  -0.05487,  -0.00892,   0.00092,   0.00585,   0.02226,   0.02718,   0.00749,  -0.02041,  -0.03682,   0.00256,  -0.05652,  -0.02698,   0.01405,  -0.00400,  -0.03846,  -0.02041,   0.05016,   0.02554,  -0.01221,  -0.04503,  -0.10575,   0.01569,   0.05508,   0.03210,  -0.00564,   0.00585,  -0.01385,  -0.04667,   0.00913,   0.00913,   0.03867,  -0.04175,  -0.04667,  -0.02205,  -0.05980,   0.04195,  -0.03682,  -0.01056,  -0.02533,  -0.00564,  -0.05980,  -0.00892,   0.05344,  -0.06472,  -0.01056,  -0.02862,  -0.02369,  -0.00728,  -0.04339,  -0.06636,  -0.02862,   0.02882,   0.03703,   0.08790,   0.01405,  -0.01877,  -0.03190,  -0.00892,   0.02062,   0.02718,   0.04523,   0.05180,   0.01241,   0.03210,  -0.00892,  -0.01385,  -0.00728,   0.03046,   0.02390,   0.04195,   0.01241,  -0.04175,   0.06492,   0.02554,   0.03046,  -0.00728,  -0.02533,   0.02226,  -0.00236,  -0.06800,   0.00749,  -0.06636,   0.02062,   0.01569,  -0.01877,  -0.01713,  -0.01713,   0.00092,   0.00913,  -0.00072,   0.02062,  -0.07621,   0.00585,   0.03374,  -0.01713,   0.03867,   0.06821,   0.00749,   0.10759,   0.03703,  -0.05487,  -0.07457,  -0.04339,   0.00420,  -0.04010,  -0.01877,   0.02062,  -0.00072,  -0.01713,   0.01733,  -0.01221,   0.02062,  -0.04010,   0.01897,  -0.05816,  -0.02041,  -0.01713,   0.02062,  -0.02533,   0.00749,  -0.02862,  -0.04503,   0.01241,  -0.02369,   0.08954,  -0.04175,  -0.06964,   0.09939,  -0.00236,   0.01569,   0.00749,   0.01077,   0.08134,   0.03046,   0.10759,   0.03703,   0.06000,  -0.01221,   0.01897,  -0.09098,   0.01241,  -0.02533,   0.04523,   0.03046,   0.00585,  -0.08770,   0.03703,   0.03703,   0.01077,  -0.03682,  -0.01877,   0.01077,   0.07149,  -0.03682,   0.10431,   0.02554,   0.08134,  -0.05323,   0.01405,   0.01405,  -0.04175,  -0.02369,   0.02062,  -0.01056,  -0.02041,   0.08626,   0.00420,   0.01077,   0.00749,  -0.02205,  -0.04175,   0.05016,   0.02882,   0.02718,   0.00749,   0.02554,  -0.08277,   0.00749,  -0.04667,  -0.00400,   0.00256,  -0.04667,   0.02882,  -0.04175,  -0.02369,   0.05016,   0.01405,  -0.02205,   0.01241,  -0.05487,  -0.00400,   0.01405,   0.00256,  -0.04175,  -0.11067,  -0.04831,  -0.05980,  -0.06144,  -0.01877,  -0.01385,  -0.01549,   0.05508,  -0.03190,  -0.04831,   0.03374,   0.04359,   0.01569,  -0.05816,  -0.05323,  -0.05816,   0.01569,  -0.05652,  -0.00892,   0.05180,  -0.01549,   0.03046,   0.02554,  -0.02862,  -0.01385,   0.00749,  -0.01713,   0.06328,   0.02554,   0.04687,   0.03539,   0.02554,  -0.06308,  -0.04175,  -0.04010,  -0.01713,  -0.00072,   0.05672,   0.08626,   0.00913,   0.02226,  -0.02041,   0.01077,  -0.03354,   0.03374,   0.01077,  -0.03682,  -0.03518,   0.06164,  -0.01385,  -0.04175,  -0.07785,   0.03539,   0.01569,  -0.02369,   0.04031,  -0.04175,  -0.12052,  -0.01221,  -0.03682,  -0.01713,   0.00256,  -0.02862,  -0.02205,  -0.01385,  -0.01385,   0.02882,  -0.01877,   0.02390,  -0.01385,   0.00420,  -0.05323,  -0.05323,  -0.02205,   0.02226,   0.01405,  -0.04010,   0.03210,  -0.00400,   0.02062,  -0.01713,  -0.03026,  -0.00728,  -0.05487,  -0.05652,  -0.02862,   0.02226,  -0.05323,  -0.04010,   0.01077,   0.04359,  -0.00072,   0.02390,   0.00256,  -0.03846,  -0.01221,  -0.01713,  -0.02369,  -0.03354,   0.04851,   0.02226,  -0.02041,   0.03703,  -0.05159,  -0.05652,  -0.06308,   0.04031,  -0.02041,   0.03046,  -0.01385,  -0.02205,   0.04687,  -0.04010,   0.05672,  -0.07293,   0.04523,  -0.04010,   0.04687,  -0.00072,   0.02062,   0.04851,  -0.06308,  -0.03846,  -0.11231,   0.02718,   0.02062,  -0.02369,  -0.00236,   0.01569,   0.03703,  -0.01549,  -0.01713,  -0.04175,   0.01405,   0.02554,  -0.03518,  -0.02041,  -0.01385,   0.01733,  -0.03026,  -0.08441,  -0.05652,   0.04195,  -0.05487,   0.01897,  -0.01056,  -0.02533,   0.04031,  -0.04339,   0.04851,  -0.03026,  -0.04339,  -0.02533,  -0.03682,  -0.00728,   0.02226,   0.06000,   0.02226,   0.01241,  -0.02369,   0.04195,   0.09118,  -0.00236,   0.04851,   0.08626,   0.03210,   0.01241,   0.07477,  -0.05816,   0.04523,   0.07969,  -0.03026,  -0.06800,  -0.04831,  -0.01549,  -0.02205,  -0.02533,   0.03539,  -0.04339,  -0.06800,   0.07641,   0.00749,   0.05016,   0.01405,   0.01405,  -0.04175,  -0.07129,  -0.01549,  -0.11888,  -0.01221,   0.04523,  -0.01056,  -0.02862,   0.08134,   0.02062,   0.00749,   0.11088,  -0.03190,  -0.01713,  -0.01877,   0.02882,   0.06000,   0.02390,  -0.01221,   0.01897,  -0.00564,  -0.10247,  -0.00072,   0.09775,  -0.01056,  -0.01713,   0.05344,  -0.02205,   0.02390,  -0.00072,  -0.00072,   0.00092,  -0.03682,   0.00256,   0.10431,   0.05508,   0.05180,   0.02718,   0.02062,   0.05344,  -0.03518,  -0.01221,   0.02062,  -0.00564,  -0.03026,   0.00256,  -0.04339,  -0.02862,   0.07477,   0.04851,  -0.05159,   0.04523,  -0.02862,  -0.03846,   0.03703,  -0.04667,   0.06985,   0.03539,   0.05672,  -0.00072,  -0.07785,   0.05344,  -0.02369,  -0.01221,   0.06985,   0.07969,  -0.00892,   0.04195,   0.05672,  -0.01221,  -0.02533,  -0.01549,  -0.03846,   0.00913,   0.00092,  -0.05980,  -0.02041,   0.00092,   0.05344,  -0.00564,  -0.12380,  -0.04339,   0.06985,  -0.04995,  -0.03846,  -0.01713,  -0.01221,   0.05016,   0.03210,  -0.03354,  -0.01877,  -0.05980,   0.06657,   0.03046,   0.08134,   0.01077,  -0.05159,  -0.05159,  -0.00564,  -0.04175,  -0.00400,   0.07969,   0.07149,   0.06657,  -0.02369,   0.02390,   0.07805,   0.06164,   0.14206,   0.00913,   0.06164,  -0.01221,  -0.02041,  -0.06964,  -0.05159,  -0.02369,   0.00585,   0.09611,   0.12400,  -0.00728,   0.04523,  -0.06472,  -0.04010,   0.01405,  -0.00400,   0.01241,   0.04359,   0.05344,  -0.02205,   0.03539,  -0.01221,  -0.03190,  -0.02205,  -0.05816,   0.01569,   0.02390,   0.02390,   0.03374,   0.05016,  -0.07293,   0.07641,  -0.12216,   0.02718,   0.07477,   0.04851,   0.00092,  -0.02533,   0.00749,   0.11744,   0.01077,  -0.05159,  -0.02369,   0.00913,  -0.00400,  -0.01385,   0.06821,  -0.07785,   0.08298,  -0.13201,   0.00256,   0.00092,   0.01241,   0.00913,  -0.01056,  -0.03190,   0.00585,   0.00092,  -0.00236,   0.04851,   0.07149,  -0.02369,  -0.02041,  -0.04175,  -0.00400,  -0.10903,  -0.02698,   0.01241,   0.06492,   0.05344,   0.03046,  -0.03682,   0.05672,   0.00420,  -0.04831,   0.02062,   0.03374,   0.00913,  -0.00728,   0.02390,   0.00092,   0.01733,  -0.03682,   0.01405,   0.10103,   0.04851,   0.00749,   0.06164,   0.03210,   0.08462,   0.02718,  -0.00564,   0.04851,  -0.04175,   0.00749,   0.00092,   0.02554,  -0.00892,  -0.02862,  -0.03354,   0.05180,   0.01241,   0.00913,  -0.01549,  -0.03190,  -0.02369,  -0.00892,   0.08134,  -0.05487,  -0.07457,   0.03703,   0.00092,  -0.02369,  -0.02698,   0.04523,  -0.00564,  -0.01221,  -0.06308,   0.00420,  -0.04010,   0.01569,  -0.03354,   0.04687,   0.02882,   0.06164,   0.03374,   0.00585,  -0.03190,   0.06985,   0.01733,   0.05672,   0.02062,   0.10103,   0.00256,  -0.04175,   0.03867,  -0.00236,   0.03374,   0.13221,   0.01569,  -0.08934,   0.00585,  -0.04175,  -0.01221,   0.02062,   0.02062,  -0.05487,  -0.09262,   0.07477,  -0.02041,   0.05016,   0.04359,  -0.01385,  -0.05652,  -0.04667,   0.01241,  -0.02205,   0.08626,  -0.02533,   0.06328,   0.01733,  -0.12708,   0.00749,   0.02718,   0.03867,   0.02390,  -0.05652,   0.04687,  -0.03518,  -0.11559,   0.00092,  -0.05980,  -0.00564,  -0.03354,  -0.07129,  -0.02862,   0.01733,  -0.04667,  -0.06144,  -0.02369,  -0.05652,  -0.04010,  -0.01877,   0.00420,   0.08298,   0.02718,   0.01733,  -0.01877,   0.07477,  -0.00728,  -0.01385,  -0.03190,  -0.04175,  -0.04503,  -0.02205,   0.01897,  -0.02862,  -0.02041,  -0.00072,   0.03374,  -0.00236,   0.02718,   0.00420,   0.05016,  -0.03846,  -0.13201,   0.04195,   0.00092,   0.02226,   0.03210,  -0.00072,   0.01569,  -0.04995,  -0.04831,   0.01077,   0.01077,   0.00749,   0.05180,  -0.05652,   0.00913,  -0.06144,   0.03374,  -0.00236,  -0.05652,   0.01077,   0.08626,   0.00585,   0.01241,  -0.06144,  -0.08770,  -0.00892,  -0.07129,   0.02554,   0.02226,  -0.01877,   0.01569,  -0.01549,   0.06657,   0.00913,  -0.02862,  -0.01713,   0.00585,   0.01077,   0.03374,  -0.08770,   0.02226,  -0.05980,   0.03867,  -0.00072,  -0.03354,   0.03210,  -0.00072,  -0.05980,   0.01241,   0.07805,  -0.04339,  -0.03190,   0.01733,   0.03867,  -0.04339,  -0.00236,  -0.05816,  -0.00072,   0.01569,  -0.04831,  -0.02205,  -0.03518,  -0.00400,  -0.05652,  -0.00072,   0.02390,   0.03210,   0.02226,   0.00420,  -0.00892,  -0.02698,   0.03046,  -0.01385,   0.00913,  -0.03190,   0.01405,   0.00256,   0.00913,   0.04523,  -0.01221,  -0.04339,  -0.01549,  -0.01549,  -0.05323,   0.00749,   0.00256,  -0.06472,  -0.01056,  -0.02369,   0.01405,  -0.02862,  -0.01549,  -0.06144,   0.02226,  -0.01549,  -0.03354,  -0.02041,  -0.02205,   0.09611,  -0.05652,  -0.01056,   0.10759,   0.00585,  -0.00236,  -0.00564,   0.05016,  -0.07293,  -0.04503,  -0.05980,   0.04195,   0.00420,   0.01569,  -0.04667,  -0.03354,  -0.03026,   0.04851,   0.03867,   0.01405,  -0.00728,  -0.02698,   0.03210,  -0.00400,   0.05016,   0.00913,  -0.04503,  -0.01221,   0.03210,   0.03046,   0.02718,  -0.00728,  -0.09426,  -0.04831,   0.02062,   0.00420,  -0.10903,  -0.00564,   0.00420,   0.08298,  -0.01713,  -0.04175,  -0.02205,   0.00092,  -0.05980,   0.02718,   0.01733,   0.07149,   0.02882,  -0.04175,   0.00585,   0.06000,   0.03539,   0.09118,  -0.05816,   0.00913,  -0.09754,  -0.00728,  -0.01549,   0.02554,  -0.07457,   0.00420,   0.02062,   0.05344,  -0.03518,  -0.02205,  -0.03354,   0.02882,  -0.01549,  -0.01385,  -0.02369,  -0.05159,   0.04523,  -0.06144,  -0.01385,  -0.01056,  -0.10411,  -0.01385,   0.00749,  -0.03354,   0.05672,   0.04031,  -0.00400,   0.05508,  -0.02041,  -0.03682,   0.02062,  -0.02862,   0.03703,  -0.04831,   0.08790,  -0.01713,  -0.04175,   0.02062,   0.02226,   0.07969,   0.00913,  -0.05159,  -0.03354,  -0.01877,  -0.03190,  -0.03354,  -0.04831,  -0.00072,  -0.00728,  -0.01385,   0.09939,  -0.00072,  -0.04175,  -0.03518,   0.03703,   0.00749,  -0.00236,   0.06164,  -0.00236,   0.01897,   0.05344,   0.07477,  -0.03846,  -0.02862,   0.05016,  -0.04010,  -0.03026,  -0.02862,   0.07313,   0.08134,   0.00256,  -0.06964,   0.02390,  -0.00072,   0.01733,   0.01569,  -0.01877,   0.03703,   0.00585,  -0.06964,   0.11252,   0.09118,   0.01897,  -0.06144,  -0.03190,  -0.04667,  -0.09098,  -0.02698,  -0.01713,   0.00256,   0.04031,  -0.04503,   0.02718,   0.05672,   0.01405,  -0.07293,  -0.00400,   0.06000,   0.02390,   0.02882,  -0.01385,   0.05508,  -0.04010,   0.03374,   0.07805,   0.01405,   0.00256,  -0.05980,   0.03046,   0.05672,   0.15683,  -0.12872,   0.03046,  -0.04831,  -0.05652,  -0.02041,   0.00256,   0.06657,   0.04851,   0.02882,  -0.00236,   0.05836,   0.01569,  -0.12544,  -0.02533,   0.05016,  -0.03518,   0.03210,   0.02718,   0.02554,   0.04031,   0.02390,   0.02554,   0.01077,   0.05344
   0.00749,   0.07641,   0.03867,   0.02882,   0.04359,  -0.01056,   0.00420,  -0.00892,   0.01569,   0.01897,  -0.04175,  -0.02698,  -0.03518,  -0.05816,  -0.00892,  -0.03682,   0.01569,  -0.04831,  -0.05652,   0.02882,  -0.08441,   0.06985,   0.01897,  -0.07293,   0.11908,  -0.03846,  -0.06472,  -0.03682,  -0.03026,  -0.03026,  -0.01385,  -0.02205,  -0.05980,  -0.01056,   0.00092,  -0.06472,  -0.08113,   0.00913,   0.02554,   0.03046,  -0.00072,  -0.03846,  -0.06144,   0.02390,  -0.05980,   0.03703,   0.02718,   0.00749,  -0.00400,  -0.03518,   0.01241,   0.04195,   0.07641,  -0.07949,   0.00256,  -0.05159,  -0.04667,   0.03539,  -0.03518,  -0.01056,   0.05344,  -0.07129,  -0.00728,  -0.09262,  -0.00236,   0.02062,   0.05016,  -0.02862,   0.00420,  -0.05652,  -0.00892,   0.00585,  -0.00236,  -0.00072,   0.06985,   0.02226,   0.03374,  -0.00892,   0.02062,   0.00913,  -0.02205,   0.01569,   0.01733,   0.01733,  -0.03190,   0.00749,  -0.05487,  -0.06144,   0.00585,   0.00420,  -0.03026,   0.00585,  -0.02205,  -0.01385,   0.00092,   0.01241,   0.08626,   0.00256,   0.04687,   0.00092,  -0.00892,  -0.01385,  -0.07621,   0.02882,  -0.00892,  -0.03190,   0.01569,   0.00913,   0.04195,  -0.00400,   0.01405,  -0.03026,  -0.02205,   0.04687,   0.01241,  -0.01549,  -0.03846,  -0.04010,  -0.05980,   0.04195,  -0.06472,  -0.08934,  -0.09262,   0.02062,  -0.02205,   0.04359,   0.04523,  -0.01056,  -0.00728,  -0.02205,   0.00585,  -0.00072,  -0.05323,  -0.07293,  -0.03682,  -0.04175,   0.00092,  -0.00400,   0.05180,  -0.00728,   0.07313,   0.00420,  -0.01877,  -0.01877,  -0.00728,  -0.01877,   0.01405,  -0.03190,   0.01569,   0.06000,   0.01241,   0.04851,   0.02062,  -0.02862,   0.06000,  -0.03190,  -0.00236,  -0.07621,   0.05672,   0.09118,  -0.00236,   0.04523,  -0.01877,   0.01733,   0.02062,  -0.03354,  -0.00564,  -0.04831,  -0.04503,   0.08462,   0.01241,   0.00749,  -0.03354,  -0.00072,  -0.00892,   0.07149,   0.00913,  -0.00072,  -0.01877,  -0.05323,   0.01405,   0.00749,  -0.03518,   0.00913,  -0.02041,   0.00913,  -0.01713,   0.04523,   0.03046,  -0.08113,   0.00585,   0.06164,   0.03539,  -0.01056,  -0.03682,   0.01405,  -0.02041,   0.01733,  -0.09426,  -0.05159,  -0.03354,   0.05344,  -0.02698,  -0.01877,   0.03374,   0.01077,  -0.05652,   0.04687,   0.07477,   0.07477,  -0.04175,  -0.01549,  -0.05816,   0.01405,   0.05672,   0.05508,   0.04195,   0.02390,   0.02882,  -0.02369,   0.01569,  -0.06308,  -0.02698,  -0.04995,   0.02718,  -0.05816,   0.01241,   0.00092,  -0.01713,  -0.00564,  -0.03682,   0.01405,   0.05672,   0.01569,  -0.00564,   0.02226,  -0.03518,   0.00092,   0.01569,   0.00913,  -0.03846,   0.08134,   0.07313,  -0.01056,  -0.04010,  -0.00728,   0.00585,   0.06985,   0.01077,   0.01733,  -0.02369,   0.00092,   0.01077,   0.01569,   0.03210,  -0.06964,   0.01241,  -0.04831,   0.00092,  -0.01221,   0.02554,   0.02062,  -0.04503,   0.03046,   0.03374,  -0.02862,   0.02226,  -0.04010,   0.05344,  -0.04339,  -0.02369,  -0.00892,  -0.01221,   0.08134,  -0.03846,  -0.01385,  -0.04175,  -0.02698,  -0.00236,  -0.00072,  -0.02205,   0.04851,   0.00913,   0.01077,   0.00256,  -0.03354,   0.01241,  -0.01221,   0.05016,   0.08462,  -0.03518,   0.04359,   0.00420,  -0.04503,   0.09282,  -0.06144,   0.03539,   0.06657,   0.04687,  -0.02369,   0.04195,   0.06492,   0.01733,   0.04687,   0.08134,   0.04523,   0.03210,   0.00913,  -0.08770,  -0.01713,   0.03703,   0.02062,   0.00092,  -0.06964,   0.01733,  -0.02205,  -0.00892,   0.00585,   0.00092,   0.03374,  -0.03682,  -0.01549,   0.04031,   0.01077,  -0.03682,  -0.06308,  -0.04503,  -0.03190,   0.07313,   0.00092,  -0.09426,   0.00749,  -0.12052,   0.05180,   0.00913,  -0.01385,   0.01405,   0.00420,  -0.01549,  -0.03026,   0.03374,  -0.02533,   0.00749,  -0.04175,  -0.03682,  -0.00400,   0.00913,   0.04523,   0.03046,   0.02390,   0.02882,   0.03703,   0.00256,  -0.03190,   0.00749,   0.08954,  -0.05816,  -0.04339,   0.02554,  -0.01713,  -0.00236,  -0.08934,   0.04031,   0.01077,  -0.06472,   0.04195,   0.06492,   0.00749,   0.01569,  -0.04010,  -0.00400,   0.01241,  -0.06964,  -0.06964,   0.05672,   0.02718,  -0.02041,  -0.02369,  -0.01549,  -0.01877,   0.03867,  -0.00400,  -0.04667,  -0.04175,  -0.03190,  -0.00892,   0.04031,   0.04851,   0.01241,  -0.01385,  -0.04339,   0.00256,  -0.00072,  -0.03190,  -0.01221,   0.01569,  -0.00236,  -0.08277,  -0.01713,   0.03867,  -0.00564,  -0.03846,   0.02062,  -0.05159,  -0.02369,  -0.02698,   0.04687,  -0.00072,  -0.05487,   0.02062,  -0.04831,   0.01405,   0.02390,  -0.02205,  -0.00728,  -0.03846,   0.02718,  -0.05487,  -0.03518,  -0.00236,  -0.05652,   0.02226,   0.01077,   0.01897,  -0.00892,   0.00420,  -0.02698,  -0.02698,  -0.01056,   0.03046,  -0.07785,   0.03046,   0.04687,  -0.01385,  -0.04667,   0.02554,   0.01077,  -0.04667,  -0.05487,  -0.02698,  -0.05980,  -0.06800,   0.05836,   0.00749,  -0.05816,  -0.04175,  -0.01877,   0.00092,  -0.00728,   0.00585,   0.04031,  -0.06472,   0.00749,  -0.08605,  -0.00400,  -0.05980,   0.10267,   0.08298,  -0.00892,   0.02062,  -0.01056,   0.03867,   0.04195,   0.01077,   0.02062,  -0.00236,  -0.00728,  -0.05159,  -0.02041,   0.05016,  -0.01549,   0.05672,   0.00256,   0.03539,   0.05836,  -0.07129,  -0.00728,  -0.01713,  -0.05980,  -0.02698,   0.06164,  -0.01549,   0.02062,   0.03046,  -0.02862,   0.01405,   0.00256,   0.01569,   0.01241,   0.00420,   0.11744,   0.00092,   0.02554,   0.04523,  -0.02041,   0.05672,  -0.10082,   0.02882,  -0.01877,   0.00913,  -0.04667,  -0.01385,   0.00256,  -0.02698,  -0.03682,  -0.05159,  -0.01385,  -0.04010,   0.06821,   0.01569,   0.00585,   0.03867,   0.03046,   0.02062,  -0.06472,   0.02062,   0.02718,  -0.00728,  -0.06472,  -0.01549,   0.02062,  -0.04503,  -0.05323,  -0.04667,  -0.02369,   0.01897,  -0.02533,   0.03867,   0.00585,  -0.03190,  -0.02533,   0.00256,   0.04523,   0.03867,   0.03703,   0.01077,  -0.00400,  -0.01056,   0.01077,   0.04031,   0.02882,   0.00092,  -0.04339,   0.00913,   0.00420,  -0.06308,  -0.04831,  -0.03354,   0.00749,   0.01405,  -0.03846,   0.04687,  -0.00400,   0.02062,   0.01241,   0.05672,  -0.03354,   0.04523,   0.06328,   0.07641,  -0.00564,  -0.03354,  -0.05159,  -0.03190,  -0.00236,  -0.04175,   0.05508,   0.07805,  -0.03354,  -0.02205,   0.00420,  -0.02205,   0.09611,   0.01897,   0.03046,  -0.05323,  -0.00400,   0.00749,   0.02062,   0.02062,  -0.01056,   0.01569,   0.06328,   0.00256,   0.05344,  -0.00400,   0.02062,  -0.03026,   0.04851,   0.06821,   0.05016,   0.02062,  -0.02862,  -0.02041,  -0.02698,   0.00256,  -0.00236,   0.01405,   0.00256,   0.03867,   0.03703,   0.00092,  -0.01056,  -0.02533,   0.07313,  -0.01385,  -0.00564,  -0.07785,   0.01241,   0.02554,   0.02226,   0.01733,   0.06000,  -0.03026,   0.01733,  -0.09262,  -0.02533,   0.03703,  -0.06636,   0.00749,  -0.01877,  -0.03190,   0.04195,   0.03703,   0.05180,  -0.05323,  -0.02533,   0.02882,   0.04031,   0.03374,  -0.01221,  -0.04175,   0.03867,  -0.04339,   0.02062,  -0.04010,   0.07805,  -0.04339,   0.04359,  -0.06636,  -0.01549,   0.07805,  -0.03190,   0.04523,   0.02554,  -0.09262,   0.05344,  -0.10082,   0.03210,   0.00749,  -0.02533,  -0.00072,  -0.02205,   0.04031,  -0.02205,  -0.01877,  -0.02041,  -0.02698,   0.02062,   0.01241,   0.01077,   0.02718,   0.02882,  -0.10411,  -0.06800,  -0.00892,   0.05016,  -0.01549,  -0.00236,  -0.05323,   0.04359,  -0.04831,   0.06821,   0.05180,   0.02718,  -0.00892,   0.01405,  -0.03518,   0.03374,  -0.01549,  -0.06472,  -0.05487,   0.05016,  -0.00892,   0.03046,   0.03539,   0.04523,   0.03210,  -0.08113,   0.04359,   0.02390,  -0.01549,   0.08298,  -0.01877,   0.00585,  -0.00728,  -0.03682,  -0.04995,  -0.04667,  -0.04175,  -0.04503,  -0.02862,  -0.01877,  -0.01713,  -0.00892,   0.00749,   0.01405,  -0.03190,   0.02226,   0.03703,  -0.02533,  -0.01056,   0.01569,  -0.00728,  -0.03682,   0.09446,  -0.07949,   0.01405,   0.00256,  -0.02698,  -0.06636,   0.03046,  -0.02369,   0.02718,   0.00092,  -0.01877,   0.01897,   0.03210,  -0.01713,   0.01897,   0.04195,   0.04031,   0.05344,  -0.00072,  -0.02205,  -0.07129,  -0.03682,  -0.05652,   0.03374,  -0.05652,   0.00913,   0.10103,   0.00913,  -0.07785,   0.04195,   0.05180,   0.00092,  -0.01713,  -0.04831,   0.02718,   0.00913,  -0.01877,   0.02226,   0.09118,  -0.02205,   0.00913,   0.02062,  -0.03190,   0.03867,   0.01077,  -0.07293,  -0.02533,   0.06000,  -0.02369,   0.09446,   0.03703,  -0.04339,  -0.01713,  -0.02041,   0.02390,  -0.01385,   0.01897,  -0.05323,  -0.00236,  -0.03682,  -0.06308,   0.05672,  -0.03682,   0.01241,  -0.03682,  -0.01713,  -0.01385,  -0.07129,  -0.04831,  -0.00072,  -0.04010,   0.10267,   0.00256,  -0.05652,  -0.01056,  -0.07457,  -0.03026,   0.03703,  -0.01713,   0.05180,  -0.09590,  -0.00892,  -0.01713,  -0.00564,   0.03210,   0.10431,  -0.06964,   0.04851,  -0.00564,  -0.00072,   0.02062,  -0.03026,  -0.07129,   0.05016,   0.01405,   0.01077,  -0.00236,  -0.03190,   0.06821,   0.02062,  -0.04503,  -0.01056,  -0.06144,  -0.02862,   0.00585,   0.04195,  -0.02698,  -0.02533,   0.02226,  -0.00564,  -0.08441,  -0.01877,   0.06492,   0.03210,  -0.03026,   0.00749,  -0.01549,   0.05508,   0.02882,   0.03210,  -0.03354,  -0.00236,  -0.02205,  -0.05980,  -0.03682,  -0.00892,  -0.09590,  -0.05652,   0.04523,   0.00092,  -0.00400,  -0.03026,  -0.03682,   0.02390,   0.06492,  -0.03354,  -0.05652,   0.02718,  -0.03354,   0.03374,  -0.00400,   0.00913,   0.03210,   0.03867,  -0.03026,   0.00420,   0.01733,  -0.00400,   0.06492,  -0.03682,   0.07969,   0.03539,  -0.05487,  -0.02533,  -0.04667,   0.03867,  -0.09754,  -0.03518,  -0.03354,  -0.05323,  -0.09426,  -0.01549,  -0.01549,  -0.04010,   0.02718,   0.09446,  -0.04995,  -0.07621,  -0.01385,  -0.07949,  -0.03518,  -0.01056,  -0.00072,  -0.00892,   0.00420,  -0.05159,   0.04359,   0.01569,   0.00749,   0.00749,  -0.00564,   0.05672,  -0.04175,   0.01897,   0.00420,  -0.03518,  -0.05816,  -0.02369,  -0.01877,  -0.01549,  -0.01056,   0.08298,  -0.03518,  -0.02369,  -0.02041,   0.02718,   0.01241,  -0.02862,  -0.03354,   0.05672,  -0.01549,   0.05016,  -0.00072,  -0.01056,   0.00256,   0.03046,   0.01897,  -0.01877,   0.01077,  -0.10411,   0.00585,   0.00420,  -0.01713,   0.07149,  -0.01385,  -0.03846,  -0.04995,   0.12565,   0.00585,   0.04523,   0.07313,   0.06328,  -0.00236,   0.01405,  -0.02369,   0.06492,  -0.00400,  -0.01877,   0.04359,  -0.03518,  -0.01221,   0.03867,  -0.02862,  -0.03026,  -0.02533,  -0.02205,  -0.03846,  -0.02205,  -0.01713,  -0.02533,   0.02062,   0.06657,  -0.06308,   0.01405,   0.08626,  -0.03846,   0.00913,   0.02062,  -0.07457,  -0.08605,   0.08462,   0.03703,  -0.03518,  -0.04010,   0.00585,  -0.05323,   0.00749,  -0.04175,   0.00913,   0.00256,   0.02554,   0.05508,  -0.03190,   0.00749,  -0.02205,   0.00092,  -0.02698,  -0.02041,  -0.04995,  -0.07293,  -0.03354,   0.03046,  -0.05816,   0.03703,   0.11580,  -0.05159,  -0.01877,   0.08626,   0.02718,  -0.03682,  -0.05487,   0.05180,   0.04195,   0.03210,  -0.07785,  -0.03190,  -0.04339,   0.01405,  -0.04010,   0.00585,   0.01733,  -0.00400,   0.05180,   0.00913,  -0.02041,   0.07641,  -0.10903,  -0.04010,  -0.00236,   0.00092,   0.10431,  -0.01385,  -0.00564,   0.00420,  -0.06964,  -0.01713,   0.00420,   0.05508,  -0.01385
  -0.00728,   0.01897,   0.02226,   0.00585,  -0.02205,  -0.03518,   0.04359,  -0.05323,   0.00420,   0.03374,  -0.03846,   0.00749,  -0.05816,  -0.01221,   0.00585,   0.01077,  -0.01221,  -0.02698,  -0.01877,   0.00913,  -0.03518,   0.03210,   0.02882,   0.01897,   0.03374,  -0.01385,  -0.02698,   0.00913,  -0.05159,   0.07149,  -0.07949,   0.06492,  -0.00892,  -0.03190,   0.05508,  -0.08770,  -0.05980,  -0.04339,   0.04359,  -0.04010,   0.02718,   0.01897,   0.03046,  -0.01713,  -0.03518,   0.00913,  -0.02041,   0.01733,  -0.01385,   0.03374,  -0.09754,   0.07805,  -0.03190,   0.02226,  -0.04995,   0.01733,   0.03703,  -0.02698,   0.00913,  -0.04339,  -0.02698,   0.06492,  -0.04175,  -0.08113,   0.03210,   0.01405,  -0.00072,  -0.02862,  -0.09754,  -0.03190,   0.00749,  -0.03518,  -0.05487,   0.01077,  -0.00400,  -0.02533,   0.05672,   0.01405,   0.03539,  -0.04010,   0.02226,   0.00256,   0.07969,   0.04359,  -0.04831,   0.04031,   0.05672,   0.03539,   0.02718,   0.04851,  -0.01385,  -0.05323,   0.01897,  -0.05487,  -0.03190,   0.07805,  -0.04831,   0.04851,  -0.02205,  -0.00400,  -0.05652,   0.07477,   0.07969,  -0.07293,  -0.08113,  -0.00892,  -0.04339,  -0.05487,  -0.10082,  -0.03354,  -0.01877,   0.03867,   0.01405,  -0.02698,   0.04195,  -0.04995,  -0.04175,  -0.06636,   0.05672,   0.01241,   0.04687,   0.02062,   0.01569,  -0.02698,  -0.03190,   0.03703,  -0.01713,   0.00749,   0.04523,  -0.03026,   0.00913,  -0.08277,   0.01569,   0.00092,  -0.00072,   0.02882,   0.01077,  -0.04339,   0.02390,  -0.01877,   0.03703,  -0.01221,   0.09939,  -0.01877,   0.05672,   0.01569,  -0.02862,  -0.02698,  -0.02533,  -0.04667,   0.04851,   0.04687,  -0.04010,   0.02718,   0.00585,   0.04359,  -0.03518,  -0.00236,  -0.00236,  -0.00728,  -0.00728,   0.00913,   0.08298,   0.02718,   0.01569,  -0.01549,   0.03046,   0.05836,   0.05672,  -0.00564,   0.03374,  -0.02698,  -0.01221,  -0.02862,   0.00585,  -0.02041,   0.01569,  -0.01877,  -0.06144,   0.00749,   0.01569,  -0.02041,  -0.05980,   0.01733,  -0.02369,   0.00256,  -0.02041,  -0.01056,  -0.02205,   0.06164,  -0.00072,   0.01569,   0.03539,   0.03867,  -0.03682,  -0.01385,   0.00913,   0.05180,  -0.04503,  -0.01713,  -0.00400,  -0.13365,  -0.03518,   0.01077,   0.06985,   0.09611,  -0.03190,  -0.01221,  -0.02205,   0.03703,  -0.06144,  -0.02041,  -0.04175,   0.00913,  -0.04995,   0.15190,  -0.00072,   0.00913,   0.00092,  -0.04667,   0.00913,  -0.05323,  -0.09918,  -0.03682,   0.02226,  -0.02862,  -0.01221,   0.01405,   0.00585,   0.05344,   0.00749,   0.02390,  -0.03518,  -0.01221,  -0.04010,   0.04687,   0.01733,  -0.03518,   0.04687,   0.04851,  -0.03518,  -0.02862,   0.04031,   0.02718,   0.02062,   0.00420,  -0.05816,  -0.04831,   0.02718,   0.04195,  -0.00564,   0.01897,  -0.03846,   0.02390,  -0.01877,  -0.01713,  -0.00728,  -0.02533,  -0.00400,   0.00749,  -0.10247,   0.02882,  -0.05323,  -0.00564,  -0.01221,  -0.02533,  -0.08113,   0.04523,   0.02554,   0.01077,  -0.07621,   0.02062,   0.01241,   0.01897,  -0.03190,  -0.01877,  -0.05816,   0.04523,  -0.04175,  -0.04831,  -0.02862,   0.07313,   0.01405,   0.01569,   0.03374,   0.07477,   0.01405,  -0.01056,  -0.05652,  -0.03190,   0.05672,  -0.02698,  -0.00564,   0.00420,   0.01241,  -0.02369,  -0.06144,  -0.00564,   0.10759,  -0.02041,   0.03867,  -0.00072,   0.07477,   0.00420,   0.02226,   0.00913,   0.03046,   0.05344,   0.03046,   0.06985,   0.05672,   0.01077,   0.11908,   0.03210,   0.01733,  -0.07621,   0.06164,   0.04687,   0.00913,   0.02226,  -0.02205,   0.00749,   0.03867,   0.01405,  -0.02041,  -0.04339,   0.02390,  -0.00728,   0.01405,  -0.01221,  -0.05980,  -0.00072,  -0.03354,  -0.02862,  -0.07129,  -0.01385,  -0.01877,   0.01569,  -0.03190,  -0.02369,  -0.02041,   0.03703,   0.00749,   0.01733,   0.04523,   0.06492,  -0.02862,   0.01569,   0.02226,   0.04523,   0.04851,  -0.04831,   0.04523,   0.01897,   0.01733,  -0.02862,  -0.01221,  -0.04010,   0.00913,  -0.01056,   0.09282,   0.01569,   0.02226,   0.04523,  -0.05159,  -0.05816,  -0.00728,  -0.01713,  -0.07785,  -0.03846,  -0.05323,  -0.01056,  -0.01877,  -0.03354,   0.00749,  -0.06144,  -0.01549,   0.02554,   0.07641,  -0.03518,   0.05344,  -0.01056,   0.01733,   0.05344,   0.00420,  -0.08277,  -0.07785,   0.03374,  -0.00400,   0.02718,  -0.00236,  -0.05323,   0.01569,  -0.03354,   0.06657,   0.01569,   0.06164,   0.01569,  -0.01877,  -0.02369,  -0.03846,   0.04031,   0.01405,   0.00420,  -0.06308,   0.02226,   0.04195,  -0.00072,   0.03210,  -0.03190,  -0.02698,  -0.03682,   0.00913,  -0.00236,   0.03210,  -0.00072,  -0.03026,  -0.01056,  -0.01713,  -0.01713,   0.08134,  -0.02698,   0.02554,   0.00256,   0.03539,   0.01077,  -0.00892,   0.01241,   0.01733,  -0.01549,   0.05508,  -0.00892,  -0.02205,   0.01405,   0.06985,   0.00092,  -0.00892,   0.00420,   0.02554,  -0.03682,   0.03046,  -0.01877,  -0.02533,   0.00092,   0.00913,  -0.05652,  -0.06144,   0.06657,   0.03210,   0.08626,   0.01897,   0.01897,  -0.01713,  -0.01877,   0.04195,  -0.05159,  -0.02369,   0.05836,   0.06000,   0.01405,  -0.04831,  -0.00236,   0.06164,   0.00420,  -0.01385,  -0.00564,  -0.01713,  -0.03190,   0.02718,  -0.03026,   0.01897,  -0.05323,  -0.01221,   0.08790,   0.00913,  -0.01221,  -0.02862,  -0.04667,   0.07805,  -0.01385,  -0.02205,  -0.02698,  -0.02862,   0.04031,   0.00256,  -0.02862,   0.00585,  -0.03190,  -0.00564,  -0.04010,  -0.00564,   0.00092,  -0.00564,  -0.03026,  -0.03026,   0.00585,  -0.01056,  -0.00892,   0.06000,  -0.04175,  -0.05487,   0.00092,   0.04031,   0.01405,   0.00913,   0.01241,   0.04195,   0.01405,   0.00913,  -0.00564,  -0.03682,   0.09118,  -0.09262,   0.01241,   0.01405,  -0.00728,   0.05016,  -0.00236,  -0.01056,  -0.01221,  -0.04339,   0.01077,  -0.04831,   0.05672,  -0.01385,   0.00749,  -0.00236,  -0.04175,  -0.05652,  -0.08605,  -0.01056,   0.00913,  -0.04667,   0.07477,   0.02718,  -0.05816,   0.02062,   0.04687,   0.01241,  -0.00236,   0.01897,   0.00092,  -0.04503,   0.06821,   0.05180,   0.01897,   0.02882,  -0.01549,   0.05508,  -0.02862,  -0.02205,   0.03539,  -0.04010,  -0.03518,  -0.03354,  -0.01385,   0.05016,  -0.05652,  -0.00728,  -0.01221,  -0.03518,  -0.01713,  -0.01385,   0.03539,  -0.02205,   0.00420,  -0.01713,   0.06985,   0.00913,   0.05508,   0.01241,   0.02554,   0.00585,   0.02062,  -0.00564,  -0.03354,   0.06328,  -0.02533,  -0.01877,   0.02226,  -0.02533,   0.00585,  -0.00400,   0.05508,  -0.03026,  -0.03846,  -0.00892,  -0.01713,   0.02882,  -0.03682,   0.00256,   0.06164,  -0.01549,   0.02554,  -0.02698,   0.01077,  -0.00728,  -0.05323,   0.04195,  -0.01221,   0.06000,   0.05344,  -0.07785,  -0.04667,  -0.02533,  -0.00728,  -0.06308,   0.05180,  -0.04339,  -0.05816,   0.04195,   0.00256,  -0.02369,  -0.01056,   0.03703,   0.00913,   0.06985,   0.02554,  -0.04010,   0.04687,   0.03046,   0.06985,   0.03374,   0.01733,   0.01405,   0.04031,  -0.03846,  -0.00564,  -0.07129,   0.04195,  -0.01877,  -0.03354,   0.00256,   0.04195,  -0.04995,  -0.02862,  -0.08605,  -0.03190,   0.02882,  -0.02862,  -0.01056,   0.00420,   0.04359,   0.00420,   0.02718,  -0.00728,  -0.02369,   0.02882,  -0.01549,   0.09611,  -0.04667,  -0.02205,   0.03539,  -0.01549,  -0.00892,  -0.03846,  -0.08113,  -0.02533,  -0.02369,  -0.03518,  -0.04831,  -0.05816,   0.01897,  -0.00892,   0.04031,   0.02882,   0.07313,   0.00585,  -0.03846,  -0.04339,  -0.01549,   0.01241,  -0.01056,  -0.04010,   0.00585,   0.07313,   0.00256,  -0.11888,   0.08298,   0.03210,  -0.03518,   0.04851,  -0.01549,   0.05016,  -0.03682,   0.04031,  -0.00072,  -0.03026,   0.02226,  -0.01549,   0.05180,  -0.04667,  -0.05816,   0.08790,  -0.00892,  -0.04175,   0.01405,   0.02062,  -0.00892,  -0.00072,   0.05344,  -0.03190,  -0.00892,  -0.02205,   0.01733,  -0.04175,  -0.01221,   0.01569,  -0.00072,   0.00092,   0.03703,   0.00585,  -0.05323,   0.03867,   0.03210,   0.03046,   0.03703,  -0.01549,  -0.04010,  -0.06964,  -0.04010,  -0.01713,  -0.01221,   0.01897,  -0.00728,  -0.03846,   0.00749,  -0.00400,   0.02882,   0.00913,  -0.00892,  -0.03846,   0.00092,  -0.01713,   0.00256,   0.01733,   0.01897,   0.13877,   0.00420,   0.04359,   0.10267,  -0.00072,   0.00749,   0.01733,  -0.02205,   0.00420,   0.02882,  -0.01713,  -0.03026,  -0.11067,  -0.02369,  -0.06308,  -0.02533,   0.00092,  -0.02205,  -0.04175,   0.02226,   0.04195,   0.01569,   0.00420,   0.05508,   0.03539,  -0.01056,   0.01241,   0.03703,  -0.02041,   0.04359,  -0.02533,  -0.01056,   0.01897,  -0.07621,   0.00092,   0.01405,   0.05508,  -0.04010,   0.08790,   0.05344,   0.11744,   0.01405,  -0.06308,   0.02718,   0.00585,   0.01569,  -0.07293,   0.01733,   0.08462,  -0.02041,   0.00913,   0.09118,  -0.04175,  -0.02533,   0.03867,  -0.06144,  -0.04175,   0.03539,  -0.04995,   0.00585,  -0.01877,  -0.01877,   0.02226,  -0.04995,   0.02718,   0.07641,  -0.04831,   0.03539,   0.00913,   0.08954,   0.02554,  -0.04010,  -0.02862,   0.02718,   0.06164,   0.07149,  -0.00072,   0.00420,   0.01569,  -0.00236,   0.00092,  -0.06308,   0.07805,   0.00749,   0.00256,   0.00256,  -0.01877,   0.00420,  -0.00892,  -0.03354,  -0.01221,  -0.02862,  -0.07785,   0.03374,   0.04523,   0.05180,   0.02882,   0.02718,  -0.02369,  -0.05487,   0.01241,   0.00256,   0.04523,  -0.06144,  -0.04667,  -0.03518,   0.05016,  -0.05980,  -0.00400,  -0.06472,   0.01405,  -0.08113,  -0.02698,   0.01077,  -0.02698,   0.01077,   0.06164,   0.00585,   0.01241,  -0.05323,   0.03046,   0.01077,   0.01897,   0.00749,  -0.02862,   0.03867,  -0.02698,  -0.02041,   0.00092,  -0.00400,   0.01569,  -0.07457,  -0.05816,   0.02554,  -0.01221,   0.03374,   0.03539,  -0.01056,  -0.03190,   0.01405,  -0.01385,   0.03210,  -0.00236,   0.03210,  -0.06308,  -0.04175,  -0.01549,  -0.03682,   0.03867,   0.02390,  -0.06800,  -0.02041,   0.00913,   0.04687,  -0.01385,  -0.02369,  -0.04010,  -0.03190,   0.02718,   0.00749,  -0.01549,  -0.02698,   0.00256,  -0.10411,  -0.03190,  -0.01713,  -0.04503,   0.00749,  -0.01221,  -0.04339,  -0.00072,   0.04359,  -0.02698,   0.05836,   0.02226,   0.01897,  -0.04995,   0.01241,   0.00092,   0.01077,  -0.07129,  -0.03682,   0.07641,   0.00420,  -0.02205,   0.02554,  -0.01221,  -0.02533,   0.00092,  -0.01056,  -0.07785,   0.07969,   0.05016,   0.01569,   0.05672,   0.05344,  -0.03026,   0.10103,   0.05672,  -0.09754,   0.05344,  -0.01713,   0.01897,   0.11252,  -0.07293,  -0.07949,  -0.05816,  -0.04831,   0.02226,  -0.00564,   0.02718,   0.01569,   0.06657,  -0.06964,   0.03703,  -0.07785,  -0.01713,  -0.05323,   0.01077,   0.05508,   0.02226,   0.00420,  -0.01877,   0.03046,   0.00749,  -0.06144,   0.00913,  -0.05159,   0.00256,   0.02062,   0.01569,   0.02882,   0.06164,   0.00913,  -0.03354,   0.04031,   0.04195,   0.01241,  -0.04010,   0.01897,   0.07477,   0.00420,   0.04195,  -0.07949,   0.00256,  -0.04175,  -0.00892,  -0.04010,  -0.03354,   0.02554,  -0.02205,   0.02882,  -0.06964,  -0.01385,   0.08134,  -0.00236,  -0.06800,   0.02226,   0.02062,  -0.02205,   0.03374,   0.07641,   0.04851,   0.06164,  -0.04010,  -0.08113,  -0.02369,   0.00913,   0.01569,  -0.00400,  -0.06144,   0.01077,   0.05016,   0.05672,   0.05016,   0.02062,   0.00585,   0.01241,  -0.01877,  -0.02533,  -0.03846,  -0.03846,   0.03046,   0.01569,   0.00256,  -0.06636,   0.03046
   0.00420,  -0.01713,   0.00256,  -0.02862,  -0.02041,   0.03539,  -0.00728,  -0.05487,   0.05672,   0.01733,  -0.13201,   0.02390,  -0.03682,   0.04195,   0.02554,   0.00092,  -0.06964,  -0.02533,   0.07477,  -0.01056,  -0.01385,   0.02390,  -0.04503,  -0.07129,  -0.07457,   0.02882,   0.02882,   0.00585,  -0.05652,   0.03210,  -0.00564,  -0.04995,   0.05508,   0.03703,   0.02390,  -0.02533,  -0.06636,   0.01897,  -0.03026,   0.06164,   0.02062,  -0.00236,  -0.03354,   0.01405,   0.04523,   0.01405,  -0.07129,   0.07641,  -0.06964,   0.04195,  -0.06472,   0.08462,  -0.00892,  -0.03682,  -0.05323,   0.04359,  -0.02698,   0.00092,   0.01077,   0.00749,  -0.00236,   0.09446,  -0.01877,   0.01077,   0.01733,   0.01897,   0.00585,  -0.00400,  -0.01385,  -0.00564,  -0.02205,  -0.00400,   0.01569,  -0.02533,   0.02554,  -0.01385,  -0.04667,  -0.00728,   0.00092,   0.03539,  -0.00564,   0.00585,   0.01241,   0.09118,   0.06657,   0.01241,  -0.02369,   0.06821,  -0.05816,  -0.00072,  -0.05487,  -0.04175,   0.01897,   0.03374,   0.04195,  -0.09918,   0.05180,  -0.06800,   0.01241,  -0.05816,   0.00749,  -0.01549,   0.04031,   0.03703,  -0.08605,   0.03046,  -0.02041,  -0.03026,  -0.01385,  -0.08441,  -0.02369,   0.00585,  -0.04175,   0.03374,  -0.03026,  -0.04995,  -0.00400,   0.02882,   0.04851,   0.00585,  -0.00072,   0.04359,  -0.04175,  -0.04339,  -0.02041,  -0.06472,  -0.08277,  -0.06964,   0.00749,   0.04851,  -0.03682,  -0.07293,   0.03867,  -0.00072,   0.01733,   0.09939,  -0.09262,  -0.08113,   0.00913,  -0.00564,  -0.00564,  -0.01877,   0.02390,  -0.07785,   0.01897,   0.00913,   0.02882,   0.05508,  -0.02698,  -0.04831,   0.02882,  -0.03682,   0.00256,   0.05016,  -0.07293,  -0.02698,  -0.01385,   0.01569,   0.03703,  -0.06144,  -0.00728,  -0.03026,  -0.02862,   0.05016,   0.08134,   0.00092,  -0.07621,  -0.03518,  -0.02862,   0.02390,  -0.02698,   0.07149,   0.07477,  -0.01713,   0.02390,   0.01077,  -0.04175,  -0.01549,  -0.02862,   0.02882,  -0.03518,  -0.00892,   0.05672,  -0.01877,   0.08134,  -0.01713,  -0.02698,  -0.03354,   0.03210,  -0.00072,  -0.02205,   0.05672,   0.05344,   0.01241,   0.09118,   0.09611,   0.03539,   0.01569,  -0.02698,   0.03867,   0.05672,  -0.00236,  -0.02041,   0.00420,  -0.01549,   0.03046,  -0.04667,  -0.05652,  -0.01713,   0.01241,   0.04851,   0.00913,   0.03374,  -0.03026,   0.05508,   0.02062,  -0.03682,   0.00913,   0.02226,   0.00749,   0.00420,  -0.04010,  -0.08605,  -0.09754,   0.00913,   0.03703,   0.00585,   0.04195,   0.04851,   0.05016,   0.02390,  -0.01056,   0.00420,   0.06164,  -0.02862,  -0.01385,  -0.07785,   0.01569,   0.04687,   0.01077,  -0.01221,  -0.00236,  -0.00400,  -0.01877,   0.07477,  -0.04831,  -0.06472,   0.00585,  -0.03846,  -0.00400,   0.05836,  -0.05980,   0.03210,   0.00092,  -0.03026,  -0.05323,   0.05836,   0.04851,   0.02718,  -0.06472,   0.02062,  -0.06308,   0.00585,  -0.05652,  -0.01221,   0.01077,  -0.01549,   0.03867,   0.00585,   0.00256,   0.00256,  -0.00400,   0.00420,   0.06657,  -0.04175,  -0.01549,  -0.01221,  -0.01549,   0.00913,   0.05508,  -0.06472,  -0.04667,   0.00256,   0.03210,  -0.04995,   0.02390,   0.00092,  -0.02369,   0.05016,  -0.04175,   0.01569,   0.03703,   0.01897,   0.00092,  -0.02862,  -0.05323,   0.00420,  -0.03354,   0.00256,  -0.02862,  -0.05487,  -0.04339,  -0.00236,   0.07149,  -0.08113,   0.06492,  -0.00564,  -0.01713,   0.07477,  -0.08934,   0.02554,   0.14206,  -0.00728,   0.04687,  -0.00236,  -0.02862,   0.06985,   0.01897,   0.03374,  -0.07293,   0.02390,  -0.00892,  -0.00072,  -0.09262,  -0.01221,   0.00585,  -0.00400,   0.04851,   0.04851,  -0.01056,   0.02554,   0.06657,   0.01077,   0.05344,   0.02718,   0.00256,  -0.10247,  -0.09098,   0.03210,  -0.06308,  -0.01056,   0.01897,  -0.08934,   0.03046,   0.03046,   0.06328,   0.09939,  -0.05323,   0.01405,  -0.01056,  -0.00400,  -0.03190,  -0.07457,  -0.02369,   0.04523,   0.00256,   0.03703,   0.00913,   0.01077,  -0.00072,   0.03703,   0.01897,  -0.00400,  -0.00564,   0.01405,  -0.00728,  -0.02698,  -0.03354,   0.00749,  -0.04175,   0.03374,  -0.10739,   0.00256,  -0.01713,   0.01241,  -0.02698,  -0.00728,  -0.06472,   0.02718,  -0.00400,  -0.04831,  -0.02369,  -0.00072,   0.08298,  -0.04339,  -0.02205,   0.01405,  -0.05159,   0.02718,   0.02882,  -0.06308,  -0.01385,  -0.05652,  -0.07293,  -0.00400,  -0.01549,  -0.03518,  -0.07785,  -0.03026,  -0.01713,  -0.08113,  -0.05159,   0.07969,  -0.06636,   0.01405,   0.01733,   0.01569,   0.00256,   0.03210,  -0.04339,   0.03539,   0.00749,   0.04851,  -0.00564,  -0.03682,  -0.09754,   0.06164,  -0.00400,   0.05016,  -0.02533,   0.00420,   0.04359,   0.02554,  -0.06800,   0.07477,  -0.03518,  -0.01713,   0.01241,   0.01569,  -0.03026,   0.01897,  -0.01877,   0.04687,  -0.07129,  -0.03026,   0.06492,   0.02062,  -0.04175,  -0.02862,   0.02390,   0.02554,   0.01077,  -0.04339,  -0.01385,   0.01733,  -0.02041,   0.03210,  -0.01549,  -0.00892,  -0.04831,  -0.00564,   0.06328,  -0.02369,   0.01241,   0.06000,   0.02882,  -0.00236,  -0.05652,   0.00256,  -0.03354,   0.03374,  -0.08605,   0.02226,  -0.04175,   0.04031,  -0.04667,   0.00256,  -0.03026,  -0.03518,  -0.07949,   0.07477,   0.05672,   0.01405,   0.01077,  -0.01713,   0.03210,   0.03210,   0.01569,  -0.04010,   0.04359,   0.01405,  -0.02369,  -0.02205,   0.00913,  -0.03846,   0.10103,   0.00092,   0.03539,  -0.07293,  -0.06308,   0.00585,  -0.02369,  -0.01385,  -0.04339,  -0.11888,  -0.00728,   0.06821,   0.07805,  -0.04339,  -0.01713,   0.04687,   0.03867,   0.04687,   0.01405,   0.02390,   0.01077,  -0.02205,   0.05180,   0.00913,  -0.06800,  -0.02862,  -0.00236,   0.01733,   0.07477,   0.00585,   0.01077,  -0.06144,  -0.01549,  -0.10247,  -0.00564,   0.01733,   0.00585,  -0.03190,   0.02718,   0.03210,   0.04359,  -0.01713,  -0.03518,   0.00749,  -0.10082,   0.04031,  -0.12052,  -0.02533,  -0.04010,  -0.03354,  -0.03354,  -0.07129,   0.02554,  -0.07293,   0.00585,   0.05180,   0.03539,  -0.02698,   0.00913,   0.07313,   0.00256,  -0.03518,  -0.07293,  -0.02369,  -0.00236,   0.04359,  -0.02205,  -0.00072,  -0.04831,   0.02882,   0.02226,  -0.10411,   0.11252,  -0.02862,  -0.02041,   0.01405,  -0.01221,  -0.00400,   0.10103,  -0.00072,  -0.00072,   0.05344,   0.02554,   0.02882,   0.03703,   0.01405,  -0.09426,  -0.08605,  -0.03846,   0.04031,   0.00585,  -0.02369,   0.03374,  -0.01056,  -0.05980,   0.11252,  -0.05980,   0.00420,  -0.03682,   0.03210,   0.03210,   0.08790,   0.05508,  -0.07293,   0.04031,  -0.03190,  -0.01056,   0.01733,  -0.00564,   0.02062,  -0.04667,  -0.00400,  -0.03846,  -0.07621,  -0.04339,   0.00585,   0.00585,  -0.11724,  -0.05323,   0.00092,   0.05508,  -0.08441,   0.02062,   0.00913,  -0.01549,   0.00913,  -0.03190,   0.00092,   0.03046,  -0.03518,   0.03867,  -0.06144,  -0.03354,   0.04195,  -0.01713,   0.04031,   0.02062,   0.02718,  -0.09590,  -0.00072,   0.00749,  -0.06636,  -0.00728,  -0.01877,  -0.06800,   0.03374,   0.00256,  -0.06800,   0.13385,  -0.08605,   0.03210,  -0.08441,  -0.08113,  -0.02369,  -0.06800,   0.05836,   0.03210,  -0.09590,   0.02554,  -0.08113,   0.00092,  -0.07129,  -0.00072,  -0.01549,   0.00092,  -0.01549,  -0.03518,  -0.02862,  -0.00236,  -0.00236,   0.04851,  -0.01549,  -0.02041,  -0.01385,  -0.09426,  -0.04175,   0.02882,  -0.08113,  -0.05159,  -0.02698,  -0.02205,  -0.04339,  -0.05652,   0.01733,   0.00585,   0.06000,   0.10595,   0.03539,   0.02226,  -0.04175,  -0.02041,  -0.10411,  -0.05652,  -0.03846,   0.03374,  -0.02369,   0.07969,  -0.01549,  -0.01877,  -0.08441,  -0.05159,  -0.00892,  -0.01877,   0.05672,   0.03539,   0.01077,   0.09118,   0.02062,  -0.00728,  -0.06144,  -0.03682,   0.05508,   0.06164,  -0.05487,  -0.04667,  -0.00892,   0.03539,   0.01241,   0.03374,   0.05180,  -0.02041,   0.01077,  -0.05487,  -0.00400,  -0.00072,   0.01569,   0.00913,  -0.04667,  -0.02533,  -0.05323,  -0.00236,   0.03703,  -0.02698,   0.01569,  -0.03190,   0.02226,   0.02062,   0.03703,   0.02390,   0.01569,  -0.07129,  -0.02862,  -0.02041,  -0.00564,  -0.02369,   0.04851,   0.00749,   0.01733,   0.01569,  -0.00564,  -0.08605,  -0.04667,   0.06492,  -0.01549,  -0.06308,   0.04851,   0.07805,   0.01077,   0.03867,   0.02718,   0.02226,  -0.02205,  -0.02533,  -0.02369,  -0.09754,   0.09282,  -0.04503,  -0.00892,   0.07313,   0.04523,  -0.01056,  -0.04175,   0.04851,  -0.02533,   0.04195,   0.00749,  -0.02369,   0.04523,  -0.02862,   0.04031,   0.02882,   0.04687,   0.03210,   0.01897,  -0.03682,   0.01569,  -0.00728,  -0.07785,   0.01405,  -0.01221,   0.05836,   0.03539,  -0.02862,  -0.03682,   0.03867,  -0.00236,  -0.02862,  -0.03518,   0.06985,  -0.06800,   0.01077,   0.00092,   0.02390,  -0.01221,   0.09282,   0.00913,  -0.01713,   0.04523,   0.00256,   0.02062,  -0.01385,  -0.00400,   0.00913,  -0.00564,  -0.02533,   0.03703,   0.02226,  -0.05159,  -0.01221,  -0.04831,  -0.04995,   0.05836,  -0.03518,   0.03046,  -0.02369,   0.02882,   0.03703,   0.04195,   0.03703,   0.01241,  -0.00564,   0.01569,  -0.03354,   0.08298,  -0.09426,  -0.05159,   0.03703,  -0.01221,   0.01897,  -0.01385,   0.00256,  -0.02698,  -0.04503,   0.04851,   0.02718,  -0.02205,   0.03046,  -0.02862,  -0.04175,   0.06657,  -0.06800,   0.03374,   0.00092,  -0.01385,   0.06000,  -0.01056,   0.05344,  -0.01549,   0.06164,  -0.03518,  -0.00728,   0.01733,  -0.01877,   0.00256,  -0.01221,   0.00749,  -0.03026,   0.01897,   0.01077,   0.05508,   0.03374,  -0.04831,  -0.04339,  -0.01877,   0.04359,   0.06000,  -0.01385,   0.00092,   0.03374,  -0.01056,   0.01077,  -0.02369,   0.01077,   0.08462,  -0.03190,  -0.03682,   0.01569,  -0.03682,   0.01241,   0.04851,  -0.13036,  -0.01221,   0.10267,   0.00420,  -0.05323,   0.02390,   0.01897,  -0.02041,  -0.00236,  -0.04667,   0.00585,  -0.02369,  -0.01877,  -0.04175,   0.02718,   0.01897,   0.02390,  -0.00892,   0.03046,  -0.08934,   0.03539,   0.11744,  -0.00400,  -0.00072,  -0.05652,  -0.03518,  -0.10082,  -0.06472,   0.02062,  -0.03190,  -0.01549,   0.06492,  -0.07293,  -0.01221,  -0.02369,  -0.01385,  -0.01877,   0.04195,   0.02882,   0.02062,  -0.05159,  -0.05652,   0.03867,   0.05836,  -0.04831,   0.07641,  -0.03518,   0.02882,  -0.07949,  -0.03026,   0.04359,   0.04031,   0.03046,   0.05672,  -0.06800,  -0.05323,  -0.01221,   0.00092,  -0.00072,  -0.05816,   0.02390,  -0.04175,  -0.02698,   0.00092,  -0.06800,   0.01077,   0.04687,   0.02226,  -0.05159,  -0.02041,   0.00585,   0.02882,  -0.01056,   0.06000,  -0.00728,  -0.02533,   0.03210,  -0.00728,   0.01077,   0.02554,   0.05344,   0.00585,   0.04851,  -0.06800,  -0.01713,   0.01241,   0.04359,   0.01733,   0.00420,   0.05344,   0.03046,  -0.07949,   0.01241,   0.03374,  -0.01385,   0.00092,   0.05180,  -0.06964,  -0.03518,   0.02062,   0.01569,  -0.01877,  -0.03846,  -0.04175,   0.00585,   0.08790,  -0.03190,  -0.06472,   0.03046,  -0.02533,   0.03046,   0.02882,   0.02062,   0.00585,  -0.03026,  -0.00400,   0.03867,  -0.02533,   0.01733,  -0.02698,   0.10103,  -0.00728,   0.02390,  -0.03354,   0.06657,  -0.01221,  -0.01713,   0.01077,   0.00256,  -0.09754,  -0.00236,   0.02882,   0.01241,  -0.03518,   0.00256,   0.01241,   0.01733,   0.04359,   0.06657,  -0.09754,  -0.04667,   0.03046,  -0.03846,  -0.02862,  -0.02862,   0.06164,   0.00420,  -0.07621,  -0.00728
  -0.03518,   0.04195,   0.03703,  -0.06636,  -0.03026,   0.02718,  -0.04667,   0.04359,   0.00913,   0.00913,   0.03046,   0.02882,  -0.01549,   0.04359,   0.09939,  -0.01056,  -0.03518,   0.04031,   0.04359,  -0.08770,   0.06657,  -0.03518,   0.06492,  -0.08934,   0.05836,  -0.03682,  -0.09754,   0.04359,  -0.02205,   0.03046,   0.07641,   0.08790,   0.02718,   0.06000,  -0.01221,  -0.05159,  -0.06964,   0.01405,   0.00092,   0.02554,   0.02390,   0.04851,   0.02062,   0.04851,  -0.00892,  -0.01549,   0.03539,   0.04359,  -0.07785,  -0.05980,   0.04195,   0.04851,  -0.01221,  -0.01385,  -0.05323,  -0.04010,   0.00913,  -0.00072,   0.00749,  -0.03026,  -0.02205,  -0.01056,  -0.06144,  -0.06472,  -0.10247,   0.07313,   0.03210,   0.10431,   0.03867,   0.01077,  -0.00236,   0.02718,   0.05016,   0.01241,   0.03374,  -0.03518,  -0.03846,   0.01405,  -0.01877,   0.02554,  -0.02205,   0.11252,   0.06328,   0.02882,   0.02226,  -0.01221,   0.02718,  -0.00728,   0.05016,   0.03210,  -0.00400,   0.05508,  -0.07621,  -0.03518,  -0.02369,  -0.01385,  -0.06144,  -0.00236,   0.06000,   0.00913,  -0.11559,  -0.04995,  -0.00072,   0.00420,   0.00913,  -0.03354,  -0.04667,   0.02226,  -0.00236,   0.00256,  -0.02862,  -0.02533,   0.01241,   0.02882,   0.01733,  -0.02533,   0.05672,   0.02554,   0.03374,  -0.00892,  -0.02205,   0.01569,   0.03210,  -0.05323,   0.02554,  -0.04010,   0.03046,  -0.00236,   0.01077,  -0.05816,   0.01569,   0.08298,   0.06985,  -0.02698,   0.02882,   0.02226,  -0.04995,   0.01733,   0.03867,   0.03867,   0.02390,  -0.04010,   0.03703,   0.03703,  -0.01221,  -0.05652,   0.04687,   0.02718,  -0.04995,   0.00913,   0.01733,   0.07641,   0.01405,  -0.00564,   0.10431,  -0.05816,  -0.03682,   0.05016,  -0.08605,   0.06985,   0.04359,  -0.03846,   0.03210,   0.04523,  -0.01221,   0.00256,   0.05508,   0.00913,  -0.06144,   0.04851,  -0.01713,   0.01241,   0.04359,   0.01733,   0.04359,   0.00749,  -0.00072,   0.03210,   0.07969,   0.03046,   0.09118,   0.00256,  -0.00728,  -0.04175,   0.04195,   0.02554,   0.05672,   0.00256,   0.01733,   0.03046,  -0.05980,   0.01569,   0.05344,  -0.05652,   0.00913,  -0.00892,   0.03374,   0.05508,   0.00913,  -0.02862,   0.00585,  -0.03026,   0.01077,   0.04195,  -0.10575,  -0.03026,  -0.01385,  -0.05816,  -0.03846,   0.07641,  -0.00564,  -0.01385,  -0.07129,  -0.00400,   0.04195,   0.01077,  -0.02698,   0.02062,   0.00749,   0.00092,   0.04687,  -0.06472,  -0.00728,   0.04195,   0.04359,   0.11908,   0.04359,   0.00749,  -0.01385,   0.05836,  -0.08113,  -0.04667,   0.03539,   0.02390,   0.06657,  -0.03190,  -0.06472,  -0.03518,  -0.02369,  -0.01385,   0.05344,   0.05016,  -0.00892,  -0.08441,  -0.00892,   0.09446,  -0.01713,   0.06000,  -0.02041,  -0.00728,  -0.00072,  -0.01221,  -0.05323,  -0.06308,  -0.04010,  -0.03026,  -0.05487,   0.04851,  -0.02205,   0.00749,   0.01405,  -0.05652,   0.05672,   0.01077,   0.06164,   0.05180,  -0.00728,   0.00256,  -0.03026,  -0.01713,   0.05672,   0.00420,   0.00913,  -0.00072,   0.00913,   0.02390,  -0.04503,   0.00256,   0.03210,   0.04687,  -0.05652,  -0.02041,  -0.07949,  -0.01713,   0.00092,   0.00913,  -0.00564,  -0.04667,  -0.00564,  -0.03682,  -0.02698,  -0.04503,  -0.02533,  -0.01385,  -0.00892,   0.01569,   0.00420,   0.07805,  -0.09426,  -0.01877,   0.03046,  -0.02698,   0.04687,  -0.02205,  -0.01877,  -0.05980,   0.04031,   0.06000,  -0.01221,  -0.00072,  -0.05487,  -0.05816,  -0.02369,  -0.00236,  -0.05980,  -0.00072,   0.03046,  -0.01877,  -0.03682,   0.00092,  -0.02369,  -0.00236,  -0.02533,  -0.04667,  -0.02862,   0.00256,  -0.01877,  -0.00072,  -0.00892,   0.10431,  -0.02698,   0.01241,   0.01077,  -0.06144,  -0.04667,   0.09118,  -0.01385,   0.05508,   0.04687,   0.04523,  -0.06636,   0.02882,   0.16667,  -0.00072,   0.04523,  -0.01549,   0.03374,  -0.00400,   0.03046,  -0.09754,   0.00256,   0.00749,  -0.03190,  -0.03846,  -0.04667,  -0.05980,   0.04851,   0.04851,   0.07149,   0.02882,  -0.02698,   0.01241,   0.06164,   0.00092,   0.06985,  -0.08934,  -0.06964,  -0.01385,   0.05508,  -0.08934,  -0.02698,  -0.02862,   0.04851,   0.01077,  -0.04503,   0.07313,   0.04851,  -0.05487,   0.03046,  -0.00236,   0.03210,   0.00420,  -0.01385,   0.01733,  -0.04175,   0.04687,   0.02226,   0.00749,   0.02062,   0.05836,   0.09118,   0.00092,   0.00420,  -0.02533,  -0.04667,  -0.02369,  -0.07129,   0.00585,  -0.00728,   0.03539,  -0.02205,   0.01897,  -0.05487,   0.03210,  -0.03518,  -0.03354,  -0.08770,   0.06492,  -0.02533,   0.00913,  -0.02862,   0.07313,   0.02390,  -0.04175,   0.01405,   0.06657,  -0.05323,  -0.09754,   0.01241,  -0.03190,   0.02718,   0.02718,  -0.00728,   0.01897,   0.01897,  -0.01056,  -0.01713,  -0.01877,   0.00256,  -0.02862,   0.01405,  -0.04831,  -0.00892,  -0.07293,  -0.01549,   0.05672,   0.00585,   0.03539,   0.02554,   0.03539,   0.06328,   0.08134,  -0.01385,   0.02390,  -0.05323,   0.01569,  -0.09590,  -0.01056,  -0.04339,  -0.00892,   0.03210,   0.04031,  -0.04175,  -0.04995,  -0.00892,   0.04195,  -0.06472,  -0.00400,  -0.10247,   0.04851,  -0.06636,  -0.08441,   0.03703,   0.02554,   0.09775,   0.00749,   0.02390,   0.05344,  -0.03190,  -0.00728,  -0.06472,   0.11744,  -0.02041,  -0.07785,   0.01897,  -0.09754,  -0.04503,   0.02554,  -0.01877,   0.04851,  -0.01549,   0.03539,   0.04687,  -0.05652,   0.05016,  -0.01549,   0.00420,   0.05508,  -0.04995,  -0.02533,   0.00092,  -0.02369,   0.00585,   0.06000,  -0.04339,   0.00256,  -0.01713,   0.04195,   0.09282,   0.05016,   0.02718,  -0.01549,   0.02062,   0.00913,   0.00092,   0.00092,   0.01569,  -0.05652,   0.10267,   0.04359,   0.07969,  -0.07949,   0.09282,  -0.08605,   0.01405,  -0.02533,   0.02718,   0.03703,   0.03539,  -0.05487,   0.04851,  -0.02698,   0.04195,  -0.01385,  -0.04175,   0.00420,   0.03046,  -0.00564,   0.04031,   0.04031,   0.01405,  -0.00892,  -0.00728,  -0.00892,  -0.14513,  -0.00892,  -0.06308,   0.02062,  -0.01221,  -0.02369,   0.00092,   0.03210,   0.02062,   0.00092,   0.05344,  -0.03026,   0.11416,   0.01897,   0.03046,  -0.02041,   0.01733,  -0.00400,  -0.01877,   0.06000,   0.06821,  -0.06800,  -0.07949,  -0.06472,   0.05180,   0.06328,   0.04195,   0.04523,  -0.01056,  -0.04010,   0.03210,   0.04031,  -0.05652,   0.09775,   0.03210,  -0.06308,   0.01569,   0.02718,   0.03046,  -0.00236,  -0.00728,   0.00092,   0.01405,   0.07313,   0.03210,  -0.03354,   0.03210,  -0.06144,  -0.03190,  -0.03518,  -0.04339,   0.01733,  -0.04503,  -0.01056,   0.04687,   0.06821,  -0.00236,  -0.02698,  -0.01713,  -0.04010,  -0.02533,  -0.08277,  -0.03518,   0.06657,  -0.01713,  -0.02205,   0.04359,   0.04851,  -0.06144,   0.01077,   0.07641,   0.04851,   0.06492,   0.01241,   0.04195,   0.01405,  -0.01221,   0.04195,   0.05836,   0.09282,  -0.04503,  -0.01221,  -0.01385,  -0.03518,  -0.01713,   0.03867,   0.03046,  -0.07621,  -0.00564,   0.01569,   0.02882,   0.04523,  -0.00564,   0.08790,   0.01897,  -0.02369,   0.08298,   0.04031,  -0.01056,   0.00420,  -0.05980,   0.03374,   0.03210,   0.01077,   0.02390,  -0.08441,   0.07477,  -0.02041,  -0.09262,  -0.02862,   0.03703,  -0.05159,   0.03703,  -0.03846,   0.07477,  -0.04010,  -0.05323,  -0.03026,   0.08954,   0.06492,  -0.04831,   0.00092,   0.03374,  -0.04175,   0.01077,   0.04195,  -0.03846,   0.00913,   0.01241,   0.09446,   0.01077,  -0.02205,   0.01077,  -0.06472,   0.02062,  -0.03846,   0.01733,   0.02718,  -0.04831,   0.02062,  -0.01713,   0.04031,  -0.01713,   0.00749,  -0.05816,  -0.06472,  -0.02698,   0.01241,  -0.04503,   0.02390,  -0.03190,   0.03046,  -0.03026,  -0.07129,   0.05180,   0.01077,  -0.07457,  -0.02698,  -0.04339,   0.00092,   0.01569,  -0.02862,   0.05016,  -0.03190,   0.05344,  -0.03026,  -0.05487,  -0.00072,  -0.05159,  -0.04339,  -0.07129,  -0.00564,  -0.02862,   0.01405,  -0.09098,  -0.04503,   0.06328,   0.05344,  -0.01549,   0.02390,  -0.02369,  -0.02041,   0.01897,  -0.03518,  -0.02533,  -0.02205,  -0.03682,   0.01077,   0.03374,   0.03867,   0.03210,   0.03539,   0.04851,  -0.04339,   0.05836,   0.01405,   0.04851,  -0.01056,  -0.00072,   0.07805,   0.01405,   0.02882,  -0.04831,  -0.00236,  -0.01713,  -0.04010,  -0.02205,   0.05508,  -0.02369,  -0.04339,  -0.00728,  -0.02533,   0.03374,  -0.03354,  -0.02862,   0.01405,  -0.06800,  -0.02698,   0.05180,   0.04687,   0.01897,   0.00256,   0.06492,   0.03210,  -0.04339,  -0.03682,  -0.02041,   0.00256,   0.02226,   0.00092,  -0.06636,  -0.03682,  -0.00728,  -0.02369,   0.01405,   0.10595,  -0.08113,  -0.03354,   0.01077,  -0.01056,   0.00256,   0.03046,  -0.03354,   0.02718,  -0.02862,   0.03703,  -0.06308,   0.11252,   0.02718,  -0.02369,   0.01077,  -0.00236,   0.06000,  -0.02533,   0.01569,  -0.00236,  -0.03190,   0.09446,   0.00256,  -0.00892,   0.01733,   0.09118,   0.00585,  -0.02041,  -0.03354,  -0.00236,  -0.02041,   0.07313,  -0.00728,  -0.01385,  -0.06800,   0.06821,   0.03703,  -0.09426,  -0.02533,  -0.00564,   0.04195,  -0.02533,   0.07641,   0.00092,  -0.05323,   0.04031,   0.07477,  -0.02369,  -0.08113,  -0.08934,  -0.02205,   0.06492,   0.03703,   0.01897,  -0.02041,  -0.02041,   0.03374,   0.03539,  -0.02533,  -0.07949,  -0.07457,  -0.02698,  -0.03846,  -0.00072,  -0.05159,   0.00420,   0.00092,  -0.09098,   0.10431,  -0.03354,   0.01405,  -0.04667,   0.06164,  -0.04010,   0.00256,   0.02882,  -0.03190,   0.03539,  -0.07457,   0.03374,  -0.01056,   0.00913,  -0.03518,  -0.05487,  -0.04503,   0.03046,   0.06821,  -0.03026,  -0.00400,   0.01241,  -0.00564,   0.04687,   0.06000,   0.06657,  -0.04667,   0.01241,  -0.10575,   0.01241,   0.03210,   0.04687,   0.02882,   0.01569,   0.00420,   0.03867,   0.01569,  -0.06308,   0.00092,   0.00092,   0.03046,   0.02882,  -0.03682,   0.03374,   0.04523,  -0.01549,   0.05344,  -0.02369,  -0.00728,  -0.00564,  -0.00236,  -0.01713,  -0.04339,   0.01569,   0.05016,   0.04359,  -0.02205,   0.02390,   0.00256,   0.05180,  -0.08113,  -0.03190,  -0.03354,   0.01405,   0.00585,   0.04687,   0.04523,   0.02062,   0.00913,   0.07313,  -0.00564,   0.04687,  -0.12380,  -0.03354,  -0.04831,   0.01897,  -0.04339,   0.02718,   0.08790,  -0.04175,  -0.00400,   0.11908,   0.00913,   0.04359,   0.00256,  -0.05159,  -0.00892,  -0.03518,  -0.02862,   0.03210,  -0.03518,  -0.05816,   0.03867,   0.05344,   0.00256,  -0.04010,   0.02718,   0.04359,   0.07149,  -0.00892,   0.08462,   0.09282,  -0.05159,   0.04523,  -0.09426,  -0.01056,   0.02882,  -0.03682,   0.00913,   0.03703,  -0.00728,  -0.00728,   0.01405,  -0.00564,  -0.05487,  -0.03026,  -0.00072,   0.05836,  -0.01385,   0.04031,   0.00256,   0.05344,   0.02390,   0.00585,  -0.01385,   0.04031,   0.07641,  -0.01877,   0.01733,   0.00420,  -0.00728,   0.01405,   0.01569,  -0.00728,   0.07477,  -0.05323,   0.01405,   0.03703,   0.03046,  -0.12216,   0.02390,   0.05344,   0.06492,  -0.01713,  -0.01877,   0.02062,  -0.01221,  -0.04667,   0.01569,  -0.07785,  -0.05980,   0.05508,   0.00420,   0.01241,  -0.01221,   0.01241,  -0.01056,  -0.04667,   0.01241,  -0.01056,   0.01241,  -0.03026,  -0.03518,  -0.03190,   0.08462,   0.02390,   0.03539,   0.03374,   0.00585,  -0.05816,  -0.02862,  -0.00072,  -0.02205,   0.00092,   0.08626,   0.03703,   0.04195,   0.00256,   0.07805,   0.04359,  -0.04175,   0.01241,   0.01241,   0.03703,   0.01897,  -0.03026
   0.00585,   0.06492,  -0.03518,  -0.03354,  -0.02205,  -0.04339,  -0.02041,  -0.00400,  -0.00072,   0.05180,   0.02062,   0.03539,  -0.01056,  -0.00236,  -0.03682,  -0.05652,   0.05344,  -0.04995,   0.08790,  -0.00400,   0.01569,  -0.00892,  -0.00400,  -0.00892,  -0.00072,   0.00256,  -0.02205,   0.08462,  -0.01221,  -0.01713,  -0.01549,  -0.04010,  -0.03354,  -0.08605,  -0.04503,   0.03539,   0.14041,  -0.00728,   0.03867,   0.06985,  -0.10082,  -0.02205,  -0.00892,   0.00913,   0.02882,   0.00913,   0.00585,   0.01241,   0.05344,   0.02226,  -0.03846,  -0.03682,  -0.02205,  -0.05980,   0.04687,  -0.01549,   0.00749,  -0.06964,   0.04523,  -0.00564,  -0.02862,   0.02718,   0.01733,   0.10103,   0.04851,  -0.04010,   0.11908,   0.04851,  -0.00564,  -0.00564,  -0.02533,   0.05180,  -0.04831,  -0.00728,  -0.03846,  -0.00236,  -0.01385,  -0.03518,  -0.03026,   0.09446,  -0.02698,   0.02390,   0.02718,  -0.04831,   0.04851,   0.01405,  -0.06964,  -0.02533,  -0.06800,  -0.06472,  -0.02041,  -0.02369,   0.06985,  -0.06472,   0.12400,   0.03703,  -0.03354,  -0.01549,  -0.05980,  -0.05980,  -0.01221,   0.04031,  -0.01549,   0.03867,   0.02390,  -0.07621,   0.00256,  -0.02698,  -0.02533,   0.00256,   0.01569,  -0.01877,   0.01241,  -0.06144,   0.03374,   0.04523,  -0.05159,   0.02062,  -0.08770,  -0.00236,  -0.02533,  -0.09426,   0.02390,   0.04687,  -0.03354,   0.04031,  -0.00236,   0.02718,  -0.03682,  -0.05323,  -0.06800,  -0.03846,  -0.00728,  -0.11231,  -0.01385,  -0.05652,  -0.04175,  -0.04175,   0.01897,   0.04523,   0.02062,  -0.04503,  -0.01385,  -0.00892,   0.03210,   0.00092,  -0.04175,  -0.02041,  -0.01877,  -0.01713,  -0.03354,  -0.05980,   0.01733,   0.00092,   0.05508,   0.00256,   0.03210,  -0.01877,  -0.02205,   0.03210,  -0.02862,  -0.05159,   0.08134,  -0.08441,  -0.07129,   0.00749,   0.04031,  -0.05323,   0.00585,  -0.03354,   0.00256,   0.00092,  -0.03846,   0.03374,   0.03374,   0.00420,   0.06985,  -0.04667,  -0.07457,  -0.01549,   0.04359,   0.01241,  -0.03846,   0.07149,   0.06000,  -0.00236,  -0.02862,  -0.00728,  -0.05980,   0.04687,   0.02554,   0.03374,  -0.04831,   0.11252,   0.00913,  -0.01221,  -0.04339,  -0.01056,  -0.01713,   0.00092,  -0.05487,   0.07805,   0.01241,   0.04195,   0.01405,   0.02226,   0.00092,  -0.01713,  -0.04175,  -0.02533,   0.03210,   0.06657,  -0.05487,   0.06164,   0.06657,   0.05180,  -0.05323,   0.01241,   0.03539,  -0.02041,  -0.05487,   0.08954,   0.01569,  -0.05323,  -0.01713,   0.00913,   0.00913,   0.01733,   0.00256,   0.09775,  -0.03846,  -0.01221,   0.05016,   0.00913,  -0.00892,   0.03539,  -0.07293,  -0.01385,  -0.02369,   0.01077,  -0.00236,   0.03539,   0.01241,  -0.08277,   0.02882,   0.02390,  -0.03190,  -0.03354,  -0.00892,   0.06164,   0.00420,  -0.00236,   0.05344,  -0.00236,  -0.03518,   0.00913,  -0.02862,   0.00585,   0.10595,   0.06985,   0.02554,  -0.01221,  -0.01713,  -0.02862,   0.00749,   0.00749,  -0.05323,   0.00420,  -0.05323,   0.03374,   0.06000,  -0.00400,  -0.04995,  -0.05487,  -0.04175,   0.02390,   0.00585,  -0.03026,   0.06985,  -0.16319,  -0.03190,   0.04359,   0.03210,  -0.00892,   0.05016,  -0.05159,  -0.00728,  -0.04503,  -0.04503,  -0.07785,   0.02226,   0.03374,  -0.03190,   0.01569,  -0.03026,  -0.01713,   0.00092,   0.01077,  -0.02698,  -0.01056,  -0.06144,  -0.01056,   0.01569,  -0.08277,  -0.01549,   0.01405,  -0.02041,  -0.07129,   0.06821,  -0.02698,   0.04031,   0.04851,   0.10595,   0.02554,  -0.06800,   0.00256,  -0.01056,   0.06164,  -0.04995,   0.00585,   0.01077,  -0.03026,   0.05180,  -0.01056,   0.04523,  -0.03682,  -0.04995,  -0.03190,   0.01569,   0.01569,  -0.09590,  -0.11067,  -0.01713,   0.02226,   0.00256,   0.05344,  -0.02369,  -0.08934,  -0.01385,   0.00749,   0.02554,   0.05180,   0.01241,  -0.00892,  -0.02698,   0.02718,  -0.00400,   0.03046,  -0.06144,  -0.04995,   0.01569,  -0.02698,  -0.02205,  -0.06636,  -0.08934,  -0.01877,  -0.03846,   0.00585,   0.00420,  -0.03354,   0.05180,  -0.02698,  -0.02369,   0.01569,  -0.04667,   0.00749,   0.01569,  -0.02369,   0.02390,  -0.05159,  -0.02698,   0.07149,  -0.01056,  -0.01713,  -0.00564,  -0.03190,   0.03539,   0.07641,  -0.00236,   0.00749,  -0.05652,  -0.04175,   0.01733,   0.01897,  -0.05980,   0.00256,  -0.02205,   0.01241,   0.01077,  -0.01713,  -0.02041,  -0.03846,  -0.02698,  -0.06472,   0.00092,   0.06821,   0.01569,   0.00420,   0.02226,   0.04359,   0.00420,   0.00092,   0.04031,  -0.03354,   0.01241,  -0.02698,  -0.00400,   0.02226,  -0.00728,  -0.00728,   0.00092,  -0.01221,   0.05508,   0.00092,  -0.01713,   0.00256,  -0.01877,   0.06492,   0.02882,  -0.03354,   0.05672,  -0.03682,  -0.03846,  -0.01385,   0.02390,   0.08134,  -0.02041,   0.00420,  -0.01221,  -0.05159,  -0.11724,  -0.10082,   0.01733,   0.00913,   0.04031,  -0.00728,  -0.04503,  -0.03682,  -0.04339,  -0.04667,  -0.05487,   0.00420,  -0.01549,  -0.02369,  -0.05816,   0.04359,  -0.04995,   0.04687,  -0.02369,   0.05836,  -0.02698,   0.04523,  -0.09918,  -0.02041,   0.07149,  -0.03190,   0.00256,  -0.05323,   0.06492,  -0.02698,  -0.02862,  -0.05159,  -0.06636,   0.04195,  -0.05652,   0.02554,  -0.03518,  -0.02698,   0.04359,   0.06821,   0.02390,  -0.01549,  -0.01877,   0.04359,   0.06328,   0.03703,  -0.15662,  -0.03190,   0.06164,  -0.02205,   0.01077,   0.03210,  -0.03190,  -0.03518,  -0.02205,  -0.04503,  -0.02369,  -0.06800,   0.07477,   0.01405,   0.03539,  -0.04995,   0.02882,  -0.03846,   0.06821,  -0.01385,   0.01897,   0.00749,   0.06000,  -0.02698,  -0.01056,  -0.05652,   0.01405,   0.04031,  -0.01385,  -0.04667,   0.13057,   0.02226,  -0.03682,  -0.01385,   0.05180,   0.04031,  -0.03518,  -0.06964,   0.02554,   0.10923,   0.02390,   0.03046,   0.03210,  -0.04175,   0.00256,   0.00420,  -0.00400,   0.07313,  -0.06472,  -0.00236,   0.02882,  -0.00892,  -0.03846,  -0.04831,   0.02390,  -0.03026,  -0.02533,  -0.01877,   0.00092,  -0.02698,   0.02882,   0.02882,  -0.08113,  -0.06964,   0.04359,   0.02718,   0.02882,  -0.05980,  -0.03518,  -0.05652,   0.04359,   0.05016,  -0.09590,   0.03046,   0.02226,   0.04359,   0.01241,  -0.03518,   0.08298,   0.00092,  -0.04831,  -0.03190,   0.05016,  -0.01385,  -0.05816,  -0.04503,   0.04687,   0.00420,  -0.03354,   0.07969,   0.04687,   0.07313,   0.03539,   0.09446,   0.05508,   0.05344,   0.04195,  -0.00072,  -0.01385,   0.03374,  -0.00400,  -0.08113,   0.00420,  -0.02862,   0.00913,   0.00585,  -0.02862,   0.06492,   0.05016,  -0.03190,   0.01405,   0.06985,   0.03210,   0.00585,  -0.03026,   0.02226,   0.00913,   0.04359,  -0.02698,   0.01569,   0.02554,   0.02390,  -0.01056,  -0.02698,   0.08626,   0.01733,   0.01569,  -0.03846,  -0.00892,   0.02554,   0.01569,   0.00256,  -0.01385,  -0.06964,  -0.01713,   0.03374,  -0.05980,  -0.02698,   0.01733,   0.04195,   0.05016,  -0.03026,  -0.00728,  -0.03518,   0.00420,  -0.01549,   0.05508,   0.01241,  -0.03518,   0.01241,  -0.03354,  -0.05323,  -0.05652,  -0.05652,  -0.00728,  -0.00236,  -0.03354,   0.02226,   0.02882,  -0.03518,   0.05508,  -0.03682,  -0.04010,  -0.02698,  -0.00892,  -0.06472,   0.05508,   0.07313,   0.07969,  -0.01877,  -0.05980,  -0.02698,   0.00585,  -0.00072,  -0.07785,   0.01405,  -0.04503,  -0.05980,   0.04851,   0.04523,  -0.00400,  -0.01877,   0.01569,  -0.03846,   0.02062,  -0.04995,  -0.03026,   0.01077,   0.04687,  -0.07293,   0.05016,   0.02062,  -0.00892,  -0.12216,   0.04195,   0.03703,  -0.00236,   0.00092,  -0.07785,  -0.00728,   0.04195,  -0.04503,  -0.03354,  -0.06800,  -0.01713,  -0.03026,   0.05836,  -0.02369,  -0.04503,  -0.00400,  -0.04667,  -0.02698,  -0.02205,  -0.03846,   0.00256,  -0.02205,   0.09611,  -0.02533,   0.08790,  -0.08934,   0.02062,  -0.02533,  -0.02862,  -0.03026,  -0.01549,   0.04687,   0.00256,   0.03539,  -0.01713,  -0.00236,   0.08790,  -0.00892,   0.00749,   0.00749,   0.04687,  -0.07457,   0.07641,  -0.05980,  -0.00400,  -0.02533,  -0.01221,   0.02390,   0.05344,  -0.01056,  -0.05487,   0.02882,   0.03703,   0.03539,   0.05672,   0.05016,   0.00913,   0.04195,   0.06657,   0.09282,  -0.02205,  -0.03190,   0.04523,  -0.06964,   0.04195,  -0.04831,   0.06328,  -0.05323,   0.00420,   0.00256,   0.06821,  -0.06636,   0.04523,  -0.00892,  -0.03190,  -0.05652,  -0.02533,   0.03210,   0.02882,  -0.04339,  -0.02698,   0.00749,   0.06492,   0.02882,   0.00749,  -0.03846,  -0.07457,   0.05672,   0.03539,  -0.04010,   0.02718,   0.01897,   0.00420,  -0.00072,   0.00585,  -0.00400,   0.00092,   0.02554,   0.00585,   0.02718,  -0.00728,  -0.01713,   0.00913,  -0.09262,   0.00913,  -0.02205,   0.08298,   0.01897,   0.04031,  -0.05652,   0.03703,   0.06985,   0.03703,   0.06657,  -0.02041,  -0.02205,   0.02882,   0.01077,   0.00420,   0.05180,   0.02390,   0.05016,  -0.01056,  -0.02862,  -0.08605,  -0.04831,   0.11252,   0.04195,  -0.00236,   0.03210,   0.01733,   0.01241,  -0.05652,  -0.06472,  -0.02205,  -0.04339,  -0.05487,   0.00585,  -0.04503,   0.03867,   0.00585,  -0.01713,  -0.00892,  -0.02533,   0.02718,   0.02226,  -0.04667,  -0.01713,  -0.03190,  -0.03190,   0.02554,   0.02062,   0.05672,   0.02718,   0.06164,   0.02390,   0.02226,   0.01569,   0.03046,  -0.09426,  -0.03682,   0.06985,   0.03374,  -0.06964,   0.03374,   0.05836,  -0.00236,   0.04851,  -0.00564,   0.07641,  -0.03190,   0.01241,  -0.08934,  -0.07457,   0.00256,   0.05016,  -0.00892,   0.03046,   0.04687,  -0.05652,  -0.03354,   0.03046,  -0.02041,   0.01569,  -0.02369,  -0.00892,  -0.00236,   0.05180,   0.01077,   0.01569,   0.01241,  -0.03026,   0.02882,   0.04687,   0.00420,   0.00749,  -0.01713,   0.03703,   0.00913,   0.10923,  -0.01056,  -0.03682,  -0.06800,   0.00092,  -0.00728,  -0.02533,  -0.00564,  -0.03190,  -0.01385,  -0.03682,  -0.00728,   0.00420,   0.03539,   0.00092,   0.03374,  -0.08605,  -0.02862,   0.02226,  -0.04010,   0.00913,   0.06657,  -0.01056,  -0.08441,   0.03374,   0.02882,  -0.07129,  -0.01056,  -0.00072,  -0.06472,   0.03539,   0.03210,  -0.01713,  -0.01877,  -0.08605,   0.01241,   0.00420,   0.01405,  -0.05652,  -0.04667,   0.01569,  -0.07293,  -0.00564,  -0.02205,   0.01897,   0.03210,  -0.04995,  -0.01549,   0.00092,   0.07641,   0.03046,   0.02062,  -0.02205,  -0.06636,   0.02718,  -0.04667,   0.03867,  -0.01549,   0.00749,   0.00913,  -0.00400,  -0.08113,   0.03867,   0.02390,  -0.02205,  -0.00728,   0.00420,  -0.00072,  -0.09262,   0.03703,  -0.03518,   0.01405,  -0.00892,  -0.06308,   0.00256,  -0.05323,   0.00420,   0.01077,   0.04195,   0.06164,  -0.05652,  -0.03026,  -0.02533,  -0.00728,   0.04195,   0.00420,   0.01405,   0.04031,  -0.05816,   0.02226,  -0.04175,   0.03867,  -0.00564,  -0.03846,   0.02226,  -0.04175,   0.03046,  -0.05816,  -0.00892,   0.05344,   0.00749,  -0.00564,   0.01077,   0.08134,   0.00585,   0.00092,  -0.04339,  -0.06144,  -0.00564,   0.01733,  -0.01549,  -0.05816,  -0.04667,   0.02882,  -0.07621,   0.06821,   0.06000,   0.00585,  -0.04667,   0.00092,  -0.04831,  -0.02862,  -0.02041,  -0.03518,  -0.03354,   0.02390,   0.00913,   0.02718,   0.06821,   0.00585,  -0.03190,   0.04523,  -0.02533,   0.05672,  -0.03846,   0.03867,  -0.00728,   0.05016,  -0.00728,   0.05016,  -0.02205,  -0.03026,  -0.00236,  -0.01549,   0.06328,   0.03374,   0.02554,   0.09446,   0.01241,   0.01733,   0.02554,  -0.05652,   0.00749,   0.07969,  -0.01713
  -0.05323,   0.01241,  -0.08441,   0.07149,   0.05016,  -0.02533,   0.02718,   0.05344,   0.03539,   0.05180,  -0.02698,   0.01241,   0.00749,   0.05016,  -0.04175,  -0.02369,   0.06985,  -0.00564,  -0.04995,  -0.02041,  -0.04503,  -0.02369,   0.02554,  -0.00728,  -0.10247,  -0.02698,  -0.02041,   0.04195,   0.03539,  -0.06472,  -0.00892,   0.00256,  -0.00564,   0.01897,   0.02882,   0.01405,   0.10103,   0.01569,   0.05344,  -0.06308,  -0.01877,   0.01897,  -0.04175,   0.01897,  -0.02533,  -0.04667,   0.01405,  -0.01221,   0.02226,   0.01077,   0.02390,   0.01569,  -0.04995,   0.00256,   0.02554,  -0.03354,  -0.00400,   0.00420,  -0.01221,  -0.05816,  -0.04339,  -0.04667,  -0.04995,  -0.04175,   0.01077,  -0.06800,  -0.04010,  -0.03190,  -0.09098,  -0.06144,   0.05016,  -0.06964,  -0.02205,  -0.07293,  -0.01549,  -0.05980,  -0.04339,   0.00256,   0.00749,  -0.01549,  -0.00400,   0.01241,  -0.00400,  -0.05323,   0.00092,  -0.10247,   0.02882,   0.03046,   0.00092,  -0.01713,  -0.03682,   0.00585,   0.04851,   0.00256,  -0.06308,   0.02718,   0.06985,   0.04523,   0.00585,  -0.01221,  -0.01877,  -0.00072,   0.04031,   0.12236,   0.02062,  -0.01385,  -0.02862,  -0.04995,  -0.01877,   0.00420,   0.00256,   0.06657,  -0.00728,   0.06985,   0.04851,   0.00092,   0.02882,  -0.01385,   0.08626,   0.01569,  -0.02369,  -0.03682,   0.13385,   0.02062,  -0.02369,  -0.01385,  -0.00564,   0.04359,   0.00092,   0.06821,  -0.01221,  -0.07949,  -0.01385,   0.00585,  -0.01056,  -0.07949,   0.04195,  -0.03518,   0.00256,  -0.04010,  -0.06964,   0.03210,   0.00913,  -0.01877,   0.08298,   0.02718,   0.02390,  -0.07949,  -0.02205,   0.05180,  -0.03846,   0.05344,  -0.02533,   0.02554,  -0.00892,   0.06985,  -0.04831,   0.03703,   0.07969,   0.10923,  -0.01385,   0.03703,  -0.00564,   0.07641,   0.04359,  -0.04831,   0.08954,   0.01241,   0.08790,  -0.02533,   0.06000,   0.03210,   0.03539,   0.00256,   0.00420,   0.00585,  -0.03518,   0.01569,  -0.03846,   0.08790,   0.00420,   0.01405,   0.03374,  -0.01221,  -0.09098,  -0.00072,  -0.00236,   0.02718,   0.02062,   0.00092,   0.04359,  -0.06472,   0.08954,   0.03046,  -0.00236,  -0.01221,  -0.01221,  -0.01056,   0.03374,   0.06164,  -0.09754,  -0.02533,   0.02062,   0.00256,   0.02062,   0.05508,  -0.03518,   0.07149,  -0.02205,   0.00913,   0.10103,  -0.05816,  -0.03682,  -0.04831,  -0.01221,  -0.01221,  -0.07785,   0.01897,   0.00092,   0.00092,   0.03539,   0.04031,  -0.02205,   0.01405,   0.00749,   0.00749,   0.03867,   0.05672,  -0.04339,  -0.02369,  -0.01056,   0.00256,   0.01405,  -0.03682,  -0.01056,  -0.01221,  -0.00236,  -0.03190,  -0.03518,   0.01241,   0.07313,  -0.03026,   0.06000,   0.04195,   0.01569,   0.00749,   0.02062,   0.00256,  -0.06636,  -0.02041,  -0.05323,   0.00749,   0.00749,  -0.00400,   0.00913,  -0.03846,  -0.05323,  -0.00072,  -0.01713,   0.08790,  -0.03190,   0.02882,   0.00913,   0.01733,  -0.02862,  -0.00564,   0.05016,  -0.01549,   0.05180,   0.00913,   0.07805,   0.02718,   0.00420,  -0.01385,   0.05016,   0.00256,  -0.04010,  -0.04010,  -0.02533,   0.00749,   0.07149,  -0.04339,   0.06492,  -0.03190,   0.01733,   0.00256,  -0.08277,   0.00913,   0.02226,  -0.02205,   0.02226,  -0.02698,  -0.04503,   0.00420,  -0.00072,   0.02882,   0.00913,  -0.00564,   0.04523,  -0.02205,  -0.00072,  -0.04503,   0.02226,   0.00092,  -0.00400,  -0.04831,  -0.00236,   0.01733,  -0.05323,  -0.03354,  -0.06800,  -0.03518,   0.10759,   0.02062,   0.01077,  -0.00236,   0.04851,  -0.02205,   0.04359,   0.03374,  -0.00728,   0.02882,   0.00585,  -0.05323,   0.00256,  -0.00400,  -0.03846,   0.02718,   0.00092,   0.02554,   0.00256,  -0.06144,  -0.01877,  -0.02369,  -0.04503,  -0.00728,   0.01077,   0.01897,  -0.06308,  -0.00400,   0.00420,  -0.00236,   0.06000,  -0.01221,  -0.00236,  -0.07457,  -0.00072,  -0.02205,  -0.02698,  -0.03026,  -0.03518,   0.04031,  -0.04831,   0.03046,   0.05344,   0.05016,  -0.02369,  -0.05652,  -0.05652,  -0.05980,   0.01569,   0.01733,   0.06000,   0.09939,  -0.01221,  -0.04010,   0.00749,  -0.01056,  -0.05159,   0.00420,   0.03374,   0.01897,  -0.00400,   0.04687,   0.00585,  -0.06472,  -0.02862,   0.03703,  -0.02533,  -0.08934,   0.00749,   0.02226,  -0.04667,   0.00420,   0.01077,   0.03703,  -0.03354,   0.05672,   0.01897,  -0.00072,  -0.07293,  -0.00892,   0.04195,  -0.02698,  -0.01713,  -0.03682,  -0.01385,   0.00749,   0.08134,   0.04523,   0.07313,   0.07149,   0.04195,   0.02390,   0.03374,  -0.06636,  -0.01385,   0.01733,  -0.04503,   0.07149,  -0.01385,  -0.03190,  -0.02369,   0.06657,  -0.03354,  -0.05816,   0.05016,  -0.02205,   0.01241,  -0.03846,  -0.02533,   0.03210,  -0.01549,   0.00256,   0.05836,  -0.02205,   0.01897,   0.05016,  -0.02369,  -0.00400,   0.01405,  -0.05652,   0.00092,   0.00420,   0.05672,  -0.05323,  -0.01877,   0.01077,   0.00256,   0.04195,  -0.02698,  -0.04995,  -0.03190,   0.01897,  -0.00564,  -0.03682,  -0.07129,   0.09611,   0.01405,  -0.03026,  -0.00236,   0.03210,   0.00256,  -0.03026,  -0.04503,   0.01405,  -0.06964,   0.05672,  -0.01877,  -0.02205,  -0.02533,   0.03374,  -0.02533,  -0.09262,  -0.02205,  -0.01877,  -0.00564,  -0.06144,   0.03210,  -0.02533,   0.03703,  -0.00564,  -0.00236,   0.03539,  -0.00892,  -0.02369,   0.03539,   0.00585,   0.02390,   0.02718,  -0.00400,   0.02882,   0.04523,  -0.00072,   0.07805,  -0.07457,   0.04851,   0.02062,  -0.00400,   0.02226,   0.05344,   0.04031,  -0.00072,   0.04195,   0.07477,   0.06164,  -0.05980,  -0.03682,  -0.06800,  -0.03354,  -0.03682,  -0.00400,  -0.01713,  -0.05652,  -0.02041,  -0.01549,   0.02554,  -0.07457,  -0.01713,  -0.05980,  -0.00236,   0.02554,   0.00585,  -0.01221,  -0.00400,  -0.09426,   0.01569,  -0.06472,  -0.00564,  -0.06472,  -0.08770,   0.01733,   0.05508,   0.07313,  -0.03846,  -0.04175,   0.01405,   0.05180,   0.05180,   0.03046,   0.01897,   0.06000,  -0.06472,   0.06985,   0.01733,   0.06492,   0.04851,  -0.04503,   0.01077,   0.00256,  -0.03846,  -0.00072,   0.01241,   0.09775,  -0.03846,  -0.01221,   0.01241,   0.00092,  -0.01221,  -0.05652,   0.01405,  -0.01877,   0.01405,  -0.02369,   0.05508,  -0.01385,  -0.02862,   0.00092,  -0.06472,   0.04851,  -0.00564,   0.00420,  -0.04339,  -0.02533,   0.03374,  -0.00892,   0.01405,  -0.00072,   0.03210,  -0.03190,  -0.02041,   0.04851,   0.02882,  -0.00072,  -0.01221,  -0.07293,  -0.00072,  -0.05816,  -0.06964,  -0.00236,  -0.00400,   0.00585,  -0.01221,  -0.00236,   0.03046,  -0.01713,   0.03210,  -0.02533,  -0.04175,  -0.04503,  -0.10411,  -0.03354,  -0.02698,   0.04851,   0.00585,  -0.09426,   0.07149,  -0.00400,  -0.02369,   0.02390,   0.01405,  -0.05159,   0.03867,   0.02718,   0.03374,  -0.01056,  -0.08113,  -0.00236,  -0.02533,   0.04359,  -0.06636,  -0.01877,   0.01241,  -0.01385,   0.03046,  -0.00728,   0.01241,   0.06492,   0.01733,  -0.01713,   0.08790,   0.01077,  -0.05652,   0.07149,  -0.04503,   0.08626,  -0.08934,  -0.03190,   0.00092,  -0.04831,  -0.02698,  -0.02041,  -0.00892,   0.01077,   0.06000,  -0.01549,  -0.08277,  -0.01713,   0.03374,  -0.01549,  -0.04995,  -0.01221,   0.03210,   0.03539,   0.01569,   0.04523,   0.01241,   0.04195,  -0.04831,   0.04031,   0.03539,  -0.01221,   0.00420,   0.03046,   0.05344,  -0.06472,  -0.01877,  -0.03190,   0.03867,   0.02226,  -0.05816,  -0.04995,  -0.00892,  -0.03026,   0.07641,   0.05016,   0.02390,   0.00092,  -0.03518,  -0.04010,   0.02062,  -0.05980,   0.01077,  -0.02041,  -0.05652,   0.00420,  -0.00892,   0.01077,  -0.06472,   0.04851,  -0.10903,   0.05672,   0.02062,  -0.06472,   0.00092,   0.00913,  -0.00892,  -0.06636,   0.00420,   0.02226,  -0.01056,   0.00913,  -0.04339,  -0.03682,   0.01077,  -0.04667,   0.05344,  -0.02369,   0.00749,   0.07641,   0.06000,   0.02882,  -0.01221,   0.00913,  -0.04831,   0.01077,  -0.02862,   0.05672,   0.02226,   0.00092,  -0.03354,   0.04195,  -0.00072,   0.04031,   0.07313,   0.02062,  -0.04667,   0.01405,  -0.00072,  -0.00072,   0.07477,  -0.04667,   0.08298,  -0.04339,  -0.08441,  -0.03518,   0.01897,  -0.01385,   0.05344,   0.01733,  -0.01877,  -0.03518,   0.00092,   0.00092,  -0.06964,  -0.00728,   0.05016,   0.11088,   0.04359,   0.01897,   0.09446,   0.03046,   0.04195,   0.04195,   0.03210,   0.02062,   0.05180,  -0.04175,  -0.05816,   0.01077,   0.03374,   0.04687,  -0.03190,   0.02554,  -0.03354,   0.02554,  -0.01385,  -0.07129,   0.03046,   0.02226,   0.01405,   0.00420,  -0.01385,  -0.02533,   0.03374,  -0.05980,  -0.05816,   0.04851,   0.04687,  -0.02369,  -0.06964,  -0.04339,  -0.00728,   0.03374,  -0.03190,  -0.10739,   0.02390,   0.00913,  -0.00892,  -0.02205,   0.02390,  -0.05159,   0.09118,   0.00420,   0.01241,  -0.06308,   0.00913,  -0.05159,   0.00749,   0.03210,  -0.01056,  -0.03026,  -0.05652,  -0.07457,  -0.09426,  -0.05323,   0.01241,   0.00585,   0.07969,  -0.07129,  -0.01877,   0.00256,   0.01569,  -0.03682,  -0.05652,  -0.01221,   0.04031,  -0.04175,  -0.03354,  -0.04831,  -0.01385,  -0.03518,   0.04851,  -0.06472,  -0.03354,   0.00092,  -0.02698,   0.00913,  -0.04175,  -0.04667,   0.05672,   0.02554,  -0.03190,   0.01077,   0.00585,   0.02718,  -0.01221,   0.02226,   0.02226,   0.05016,   0.02718,   0.03374,  -0.03354,   0.02554,   0.04359,   0.06657,   0.04031,   0.03867,  -0.01549,  -0.01713,  -0.04010,   0.06000,   0.01733,  -0.10247,   0.02718,   0.03046,  -0.06636,   0.06328,  -0.07293,   0.00420,  -0.04339,   0.03210,  -0.00236,   0.01733,  -0.01385,  -0.03518,  -0.00564,  -0.03190,   0.01077,   0.00256,  -0.01056,   0.01569,   0.03046,   0.03210,  -0.02533,  -0.04503,   0.03703,  -0.00236,   0.05016,   0.04687,   0.00749,   0.03703,  -0.03682,  -0.04175,  -0.00892,   0.07969,  -0.04831,   0.00749,  -0.02205,  -0.06964,  -0.04995,   0.04687,   0.00420,  -0.02369,  -0.02698,  -0.03026,  -0.01713,   0.02718,   0.01077,   0.01077,   0.03703,  -0.00072,   0.00749,  -0.02533,  -0.06308,  -0.07621,  -0.00728,   0.13877,  -0.00236,  -0.00236,   0.01405,   0.00420,  -0.04339,   0.06000,   0.04359,  -0.01385,  -0.04503,   0.03867,  -0.05980,  -0.04995,  -0.03026,  -0.07457,  -0.03190,   0.06492,   0.00913,  -0.00400,  -0.01385,  -0.01385,   0.03210,  -0.00728,  -0.02862,  -0.02698,   0.01733,   0.00749,   0.00585,  -0.06800,  -0.04339,  -0.02041,  -0.04503,  -0.01056,  -0.00892,   0.01405,  -0.07457,  -0.09098,   0.02554,  -0.02041,   0.07477,  -0.03354,   0.00913,  -0.03190,   0.04851,   0.03210,   0.03210,   0.02226,   0.03210,   0.08462,  -0.01877,  -0.05487,   0.04031,  -0.01713,   0.05180,   0.00420,  -0.01713,  -0.01385,  -0.01549,   0.01241,  -0.01056,  -0.03354,   0.01405,  -0.03682,   0.04359,   0.05344,   0.00256,   0.03374,   0.09611,  -0.04339,   0.05016,  -0.01549,   0.08626,  -0.01713,  -0.01713,   0.09939,  -0.02369,   0.03210,  -0.02041,   0.00420,   0.04687,   0.12072,  -0.02698,  -0.01877,   0.12893,  -0.07293,  -0.01056,   0.03867,   0.04523,   0.03210,   0.00585,   0.02226,   0.00585,   0.00420,  -0.02041,   0.03867,   0.03210,   0.03374,   0.04031,  -0.03354,  -0.03190,  -0.00236,  -0.02205,   0.08790,  -0.00564,   0.01733,   0.02554,  -0.03518,  -0.01221,  -0.01221,   0.00913,   0.00256,   0.01405,  -0.11231,   0.00092,  -0.08605,   0.06657,   0.04851,  -0.06636,   0.01405,   0.00420,  -0.05816,   0.04687,  -0.04667,   0.00256,  -0.06636,   0.01733,   0.03703
  -0.07949,   0.01569,   0.00256,  -0.00564,   0.00092,  -0.06308,  -0.04010,   0.08790,  -0.01221,   0.03374,  -0.06472,  -0.01713,  -0.06144,   0.06328,   0.03374,   0.03539,   0.01733,   0.00256,  -0.05652,   0.05016,   0.02062,   0.00749,   0.01897,  -0.02369,   0.03374,   0.04851,   0.04031,   0.05016,  -0.04995,   0.04523,  -0.07293,   0.01241,  -0.00400,  -0.00564,   0.00420,   0.02062,   0.02390,   0.04851,   0.05180,   0.00585,   0.07477,  -0.00728,   0.01569,   0.00913,  -0.02041,  -0.08605,  -0.01056,   0.00420,  -0.03682,   0.03539,  -0.00564,  -0.04667,   0.03539,  -0.01713,  -0.05652,  -0.06964,  -0.02041,  -0.01549,   0.01733,   0.02390,  -0.01549,  -0.01877,  -0.00400,   0.01569,   0.00256,  -0.01713,  -0.04010,  -0.03682,   0.04523,  -0.06144,  -0.00236,  -0.00564,  -0.04339,  -0.01549,   0.04359,   0.04687,   0.01405,  -0.07949,   0.00585,  -0.00892,   0.01405,  -0.03846,   0.08626,  -0.01221,   0.01733,   0.03539,  -0.02698,  -0.03354,   0.02718,  -0.01713,   0.03046,   0.05344,  -0.05816,   0.06492,  -0.01221,   0.06492,  -0.03354,   0.01733,  -0.03682,  -0.10247,  -0.07293,   0.02062,  -0.03682,   0.04359,  -0.03518,   0.02390,  -0.01713,  -0.01056,   0.05836,   0.00913,  -0.05159,  -0.04339,  -0.02369,  -0.08770,  -0.03190,   0.06657,   0.03046,  -0.00236,  -0.00728,  -0.00400,  -0.03026,  -0.03354,  -0.00564,   0.04523,   0.05344,   0.05836,   0.08626,  -0.08934,  -0.08113,   0.07805,   0.04031,  -0.00564,  -0.01713,   0.00913,   0.03867,   0.01241,   0.03046,  -0.01713,   0.05672,  -0.01877,   0.00092,   0.03539,   0.03703,   0.04195,  -0.00564,  -0.01056,   0.00420,  -0.08113,   0.02062,   0.05180,  -0.01056,  -0.02698,   0.03046,   0.01405,  -0.01877,  -0.05159,  -0.07457,   0.00913,   0.00256,   0.01241,  -0.08277,  -0.02862,   0.00256,   0.01897,   0.02718,  -0.03026,  -0.00072,   0.07149,  -0.07785,  -0.03190,  -0.02041,   0.02062,  -0.04175,   0.04031,   0.02882,   0.06657,   0.00749,   0.02062,   0.05016,   0.03210,   0.04851,   0.06164,   0.00420,   0.01569,   0.06492,  -0.03190,  -0.02698,  -0.00564,  -0.04667,  -0.03518,  -0.02369,  -0.01221,   0.07641,  -0.04175,  -0.05652,   0.03867,  -0.09754,   0.00913,   0.00420,   0.06328,  -0.06636,  -0.01713,   0.00585,  -0.07129,   0.00256,   0.09446,   0.07477,   0.03046,  -0.01549,   0.00585,   0.01405,  -0.05323,   0.05180,  -0.08770,   0.03867,   0.02062,  -0.07129,  -0.03190,   0.03046,  -0.01877,   0.01077,  -0.04831,  -0.06636,   0.07805,   0.02226,  -0.03354,   0.02718,  -0.00400,  -0.08441,  -0.03026,  -0.02533,   0.01897,  -0.00728,  -0.01056,  -0.07293,  -0.02041,   0.03210,   0.06492,   0.00092,  -0.02369,   0.05672,   0.06492,  -0.05487,  -0.00892,  -0.05323,  -0.02862,   0.03374,   0.06657,  -0.01713,   0.02554,  -0.04175,  -0.08441,   0.01077,   0.04031,  -0.01549,  -0.04339,   0.05180,   0.03703,   0.02226,   0.05508,   0.02062,  -0.01056,  -0.03682,  -0.00564,   0.08134,   0.07969,   0.05508,   0.03703,   0.06000,  -0.01877,   0.10267,   0.04523,   0.09282,  -0.02698,   0.02882,  -0.11067,  -0.03518,   0.05508,   0.06492,  -0.04831,   0.01897,   0.03539,  -0.00072,   0.00420,  -0.04995,  -0.01221,   0.01569,   0.00585,  -0.03846,   0.02718,  -0.01385,   0.02882,  -0.04995,   0.02554,   0.01077,  -0.02205,   0.02226,   0.00749,   0.00585,  -0.03682,   0.01241,   0.02718,   0.03539,   0.09282,   0.00749,   0.05836,   0.00420,   0.06000,  -0.02041,   0.05836,  -0.01549,  -0.01877,  -0.04667,  -0.02698,  -0.00400,   0.03703,   0.00092,   0.03374,  -0.02369,  -0.01221,  -0.06636,  -0.00072,  -0.00728,   0.00256,  -0.01713,   0.05016,  -0.06144,  -0.03354,   0.09611,  -0.02862,   0.00913,  -0.05487,  -0.00236,   0.02554,   0.08790,  -0.05980,   0.05672,   0.01405,   0.02554,   0.00420,   0.02390,   0.03210,  -0.01713,  -0.00564,  -0.01221,   0.08134,  -0.04339,   0.02390,  -0.00400,  -0.03846,   0.03374,   0.03046,  -0.01385,  -0.04010,   0.03867,   0.07641,   0.00749,  -0.08441,   0.01077,  -0.01713,   0.00749,  -0.01221,  -0.03518,  -0.03026,  -0.03190,   0.03210,   0.03539,  -0.06144,  -0.03682,  -0.04995,   0.04851,  -0.04339,  -0.02698,  -0.00400,   0.01405,   0.01241,   0.09775,  -0.02205,   0.04359,  -0.00072,   0.00256,  -0.02205,  -0.04339,   0.01733,   0.02882,  -0.01056,   0.00585,  -0.03682,  -0.01549,   0.05672,   0.06492,   0.03867,  -0.03190,  -0.03518,  -0.04503,  -0.01385,   0.01897,   0.12729,   0.02390,   0.05836,  -0.09262,  -0.03026,   0.05344,   0.00585,  -0.04995,  -0.01713,  -0.00400,  -0.00728,  -0.01056,   0.04031,   0.03210,  -0.04175,   0.05016,   0.05180,  -0.00236,  -0.03682,  -0.03846,   0.03046,  -0.00728,   0.00092,   0.00585,   0.02390,   0.01241,  -0.00892,   0.00256,  -0.03846,  -0.00564,  -0.01713,   0.09446,   0.04359,  -0.01385,  -0.02698,   0.02718,   0.06000,  -0.04831,   0.01569,  -0.02041,   0.01569,   0.02718,  -0.08441,  -0.01056,   0.05016,  -0.00400,   0.02554,  -0.07129,  -0.08441,  -0.04667,   0.04851,   0.01569,  -0.01713,  -0.03190,   0.07149,  -0.00728,  -0.04503,   0.01733,  -0.00400,  -0.00564,   0.00749,  -0.02205,   0.02062,   0.06000,  -0.04339,  -0.03682,   0.05344,   0.04031,   0.00420,   0.06000,   0.02718,   0.03703,  -0.00072,  -0.01877,  -0.01221,  -0.00892,   0.05180,   0.01405,  -0.01713,  -0.07293,  -0.04995,  -0.03682,  -0.03682,  -0.01877,   0.01733,  -0.04339,  -0.01713,   0.06821,   0.09118,  -0.01713,  -0.06472,  -0.11888,   0.05344,   0.00585,   0.01897,   0.00256,   0.02226,   0.02882,  -0.00892,  -0.01877,   0.01405,   0.01241,  -0.00892,   0.03867,  -0.02698,   0.01077,  -0.01385,   0.04523,   0.05344,  -0.03026,  -0.05323,  -0.02205,  -0.03518,  -0.04995,  -0.03682,  -0.01221,  -0.01713,   0.02062,   0.05836,  -0.02533,   0.01569,   0.01405,   0.00749,  -0.02369,   0.00420,   0.04359,  -0.04831,   0.01077,   0.11908,  -0.03354,  -0.01221,  -0.02698,  -0.02205,   0.00256,   0.03374,  -0.02698,  -0.03354,  -0.00236,   0.00913,  -0.04339,   0.00585,   0.04195,   0.00256,   0.00749,   0.01077,   0.04359,  -0.02533,   0.07969,  -0.02369,   0.03210,  -0.08605,  -0.02698,  -0.00892,   0.02390,  -0.03846,  -0.01877,  -0.01877,  -0.05159,   0.05344,   0.04195,  -0.04339,  -0.00072,  -0.06144,   0.05344,  -0.07457,   0.02718,  -0.06144,   0.00256,   0.04851,  -0.00072,  -0.04175,   0.00749,  -0.05159,  -0.05159,  -0.03846,   0.09118,   0.00749,   0.00092,   0.00092,  -0.00072,  -0.01877,   0.07641,  -0.05652,   0.03703,  -0.01549,  -0.08277,  -0.02041,  -0.00072,  -0.04175,   0.05180,   0.05508,   0.01569,   0.02882,  -0.05487,  -0.04339,  -0.01713,  -0.01713,  -0.08605,  -0.02533,  -0.02369,  -0.00072,  -0.05323,  -0.09754,  -0.03518,  -0.07949,  -0.02205,  -0.02533,  -0.11724,  -0.03682,  -0.08770,  -0.03190,  -0.02533,   0.01733,   0.02554,  -0.01549,   0.06985,  -0.04995,   0.06657,  -0.03354,  -0.00564,   0.04359,   0.00913,   0.04195,   0.02718,   0.06328,   0.02226,   0.01569,  -0.01549,   0.00585,  -0.01877,   0.00913,   0.04851,  -0.03682,  -0.00728,  -0.02862,   0.04031,  -0.01056,  -0.00072,   0.03867,  -0.03846,   0.00749,   0.04523,   0.02718,  -0.05816,  -0.04667,   0.03703,   0.02882,   0.04031,  -0.00072,   0.05016,  -0.02369,  -0.01385,   0.04687,   0.00092,  -0.00400,   0.02882,  -0.05487,   0.00420,  -0.02041,   0.00092,   0.02226,  -0.06308,  -0.00892,   0.05836,  -0.00072,   0.00749,   0.07969,  -0.03682,  -0.02533,   0.02226,   0.00092,   0.05836,  -0.03354,   0.03867,   0.06328,   0.00256,   0.00749,  -0.11231,  -0.02205,  -0.00564,   0.03374,   0.00913,  -0.00400,   0.02390,   0.05508,   0.01569,   0.02226,   0.00256,   0.07805,  -0.03682,   0.02718,  -0.00072,   0.00092,  -0.00236,  -0.09754,  -0.05816,  -0.01221,   0.00092,   0.03210,   0.02554,   0.03703,  -0.07457,   0.00256,  -0.04667,  -0.00728,   0.04687,   0.00585,   0.01077,  -0.01549,  -0.02862,   0.04523,  -0.12872,   0.02554,   0.08462,  -0.01877,   0.06657,   0.01897,  -0.00892,  -0.06144,  -0.09918,  -0.01056,   0.01897,   0.02390,   0.11416,  -0.04010,   0.01241,  -0.01385,  -0.01385,  -0.03354,  -0.01877,   0.01733,   0.00585,  -0.01221,   0.03374,  -0.01056,  -0.05816,  -0.08113,   0.03046,  -0.01713,  -0.02862,  -0.03682,  -0.10082,  -0.03190,  -0.04831,   0.02718,   0.00585,  -0.05816,   0.04687,  -0.00400,  -0.00072,   0.01569,  -0.01385,  -0.06964,  -0.04010,  -0.07293,  -0.04503,  -0.01056,  -0.03190,   0.06657,   0.04195,   0.00256,  -0.07621,   0.06328,   0.00420,   0.04851,  -0.05816,   0.04359,  -0.00072,   0.02718,  -0.03846,   0.08954,   0.03210,   0.02882,  -0.02369,   0.00749,  -0.08277,   0.03703,   0.04195,   0.01897,   0.02554,   0.01569,   0.05508,   0.02882,   0.09939,  -0.06800,  -0.04339,  -0.04175,  -0.00400,  -0.03354,   0.00256,   0.01405,  -0.02205,  -0.02533,  -0.06308,   0.01405,   0.01077,  -0.05816,  -0.01877,  -0.04667,  -0.04010,  -0.07785,  -0.05487,  -0.03190,  -0.00564,   0.02062,   0.05836,  -0.02698,   0.02062,   0.03867,  -0.04667,  -0.00728,  -0.02041,   0.01897,  -0.00072,  -0.01385,   0.04359,  -0.04010,  -0.00400,  -0.00400,   0.00749,  -0.06636,  -0.02205,   0.01569,   0.01733,  -0.08770,   0.00256,   0.05016,   0.04851,   0.03539,   0.00092,   0.03539,   0.01897,  -0.03682,  -0.00236,  -0.07457,   0.01241,  -0.01385,  -0.05159,  -0.07457,  -0.02533,  -0.01385,  -0.05816,  -0.00236,   0.01241,   0.03046,   0.00749,  -0.01221,   0.00420,  -0.02698,  -0.04503,  -0.00564,   0.00092,  -0.01713,  -0.08605,  -0.04995,   0.05180,   0.06328,  -0.01385,   0.02554,   0.02226,  -0.03190,   0.00585,  -0.02698,  -0.01877,   0.00256,   0.07805,  -0.05159,  -0.04831,   0.00256,   0.03703,   0.06821,   0.05344,  -0.00236,  -0.02041,  -0.00892,   0.01897,  -0.03682,  -0.02369,  -0.02862,  -0.06636,  -0.04010,  -0.05816,  -0.03518,  -0.09098,  -0.03518,   0.00420,   0.10923,   0.03046,  -0.03354,   0.02882,  -0.00072,  -0.00892,  -0.06964,   0.02554,  -0.03026,  -0.00728,   0.02390,   0.01897,   0.03374,   0.08134,   0.10103,   0.00420,   0.01733,   0.00092,  -0.00564,   0.00420,  -0.04995,  -0.02041,   0.09118,   0.02718,   0.00092,  -0.01221,  -0.05816,   0.12072,  -0.02205,  -0.04339,  -0.00400,   0.03539,   0.00420,  -0.00892,  -0.03846,   0.00092,   0.06821,  -0.04831,   0.06328,  -0.02369,  -0.04339,  -0.03354,  -0.00400,   0.00420,   0.01405,   0.00749,  -0.06964,   0.04031,   0.02554,  -0.02698,  -0.03518,   0.01897,  -0.03026,   0.01241,  -0.05159,   0.01733,   0.06164,   0.01897,  -0.05652,   0.04359,  -0.04010,  -0.01056,  -0.00400,  -0.01549,   0.01897,  -0.03518,  -0.02533,   0.03210,  -0.00400,  -0.00728,  -0.01056,   0.00913,  -0.00892,  -0.07949,  -0.04010,   0.00585,   0.04687,   0.03867,  -0.03190,  -0.02698,   0.00913,  -0.07457,   0.02554,  -0.06472,   0.01733,   0.04687,  -0.05980,   0.08790,   0.00420,   0.03703,   0.01241,  -0.03026,   0.03046,   0.06492,  -0.02862,  -0.07129,   0.01241,  -0.00892,   0.06328,   0.01897,   0.05344,  -0.00072,  -0.03518,  -0.02533,  -0.03354,   0.00913,   0.01241,  -0.02041,   0.07477,   0.01241,   0.00420,  -0.03354,   0.06328,  -0.02533,   0.03210,   0.05508,   0.01077,  -0.01221,  -0.03846,  -0.07293,   0.00585,  -0.07785,  -0.02041,   0.02554,  -0.00564,  -0.02862,   0.02062,   0.01077,   0.01897,   0.04851,   0.04851,  -0.06308,   0.02882,  -0.03518,   0.01897,  -0.01221,   0.00420,  -0.00072,   0.03210,   0.01569,   0.02882
   0.07313,  -0.06472,   0.00092,   0.03374,   0.04851,   0.01897,   0.03374,   0.03374,  -0.03682,   0.09611,   0.01569,  -0.03846,   0.02554,   0.06000,   0.00420,   0.05836,   0.02226,  -0.04503,   0.02390,  -0.03190,  -0.06308,  -0.03846,   0.04031,  -0.02862,   0.01241,  -0.00564,   0.01077,   0.04031,   0.03374,  -0.04995,  -0.04175,  -0.02205,  -0.02698,  -0.05652,  -0.03518,   0.02390,  -0.03682,   0.03046,  -0.03682,   0.00749,  -0.03190,   0.01241,   0.04359,   0.02554,   0.04523,  -0.01549,  -0.07621,  -0.01713,   0.01569,   0.03046,  -0.00728,   0.02554,  -0.05980,   0.02882,   0.05508,   0.02390,  -0.00728,   0.10103,  -0.01221,   0.06000,  -0.01385,   0.05016,  -0.00400,   0.03374,   0.02554,   0.05344,   0.03046,  -0.01713,   0.01405,   0.00420,  -0.05323,   0.00585,  -0.01221,  -0.03354,   0.03867,  -0.06144,  -0.03846,  -0.03846,  -0.07293,   0.00420,  -0.00236,   0.02062,   0.01569,  -0.03518,  -0.04503,  -0.05980,   0.01241,   0.08790,  -0.00892,   0.00913,   0.04195,  -0.00400,  -0.01549,   0.04523,   0.01077,   0.04687,   0.00585,   0.03374,   0.03703,   0.00585,   0.02554,  -0.00072,  -0.03518,  -0.00564,   0.02882,   0.00749,  -0.01385,  -0.00072,  -0.02862,   0.03374,  -0.02041,  -0.06144,   0.05508,  -0.02862,   0.02062,  -0.01713,  -0.04667,  -0.04175,  -0.04339,  -0.10411,   0.00256,  -0.04503,  -0.01056,   0.03867,   0.02062,  -0.06472,   0.01077,   0.02882,  -0.03846,   0.04523,  -0.03518,   0.09611,  -0.00236,  -0.03354,  -0.04667,   0.02062,   0.00749,   0.01241,  -0.05980,   0.07149,   0.01077,  -0.01549,   0.00749,   0.01241,   0.05508,   0.01241,  -0.00072,  -0.02698,  -0.00728,  -0.00236,   0.06164,   0.01405,   0.07149,  -0.00072,   0.02882,   0.01241,   0.05016,   0.10759,   0.05508,  -0.03682,  -0.08605,  -0.02369,   0.03374,   0.11580,   0.10923,  -0.08277,  -0.07949,   0.05180,  -0.04503,   0.00256,  -0.01549,  -0.05980,   0.01241,  -0.02369,  -0.04831,  -0.00072,   0.04687,  -0.02205,   0.10759,  -0.07129,   0.04031,  -0.03846,   0.07313,   0.03210,   0.00749,  -0.06472,  -0.03354,   0.06492,   0.01405,  -0.02205,  -0.02862,   0.00913,   0.03539,  -0.01385,   0.03539,   0.03210,   0.08954,  -0.01056,  -0.02533,   0.06164,  -0.02862,   0.05508,  -0.01385,   0.09939,  -0.00236,  -0.11231,   0.01897,  -0.00072,  -0.01221,   0.06985,  -0.02698,  -0.01221,  -0.01877,  -0.04995,   0.09118,  -0.03682,  -0.00728,   0.03046,   0.02390,  -0.03682,  -0.01549,  -0.03190,   0.04031,   0.06492,   0.03210,  -0.04339,   0.00913,   0.01897,  -0.03846,   0.05508,   0.00913,   0.03210,  -0.02369,   0.03374,   0.02882,   0.00749,   0.07313,   0.01733,  -0.00400,  -0.03846,  -0.02698,  -0.07949,   0.02390,   0.08298,  -0.01877,   0.00092,  -0.00236,   0.00092,   0.01733,  -0.00400,   0.04687,   0.02062,   0.01897,  -0.02041,  -0.04831,   0.00420,  -0.02533,   0.02390,  -0.06144,  -0.01221,   0.03374,   0.04195,   0.02062,   0.01405,  -0.00400,   0.01569,   0.00913,   0.04687,   0.00256,  -0.04831,   0.03703,   0.04687,  -0.05816,  -0.02533,   0.04687,  -0.04175,  -0.02862,  -0.08934,   0.02062,   0.08626,   0.03703,   0.02882,  -0.05159,   0.01241,  -0.06308,  -0.02041,   0.02226,   0.01241,   0.00585,   0.07805,  -0.08277,  -0.04995,  -0.00072,   0.03210,  -0.02369,  -0.06144,  -0.00564,  -0.03190,   0.04851,   0.03539,  -0.00400,  -0.10082,   0.02718,   0.10759,  -0.07129,  -0.00400,  -0.02533,  -0.00892,   0.00256,  -0.04339,  -0.03518,   0.04687,  -0.02041,  -0.05487,  -0.08934,  -0.05816,   0.01733,  -0.06636,  -0.03354,   0.01733,   0.01569,  -0.06472,  -0.04995,   0.00420,  -0.03354,   0.03210,   0.06328,   0.01241,  -0.01877,  -0.02205,   0.04523,  -0.03026,   0.04031,   0.02390,   0.01241,   0.01569,   0.02390,   0.02882,  -0.02533,  -0.01221,  -0.05652,   0.05180,   0.05508,   0.01405,  -0.00892,   0.02390,  -0.05816,   0.00749,  -0.02533,  -0.08441,   0.03210,  -0.00892,   0.01897,  -0.03026,  -0.02698,  -0.01877,  -0.06800,  -0.03518,   0.00913,  -0.01549,  -0.05652,   0.03867,  -0.10082,   0.04031,  -0.03682,  -0.05652,   0.04195,  -0.07457,  -0.02041,   0.12893,   0.03703,  -0.07129,   0.05180,   0.00092,  -0.05323,  -0.00072,   0.03539,   0.01897,   0.05016,   0.01897,   0.06328,  -0.01713,  -0.05652,  -0.01385,  -0.06472,   0.00092,  -0.02533,  -0.02369,  -0.08441,   0.07313,   0.02882,  -0.04503,   0.06492,   0.01897,   0.02554,  -0.02698,  -0.04831,   0.01733,   0.00585,  -0.00400,   0.07149,   0.03374,   0.04031,  -0.01713,  -0.09098,   0.05672,   0.04851,   0.01077,   0.05508,  -0.01221,   0.08462,   0.01077,   0.04359,   0.04851,   0.01897,   0.03046,  -0.00400,  -0.01713,  -0.10739,   0.01897,   0.02554,  -0.02533,   0.00585,   0.00092,  -0.01221,  -0.00892,   0.04523,  -0.01549,   0.03210,  -0.01385,   0.00420,   0.03867,   0.06000,   0.04359,   0.06164,  -0.03682,  -0.01221,   0.00749,  -0.04175,  -0.03846,  -0.02698,  -0.02698,  -0.05323,  -0.01056,  -0.01549,  -0.04010,  -0.02205,   0.01569,  -0.06964,   0.00749,   0.04851,   0.00585,  -0.02533,  -0.00236,  -0.06144,  -0.01713,   0.01241,  -0.02369,   0.09118,  -0.00564,   0.05672,  -0.00236,  -0.01056,  -0.04010,   0.00749,   0.06164,  -0.03682,  -0.00728,  -0.04010,  -0.07621,  -0.04831,   0.00913,   0.07149,   0.00092,  -0.01713,  -0.05487,  -0.00072,   0.01897,  -0.00072,   0.03374,  -0.01877,   0.03867,  -0.03026,   0.03374,   0.00420,   0.06164,   0.02718,   0.01569,  -0.06308,   0.03867,   0.01897,   0.00749,  -0.02698,  -0.02369,   0.04031,   0.04851,  -0.09754,   0.08626,  -0.00564,   0.00420,  -0.00400,  -0.07621,   0.01077,   0.01241,   0.03374,  -0.02205,  -0.02369,  -0.03190,   0.01077,   0.03539,   0.02390,   0.02718,  -0.00072,  -0.03190,  -0.02862,   0.00913,   0.04195,  -0.04339,   0.00420,  -0.02698,   0.03210,  -0.00400,  -0.04010,   0.05836,   0.07969,   0.06000,  -0.04667,  -0.08277,   0.00256,   0.02554,   0.07641,   0.01569,  -0.01877,   0.00420,  -0.00072,   0.04195,  -0.00892,  -0.06636,  -0.01385,  -0.01221,  -0.04339,  -0.01549,  -0.00400,   0.02062,   0.06657,   0.07969,   0.01077,  -0.00564,  -0.00564,  -0.05323,  -0.02205,   0.03374,  -0.10575,  -0.01549,  -0.02041,  -0.04339,  -0.03518,  -0.04831,  -0.05816,   0.00256,  -0.02698,   0.05508,   0.07969,   0.06821,   0.00092,  -0.00236,  -0.03682,  -0.02862,  -0.07457,  -0.03518,   0.05016,   0.04687,  -0.02862,  -0.04175,   0.02390,   0.06821,   0.04359,  -0.04010,   0.00092,   0.00420,   0.06328,   0.02882,  -0.00072,  -0.01385,   0.07149,   0.03210,   0.00913,   0.04851,   0.01897,   0.05508,   0.03539,   0.05672,  -0.04175,  -0.04667,   0.03867,   0.02554,  -0.04995,  -0.01713,  -0.05652,  -0.07457,   0.03867,   0.00256,  -0.03518,  -0.04339,   0.00256,   0.00256,   0.05016,   0.04523,  -0.02205,  -0.01549,   0.03867,   0.05672,   0.00092,   0.01077,  -0.02369,   0.05344,   0.06821,  -0.00564,   0.00420,  -0.01877,   0.02226,  -0.03026,  -0.05652,  -0.03026,  -0.03518,  -0.06308,  -0.06308,  -0.01221,  -0.09262,  -0.01877,  -0.00072,  -0.00564,  -0.00072,  -0.05652,  -0.07293,   0.05180,  -0.02205,   0.04359,   0.01733,   0.02882,   0.00256,  -0.06964,  -0.05652,  -0.07293,  -0.08934,   0.04031,  -0.00072,   0.05180,  -0.00564,   0.02718,  -0.00236,  -0.00072,   0.02718,   0.07969,  -0.04831,   0.01897,  -0.01221,   0.01241,   0.01897,  -0.01549,  -0.02205,  -0.05323,  -0.04831,  -0.04175,  -0.04831,  -0.00236,  -0.03682,  -0.09262,  -0.01221,   0.05344,  -0.01877,  -0.12544,   0.06164,  -0.00236,   0.03046,  -0.02041,  -0.03682,  -0.05652,   0.02062,  -0.05980,  -0.01221,   0.08790,   0.03046,   0.00749,   0.08462,   0.03374,   0.01077,  -0.03846,  -0.04831,  -0.03518,  -0.03354,  -0.01385,   0.01405,   0.01897,   0.04031,  -0.01877,   0.02718,   0.01897,   0.07149,   0.07641,  -0.04667,   0.01569,  -0.03518,  -0.01549,  -0.03026,  -0.03682,  -0.00892,  -0.02862,  -0.00728,  -0.01221,  -0.01385,  -0.06472,  -0.03190,  -0.02369,  -0.00564,  -0.07621,   0.00092,  -0.02533,  -0.01549,  -0.01549,  -0.04503,  -0.02862,  -0.02205,   0.02882,  -0.01549,   0.00913,   0.03210,  -0.03846,  -0.04995,  -0.08441,  -0.00728,  -0.01549,  -0.01385,  -0.03682,  -0.04339,  -0.01549,   0.04195,   0.05016,  -0.07129,   0.03210,  -0.08441,   0.01733,  -0.03354,  -0.02041,   0.04851,  -0.03518,  -0.03026,   0.05016,   0.10431,  -0.03518,   0.05344,  -0.01056,   0.03374,  -0.00236,  -0.03354,  -0.05323,  -0.02041,   0.05508,  -0.03354,   0.04031,   0.03046,  -0.03190,  -0.04503,   0.03703,   0.05016,   0.05508,   0.00913,   0.03703,   0.04687,  -0.01056,  -0.08113,   0.03046,  -0.00564,   0.01569,   0.01569,  -0.05487,  -0.00236,  -0.03190,   0.07641,   0.01897,  -0.05323,  -0.02369,   0.00420,   0.04851,  -0.02698,  -0.02369,   0.01077,  -0.03518,   0.01405,  -0.01713,   0.06000,  -0.04831,  -0.01385,  -0.01221,   0.04195,   0.06164,  -0.02698,   0.01241,  -0.01549,  -0.00236,  -0.03518,   0.00585,   0.00749,   0.02062,  -0.05323,   0.02226,   0.04851,   0.05672,  -0.05980,   0.00749,   0.01733,   0.00256,  -0.01713,   0.04195,   0.01241,  -0.05487,  -0.01877,   0.02226,   0.03374,  -0.04667,  -0.03518,   0.01077,  -0.03518,  -0.03846,   0.05836,   0.03374,  -0.07457,  -0.05816,  -0.05980,  -0.11067,   0.10267,  -0.00400,   0.03374,   0.07313,   0.08462,   0.02882,   0.01405,  -0.02698,   0.00256,   0.00585,  -0.05652,  -0.00072,   0.05508,  -0.04339,  -0.10411,  -0.03026,  -0.03190,  -0.02533,   0.06328,   0.04359,   0.01733,  -0.01713,  -0.02862,  -0.01549,  -0.03354,  -0.05487,  -0.04667,  -0.02205,  -0.06472,   0.02062,  -0.04339,   0.01077,   0.00913,   0.03210,  -0.01713,  -0.05980,   0.00749,   0.02554,   0.03703,   0.13385,   0.00420,  -0.09754,   0.01569,   0.00913,  -0.03846,   0.00256,   0.03867,   0.00256,   0.00420,   0.00585,  -0.01385,  -0.00728,   0.06821,  -0.03354,   0.04687,  -0.05487,  -0.04503,   0.00913,  -0.11395,   0.02882,  -0.01221,   0.01405,   0.01405,   0.05344,   0.00256,  -0.02205,  -0.03190,   0.05180,   0.03703,  -0.00236,   0.00585,  -0.06472,   0.01405,  -0.05816,   0.04031,   0.03374,   0.01569,  -0.00236,   0.00913,   0.08462,   0.02554,  -0.00728,  -0.04831,  -0.04010,  -0.03682,   0.04687,  -0.07457,   0.01241,  -0.05487,  -0.00236,  -0.01056,   0.03703,  -0.03846,   0.16175,   0.07969,   0.04195,   0.02226,  -0.05980,  -0.06800,  -0.03846,   0.00749,  -0.02041,  -0.02369,  -0.06308,  -0.01385,  -0.03026,   0.02390,  -0.04339,  -0.03354,  -0.02862,   0.01733,   0.03703,   0.00585,  -0.00400,  -0.04667,  -0.06472,  -0.00072,   0.02390,   0.03374,  -0.02369,   0.05344,   0.03539,   0.00749,  -0.07621,  -0.00236,  -0.01385,  -0.09426,   0.01569,  -0.05980,  -0.02862,   0.01077,   0.02718,   0.07641,  -0.00728,   0.02554,   0.03703,  -0.02041,  -0.03026,   0.06000,  -0.04667,  -0.06800,   0.00913,   0.00256,   0.00749,   0.00420,  -0.01713,   0.04523,   0.00092,  -0.02205,   0.00256,  -0.01549,   0.04523,  -0.01221,   0.05836,   0.02226,  -0.04995,  -0.05816,  -0.07293,   0.08954,   0.02882,  -0.05323,  -0.03518,  -0.06472,   0.04687,  -0.09754,  -0.02862,  -0.01385,   0.00749,  -0.02369,  -0.00072,   0.07477,   0.01733,  -0.01713,   0.03539,  -0.02041,  -0.05816,   0.00913,   0.00749,   0.07313,  -0.03190,   0.04523,   0.00420,   0.02226,   0.02554,  -0.04339,  -0.04339,  -0.02862,   0.01897,   0.06328,  -0.00892,  -0.06308,  -0.00072,  -0.02862,  -0.10903
   0.03374,   0.00749,   0.13877,   0.02882,  -0.02862,   0.08462,  -0.04339,   0.03539,  -0.03190,  -0.02205,  -0.08277,  -0.02041,   0.01733,   0.00585,  -0.00564,   0.04687,   0.05016,   0.00749,   0.01405,  -0.01221,   0.05672,   0.03867,   0.09939,  -0.02698,   0.02882,   0.05672,   0.06985,   0.06657,   0.04523,  -0.00728,  -0.04175,  -0.04010,  -0.02698,   0.04031,  -0.04175,  -0.03026,  -0.00072,  -0.02369,   0.00749,   0.02882,  -0.00728,  -0.09918,  -0.00564,  -0.00236,   0.07641,   0.01241,   0.03046,  -0.03846,  -0.00728,   0.00749,  -0.00400,  -0.04339,  -0.00728,  -0.04339,   0.00092,   0.06492,  -0.01221,  -0.01056,  -0.01221,   0.00913,  -0.03026,  -0.03846,  -0.03190,   0.05180,  -0.02533,   0.06657,  -0.01549,  -0.04667,   0.05016,   0.08954,   0.06328,  -0.01713,  -0.02698,   0.00256,   0.05344,  -0.02205,   0.00420,   0.02882,   0.00749,  -0.06308,   0.04523,   0.02226,  -0.03682,   0.01569,  -0.01385,   0.01569,   0.00256,  -0.03190,  -0.00072,   0.02390,   0.02226,   0.01733,   0.06492,   0.03374,   0.00092,   0.02226,  -0.03518,   0.05836,  -0.01549,   0.01405,   0.01733,  -0.00072,   0.00749,   0.03703,  -0.01385,  -0.04339,   0.02882,  -0.07293,  -0.04175,  -0.03354,   0.01077,  -0.03354,  -0.03682,   0.05344,   0.06164,  -0.09098,  -0.05323,  -0.05323,   0.00913,  -0.03682,   0.01569,  -0.09426,   0.03210,   0.02226,  -0.01549,   0.07149,   0.02718,  -0.01549,   0.03210,  -0.01221,   0.03867,   0.02226,   0.03046,   0.05180,  -0.01713,  -0.00728,  -0.01713,  -0.05816,  -0.04175,  -0.05159,  -0.00564,  -0.03190,   0.01077,  -0.01877,   0.02882,   0.00749,   0.09446,   0.09282,  -0.02041,  -0.02862,  -0.01385,  -0.03354,  -0.03846,   0.07149,  -0.03682,   0.02882,  -0.03190,   0.00913,   0.02390,  -0.05159,  -0.01221,   0.03210,  -0.01385,   0.03867,   0.02882,  -0.00236,  -0.00892,  -0.00892,   0.05836,  -0.06800,   0.06657,   0.08298,  -0.07129,  -0.05323,   0.04359,   0.01241,  -0.05159,   0.02718,   0.06821,   0.04195,  -0.04010,   0.02062,  -0.02533,  -0.00728,   0.00585,  -0.03846,  -0.01549,  -0.08770,  -0.02862,   0.03046,  -0.01385,   0.01897,   0.05508,   0.03539,  -0.04175,  -0.07129,  -0.00728,  -0.06964,   0.01733,  -0.00236,   0.08626,   0.02390,   0.04195,   0.06657,  -0.03682,  -0.05980,  -0.01385,   0.01405,  -0.08277,   0.04195,   0.00256,  -0.02533,   0.01569,   0.06492,   0.03046,   0.05016,  -0.03682,   0.01077,   0.03867,  -0.00400,  -0.03354,   0.00749,   0.11580,  -0.06144,  -0.02698,  -0.05652,  -0.08277,   0.04523,   0.04195,   0.01897,   0.06000,   0.05016,  -0.00400,   0.05508,  -0.00236,  -0.09754,  -0.01877,   0.01569,   0.08298,  -0.00072,   0.00092,   0.03046,   0.05016,   0.04195,  -0.00072,  -0.03518,   0.00092,  -0.05816,  -0.00072,   0.03210,  -0.00236,   0.01897,   0.03210,  -0.02533,   0.04359,   0.02062,   0.03539,   0.01241,   0.02062,  -0.04339,   0.02718,  -0.07457,   0.01405,  -0.04995,  -0.03354,   0.01569,  -0.01056,  -0.00728,   0.09118,   0.01733,   0.01569,  -0.07785,  -0.01877,   0.00092,  -0.01713,   0.05016,  -0.07293,  -0.01221,   0.00420,  -0.00236,   0.06164,   0.04687,   0.01569,  -0.00892,  -0.04339,   0.00092,   0.03539,   0.04851,   0.04359,   0.02062,   0.03703,   0.03539,  -0.02698,  -0.08113,  -0.06800,  -0.02698,  -0.01713,   0.02226,  -0.06636,   0.01569,  -0.06964,  -0.01877,   0.01569,   0.00913,   0.05836,  -0.06636,  -0.02205,  -0.02041,  -0.01056,   0.00749,  -0.03682,   0.06821,   0.04523,   0.01897,   0.04195,   0.05672,  -0.05323,  -0.03518,  -0.04667,   0.01241,   0.02062,   0.03867,   0.02062,  -0.03846,   0.00913,   0.04851,   0.01569,  -0.02369,  -0.05159,  -0.00728,   0.03210,   0.04523,  -0.02862,   0.03703,  -0.01221,   0.00585,   0.00256,  -0.06800,  -0.02533,   0.05672,   0.02390,  -0.00564,  -0.09918,   0.00913,   0.02718,  -0.04995,   0.06657,  -0.04995,  -0.01877,  -0.04667,  -0.00072,  -0.03518,  -0.01221,  -0.02205,   0.00749,   0.02062,   0.01897,  -0.02369,   0.04359,  -0.02698,   0.01733,   0.01241,   0.00256,   0.03703,  -0.01221,  -0.04831,  -0.04831,  -0.06964,   0.01897,   0.01077,   0.04359,  -0.02533,   0.11908,   0.03210,  -0.01056,  -0.00236,  -0.06800,  -0.01385,   0.02226,  -0.07785,  -0.03354,  -0.05980,   0.05508,  -0.03026,   0.02226,   0.00585,   0.03867,   0.03539,  -0.02533,   0.07641,   0.02390,   0.04687,  -0.01549,  -0.02041,   0.02390,   0.00749,  -0.04831,  -0.02041,   0.00092,  -0.07293,  -0.09262,  -0.04995,  -0.04503,   0.00585,   0.05344,   0.02554,   0.06328,   0.01569,  -0.02862,  -0.01056,   0.02390,   0.03210,  -0.07129,  -0.01385,   0.00749,   0.06164,  -0.04831,   0.00913,   0.07313,  -0.02698,   0.04687,  -0.04175,   0.03867,  -0.04667,  -0.01056,   0.01569,  -0.08113,  -0.02862,  -0.03026,  -0.01221,  -0.00564,   0.00420,  -0.06964,  -0.01385,   0.04523,  -0.03518,   0.07149,  -0.01877,   0.04851,  -0.01877,   0.03867,  -0.00400,  -0.05323,  -0.01056,  -0.01549,   0.06492,   0.09446,  -0.00892,   0.04523,   0.01405,   0.00092,  -0.01385,   0.04031,  -0.00728,   0.04523,   0.03703,   0.01405,  -0.00728,   0.10431,   0.00585,  -0.02533,   0.01897,   0.05344,   0.03703,  -0.05816,   0.03867,  -0.04503,   0.04195,  -0.01221,  -0.04010,   0.01569,  -0.05323,  -0.04339,   0.00092,   0.08134,  -0.04831,  -0.03026,  -0.04995,  -0.00236,  -0.05816,   0.04523,   0.03703,  -0.03682,  -0.04339,  -0.04010,  -0.01221,  -0.01221,   0.02062,   0.04851,  -0.02369,  -0.06636,  -0.02698,  -0.00236,  -0.01221,  -0.01549,  -0.00236,  -0.05159,   0.00092,  -0.04831,  -0.07621,  -0.03682,   0.00256,  -0.02369,   0.00749,   0.03046,   0.00585,   0.01569,  -0.00564,   0.04359,   0.01077,  -0.03682,   0.03210,  -0.01385,  -0.00892,  -0.02862,   0.05344,  -0.01877,   0.02718,   0.00420,   0.04195,   0.01897,   0.00913,  -0.06964,   0.03867,  -0.04010,   0.02390,  -0.07785,   0.01077,   0.03374,   0.01405,  -0.01713,  -0.05487,   0.05836,   0.01897,   0.07641,  -0.04175,   0.03539,   0.05180,  -0.00236,  -0.00728,   0.00749,  -0.04995,   0.04031,   0.01569,  -0.02369,  -0.00728,   0.04851,   0.02718,  -0.16483,   0.00420,   0.00420,  -0.04010,  -0.00728,  -0.01713,  -0.00728,  -0.02698,   0.02226,  -0.10247,  -0.00072,   0.08462,  -0.04503,   0.02226,  -0.00892,   0.04359,   0.04687,  -0.00564,  -0.05487,   0.00420,  -0.04995,  -0.00892,  -0.07785,   0.06492,   0.00749,   0.02226,  -0.01056,   0.00256,  -0.02862,  -0.04503,  -0.04667,   0.02062,  -0.02533,   0.00585,  -0.01713,  -0.02205,  -0.08605,  -0.00728,  -0.00072,   0.05836,   0.02718,  -0.02862,   0.03539,   0.00092,  -0.00892,   0.05672,   0.11252,   0.02390,  -0.00072,  -0.03846,   0.01405,  -0.03026,  -0.00072,  -0.08113,  -0.04010,  -0.00564,   0.09939,  -0.02369,  -0.05323,  -0.06144,  -0.03682,  -0.07621,   0.06985,   0.04851,   0.05016,   0.01733,  -0.06472,  -0.00236,   0.02226,   0.05508,   0.01733,   0.04687,  -0.01221,   0.06657,  -0.01056,   0.03210,   0.01897,   0.05508,   0.00913,  -0.04339,   0.06657,   0.01077,  -0.01549,   0.02390,   0.01733,  -0.05816,  -0.04175,  -0.08770,  -0.02205,   0.01897,   0.04195,   0.01077,  -0.04995,   0.04359,   0.09118,  -0.02698,   0.06000,  -0.00564,   0.03867,   0.02390,   0.11580,   0.02390,  -0.04667,  -0.02041,  -0.03682,   0.06821,   0.02882,   0.00092,   0.01077,  -0.02041,   0.04031,  -0.02369,   0.00256,  -0.02698,  -0.00892,  -0.00892,   0.06657,  -0.03518,   0.04851,   0.00913,  -0.00892,   0.00420,  -0.03846,  -0.08277,   0.00585,  -0.01056,   0.06985,  -0.00564,  -0.04503,   0.05672,   0.05672,  -0.08277,  -0.00728,  -0.03354,   0.01077,  -0.07293,   0.02554,   0.01897,  -0.05159,   0.04359,  -0.00072,  -0.04667,  -0.04995,  -0.09098,   0.00256,  -0.03026,   0.04523,   0.00092,  -0.02205,  -0.06800,  -0.00564,   0.02390,  -0.03846,   0.01569,   0.02390,   0.03046,  -0.01056,  -0.07621,  -0.00236,  -0.01056,   0.05180,  -0.08441,   0.01077,  -0.04667,  -0.02205,  -0.03846,  -0.04339,  -0.00892,   0.00585,  -0.01056,   0.03210,   0.09118,   0.02226,   0.02390,   0.00256,   0.00913,  -0.03354,  -0.04667,   0.00585,   0.00749,   0.05016,  -0.07129,   0.00585,   0.03867,   0.03374,  -0.02862,   0.04523,  -0.03354,   0.01733,  -0.02862,  -0.00892,  -0.02862,  -0.11067,  -0.00400,   0.03374,  -0.00892,   0.07149,   0.01241,  -0.05487,  -0.01056,  -0.02205,  -0.04339,  -0.04175,   0.06492,   0.01897,  -0.07785,  -0.09262,   0.06657,  -0.10247,  -0.02533,   0.03046,   0.00092,   0.00256,  -0.01549,   0.02718,   0.00092,  -0.04339,   0.00092,  -0.02862,  -0.00236,   0.01405,   0.00913,  -0.07457,  -0.01713,   0.03210,   0.05508,  -0.00564,  -0.02533,   0.06821,  -0.03190,   0.01569,  -0.00728,   0.00092,   0.00092,   0.11416,  -0.01221,  -0.00728,  -0.05980,   0.04687,  -0.00564,  -0.02041,   0.00913,  -0.00728,   0.01897,   0.09775,  -0.08934,   0.00092,   0.01241,   0.04851,  -0.00072,   0.03703,   0.04851,   0.03703,  -0.00236,   0.10431,   0.03867,   0.01077,   0.01241,  -0.02205,  -0.01877,  -0.08277,   0.00256,  -0.06308,  -0.01549,   0.03210,  -0.04010,  -0.00072,   0.07641,   0.01897,   0.05180,  -0.00400,   0.03703,  -0.02698,  -0.05980,  -0.03026,   0.06985,   0.00256,   0.08790,   0.01569,   0.00585,  -0.01877,  -0.04175,  -0.11559,  -0.00400,  -0.00400,  -0.00236,  -0.05159,  -0.07293,   0.01897,   0.04687,   0.07641,  -0.06964,   0.01569,   0.00913,  -0.01549,   0.01077,   0.01405,   0.02554,  -0.01549,  -0.04339,  -0.06636,   0.01569,   0.07641,  -0.01713,  -0.02533,  -0.00728,  -0.01877,   0.02062,  -0.05323,  -0.02041,   0.01241,   0.05836,  -0.04503,  -0.01549,  -0.03354,  -0.04831,  -0.03354,   0.04031,  -0.00728,  -0.00892,  -0.01877,  -0.07457,  -0.01713,  -0.03518,  -0.05487,  -0.01713,   0.06164,   0.02226,  -0.00072,   0.01897,  -0.01221,   0.02062,   0.02062,  -0.01549,  -0.11231,   0.00256,  -0.00892,   0.10431,  -0.05487,   0.06985,  -0.01385,  -0.00728,   0.01897,   0.01405,  -0.04339,   0.01241,   0.05344,  -0.01877,   0.07477,   0.00092,  -0.00564,  -0.05159,  -0.04339,   0.03703,  -0.04010,  -0.03518,  -0.06636,   0.03046,  -0.04667,   0.04031,   0.04031,   0.00913,   0.06657,   0.04523,   0.00256,  -0.01056,  -0.03354,  -0.02862,   0.05344,   0.01241,   0.08134,  -0.07293,  -0.01056,   0.00913,   0.01733,  -0.04667,  -0.03354,   0.04195,  -0.02205,  -0.11395,   0.01241,   0.02554,  -0.00236,  -0.01056,  -0.02862,  -0.02041,   0.05180,   0.04523,  -0.01549,  -0.05816,   0.01241,  -0.07785,  -0.00236,  -0.00072,  -0.03846,  -0.04339,   0.04851,  -0.05487,  -0.04339,   0.07149,  -0.00728,   0.01077,  -0.01549,   0.03867,  -0.00728,   0.00420,   0.04031,  -0.05980,  -0.00892,   0.00420,  -0.05980,  -0.00564,  -0.06800,   0.03703,   0.03539,  -0.12544,  -0.02369,  -0.01713,  -0.01549,  -0.04667,   0.03210,  -0.00236,  -0.00892,   0.01897,  -0.04339,  -0.02041,   0.01241,   0.01405,   0.04687,   0.01077,  -0.02369,   0.06492,  -0.07129,   0.03210,   0.00092,   0.01077,  -0.05652,  -0.01877,   0.00420,  -0.02533,  -0.05159,   0.00913,   0.02882,   0.00749,  -0.03846,   0.07313,  -0.03846,  -0.05487,  -0.02041,  -0.03354,   0.00420,  -0.09426,  -0.03846,  -0.00236,  -0.04995,  -0.00728,  -0.06308,   0.02226,  -0.01549,  -0.00236,  -0.00728,   0.00092,   0.02062,   0.05508,   0.05016,   0.05672,   0.02062,   0.06821,   0.02226,   0.01897,  -0.01385,   0.02062,  -0.04995,  -0.03026,  -0.02862,  -0.03026
  -0.01549,   0.02062,   0.03374,  -0.00892,   0.00420,  -0.00728,  -0.08277,   0.02882,   0.00092,   0.01733,  -0.00400,   0.00913,  -0.02041,   0.07969,  -0.05159,   0.05344,  -0.03354,  -0.00892,   0.01569,   0.04031,  -0.03846,  -0.02698,   0.05672,  -0.01221,  -0.05487,  -0.06964,  -0.01713,   0.03210,   0.03046,  -0.01385,  -0.00400,   0.04359,   0.06821,  -0.01221,   0.00420,  -0.04339,  -0.04010,   0.02390,  -0.00892,  -0.00400,   0.01405,  -0.09098,  -0.03026,  -0.05980,   0.03046,  -0.04339,  -0.05159,   0.00092,  -0.04667,  -0.00728,   0.03867,  -0.09754,   0.03703,   0.01897,   0.01733,  -0.01221,   0.01733,   0.10923,  -0.03026,  -0.00892,   0.02554,  -0.03190,  -0.02698,  -0.03682,   0.01077,   0.00913,   0.03539,   0.00092,  -0.11559,   0.00749,  -0.00072,  -0.00072,   0.00420,  -0.03026,   0.05180,   0.08298,  -0.01056,  -0.02041,   0.01733,   0.04359,   0.05016,  -0.00892,  -0.04995,  -0.04667,  -0.04175,   0.05672,  -0.02369,   0.04851,  -0.07457,  -0.00400,   0.01405,  -0.04831,   0.04195,  -0.03518,  -0.00400,  -0.13201,   0.00420,  -0.03518,   0.04195,   0.02226,   0.04195,   0.03539,   0.03539,  -0.00564,   0.00256,  -0.04010,   0.06000,   0.00092,   0.01405,   0.01897,   0.02882,   0.04195,   0.01897,  -0.08113,   0.06492,  -0.00072,  -0.03354,  -0.05487,  -0.04175,   0.10759,   0.02226,  -0.03682,   0.01897,  -0.01877,   0.04687,   0.00749,  -0.07457,   0.12729,   0.05836,  -0.02698,  -0.00072,   0.04851,  -0.04503,   0.05180,   0.06164,  -0.09754,   0.05344,  -0.03354,  -0.09426,  -0.01549,   0.00585,  -0.04667,  -0.00728,  -0.04831,   0.10923,  -0.08605,  -0.02205,  -0.02533,   0.01077,  -0.03518,  -0.07949,   0.11088,  -0.02041,   0.01077,  -0.00072,  -0.04503,   0.05508,  -0.07949,  -0.03354,   0.02882,   0.02882,  -0.10903,  -0.05816,  -0.01877,   0.02554,   0.04359,  -0.02862,  -0.04175,   0.03046,   0.05836,  -0.00236,   0.00256,   0.06000,   0.00749,   0.05016,   0.03539,   0.10595,  -0.07129,   0.00749,   0.01077,  -0.02698,   0.02882,  -0.00564,   0.04523,   0.02554,  -0.01056,   0.04687,   0.02062,   0.06492,   0.08134,   0.02882,   0.06657,  -0.03518,  -0.01221,  -0.02205,  -0.02369,   0.02062,  -0.00728,   0.04031,   0.07805,  -0.02533,   0.02226,  -0.08441,   0.02390,   0.05016,   0.05672,  -0.00728,  -0.01713,   0.01733,   0.07805,  -0.04831,   0.08134,   0.00749,   0.04195,  -0.00728,  -0.00892,  -0.08605,   0.00913,  -0.01221,   0.00256,  -0.02862,   0.06328,  -0.04175,   0.00585,   0.00420,  -0.02205,  -0.12872,  -0.03682,  -0.01385,   0.00420,  -0.05980,   0.01077,  -0.00072,  -0.02369,   0.00913,   0.04687,  -0.07293,   0.00913,   0.02882,   0.05344,  -0.00728,   0.04851,  -0.02862,   0.01077,  -0.04503,  -0.03846,  -0.02205,  -0.01549,   0.04851,  -0.00400,   0.03867,  -0.02698,  -0.03846,  -0.00564,  -0.04995,  -0.02369,  -0.01549,  -0.07457,  -0.02369,  -0.09098,  -0.05816,   0.02718,  -0.03190,   0.04523,  -0.04667,  -0.01385,  -0.04995,   0.09446,  -0.01385,  -0.07457,   0.05180,   0.00749,  -0.00564,  -0.02698,   0.00092,   0.01733,   0.02226,   0.01897,  -0.08770,  -0.04667,  -0.02862,  -0.07293,  -0.00892,  -0.02698,  -0.03026,   0.00256,   0.05836,   0.04359,  -0.03846,  -0.04175,  -0.00072,   0.13057,  -0.02041,  -0.05816,   0.00749,   0.00913,   0.07969,   0.06328,   0.01241,  -0.00400,  -0.04503,   0.08298,  -0.03026,  -0.02369,   0.08462,   0.01897,   0.03539,   0.04523,   0.05180,  -0.02369,   0.03539,   0.03867,   0.01241,   0.01077,  -0.04175,  -0.03026,   0.04851,   0.00913,   0.03374,  -0.07129,  -0.00728,  -0.00564,   0.03210,  -0.04175,  -0.02533,  -0.02862,   0.07641,   0.01733,   0.05836,   0.04687,  -0.06636,  -0.03190,  -0.04175,  -0.05816,   0.03703,   0.00420,   0.05508,   0.01733,  -0.02533,  -0.03190,  -0.06800,   0.04195,   0.00256,  -0.04831,   0.04359,  -0.00236,   0.06328,  -0.10411,  -0.01713,   0.05836,   0.04359,   0.00749,  -0.08934,   0.04031,   0.08626,   0.01405,  -0.00072,  -0.03026,   0.02226,  -0.02205,   0.01569,  -0.07949,   0.00749,   0.05016,   0.03703,  -0.07457,   0.07805,   0.04031,  -0.01385,  -0.07293,   0.09446,  -0.04667,  -0.05816,   0.10431,  -0.05487,  -0.03026,  -0.00728,  -0.02205,   0.00749,   0.06000,   0.01241,  -0.02533,   0.04195,   0.02882,   0.00256,   0.01733,   0.01897,  -0.02041,   0.02062,   0.00749,   0.00256,   0.04687,  -0.00400,   0.05180,  -0.03026,  -0.03518,   0.13057,  -0.04831,  -0.05159,  -0.00236,  -0.04831,  -0.03682,   0.01569,  -0.06308,  -0.02041,   0.01733,  -0.08605,  -0.00728,   0.02718,  -0.01221,  -0.07457,   0.04687,  -0.04339,  -0.00400,  -0.01877,  -0.03190,   0.04851,  -0.02041,   0.00256,  -0.05652,  -0.03026,   0.05016,   0.02062,  -0.00236,  -0.03518,  -0.06308,   0.02718,   0.02554,   0.03539,  -0.04010,  -0.06472,  -0.01385,   0.00256,   0.05344,  -0.01713,  -0.08770,   0.04359,   0.02718,  -0.01221,  -0.04831,  -0.02533,   0.01733,   0.02062,  -0.11888,   0.00092,   0.02554,  -0.01221,  -0.03190,  -0.01221,   0.03046,  -0.04831,  -0.01713,   0.08298,   0.03867,  -0.00072,   0.01897,   0.08790,   0.00585,   0.08462,  -0.00072,   0.01077,  -0.06800,   0.11908,   0.05836,   0.03867,  -0.08113,   0.08954,   0.02226,   0.02718,  -0.00400,  -0.03518,   0.01569,   0.00585,   0.01897,  -0.05323,   0.07805,  -0.06636,   0.13385,  -0.00892,   0.01077,  -0.05323,  -0.03190,  -0.01877,  -0.05652,  -0.05159,  -0.00236,   0.03867,  -0.10739,   0.01733,  -0.00236,   0.04031,  -0.02205,   0.01897,   0.01733,  -0.04339,  -0.02205,  -0.02041,   0.03539,   0.03374,   0.00585,   0.03374,   0.03210,  -0.07949,   0.00913,   0.02718,   0.02718,   0.02062,  -0.04010,   0.01569,  -0.02369,  -0.04339,   0.09939,   0.01405,  -0.05980,  -0.07949,  -0.01713,  -0.06800,   0.04031,   0.00092,   0.04523,  -0.12708,  -0.06308,   0.09611,   0.02882,  -0.00400,  -0.00728,  -0.00236,  -0.01713,  -0.06472,   0.05508,   0.00092,   0.06000,   0.00420,  -0.04339,  -0.01713,  -0.01549,   0.03539,  -0.06308,   0.10923,  -0.01713,   0.01733,  -0.05652,  -0.04503,  -0.07457,   0.01897,  -0.07785,   0.01897,   0.00420,   0.06821,   0.01241,   0.04851,   0.05836,   0.04851,   0.00420,   0.00913,   0.01077,   0.02718,   0.02226,  -0.04995,  -0.03026,   0.02390,  -0.01385,  -0.00728,   0.01241,  -0.07785,   0.02226,  -0.03518,  -0.04503,  -0.02533,   0.01077,  -0.14842,  -0.00892,  -0.00072,  -0.03026,  -0.05652,  -0.03026,   0.00913,  -0.03026,   0.03703,   0.06164,   0.01897,   0.03210,  -0.04010,   0.01733,  -0.05652,   0.01077,   0.09939,  -0.01877,   0.11744,   0.08298,  -0.00236,   0.00256,   0.06328,   0.04359,   0.01077,  -0.10903,   0.01077,   0.02062,   0.08298,   0.06328,   0.06657,   0.05344,   0.07477,   0.00092,   0.04195,   0.01733,   0.03539,  -0.05816,  -0.01385,  -0.02041,  -0.09098,   0.01897,   0.02882,  -0.00072,   0.03046,  -0.01877,  -0.00728,   0.04031,   0.00585,   0.02882,   0.05344,  -0.01713,   0.04687,   0.07641,  -0.02698,   0.01897,  -0.04503,   0.02882,  -0.03518,  -0.03846,  -0.00400,   0.00256,   0.00585,  -0.05323,   0.10103,  -0.00236,   0.01405,  -0.00400,  -0.01385,  -0.04339,   0.07477,   0.06164,   0.04031,  -0.01056,   0.06164,   0.06164,   0.06328,   0.03046,  -0.05487,  -0.05323,   0.03703,  -0.01221,   0.03703,   0.01897,  -0.03354,  -0.07621,  -0.02369,   0.04031,  -0.01549,  -0.02041,   0.04851,  -0.03682,   0.03703,  -0.00728,   0.00749,   0.00749,   0.01733,  -0.08934,  -0.04667,  -0.03846,  -0.03190,  -0.00728,  -0.01877,  -0.04010,  -0.00564,  -0.01385,   0.01569,  -0.11067,   0.03867,   0.04851,   0.03867,  -0.03846,  -0.03026,   0.07477,   0.02390,   0.04195,   0.03374,   0.01241,  -0.06308,   0.16667,   0.06328,   0.11908,   0.05016,  -0.09918,   0.02226,  -0.02698,  -0.04503,  -0.04339,   0.05672,  -0.01713,  -0.00400,  -0.02369,   0.10431,   0.01077,   0.03210,   0.01077,   0.02062,   0.01569,   0.03046,   0.00913,  -0.01713,   0.02554,   0.02390,   0.03210,  -0.03354,  -0.09262,  -0.06308,  -0.01549,   0.01569,  -0.06144,  -0.00072,   0.07313,  -0.01877,   0.04523,  -0.05159,  -0.06308,  -0.01713,  -0.02862,   0.05180,  -0.03682,   0.02226,   0.03210,   0.05672,   0.02882,  -0.03190,   0.02226,  -0.06636,  -0.02205,   0.00749,   0.00256,   0.04523,   0.02390,  -0.02041,  -0.04339,   0.00585,   0.05344,   0.07641,  -0.01221,  -0.01877,   0.01569,  -0.01221,   0.03210,   0.00585,   0.04195,   0.04195,  -0.16483,   0.04523,   0.08462,  -0.03190,  -0.01549,   0.02062,  -0.08277,   0.08626,   0.04195,   0.10103,   0.01897,   0.10103,  -0.01056,   0.00092,   0.00256,  -0.01549,   0.08134,   0.00749,  -0.04667,  -0.12052,   0.00749,   0.00913,   0.02718,   0.03046,   0.03210,   0.12072,   0.02718,  -0.03190,  -0.01056,   0.04687,   0.02882,  -0.01549,   0.09939,  -0.04010,  -0.07457,  -0.05323,  -0.01713,   0.00585,  -0.07293,  -0.09426,  -0.03354,   0.11744,   0.02226,   0.02882,  -0.07949,  -0.04339,   0.04031,  -0.01713,   0.00749,   0.01733,   0.07313,  -0.01713,  -0.19765,   0.00913,  -0.04175,  -0.00892,  -0.05159,   0.00092,   0.03046,   0.00913,   0.01077,   0.04195,  -0.02041,   0.04195,  -0.03518,  -0.05652,  -0.03354,  -0.02533,  -0.03518,   0.05016,  -0.02369,  -0.05487,  -0.04831,  -0.02862,  -0.04503,  -0.02041,   0.01241,   0.01405,   0.01405,  -0.00072,  -0.02205,  -0.04995,   0.00420,   0.01405,   0.05344,  -0.07621,   0.04195,  -0.02041,   0.02718,  -0.00236,  -0.03026,  -0.05159,  -0.00400,  -0.07785,   0.06821,   0.03703,   0.08790,   0.05344,   0.03046,  -0.02369,  -0.04339,  -0.02205,  -0.01877,  -0.02698,  -0.15006,  -0.07949,  -0.15498,  -0.05323,   0.03210,   0.05836,  -0.09262,   0.04031,  -0.03354,   0.02062,  -0.04831,  -0.03518,   0.05016,  -0.01056,  -0.07457,  -0.00564,  -0.04010,   0.00092,   0.02554,   0.02882,   0.04031,   0.00092,   0.07641,  -0.01877,   0.01077,   0.01241,  -0.05487,   0.01569,  -0.07457,   0.00585,  -0.02205,  -0.00236,   0.02554,  -0.00892,  -0.06144,  -0.03518,   0.02882,  -0.06964,  -0.05980,   0.11744,   0.04851,   0.00585,  -0.03846,  -0.00728,   0.05016,  -0.01056,   0.07641,  -0.01056,  -0.05323,  -0.06472,  -0.05487,   0.04359,  -0.08277,  -0.05980,   0.01241,  -0.00236,  -0.04831,   0.06328,   0.03539,  -0.10247,  -0.03846,  -0.01713,  -0.00072,   0.01241,  -0.06308,  -0.01549,   0.01077,   0.10103,   0.03210,  -0.00728,  -0.03354,  -0.01221,  -0.00072,  -0.03190,  -0.01549,  -0.02698,  -0.10411,  -0.04339,  -0.00236,   0.01241,   0.09939,  -0.03518,   0.01405,  -0.02533,   0.02390,   0.03046,  -0.07949,  -0.04010,  -0.02205,   0.06000,  -0.02698,   0.03046,   0.02390,   0.07641,  -0.04339,  -0.05652,   0.05016,  -0.02205,   0.00913,   0.04687,  -0.04175,   0.05016,  -0.03518,  -0.01221,   0.07969,  -0.01877,   0.00420,  -0.02698,   0.02718,  -0.00072,   0.02554,  -0.09590,  -0.04667,  -0.04339,  -0.02533,  -0.01056,  -0.00892,   0.01733,   0.11088,   0.06657,  -0.00400,   0.00092,  -0.04995,  -0.05652,   0.07641,   0.00092,   0.03210,  -0.06636,  -0.05980,   0.02390,  -0.02533,   0.00585,   0.01077,  -0.00400,   0.11580,  -0.07129,  -0.06472,   0.09282,  -0.01549,  -0.02369,  -0.02698,  -0.04995,  -0.07129,   0.00913,   0.03539,   0.04195,  -0.01056,   0.04195,   0.04851,   0.05344,  -0.11724,  -0.00236,   0.01733,  -0.02205,  -0.06144,   0.02062,   0.05508,  -0.02698,   0.04851,  -0.00236,   0.06657,  -0.11888,  -0.01385,  -0.01221,   0.02718
  -0.00728,  -0.01877,  -0.01221,  -0.07621,   0.02554,  -0.01877,   0.01897,  -0.01056,   0.01405,   0.03374,   0.01733,   0.04195,  -0.08770,   0.00092,   0.00585,   0.02554,  -0.03190,  -0.00564,   0.01897,   0.03046,  -0.01056,   0.00256,  -0.03354,   0.04031,   0.06164,   0.03539,  -0.01549,   0.01405,  -0.00072,  -0.03846,   0.05016,   0.00420,  -0.04339,  -0.05816,   0.12893,  -0.05652,   0.06000,  -0.01385,  -0.02862,   0.01897,  -0.02205,   0.02390,   0.00420,  -0.03354,   0.00256,   0.02554,   0.01405,  -0.03846,  -0.01056,  -0.03846,  -0.00564,  -0.00892,  -0.06472,  -0.01385,  -0.05159,   0.03867,   0.03046,   0.03703,  -0.03846,  -0.07129,   0.01241,  -0.00236,  -0.06144,   0.04687,   0.03046,  -0.04010,  -0.01549,  -0.02533,  -0.03190,   0.05672,   0.03867,  -0.00892,   0.01569,   0.04523,  -0.05487,   0.02554,  -0.04010,  -0.00892,   0.03046,   0.01241,  -0.00892,  -0.08113,  -0.00400,  -0.08605,   0.06000,  -0.07293,  -0.06308,   0.01077,   0.00420,  -0.05159,   0.05836,   0.00420,   0.01077,  -0.03846,   0.08462,  -0.04995,  -0.03518,   0.00749,   0.01405,  -0.06308,  -0.01385,   0.03867,  -0.08934,   0.05508,  -0.03026,  -0.03026,   0.00749,  -0.04010,  -0.05816,  -0.10575,   0.01733,  -0.01713,  -0.03354,  -0.00892,   0.03374,   0.02718,  -0.01549,  -0.05487,  -0.02698,  -0.06800,   0.04195,   0.01897,  -0.05652,   0.04359,  -0.01713,   0.04359,  -0.08934,   0.04523,   0.00256,   0.00256,   0.08790,  -0.00728,   0.01241,  -0.00564,  -0.00400,  -0.02369,  -0.05652,  -0.00728,   0.05016,   0.01405,   0.02882,  -0.03682,   0.03374,  -0.05487,  -0.01877,   0.02226,  -0.02369,   0.06164,  -0.07785,  -0.00236,  -0.02533,   0.02554,  -0.04667,  -0.00236,  -0.04503,  -0.05980,   0.01241,   0.11744,  -0.02041,  -0.00236,   0.04359,   0.06821,  -0.02862,  -0.03354,   0.06657,  -0.01713,  -0.04339,  -0.02041,  -0.02698,   0.01897,   0.00092,   0.03867,   0.04687,   0.01569,  -0.03518,   0.02226,   0.01241,  -0.00072,  -0.01056,  -0.03846,  -0.02698,   0.02718,   0.08134,  -0.08605,  -0.00728,  -0.04503,  -0.01221,   0.03867,   0.02554,  -0.00400,   0.00749,   0.04195,  -0.07785,   0.08626,   0.01733,  -0.00728,   0.02718,  -0.03026,  -0.01877,   0.03374,  -0.08605,  -0.06472,   0.00913,   0.04359,   0.10431,  -0.00400,  -0.04010,   0.04031,  -0.06144,  -0.03682,  -0.01877,  -0.00236,  -0.02862,   0.01897,  -0.00072,   0.00749,  -0.02369,  -0.01221,  -0.05487,  -0.00728,   0.01569,  -0.03354,   0.02062,  -0.02698,  -0.00072,   0.00256,  -0.00728,  -0.03190,   0.02882,  -0.01713,   0.00092,  -0.01385,  -0.03190,   0.03046,   0.03703,   0.05016,  -0.02698,   0.00749,  -0.09754,   0.03046,   0.05344,   0.08626,   0.04359,  -0.01385,   0.04851,   0.03374,   0.07641,  -0.03026,  -0.03190,  -0.01549,   0.04359,   0.00913,  -0.07949,   0.06657,  -0.06472,   0.01897,  -0.01549,  -0.01549,  -0.01056,  -0.03026,   0.00420,   0.00092,  -0.00564,  -0.03518,   0.04195,   0.04031,   0.01897,  -0.02698,  -0.02041,  -0.06308,   0.03539,   0.02226,   0.03046,  -0.10903,  -0.03846,  -0.01549,   0.06985,  -0.04010,  -0.01713,  -0.08605,   0.01897,   0.03703,  -0.00892,   0.04851,   0.02882,   0.05016,  -0.00564,   0.02554,   0.03210,  -0.04175,   0.06000,   0.05672,  -0.00400,   0.03210,   0.00749,  -0.01877,  -0.06964,  -0.04339,   0.03539,   0.05672,   0.05836,   0.01897,   0.04687,   0.00585,  -0.03190,   0.01733,  -0.04503,   0.12565,  -0.01056,   0.03374,  -0.03354,   0.05344,   0.03703,  -0.01221,  -0.05323,   0.04687,   0.01897,  -0.05323,  -0.01549,   0.02226,  -0.00236,  -0.05487,  -0.02698,   0.00256,  -0.02533,   0.01569,  -0.07621,  -0.03518,  -0.03026,  -0.03354,   0.05344,  -0.07785,  -0.04503,   0.04359,   0.00420,  -0.04339,  -0.00728,  -0.06144,   0.03046,   0.03374,  -0.01385,  -0.03354,   0.01733,   0.01241,   0.02062,  -0.02862,   0.00913,  -0.11724,  -0.00400,  -0.03846,  -0.03190,  -0.00892,   0.05344,  -0.03354,   0.04851,   0.06985,   0.03703,  -0.06472,  -0.03846,   0.00256,  -0.01221,   0.00256,  -0.05487,  -0.04175,  -0.00236,   0.00749,  -0.07457,   0.00420,  -0.03190,   0.04195,  -0.03682,   0.03374,   0.01405,  -0.02698,   0.00585,   0.02226,   0.02226,   0.06492,   0.03210,   0.06657,   0.00256,   0.01405,   0.05344,  -0.04667,  -0.06144,   0.00092,  -0.00564,  -0.01385,  -0.07621,  -0.11231,  -0.04010,  -0.00236,   0.05344,  -0.01549,  -0.00728,   0.01897,   0.04851,  -0.02862,   0.05344,   0.03046,   0.05508,   0.03703,   0.00749,  -0.04175,  -0.03026,  -0.03518,  -0.03518,   0.02554,  -0.00400,   0.07149,  -0.01221,  -0.03190,   0.01405,   0.02718,   0.02226,   0.00420,  -0.01385,  -0.03518,   0.00420,   0.03703,  -0.01877,  -0.00236,   0.04195,  -0.00236,  -0.01549,   0.06164,  -0.01385,  -0.00236,   0.02226,   0.02226,   0.02882,  -0.01221,  -0.03190,  -0.09918,   0.04851,   0.00585,   0.01733,   0.04195,  -0.00892,   0.03539,   0.06821,   0.02062,  -0.02205,  -0.02698,  -0.01385,   0.01733,  -0.05816,   0.02390,   0.01077,  -0.06144,   0.02062,   0.02882,  -0.01221,  -0.00564,   0.00913,   0.04031,  -0.00892,  -0.01056,   0.02554,  -0.00564,   0.07477,  -0.06800,   0.04851,  -0.01385,  -0.02205,   0.02882,  -0.03190,   0.06821,   0.02062,   0.02882,  -0.03354,   0.02062,   0.02718,  -0.01385,  -0.06144,   0.02882,   0.03374,  -0.00236,  -0.06964,   0.08790,  -0.03190,   0.00749,  -0.07293,  -0.02041,  -0.04175,   0.07969,  -0.02533,  -0.07293,   0.05836,   0.00585,  -0.02698,  -0.04339,  -0.02533,  -0.00400,  -0.01549,  -0.03354,  -0.05652,  -0.02205,   0.00256,  -0.05652,  -0.00564,  -0.03518,  -0.00400,   0.01077,  -0.01221,   0.02390,   0.04359,  -0.02862,  -0.04995,   0.01733,  -0.02369,  -0.02862,  -0.01056,   0.04195,  -0.03190,  -0.00892,  -0.06800,   0.02062,   0.01241,  -0.00892,  -0.04010,   0.06985,   0.02718,  -0.04667,  -0.08770,  -0.01877,   0.02882,  -0.05980,  -0.02205,   0.00749,   0.00913,  -0.04010,   0.05016,  -0.02698,   0.00420,   0.02226,   0.07641,   0.08298,  -0.03518,  -0.04339,  -0.05652,   0.00420,   0.02226,   0.04851,   0.03046,  -0.11559,  -0.01713,   0.03046,   0.00749,   0.05016,   0.07313,   0.05016,  -0.05159,  -0.05816,  -0.04339,  -0.06800,   0.00749,   0.01077,   0.02554,  -0.00564,  -0.01385,  -0.04667,   0.11744,   0.05344,   0.02390,  -0.03518,   0.03374,  -0.05323,   0.01569,  -0.03354,  -0.03190,  -0.01713,   0.04523,   0.00749,   0.00585,   0.06492,  -0.00400,  -0.06308,   0.07149,  -0.11067,   0.02554,   0.02226,  -0.01056,   0.03867,   0.01897,   0.00092,   0.02718,  -0.02205,   0.03374,  -0.03190,  -0.03518,   0.02226,   0.02226,  -0.04995,   0.02554,  -0.04503,   0.08298,   0.02554,   0.04687,  -0.07129,  -0.01385,  -0.04175,   0.03046,  -0.00072,   0.01897,   0.00420,  -0.03354,  -0.03682,   0.00913,   0.06000,  -0.01056,   0.01405,   0.02390,   0.02226,   0.00420,  -0.05323,  -0.00728,  -0.04667,   0.05344,  -0.00400,   0.04523,   0.00420,  -0.06800,   0.01405,  -0.05159,  -0.05159,  -0.00236,  -0.02205,   0.03539,  -0.04010,   0.02390,   0.04359,  -0.04175,  -0.00236,   0.03046,  -0.07457,   0.00913,  -0.01385,   0.01077,  -0.01056,  -0.04010,   0.01897,  -0.03354,   0.04687,  -0.00728,   0.00092,   0.03867,   0.04359,   0.06164,   0.02882,   0.00420,   0.01897,   0.01569,  -0.07129,  -0.04503,   0.05344,  -0.05323,  -0.00728,   0.04359,  -0.02041,  -0.00072,   0.00420,   0.04851,  -0.00236,  -0.00564,   0.01405,   0.08298,  -0.08770,  -0.01549,   0.09282,  -0.00728,  -0.02862,  -0.02041,  -0.05323,   0.04523,   0.08134,  -0.02369,  -0.02862,  -0.05816,   0.03703,   0.01405,   0.00420,   0.01405,  -0.00236,  -0.01549,   0.05180,  -0.03682,   0.02390,   0.01569,  -0.06800,   0.00256,  -0.02205,  -0.02862,  -0.01056,   0.04031,  -0.01713,   0.00420,  -0.08113,  -0.03518,   0.01733,  -0.01221,  -0.05980,  -0.05323,   0.04851,  -0.03518,  -0.00236,  -0.00892,   0.10431,  -0.00072,  -0.04339,  -0.03682,   0.05344,   0.03867,   0.06657,   0.03539,  -0.08113,  -0.02533,   0.07313,  -0.10903,   0.00256,   0.00256,   0.00256,  -0.01713,  -0.00728,  -0.03026,   0.05016,   0.05180,   0.05508,  -0.04010,  -0.06144,   0.02226,   0.01077,  -0.04503,   0.01569,   0.06164,  -0.00728,  -0.03190,   0.04031,  -0.05652,   0.06328,   0.02882,   0.01733,   0.03539,  -0.05816,  -0.05980,   0.00749,  -0.01056,  -0.01385,   0.02390,   0.02554,   0.03703,   0.01077,   0.02882,  -0.02698,  -0.07785,   0.00420,   0.01733,  -0.05159,  -0.06144,  -0.02205,   0.02882,  -0.02698,  -0.02369,   0.00256,  -0.02862,  -0.02205,   0.02882,  -0.07621,  -0.01221,  -0.03846,  -0.01713,  -0.05816,   0.06492,  -0.05159,   0.02390,  -0.04010,   0.03046,   0.04359,  -0.00892,   0.03703,  -0.01385,  -0.00892,   0.03703,  -0.06144,  -0.01385,   0.00585,   0.03374,  -0.02698,  -0.04339,  -0.00892,   0.03539,   0.02882,   0.08462,   0.00749,  -0.02698,  -0.05816,   0.03703,  -0.02041,  -0.06144,   0.05180,  -0.04995,   0.02718,   0.00585,  -0.04010,   0.03867,   0.00420,  -0.08770,   0.06657,  -0.01221,   0.03867,  -0.01221,   0.05672,  -0.00400,  -0.04503,   0.02226,   0.03374,  -0.03354,   0.01405,   0.00420,   0.01241,   0.05508,  -0.02041,  -0.03846,  -0.01549,   0.06328,   0.05180,   0.03703,  -0.06308,   0.09611,   0.05836,   0.03867,  -0.07621,   0.04851,   0.03539,  -0.04339,  -0.00400,   0.05508,   0.03210,   0.00585,   0.01241,  -0.05159,   0.00913,  -0.06472,   0.01241,   0.01077,   0.03046,   0.00092,   0.01897,  -0.06472,  -0.04010,  -0.00400,  -0.00236,  -0.03518,  -0.00892,   0.03046,  -0.04503,   0.02390,  -0.00072,  -0.06636,   0.08626,   0.04195,  -0.02533,  -0.08605,   0.03539,   0.02882,  -0.04010,  -0.02862,   0.02554,   0.00913,   0.01241,  -0.03518,   0.04195,   0.01405,  -0.01877,   0.03210,  -0.01385,   0.01897,  -0.04010,  -0.00564,  -0.02862,   0.01897,  -0.00892,  -0.01877,   0.02390,  -0.00728,   0.03867,   0.03703,   0.01077,   0.01077,   0.02718,   0.01077,   0.00256,  -0.01221,  -0.04010,  -0.00892,  -0.01385,   0.00256,   0.00585,  -0.00892,  -0.00564,  -0.02369,   0.00092,  -0.02041,   0.06164,   0.00420,   0.01897,   0.04523,  -0.02533,   0.00749,  -0.02862,  -0.00892,  -0.04667,   0.04359,  -0.04831,   0.03539,  -0.01221,  -0.03354,  -0.01385,   0.00749,  -0.01056,   0.00256,   0.02062,  -0.00564,   0.00585,  -0.04175,   0.04523,   0.00092,  -0.03518,   0.03867,   0.01569,  -0.05323,   0.03046,   0.02062,   0.02226,  -0.09098,  -0.04995,   0.02554,   0.00913,  -0.04995,   0.06985,  -0.01056,  -0.02698,  -0.02862,  -0.03026,  -0.01056,   0.06492,   0.01897,  -0.02698,   0.02718,  -0.02533,   0.00092,   0.01077,  -0.08277,   0.00420,  -0.00400,  -0.07293,  -0.02041,   0.01569,   0.03374,   0.00585,   0.04523,  -0.01221,  -0.00892,   0.06492,  -0.05323,   0.00256,  -0.09918,   0.03210,   0.04851,   0.03374,   0.05672,   0.04851,   0.01077,   0.01241,   0.03867,  -0.01056,  -0.05652,  -0.01221,  -0.03190,  -0.00236,   0.04523,  -0.04503,  -0.05816,   0.01569,  -0.03846,   0.03046,  -0.03518,  -0.03354,   0.03703,   0.03539,   0.03703,   0.02718,   0.04359,  -0.06144,  -0.02041,  -0.01877,  -0.07129,  -0.02533,  -0.02862,   0.09446,  -0.00892,   0.07641,  -0.05816,   0.00420,   0.01569,   0.00749,  -0.06964,   0.08462,   0.00585,  -0.02862,   0.08626,  -0.03518,  -0.04339,   0.00585,   0.06985,   0.03539,   0.06000,   0.01077,  -0.03682,   0.06492,  -0.04175,   0.03374,  -0.02862,  -0.01713
   0.05836,  -0.01221,   0.04523,   0.02390,   0.07641,  -0.05980,   0.01733,  -0.01713,   0.02554,  -0.03518,  -0.07621,  -0.00236,  -0.03190,   0.07641,   0.05836,  -0.05816,   0.03374,   0.01733,  -0.00564,   0.02390,   0.01241,   0.00420,  -0.00728,   0.02718,   0.01077,   0.09118,  -0.03026,  -0.08441,   0.03210,   0.06328,  -0.02205,  -0.02369,   0.02718,   0.05180,   0.04031,   0.04031,  -0.13529,  -0.04995,   0.02062,  -0.08277,   0.01077,   0.01569,  -0.01549,   0.03539,   0.06492,  -0.02862,   0.03867,   0.01241,  -0.03518,  -0.02862,  -0.03354,   0.08626,   0.01733,  -0.03354,  -0.00072,  -0.07457,  -0.01221,  -0.08441,   0.00749,   0.00092,   0.04851,   0.04851,  -0.09918,   0.01569,   0.03867,  -0.01713,   0.06985,  -0.02862,   0.00749,   0.00092,  -0.03190,   0.03374,   0.03374,  -0.00728,   0.02882,   0.01241,   0.06328,   0.02718,  -0.02862,   0.02062,   0.02718,  -0.04175,   0.03867,   0.02718,  -0.06636,  -0.10411,   0.07313,  -0.02041,  -0.01549,  -0.01056,  -0.01221,  -0.06636,   0.00913,   0.08954,  -0.04339,   0.10759,  -0.01385,  -0.01385,   0.00256,  -0.04995,   0.01733,   0.00420,   0.05180,  -0.00564,  -0.05159,   0.05180,  -0.04831,   0.07477,  -0.03354,   0.06821,   0.01897,  -0.02369,   0.02390,  -0.00236,  -0.04339,  -0.00892,  -0.00564,   0.09118,   0.02554,  -0.02041,   0.02226,   0.15518,   0.04195,  -0.05652,   0.07641,  -0.00400,   0.01241,   0.06000,  -0.00236,  -0.00892,  -0.02041,   0.03046,  -0.00892,  -0.06636,  -0.02862,   0.02882,  -0.04503,   0.03046,  -0.02041,  -0.00892,  -0.01221,  -0.00728,   0.08134,  -0.04010,  -0.02862,  -0.02533,  -0.00236,   0.05016,   0.08626,  -0.07785,   0.08462,   0.06985,   0.07313,  -0.01385,   0.02554,  -0.11231,  -0.03190,  -0.02041,   0.04687,  -0.00728,   0.07149,   0.01241,  -0.00892,   0.05016,  -0.06636,   0.04031,  -0.01221,  -0.04175,  -0.03846,   0.02226,  -0.03354,  -0.01549,   0.12893,   0.01733,  -0.00728,   0.05180,  -0.09426,  -0.04503,   0.03210,  -0.04503,   0.00092,   0.00256,  -0.03354,  -0.03518,  -0.07785,   0.02882,   0.00585,  -0.02041,  -0.13201,   0.15026,  -0.04175,   0.02718,  -0.02533,  -0.03026,   0.02226,  -0.02533,   0.03539,  -0.01221,  -0.00728,   0.03867,  -0.00564,   0.01241,   0.06328,  -0.00236,   0.05016,   0.08134,  -0.03518,   0.04195,  -0.03026,  -0.00728,  -0.02533,  -0.05323,   0.00256,  -0.01385,   0.01241,   0.00420,   0.00256,  -0.03354,   0.06000,   0.01241,  -0.01549,  -0.05159,   0.01733,   0.08954,   0.03703,   0.06821,   0.02062,  -0.05159,  -0.06472,  -0.05487,  -0.06308,  -0.02205,   0.00913,   0.01077,   0.01405,  -0.11888,   0.00749,  -0.00892,   0.08298,  -0.06472,  -0.04339,   0.02554,   0.03867,   0.00585,   0.01569,   0.02226,  -0.08113,   0.03046,   0.00092,   0.09611,   0.00913,  -0.04175,  -0.00072,  -0.02369,  -0.05980,   0.05016,   0.03703,   0.03867,   0.04195,  -0.02369,   0.04195,   0.06492,  -0.03354,  -0.03518,   0.03210,   0.02718,  -0.06636,   0.00913,   0.06821,  -0.08113,   0.03210,   0.01241,   0.02226,   0.01077,   0.03867,   0.01241,   0.00749,  -0.06472,   0.02882,   0.10103,  -0.04339,  -0.07293,   0.02390,   0.06164,  -0.03518,   0.04359,   0.00420,  -0.01385,   0.05672,   0.02554,  -0.00400,  -0.01549,   0.05672,   0.07805,   0.01241,  -0.02862,  -0.01385,  -0.00892,   0.01897,  -0.02369,   0.05016,   0.00585,   0.05508,  -0.03518,  -0.11395,   0.01733,  -0.01385,  -0.00728,  -0.05487,  -0.00400,  -0.03682,   0.06164,   0.06985,  -0.11724,   0.00585,   0.08298,   0.06492,  -0.03518,  -0.02698,   0.03539,   0.01897,  -0.01385,   0.00913,  -0.13529,   0.01897,  -0.06144,  -0.03682,   0.03703,  -0.01549,   0.02062,   0.01569,   0.00420,  -0.07949,  -0.07785,   0.05016,   0.00420,   0.04031,   0.00256,  -0.04010,  -0.05487,  -0.01549,   0.09775,   0.01733,   0.00256,   0.09775,   0.02554,  -0.00892,  -0.00072,  -0.04995,   0.01077,  -0.05816,   0.07477,   0.09282,   0.00092,  -0.06964,  -0.01221,   0.02062,   0.04359,   0.00256,   0.01897,   0.00092,   0.03867,  -0.01385,  -0.07457,  -0.01385,  -0.02698,   0.03703,   0.06985,   0.06328,   0.04031,  -0.03354,  -0.05652,  -0.09590,  -0.05159,   0.01569,  -0.06800,  -0.03354,  -0.00236,   0.00585,  -0.05159,   0.00420,   0.01569,  -0.05652,  -0.05487,   0.05672,  -0.03026,   0.06492,   0.02718,  -0.00728,  -0.01713,   0.00913,  -0.01385,   0.06328,   0.01733,  -0.03682,   0.00585,   0.00585,   0.02718,   0.00256,   0.03703,   0.02882,  -0.07129,   0.06164,   0.00256,   0.08134,   0.02226,   0.04687,   0.03703,  -0.01549,   0.01569,  -0.04667,  -0.02369,   0.05016,  -0.08277,  -0.09426,   0.08298,   0.06657,   0.04359,  -0.03190,   0.03539,  -0.04503,  -0.01877,  -0.01056,  -0.04995,   0.04851,   0.03374,   0.03046,   0.14370,   0.02718,  -0.01221,  -0.09590,  -0.03518,  -0.02533,   0.08134,   0.06000,   0.01077,   0.00585,   0.05180,   0.02882,   0.03046,  -0.04339,  -0.01877,   0.03867,  -0.00236,  -0.04010,  -0.05323,   0.05344,  -0.04831,   0.02554,  -0.01549,   0.03539,   0.01077,   0.05180,  -0.06964,  -0.03518,  -0.03190,   0.04523,   0.05672,   0.00749,  -0.07457,   0.01733,  -0.04010,   0.00749,   0.01569,   0.05672,   0.02226,  -0.08770,   0.00749,  -0.04667,   0.00256,  -0.03026,   0.01569,   0.02062,  -0.04175,   0.02882,  -0.01713,  -0.00892,  -0.04667,  -0.07621,  -0.02369,  -0.07293,   0.05016,  -0.01877,   0.01405,   0.06821,   0.01241,   0.04195,  -0.01549,   0.02226,   0.03539,  -0.04503,  -0.03190,  -0.05652,  -0.04831,  -0.00728,  -0.02041,   0.03046,   0.01077,  -0.02862,  -0.06144,  -0.07457,  -0.02533,  -0.08277,   0.00913,  -0.03518,   0.01897,  -0.00728,   0.04195,   0.01241,   0.02390,   0.00585,  -0.03026,  -0.04175,  -0.08441,  -0.00728,   0.03046,  -0.00564,  -0.03026,   0.00585,   0.17160,  -0.02698,  -0.10082,  -0.08113,   0.10103,   0.08626,   0.03374,  -0.00072,  -0.07129,   0.02882,  -0.05816,  -0.03026,  -0.00236,  -0.09918,  -0.01549,   0.08134,   0.00256,  -0.02369,   0.00092,   0.03867,   0.02062,  -0.04831,   0.01569,   0.00749,  -0.01385,   0.09282,   0.00420,  -0.03026,  -0.00072,  -0.03026,   0.05508,  -0.03682,   0.04359,   0.05508,  -0.04831,   0.01405,  -0.05487,   0.05344,   0.09611,  -0.03354,   0.06821,   0.01077,   0.02554,   0.00913,  -0.03190,   0.02062,  -0.05159,  -0.05487,   0.00749,  -0.01549,   0.03539,   0.06657,  -0.07949,   0.03374,   0.06985,   0.04687,   0.01733,   0.04195,   0.03703,   0.01077,  -0.00400,   0.03210,  -0.01385,   0.07969,  -0.07621,  -0.00728,  -0.03190,  -0.00892,   0.04031,   0.00749,  -0.02041,  -0.06144,   0.01405,   0.03374,   0.06492,   0.01897,   0.04031,  -0.01385,   0.02554,  -0.03026,   0.03539,   0.00749,   0.00585,  -0.02369,  -0.00400,   0.04523,  -0.00728,   0.08462,   0.03703,   0.00749,   0.03210,  -0.01385,  -0.10575,   0.09446,  -0.01056,   0.06000,   0.01405,  -0.00072,  -0.07949,   0.02882,   0.10103,  -0.02369,   0.03539,  -0.00072,   0.06657,  -0.03354,  -0.03846,   0.01897,   0.01569,  -0.03026,  -0.08770,  -0.04010,  -0.05980,  -0.03354,  -0.06800,   0.01569,   0.03374,  -0.05652,   0.08462,  -0.02698,   0.01241,  -0.01549,   0.05836,   0.01241,  -0.04339,  -0.05487,   0.07313,  -0.06144,  -0.01056,  -0.09262,  -0.04010,   0.04359,   0.01077,  -0.06144,   0.03703,  -0.05159,   0.00420,   0.02554,   0.02882,   0.01897,  -0.02205,   0.03046,  -0.03518,   0.04195,  -0.01549,  -0.01221,   0.03374,   0.04031,  -0.08441,  -0.10903,  -0.04667,  -0.01221,  -0.05487,   0.01897,  -0.06800,   0.16995,  -0.03026,   0.00092,  -0.01713,   0.02882,   0.00749,   0.02718,   0.03210,   0.08626,   0.08134,   0.03374,   0.00913,   0.00256,   0.02882,   0.05836,   0.04687,  -0.07457,   0.01241,   0.02718,  -0.03026,  -0.01713,   0.06328,   0.00092,   0.04031,   0.01241,  -0.04503,  -0.02533,   0.00092,   0.12565,  -0.03518,   0.04031,  -0.03518,  -0.08113,  -0.03518,  -0.05487,  -0.07621,   0.04359,  -0.01549,  -0.05159,  -0.04175,  -0.03682,  -0.00892,   0.07641,  -0.01713,  -0.02205,   0.04851,   0.03374,  -0.04667,  -0.01056,  -0.02533,  -0.03026,   0.05836,  -0.03026,  -0.00072,  -0.04175,   0.05016,   0.06657,  -0.03354,   0.01897,  -0.01713,  -0.03682,   0.02390,   0.07805,   0.01405,   0.00913,   0.03374,   0.04687,   0.02718,   0.02062,  -0.04503,  -0.06308,  -0.06308,   0.02554,   0.01077,  -0.04339,  -0.00400,   0.01077,  -0.05323,  -0.00892,  -0.07457,  -0.06308,  -0.03190,   0.07969,   0.03210,  -0.02041,   0.01405,  -0.04995,  -0.14185,  -0.03190,   0.03867,  -0.06144,  -0.01549,   0.07969,  -0.00072,  -0.04995,   0.05508,   0.02554,   0.12400,   0.02882,  -0.00400,   0.02718,  -0.03518,  -0.04503,   0.05508,   0.01405,  -0.04831,  -0.06636,   0.00749,  -0.04010,   0.03539,  -0.00400,  -0.02533,  -0.11231,   0.03867,   0.04031,  -0.01549,   0.07149,  -0.02533,   0.02718,  -0.08934,   0.05016,   0.04195,  -0.03518,   0.07149,  -0.03190,   0.05836,   0.02390,  -0.10903,  -0.06144,   0.01405,   0.05344,   0.00749,   0.11416,  -0.00564,  -0.04339,   0.02554,   0.00092,   0.02062,   0.06164,   0.03046,  -0.05980,  -0.07129,   0.01405,  -0.01549,   0.07969,   0.02226,   0.00913,   0.03539,  -0.03026,  -0.00564,  -0.07293,   0.01077,  -0.00236,   0.06000,  -0.02698,  -0.00564,   0.11252,   0.01241,  -0.02205,   0.02554,   0.07313,  -0.03354,   0.05344,  -0.01549,  -0.07129,  -0.01056,   0.01241,  -0.03518,  -0.05487,   0.01569,   0.05344,   0.09611,   0.01569,  -0.02698,   0.08790,   0.01077,   0.02226,  -0.06964,   0.02062,   0.02718,  -0.06800,   0.02554,  -0.00400,   0.06985,  -0.02041,  -0.00400,  -0.00072,  -0.01877,  -0.02533,  -0.01056,  -0.10082,   0.07149,   0.01733,   0.02062,  -0.04831,  -0.05980,   0.03703,   0.02554,  -0.05323,   0.00420,  -0.08441,  -0.08277,   0.04031,  -0.10247,   0.02554,   0.03703,  -0.02533,   0.01405,   0.03374,  -0.03518,  -0.00728,   0.03046,   0.05836,  -0.03682,  -0.03354,   0.00585,  -0.05487,   0.06164,   0.01733,   0.01077,   0.02554,   0.03210,  -0.03354,   0.05672,  -0.03682,   0.03374,   0.00749,   0.06985,   0.05016,   0.12565,  -0.06144,   0.06821,   0.06985,  -0.06800,  -0.06472,  -0.04503,  -0.01056,   0.00092,  -0.04831,  -0.06144,   0.13713,   0.01897,  -0.04667,   0.04523,   0.02226,   0.01077,  -0.03846,  -0.00892,   0.08298,   0.08954,  -0.02862,  -0.00564,  -0.01385,  -0.10903,   0.04687,   0.14041,   0.04195,  -0.05980,  -0.02862,  -0.01877,   0.03210,  -0.01385,   0.02882,   0.08134,  -0.01221,  -0.00400,  -0.05816,   0.03374,  -0.00564,  -0.01221,  -0.00728,   0.01077,   0.07477,   0.02390,   0.03867,   0.02062,   0.00749,   0.07805,   0.00913,   0.01077,   0.03210,  -0.02369,  -0.02369,   0.07313,   0.01733,  -0.04010,  -0.08605,   0.01077,   0.04523,   0.02226,   0.01733,  -0.01549,  -0.06144,  -0.00728,  -0.05487,  -0.02041,  -0.02533,  -0.02205,   0.02226,   0.01569,   0.00420,   0.03539,   0.09118,  -0.02533,   0.07149,  -0.02369,   0.05016,  -0.00892,   0.01569,   0.05180,   0.00092,  -0.00072,  -0.02698,  -0.00728,  -0.05323,   0.04359,   0.02062,   0.02718,  -0.02862,  -0.00400,  -0.00728,   0.03210,  -0.00236,   0.00749,   0.02226,   0.04359,   0.06164,  -0.04175,   0.02390,   0.07149,  -0.00564,  -0.03354,   0.08462,   0.01405,   0.07641,  -0.04339,  -0.00728,  -0.01549,  -0.00564,  -0.04503,   0.03703,  -0.04175,   0.01897,   0.02062,   0.06328,   0.02882,  -0.01056,   0.02062,   0.00092,   0.00256
  -0.02698,  -0.07293,  -0.08770,   0.02718,  -0.01549,  -0.02369,   0.04523,   0.08462,  -0.05159,   0.04523,   0.08134,   0.03703,  -0.01549,   0.02226,   0.11252,  -0.04339,   0.02390,   0.06985,   0.04195,   0.02390,  -0.02041,   0.10759,   0.08134,   0.01241,  -0.00400,  -0.05159,  -0.00728,   0.06000,   0.00420,   0.03703,   0.07641,   0.02226,   0.01405,  -0.00400,   0.01569,  -0.03846,   0.05508,  -0.06144,  -0.00236,   0.03539,  -0.04831,   0.04031,  -0.01877,   0.05180,  -0.00564,   0.05508,  -0.04503,  -0.00892,  -0.10082,   0.01241,  -0.00564,   0.12400,  -0.03518,  -0.09918,  -0.02205,  -0.04503,   0.04359,  -0.05323,   0.06000,  -0.00728,  -0.00072,   0.01733,  -0.00400,   0.10595,   0.05016,   0.04031,   0.00585,   0.04031,   0.07149,  -0.15662,   0.02882,  -0.02862,  -0.00564,  -0.03682,   0.07149,  -0.01056,  -0.06308,   0.01569,   0.05672,  -0.00564,   0.02882,  -0.01056,  -0.03354,  -0.01877,   0.00256,   0.05836,   0.00749,   0.03046,   0.01241,   0.00749,   0.09446,  -0.07457,   0.01897,  -0.00892,  -0.03846,   0.01241,   0.06164,   0.02226,   0.04195,  -0.00400,  -0.04667,  -0.00564,   0.01569,   0.00256,  -0.00728,   0.00585,  -0.01877,   0.01897,   0.02226,  -0.00892,   0.04359,  -0.07129,  -0.07293,  -0.03682,   0.08626,   0.09611,   0.04359,   0.03210,   0.09939,   0.04031,   0.04359,  -0.00236,  -0.04667,  -0.00892,  -0.02862,  -0.07293,   0.06821,  -0.06144,   0.03703,   0.00256,  -0.00892,  -0.06144,   0.05180,   0.01733,   0.03210,   0.06657,  -0.03026,   0.04687,  -0.00892,  -0.03518,   0.03210,   0.00749,   0.07313,   0.09282,   0.01569,  -0.00400,   0.00913,   0.03210,   0.08134,   0.04523,   0.03867,  -0.00564,  -0.00072,  -0.01385,   0.06328,  -0.04175,  -0.00400,   0.07969,  -0.00072,   0.03703,  -0.02533,   0.00420,  -0.02533,  -0.00072,   0.00420,  -0.07129,  -0.07293,  -0.00728,  -0.03682,  -0.03354,  -0.00728,   0.00420,   0.05836,  -0.01549,   0.03539,  -0.00564,  -0.02041,  -0.01221,   0.01077,   0.04031,  -0.00728,  -0.01385,  -0.01713,   0.06164,   0.11744,   0.00420,  -0.05323,  -0.03354,   0.01077,  -0.04995,  -0.03518,   0.05180,   0.00585,  -0.02533,  -0.01056,  -0.06964,   0.01897,  -0.03026,  -0.00728,  -0.02862,   0.04851,  -0.03518,  -0.04667,   0.03539,   0.02062,  -0.05980,   0.06164,  -0.00564,  -0.05980,  -0.00728,  -0.00236,  -0.01221,  -0.06472,  -0.06800,   0.00585,   0.02390,   0.05836,   0.00913,  -0.01056,  -0.00236,   0.01897,  -0.03354,  -0.02533,  -0.04175,   0.09446,   0.05180,  -0.07621,   0.04523,  -0.03682,  -0.06144,  -0.02862,   0.03539,  -0.03190,   0.01569,   0.03703,  -0.08605,  -0.05980,  -0.02041,   0.06328,  -0.02041,  -0.04339,  -0.06964,   0.04195,   0.05508,  -0.00564,  -0.05652,  -0.03846,  -0.00400,   0.05180,  -0.01549,  -0.00892,  -0.05487,   0.01241,  -0.01056,  -0.04667,   0.00420,  -0.03846,   0.01897,  -0.03026,   0.02226,  -0.03190,  -0.01713,   0.04851,   0.02390,   0.02062,  -0.07293,  -0.04175,   0.03867,   0.08954,  -0.01549,  -0.02369,   0.02390,   0.01569,   0.04359,  -0.04339,   0.06000,  -0.00892,  -0.04995,  -0.04667,   0.01569,  -0.02862,   0.02718,   0.05016,   0.06164,  -0.00892,   0.12072,  -0.03190,   0.01569,   0.01405,  -0.03518,   0.01077,  -0.05652,  -0.01549,   0.05836,  -0.04667,   0.05508,  -0.08113,   0.07313,   0.04687,   0.01241,   0.02718,  -0.04503,  -0.01549,   0.06492,  -0.04503,  -0.05159,  -0.04175,  -0.03190,   0.06000,   0.03867,   0.03374,  -0.02369,  -0.01385,   0.00092,  -0.00236,  -0.01221,   0.02226,   0.02554,  -0.01713,   0.06492,   0.02882,   0.01241,   0.01241,  -0.06308,   0.05672,   0.04523,   0.01569,   0.00913,   0.02226,   0.07149,   0.01405,  -0.02533,   0.06657,   0.07313,   0.01733,   0.02554,   0.03539,   0.06328,   0.04523,  -0.03518,  -0.01385,  -0.05159,   0.08954,   0.01897,  -0.00072,  -0.09754,  -0.09754,  -0.02533,  -0.04995,   0.01733,  -0.07785,   0.04687,  -0.00236,   0.08954,   0.04687,  -0.04339,   0.00749,   0.06492,   0.02554,  -0.02862,   0.00913,  -0.00072,  -0.02533,   0.03703,   0.00420,  -0.00236,   0.00749,  -0.02862,  -0.03518,  -0.02369,   0.00420,   0.03867,  -0.01877,  -0.02698,  -0.02862,   0.01569,   0.07805,   0.00749,   0.07477,  -0.01056,  -0.02369,   0.02062,   0.02390,  -0.04175,  -0.00400,   0.01897,  -0.02533,   0.01077,  -0.01713,   0.04359,  -0.03518,  -0.00728,   0.01405,  -0.09262,   0.01241,   0.01241,  -0.01385,   0.04851,  -0.09918,   0.06328,  -0.06472,  -0.06144,   0.03867,   0.01569,   0.04195,   0.01569,   0.03374,   0.03539,   0.09939,   0.02882,  -0.01549,   0.01077,   0.00256,   0.03210,   0.03046,   0.00256,   0.03046,   0.07149,   0.04523,   0.02226,   0.01077,   0.03703,   0.01569,  -0.08277,   0.01405,   0.02390,  -0.01221,   0.02718,  -0.03354,   0.02226,   0.05016,   0.04687,   0.03867,   0.00092,   0.01405,   0.04031,   0.03539,   0.01733,  -0.02533,   0.06328,   0.02554,  -0.03190,  -0.03190,  -0.02698,   0.09282,   0.00420,   0.00256,  -0.02041,  -0.01713,  -0.03354,   0.00585,  -0.00400,   0.04523,  -0.00072,   0.00420,   0.02390,  -0.04175,  -0.03190,  -0.04339,  -0.01549,  -0.03190,   0.02226,   0.00256,  -0.00072,  -0.00564,  -0.05652,   0.01733,  -0.00564,   0.02062,   0.00913,   0.03867,   0.04523,   0.03703,  -0.07949,  -0.01221,  -0.01877,   0.11908,   0.01077,   0.03210,  -0.02205,  -0.08113,   0.01241,  -0.02698,   0.02718,   0.06985,   0.02226,   0.03539,   0.09118,   0.06985,  -0.02205,  -0.02041,   0.03867,   0.08298,  -0.00236,  -0.03682,  -0.05159,  -0.04503,   0.03867,   0.02554,   0.05180,   0.01241,  -0.00072,  -0.01056,  -0.01549,  -0.03190,   0.03210,   0.05836,  -0.02205,  -0.01549,  -0.01385,   0.05180,   0.00256,   0.09446,   0.04195,   0.05672,   0.01897,   0.04523,   0.02718,  -0.00236,   0.07641,   0.03539,  -0.03518,  -0.02862,  -0.02205,   0.07805,   0.04195,  -0.01549,   0.00092,  -0.00564,   0.03210,   0.02882,   0.05344,  -0.08770,  -0.02205,  -0.03846,  -0.03518,  -0.03846,  -0.02862,   0.03539,  -0.02698,  -0.15498,   0.01897,  -0.01056,  -0.06964,  -0.01056,  -0.01713,  -0.03190,  -0.01549,  -0.04667,   0.04195,  -0.00728,  -0.00400,  -0.08605,  -0.05159,   0.02226,  -0.02205,   0.08462,  -0.03518,  -0.02041,  -0.04995,  -0.06472,  -0.02862,   0.01077,   0.01733,   0.06821,  -0.01549,   0.07149,  -0.07293,   0.00256,   0.02226,   0.00749,  -0.04175,  -0.00728,  -0.03354,  -0.05159,  -0.02205,   0.03703,   0.05508,  -0.03354,   0.00092,  -0.03354,   0.04523,  -0.05487,  -0.00564,   0.03046,  -0.01221,  -0.04667,  -0.05980,  -0.00564,   0.00585,  -0.06636,  -0.00072,  -0.05159,   0.03374,   0.01569,   0.07641,  -0.01549,  -0.00236,  -0.00728,  -0.02369,   0.01733,  -0.04995,  -0.05816,   0.03703,  -0.02533,   0.12893,   0.04195,   0.00256,   0.00585,   0.01241,  -0.02369,  -0.02533,   0.02718,   0.04359,  -0.01385,  -0.01385,   0.07149,  -0.05487,  -0.01056,   0.04359,  -0.01549,  -0.02369,  -0.00892,   0.00092,  -0.02533,   0.01897,  -0.00892,   0.02062,   0.03374,  -0.00072,  -0.00072,  -0.02698,   0.02554,  -0.04831,   0.01405,   0.03867,  -0.03518,  -0.03682,   0.04359,   0.01405,  -0.00072,   0.02554,   0.04195,   0.05016,  -0.08113,   0.01077,   0.03539,   0.01241,   0.07641,   0.01569,  -0.01549,  -0.00564,   0.00913,   0.05672,  -0.03354,   0.05180,  -0.02533,  -0.00564,  -0.01877,  -0.04995,  -0.03190,  -0.05980,   0.01077,  -0.04503,   0.04687,   0.02226,   0.03374,  -0.04503,  -0.03190,  -0.03846,  -0.06636,  -0.01713,  -0.04667,   0.02390,  -0.01549,  -0.03354,   0.00913,  -0.01385,  -0.04995,  -0.00072,   0.02390,  -0.01713,   0.00256,  -0.01713,  -0.04995,  -0.00400,  -0.00236,  -0.01221,  -0.04995,  -0.03026,  -0.01877,  -0.01056,  -0.02533,   0.05508,  -0.03190,   0.03374,   0.07313,  -0.01713,   0.00256,  -0.02205,  -0.00564,   0.00092,  -0.04010,  -0.05980,   0.02390,  -0.03518,  -0.03518,  -0.00400,  -0.03026,   0.03867,   0.02718,   0.04195,  -0.03190,  -0.06964,   0.04523,  -0.00236,  -0.01056,  -0.04667,  -0.05487,   0.04031,   0.03374,  -0.03190,   0.00256,   0.00913,   0.02062,  -0.00072,  -0.00400,   0.03210,   0.05508,  -0.05323,   0.00092,  -0.00892,  -0.02369,  -0.02698,   0.01241,  -0.06144,   0.02554,  -0.02698,   0.02390,   0.00420,   0.02554,   0.05508,   0.04851,  -0.05159,  -0.01385,   0.06164,   0.02062,  -0.01385,   0.00913,  -0.04995,  -0.01221,  -0.02041,   0.03867,  -0.00072,   0.00420,   0.01733,   0.07969,  -0.02369,  -0.01549,   0.02062,   0.01241,   0.04851,  -0.00236,   0.05180,  -0.03190,   0.05508,  -0.05487,  -0.08277,   0.02062,   0.03374,  -0.00236,  -0.00236,   0.00913,  -0.05652,  -0.04339,   0.00420,   0.01077,  -0.03682,   0.00585,  -0.01549,  -0.04175,  -0.06800,   0.01569,  -0.01056,  -0.01877,   0.04195,   0.00585,  -0.00892,   0.06657,  -0.01877,  -0.04503,  -0.04995,  -0.04010,   0.00585,   0.02882,  -0.03190,   0.02554,  -0.03518,   0.03703,  -0.01713,  -0.07293,   0.00749,  -0.05159,  -0.06308,  -0.02698,   0.03867,  -0.04339,  -0.05816,  -0.05323,   0.02882,   0.00749,  -0.00564,  -0.04995,   0.05180,   0.01405,   0.04851,  -0.04339,   0.02226,   0.00420,  -0.04339,  -0.06308,   0.06985,  -0.06144,  -0.03354,   0.02062,   0.07313,   0.07149,  -0.04010,   0.06821,  -0.02698,  -0.02205,  -0.01549,  -0.00236,  -0.00564,  -0.10082,  -0.06800,   0.04031,   0.03046,   0.04195,   0.05180,   0.05180,   0.04031,   0.02882,  -0.01713,   0.01733,   0.06328,   0.02062,   0.01077,  -0.09262,  -0.04667,  -0.00236,   0.01569,   0.01405,  -0.00728,   0.05344,   0.04195,  -0.05652,  -0.04503,   0.00092,  -0.06144,  -0.00564,   0.00913,   0.03046,  -0.01221,  -0.00400,  -0.07457,  -0.01385,   0.00420,  -0.03354,   0.02718,  -0.02369,  -0.03190,  -0.04339,   0.02554,   0.01405,  -0.05159,   0.11744,  -0.01549,   0.00092,  -0.02369,  -0.09262,  -0.03518,   0.01405,   0.01569,  -0.01877,  -0.00236,   0.08298,   0.04195,   0.01077,   0.02718,  -0.05159,  -0.01713,  -0.00728,  -0.00728,   0.06657,   0.01405,   0.04031,  -0.02533,  -0.06800,  -0.03026,   0.03539,  -0.02369,  -0.03518,   0.02226,   0.07477,  -0.01877,   0.01405,   0.08790,  -0.05323,   0.04687,   0.05508,   0.00420,   0.04687,  -0.03190,   0.04687,   0.00420,   0.03703,   0.04195,   0.05836,  -0.00400,   0.00420,  -0.02205,  -0.09426,   0.00585,  -0.03354,   0.03374,  -0.10082,  -0.00892,  -0.05159,  -0.02041,   0.00749,   0.02554,   0.02554,  -0.00072,  -0.02041,   0.01569,   0.01569,   0.00749,  -0.01056,  -0.01385,  -0.04175,   0.01569,   0.06657,  -0.00728,   0.02882,   0.07313,   0.01569,   0.01077,   0.02882,  -0.09754,   0.06000,  -0.02041,  -0.09426,  -0.04175,  -0.01385,   0.02718,  -0.00072,  -0.01385,   0.06328,   0.00256,  -0.03026,  -0.00072,  -0.04995,   0.01569,   0.03046,   0.08134,  -0.04831,  -0.03354,   0.03867,   0.06164,  -0.00892,  -0.01713,   0.07149,  -0.08277,  -0.01549,   0.00256,   0.02390,   0.05016,   0.02554,   0.05836,   0.00913,  -0.01221,   0.08134,   0.01569,   0.05180,  -0.01221,  -0.03354,   0.00092,  -0.05816,   0.03539,   0.02390,  -0.03190,  -0.01056,   0.02882,  -0.00564,   0.02554,   0.03210,   0.06821,   0.03210,   0.00256,   0.08134,   0.00585,   0.03374,  -0.09590,  -0.05159,   0.04687,   0.04523,   0.05344,   0.01569,   0.04031,  -0.04339,   0.04851,  -0.00072,  -0.01221,  -0.01056,   0.05508,  -0.07293,   0.03046,  -0.04995,   0.06985,  -0.06308,   0.09282,   0.00585,   0.05180
  -0.07785,   0.03374,   0.05672,  -0.00236,   0.05344,   0.01569,   0.05016,   0.00092,   0.00256,   0.05672,  -0.03026,  -0.00072,  -0.08277,  -0.02369,  -0.05323,   0.01733,   0.00749,   0.00585,   0.02390,  -0.00072,  -0.01056,  -0.05652,  -0.06472,   0.02554,  -0.03190,   0.00913,   0.01241,  -0.01549,  -0.02698,  -0.00728,   0.01569,   0.09611,   0.02390,  -0.04831,  -0.02205,  -0.02369,  -0.04831,  -0.02698,   0.06985,   0.00092,   0.05672,  -0.00072,  -0.03354,  -0.00236,  -0.05159,  -0.00236,  -0.03518,  -0.00236,   0.01241,   0.04359,  -0.00072,   0.02062,  -0.00892,   0.00092,  -0.01056,   0.05180,  -0.00892,  -0.00400,  -0.03026,  -0.00728,   0.05344,   0.00749,   0.02226,   0.00420,  -0.05980,   0.01569,   0.00585,   0.00092,   0.01733,  -0.01713,   0.05672,   0.01733,  -0.01221,  -0.01221,   0.00913,   0.03539,   0.00092,   0.06000,   0.01897,  -0.04175,   0.03539,   0.10431,   0.00256,   0.00256,  -0.01221,   0.00256,   0.04359,   0.02062,   0.00913,  -0.00728,   0.02390,   0.05672,  -0.01056,  -0.03682,  -0.05816,   0.02882,   0.00092,   0.00092,  -0.09098,   0.01077,  -0.07293,   0.00092,   0.04687,   0.07149,   0.03046,  -0.00564,   0.03867,  -0.00728,   0.02554,  -0.03846,   0.05016,  -0.04831,  -0.01385,   0.00256,  -0.01877,   0.09282,   0.02390,   0.00420,  -0.09918,  -0.01713,   0.00092,  -0.05487,   0.02718,   0.03210,   0.01241,  -0.03026,   0.06492,  -0.05652,  -0.02205,  -0.00728,   0.04851,   0.00749,   0.02718,  -0.00892,   0.03046,   0.09775,  -0.00072,   0.04359,   0.04359,   0.05016,   0.00585,   0.04359,   0.06985,  -0.02041,   0.01569,   0.00092,   0.08298,   0.03539,   0.00913,   0.00420,  -0.04667,   0.05836,   0.02882,   0.03210,  -0.00072,  -0.00564,   0.03867,   0.02718,  -0.05816,   0.02554,   0.00092,  -0.06800,   0.03539,  -0.01221,  -0.08605,   0.00420,  -0.00728,   0.01733,  -0.05816,  -0.07949,   0.04359,   0.02554,  -0.05323,   0.05016,   0.04195,  -0.04995,   0.03046,  -0.01549,  -0.00072,  -0.03846,  -0.07129,   0.02718,  -0.00236,  -0.00728,   0.01897,  -0.00564,   0.00256,   0.04031,  -0.01056,   0.06328,   0.00913,   0.08954,   0.02226,   0.02062,  -0.00236,   0.05344,  -0.03190,  -0.01713,   0.00749,  -0.01877,  -0.00072,  -0.03518,  -0.00892,   0.00749,   0.04851,   0.00585,   0.02882,  -0.06144,   0.00749,  -0.01549,  -0.01221,   0.03210,  -0.01221,  -0.04175,  -0.00072,   0.01733,   0.01569,   0.03703,  -0.00400,  -0.01713,   0.09611,   0.03210,   0.04851,  -0.01713,   0.00420,   0.02062,  -0.07621,  -0.02698,   0.05508,   0.03046,   0.01405,  -0.07785,   0.03539,  -0.04667,  -0.00236,   0.05344,  -0.05816,   0.01569,  -0.00400,  -0.00236,   0.03703,  -0.06144,  -0.01385,   0.03867,  -0.07129,  -0.02533,  -0.06308,   0.02554,  -0.03846,  -0.04831,  -0.04995,  -0.00400,  -0.02205,   0.03210,   0.00092,   0.01733,   0.02226,   0.03539,  -0.06472,   0.09611,  -0.02041,  -0.04339,  -0.02041,  -0.07129,  -0.02205,  -0.00564,   0.01077,   0.00585,  -0.04831,  -0.04175,   0.06492,  -0.04831,  -0.00236,  -0.03026,   0.05672,  -0.01221,   0.01077,  -0.00892,   0.03867,  -0.03682,  -0.06964,   0.07969,  -0.00400,  -0.04339,   0.00092,   0.02554,  -0.00400,  -0.01877,   0.01405,  -0.08113,  -0.01385,   0.08626,  -0.08277,  -0.00072,  -0.02369,  -0.01385,   0.01405,  -0.00236,   0.02390,   0.04031,   0.08298,   0.05836,  -0.04010,   0.12072,  -0.01713,   0.01077,   0.02062,   0.05016,  -0.02369,   0.02554,  -0.01877,   0.00913,   0.07149,   0.00585,   0.02390,  -0.00728,   0.06164,  -0.01713,  -0.05159,   0.00256,  -0.04339,   0.05508,   0.05180,  -0.04667,  -0.02041,  -0.00072,  -0.01877,  -0.00400,   0.01077,   0.02390,  -0.03518,   0.06164,  -0.06308,   0.04523,  -0.06308,  -0.02369,   0.01241,   0.06328,  -0.02041,   0.06328,  -0.01713,   0.01405,   0.08134,   0.05344,  -0.11067,  -0.01549,  -0.00236,  -0.03518,   0.10431,   0.00420,  -0.01385,  -0.02698,  -0.00072,  -0.07949,  -0.00400,  -0.01385,   0.04031,  -0.05159,   0.03046,   0.00092,   0.04031,  -0.03354,   0.01897,  -0.01713,   0.02226,  -0.03354,   0.00092,   0.03374,   0.00256,   0.03210,   0.02554,   0.03867,   0.00420,   0.03374,   0.02390,  -0.01221,   0.06821,  -0.02369,   0.02390,  -0.01877,   0.06821,   0.00913,  -0.04995,   0.06821,   0.01569,  -0.04010,   0.06328,   0.05508,   0.04195,  -0.03190,  -0.01713,   0.06821,  -0.03354,  -0.01221,   0.04687,   0.01241,   0.10431,   0.03867,   0.02390,  -0.03846,   0.02226,   0.00585,   0.00420,   0.03539,   0.01405,  -0.02862,  -0.08277,   0.04851,   0.04687,   0.07477,  -0.04503,   0.04195,   0.02718,   0.04687,  -0.09590,  -0.04831,   0.00092,   0.04687,  -0.03026,   0.06492,   0.06492,  -0.05652,  -0.04175,   0.01569,  -0.03190,  -0.04175,   0.05344,  -0.00236,  -0.03518,  -0.02041,  -0.04175,  -0.07949,  -0.01056,   0.00585,   0.06000,   0.00092,  -0.01056,  -0.03026,  -0.01713,   0.03867,   0.02718,   0.01569,   0.00092,   0.02062,  -0.04995,  -0.04339,  -0.00236,   0.05672,   0.03867,  -0.04010,  -0.02862,  -0.01221,   0.07969,  -0.00236,  -0.02698,  -0.08605,  -0.01549,  -0.02698,   0.01241,  -0.01713,   0.01569,  -0.02369,   0.00913,   0.00749,   0.03374,   0.00420,  -0.03026,   0.03046,   0.05508,   0.00585,  -0.03190,  -0.04503,  -0.07293,   0.02226,   0.04359,  -0.00400,  -0.07785,   0.05344,  -0.01713,   0.01569,   0.01241,  -0.02041,  -0.02205,  -0.03682,  -0.07785,  -0.01221,  -0.01549,  -0.01713,   0.02554,   0.04359,  -0.02698,   0.04031,  -0.03846,  -0.01385,  -0.00728,   0.05016,  -0.03518,   0.02882,   0.02226,   0.02390,  -0.04995,  -0.05816,   0.00420,   0.01241,  -0.03190,  -0.02041,  -0.03682,   0.06164,  -0.01549,   0.00420,  -0.02369,   0.01569,  -0.01385,  -0.01877,   0.05180,  -0.00072,  -0.03846,   0.01241,  -0.05816,   0.02062,  -0.00728,   0.00913,   0.07313,   0.02226,   0.03210,  -0.02862,  -0.04010,   0.00913,   0.06328,  -0.03026,   0.04359,  -0.00400,   0.01077,  -0.05487,   0.01077,  -0.03026,  -0.01385,   0.03703,   0.01569,   0.04523,   0.02554,  -0.00072,   0.03867,  -0.00072,   0.01897,  -0.03682,   0.00092,   0.06492,  -0.00728,  -0.05816,  -0.08113,  -0.03518,   0.03703,  -0.05487,  -0.01877,   0.00913,  -0.02862,   0.03867,   0.10431,  -0.03190,   0.04195,   0.03046,   0.01405,  -0.02041,   0.02062,   0.01405,   0.01569,   0.05508,   0.04359,   0.01569,  -0.00892,   0.00749,  -0.02533,  -0.06144,   0.03046,   0.05344,  -0.01056,   0.01569,  -0.01713,   0.04031,  -0.03026,   0.06000,  -0.08113,   0.03046,  -0.02533,  -0.03682,   0.03703,   0.05508,   0.05180,   0.00256,   0.01569,   0.08626,  -0.01713,  -0.04831,  -0.00072,  -0.05159,  -0.04339,  -0.04175,   0.01569,  -0.02041,   0.01897,   0.02554,   0.04523,  -0.08277,   0.13877,   0.07641,  -0.02041,  -0.03518,  -0.04175,   0.02226,  -0.02369,   0.06492,  -0.08113,   0.02062,  -0.04010,  -0.04175,   0.04195,   0.00749,  -0.00564,  -0.06472,   0.02390,   0.03703,   0.02390,  -0.03682,  -0.01549,   0.02226,  -0.01877,  -0.03682,  -0.03682,   0.05180,   0.02882,   0.03703,  -0.02369,   0.05016,   0.09611,   0.01077,  -0.02041,  -0.04667,  -0.00072,   0.05672,  -0.05159,  -0.00564,  -0.02533,   0.01077,  -0.02205,   0.05180,   0.05672,  -0.03026,   0.00913,  -0.02369,   0.00092,   0.01897,   0.04523,   0.01897,  -0.06472,   0.02554,  -0.00728,   0.03703,   0.04195,  -0.00400,  -0.03354,   0.00256,   0.04523,   0.06492,  -0.03190,  -0.00236,  -0.05159,  -0.01221,   0.00092,   0.01405,  -0.02369,  -0.02533,   0.00749,  -0.00236,  -0.03354,  -0.02862,   0.06164,  -0.04175,  -0.01385,   0.06657,  -0.03846,  -0.02041,  -0.07457,   0.01077,  -0.00892,  -0.00072,   0.02718,   0.02718,   0.02718,   0.04851,  -0.05816,   0.00420,  -0.00728,  -0.06308,   0.06821,  -0.01221,   0.02390,   0.01077,   0.00749,   0.01077,   0.02390,   0.02554,  -0.01221,  -0.03846,   0.00256,   0.00092,  -0.04339,   0.02390,   0.01241,  -0.01877,  -0.02369,   0.03867,  -0.00892,  -0.03026,   0.03374,  -0.02205,  -0.04175,   0.00420,  -0.05323,  -0.06472,  -0.00564,  -0.01877,   0.08626,   0.02882,   0.02718,   0.00749,  -0.06144,  -0.01056,   0.01733,  -0.04010,  -0.00564,  -0.04339,   0.03374,  -0.03190,   0.01077,   0.01405,  -0.00072,  -0.03518,   0.02718,   0.01405,  -0.02698,   0.03046,  -0.05980,  -0.06964,  -0.01056,   0.00256,   0.04359,  -0.03518,   0.03703,   0.00749,  -0.02041,   0.00585,   0.05016,   0.03374,  -0.06800,   0.02226,  -0.01056,  -0.02698,  -0.01549,   0.01897,   0.04359,  -0.06800,  -0.06472,  -0.00728,   0.02062,  -0.00236,   0.03703,  -0.01221,   0.04031,   0.01077,  -0.01549,  -0.04831,  -0.00564,  -0.03518,  -0.02369,   0.01569,  -0.00400,   0.07477,  -0.00400,  -0.01056,   0.06000,   0.00585,   0.00420,  -0.04503,   0.04687,  -0.02041,   0.01897,   0.07641,  -0.01549,   0.00585,   0.02718,   0.01077,  -0.01549,  -0.01877,  -0.02533,  -0.01713,  -0.04339,   0.09118,  -0.01713,  -0.03354,  -0.02041,   0.03539,   0.04523,   0.03374,   0.02226,   0.02226,  -0.02205,  -0.06636,  -0.02862,  -0.01549,  -0.00728,   0.00420,   0.06492,   0.02718,  -0.06964,   0.05836,  -0.01877,   0.13877,   0.02062,  -0.03190,  -0.00072,   0.04359,   0.01569,   0.04195,  -0.04175,  -0.04667,   0.06164,  -0.00728,   0.01077,   0.06985,  -0.00400,  -0.02041,   0.07969,   0.01569,  -0.04010,   0.01077,   0.06000,   0.04687,  -0.02041,   0.00092,  -0.00892,   0.05180,   0.00913,   0.00913,   0.04195,   0.01569,  -0.00892,  -0.02205,   0.08462,   0.00913,  -0.01385,  -0.05487,  -0.02205,   0.01405,  -0.05652,  -0.02369,   0.04359,   0.01241,   0.02554,   0.03374,  -0.04995,   0.01241,   0.07313,  -0.00892,   0.02882,   0.07805,   0.02062,   0.00256,   0.10267,   0.00420,   0.04851,   0.04851,   0.02062,  -0.02862,  -0.02205,  -0.02041,  -0.02698,   0.01569,  -0.04010,  -0.02862,   0.04195,  -0.00564,   0.00092,   0.00092,  -0.04010,  -0.00892,  -0.05323,  -0.03846,  -0.01713,   0.03046,   0.03703,   0.02882,   0.06821,   0.02390,  -0.04503,   0.10923,  -0.01056,   0.00749,   0.07313,  -0.01549,  -0.03190,   0.00749,  -0.02041,  -0.03682,  -0.00072,  -0.01713,   0.07313,   0.01241,   0.03703,   0.02390,  -0.00072,  -0.02041,  -0.01877,   0.00092,   0.00092,  -0.03846,   0.01733,   0.03046,   0.01569,   0.02882,   0.02390,  -0.03190,  -0.02533,   0.02718,   0.02718,  -0.04667,   0.00256,  -0.06308,   0.03046,  -0.00728,  -0.08277,  -0.00892,   0.05672,   0.04523,  -0.10411,  -0.07621,  -0.04831,  -0.06472,   0.00256,   0.02882,  -0.00728,  -0.01549,   0.03867,   0.06821,   0.02554,   0.02882,   0.03867,  -0.02041,   0.07969,  -0.00892,   0.03374,  -0.04667,   0.05180,   0.04359,  -0.02698,  -0.02862,  -0.02533,  -0.06800,  -0.00236,  -0.03846,  -0.01713,   0.02062,  -0.01877,  -0.00072,  -0.00400,   0.03539,   0.01241,   0.00420,  -0.04339,   0.01569,   0.00420,  -0.02698,   0.01733,  -0.03518,   0.00585,  -0.07621,   0.02390,   0.01077,   0.02718,   0.00256,  -0.02369,  -0.06800,   0.03539,  -0.03190,  -0.03190,   0.02062,   0.05344,   0.00749,   0.01569,   0.02390,  -0.00236,  -0.02205,   0.00749,   0.00420,  -0.03354,   0.00585,   0.01241,   0.06328,   0.03374,  -0.01056,  -0.01713,  -0.01056,   0.06328,  -0.10575,   0.03374,  -0.08770,  -0.02041,   0.03703,  -0.05980,  -0.07457,  -0.00564,   0.06821,   0.01405,  -0.03026,   0.02554,   0.01569,   0.00913,  -0.04667,  -0.04503,   0.03703,  -0.04339,  -0.02698,  -0.02369,   0.00256
   0.04195,   0.05344,  -0.01056,   0.03046,   0.00913,   0.04195,  -0.04010,  -0.01221,   0.01733,  -0.01385,  -0.04831,  -0.03026,  -0.05487,  -0.00564,  -0.04010,   0.07805,   0.03703,   0.03539,   0.04851,  -0.05980,   0.00420,  -0.04339,   0.06657,  -0.05323,   0.00913,  -0.05816,  -0.03846,   0.02718,   0.01077,   0.06985,  -0.00728,  -0.03026,  -0.04831,  -0.01385,  -0.00236,   0.02882,  -0.03682,   0.00256,  -0.02041,  -0.04503,   0.03703,   0.00420,   0.02390,  -0.02205,  -0.00728,  -0.04831,  -0.01713,   0.00749,   0.06000,  -0.02533,  -0.01713,   0.00420,  -0.04339,   0.01897,   0.02226,   0.08134,  -0.01385,  -0.04175,   0.03210,   0.03703,   0.04195,  -0.01549,  -0.05487,  -0.06800,   0.01241,  -0.01877,  -0.03846,  -0.08113,  -0.01056,   0.06657,  -0.01385,   0.01405,  -0.04010,  -0.03354,  -0.02533,   0.05836,   0.02390,  -0.04175,   0.00749,  -0.01385,  -0.02205,  -0.04503,  -0.00236,  -0.05980,   0.02062,  -0.04831,  -0.00892,   0.05508,   0.04523,  -0.02041,   0.02718,   0.04687,   0.03210,  -0.02369,   0.00585,   0.03539,   0.06492,  -0.04831,   0.02390,  -0.04010,   0.01405,  -0.05487,  -0.02698,  -0.13857,   0.00256,   0.02554,  -0.07621,   0.01897,  -0.01713,  -0.01056,   0.02062,  -0.01056,   0.02718,   0.03046,  -0.00400,  -0.01385,  -0.09262,  -0.02533,   0.01733,   0.01569,   0.04359,  -0.04995,   0.02882,   0.02882,   0.04687,   0.03867,  -0.00236,   0.03703,   0.06657,  -0.00400,  -0.02205,  -0.03190,   0.03374,  -0.01385,  -0.01713,  -0.04010,   0.02554,   0.00913,  -0.02041,  -0.01877,   0.04523,  -0.00072,   0.08134,   0.05836,  -0.02862,  -0.00728,   0.08298,   0.02882,  -0.01877,  -0.00072,   0.00256,   0.08790,   0.01241,  -0.00072,  -0.00892,   0.03703,   0.08134,   0.02390,  -0.02862,   0.02718,   0.03046,   0.04359,   0.02390,  -0.01877,   0.00092,  -0.03518,  -0.01221,  -0.04503,  -0.03682,  -0.01549,   0.02062,  -0.04995,   0.04031,   0.04031,   0.05672,  -0.03026,  -0.01385,  -0.01549,  -0.01713,  -0.00728,   0.01077,  -0.07949,   0.00585,   0.00420,   0.01897,  -0.01549,  -0.02533,   0.00420,   0.01241,   0.07313,  -0.01221,   0.03539,  -0.01713,  -0.04831,  -0.05159,   0.05672,   0.00749,  -0.03026,   0.02062,  -0.04010,  -0.02862,   0.04359,  -0.00564,  -0.05159,   0.04523,   0.07313,  -0.00728,  -0.03846,   0.05180,  -0.01549,  -0.02862,   0.02226,  -0.00892,   0.01569,  -0.04339,   0.04523,   0.00749,   0.10103,   0.02062,   0.04031,   0.04359,   0.04687,   0.06164,   0.04851,  -0.00728,  -0.05980,   0.02554,   0.01897,  -0.05816,  -0.02205,  -0.07621,   0.08134,   0.00256,  -0.00400,   0.06164,  -0.07785,  -0.06144,   0.01569,  -0.03354,  -0.00400,   0.03046,   0.03703,   0.00749,  -0.03354,   0.00420,  -0.06144,   0.01569,   0.03210,  -0.02862,   0.02882,  -0.05652,  -0.00400,  -0.04831,  -0.00892,  -0.00728,  -0.06800,  -0.01385,  -0.02533,   0.02062,   0.02390,  -0.05980,   0.01897,   0.04031,   0.00585,   0.04687,  -0.01221,  -0.05487,   0.11252,  -0.03518,   0.01241,  -0.01056,   0.07313,  -0.03026,  -0.05980,   0.00913,  -0.03682,  -0.03190,  -0.01221,   0.02390,  -0.02698,   0.02718,   0.04687,   0.00749,   0.02226,   0.00420,   0.03046,  -0.04010,  -0.00236,  -0.01713,   0.06328,   0.00256,   0.08626,   0.04851,  -0.00400,   0.02390,  -0.04503,  -0.04010,  -0.02041,   0.07149,   0.01241,  -0.05487,  -0.01056,   0.06985,  -0.00072,   0.03539,  -0.02041,   0.03210,   0.01733,  -0.06472,  -0.01056,   0.04359,  -0.02533,  -0.04010,   0.06657,   0.06328,  -0.04175,   0.03210,   0.05180,  -0.02862,   0.01569,  -0.00400,  -0.02862,   0.01897,   0.06000,   0.10923,  -0.00400,   0.06328,   0.01733,  -0.06964,  -0.07457,  -0.01221,  -0.01877,   0.02390,   0.00092,  -0.01877,   0.03374,  -0.04339,   0.01241,   0.02226,   0.01077,   0.03046,   0.02554,   0.04031,   0.03210,   0.00256,   0.00749,   0.00420,  -0.02862,   0.00913,   0.05180,  -0.00728,   0.01241,   0.01077,  -0.00072,  -0.01385,  -0.01549,   0.03210,   0.05836,  -0.01056,  -0.03846,  -0.00892,   0.00749,   0.03046,  -0.00728,  -0.00072,   0.04359,   0.01077,   0.01569,   0.04031,   0.00092,  -0.06964,   0.05180,  -0.01385,  -0.01221,  -0.01056,  -0.01549,  -0.05652,   0.02390,   0.00749,   0.00092,   0.01077,  -0.04503,   0.02882,  -0.03190,  -0.02862,  -0.01385,  -0.03026,   0.03374,  -0.00236,   0.00256,  -0.01221,  -0.02698,  -0.02698,  -0.02041,  -0.06636,   0.06164,  -0.00236,  -0.02862,  -0.00072,   0.06328,   0.00749,  -0.00892,  -0.05652,   0.01569,   0.04195,  -0.05323,  -0.05323,  -0.01385,   0.06985,   0.00420,  -0.03354,   0.06492,  -0.03190,  -0.07785,   0.06985,  -0.04339,  -0.01056,   0.07477,   0.06657,   0.04523,   0.01733,  -0.01549,   0.04195,  -0.04667,  -0.03846,   0.02226,  -0.02698,   0.01077,  -0.02205,  -0.01549,  -0.07621,   0.00256,   0.03867,   0.09611,  -0.02862,   0.00913,  -0.05159,  -0.01713,  -0.01877,   0.08298,  -0.02698,  -0.00072,  -0.04175,  -0.00728,   0.00092,  -0.05323,  -0.00728,   0.03374,   0.00585,   0.01897,  -0.04503,  -0.06144,   0.01077,   0.03210,   0.02554,  -0.01385,  -0.03682,   0.01569,   0.00420,   0.05836,   0.01077,   0.02882,   0.04687,   0.01569,  -0.06144,  -0.00400,   0.02390,   0.02062,  -0.08441,   0.02718,  -0.04175,  -0.03682,   0.04851,  -0.02698,  -0.06308,   0.02718,  -0.02369,  -0.02369,   0.08790,   0.01897,   0.05016,  -0.00892,  -0.02533,  -0.04010,   0.01077,   0.02718,   0.00256,  -0.03682,  -0.01221,  -0.00728,  -0.00072,  -0.00728,   0.00256,   0.00256,  -0.05323,   0.01733,  -0.01877,  -0.04831,  -0.05980,  -0.03846,   0.02226,  -0.01877,   0.03867,   0.04195,  -0.04175,  -0.05487,  -0.01385,  -0.02369,   0.03210,  -0.02041,   0.00420,   0.02718,  -0.08441,   0.01241,   0.02390,  -0.06964,   0.02882,   0.02226,  -0.01877,   0.08954,  -0.01056,   0.05508,   0.08790,   0.03210,  -0.04667,   0.02882,   0.03046,  -0.10082,  -0.00728,   0.04195,  -0.00072,  -0.00072,   0.03210,  -0.03354,   0.00749,  -0.08770,  -0.03026,  -0.05487,  -0.00236,  -0.02041,  -0.05980,   0.03867,  -0.03846,  -0.00400,   0.06328,   0.02554,   0.04195,  -0.03682,  -0.08277,   0.06000,   0.03046,   0.05508,   0.01405,  -0.08605,  -0.04831,   0.00585,  -0.01877,   0.00256,  -0.03190,   0.01897,   0.00256,   0.09446,   0.01241,  -0.00400,   0.03539,   0.00092,   0.03374,   0.05016,   0.04851,   0.01569,  -0.07293,  -0.03190,   0.00420,   0.01733,  -0.02533,  -0.01385,   0.04195,  -0.04831,   0.02226,   0.01241,  -0.01877,   0.04687,   0.00749,   0.01405,  -0.02205,  -0.01549,  -0.01713,  -0.00400,  -0.07785,  -0.05980,  -0.00400,  -0.02698,  -0.07785,  -0.00072,  -0.02862,  -0.00236,  -0.05159,  -0.04667,  -0.01549,  -0.02041,  -0.07785,   0.00256,  -0.00892,  -0.01549,   0.02718,   0.02554,  -0.05816,   0.02718,   0.09611,  -0.04175,   0.04851,  -0.01713,   0.05344,  -0.02533,  -0.01056,  -0.01877,   0.02882,  -0.03518,  -0.10903,   0.02226,   0.04687,   0.07313,   0.05672,  -0.01549,  -0.01549,  -0.00892,   0.00585,  -0.01549,  -0.05980,   0.06985,   0.03210,  -0.03846,  -0.00236,  -0.06144,   0.03703,  -0.02369,   0.04687,   0.02718,  -0.08113,   0.02718,   0.04523,   0.03867,  -0.01549,   0.00749,  -0.01221,   0.02718,  -0.05980,  -0.04010,   0.00256,  -0.00072,   0.00913,   0.08462,  -0.01713,  -0.02862,  -0.02205,  -0.02862,  -0.00400,  -0.10903,  -0.01385,  -0.02862,  -0.00236,   0.02226,   0.05180,   0.10267,  -0.02369,  -0.00236,  -0.00564,   0.01077,  -0.04010,   0.10923,  -0.01713,  -0.00564,   0.04523,  -0.02862,  -0.05159,  -0.00564,   0.03867,  -0.04831,   0.01405,   0.02882,  -0.07129,  -0.01713,  -0.08113,   0.00585,   0.02390,  -0.02205,   0.02882,   0.04195,   0.05672,   0.01241,  -0.00072,  -0.03846,  -0.06800,  -0.03682,   0.04851,   0.04523,  -0.08113,  -0.04010,   0.02062,  -0.00564,   0.00256,   0.08626,   0.00913,  -0.00400,   0.01077,   0.02062,  -0.04995,  -0.00728,   0.01241,   0.01077,  -0.01385,  -0.00564,   0.07969,  -0.03354,  -0.01549,  -0.00564,   0.01405,   0.00913,  -0.01549,   0.00585,  -0.05652,  -0.03354,   0.02718,  -0.00892,  -0.03518,   0.03703,  -0.03682,   0.07805,   0.01733,  -0.02041,   0.01569,   0.03210,  -0.01549,   0.02062,   0.01733,   0.02554,  -0.03026,   0.02226,   0.00256,   0.00585,   0.03046,   0.01897,   0.04851,  -0.03682,   0.02390,  -0.00728,   0.01405,  -0.02533,   0.05180,  -0.00728,  -0.03682,   0.01569,  -0.02698,   0.04195,  -0.06144,  -0.03190,  -0.02041,   0.01569,  -0.01221,   0.04523,  -0.02862,  -0.01385,   0.00749,   0.03374,   0.01733,   0.00585,   0.00420,   0.00913,   0.03374,  -0.00236,   0.01733,   0.00585,  -0.02041,   0.02882,   0.01405,  -0.03190,   0.08462,   0.03539,  -0.00072,  -0.00072,   0.09118,   0.03867,  -0.05323,  -0.07129,   0.01077,  -0.02205,   0.02390,   0.05016,  -0.07785,  -0.03190,  -0.05159,  -0.03354,  -0.00728,   0.05016,  -0.04175,  -0.01713,  -0.00564,   0.00420,  -0.06636,   0.11252,  -0.05159,   0.04359,  -0.05816,   0.02062,  -0.00072,   0.00420,   0.00092,  -0.05652,   0.01733,   0.05016,   0.04195,   0.00749,  -0.01713,   0.03703,   0.11088,   0.01241,  -0.00236,   0.08790,   0.03539,  -0.05980,   0.00913,  -0.00892,   0.00420,  -0.01056,   0.06164,  -0.03354,  -0.04503,   0.00420,  -0.07457,  -0.00728,   0.03210,  -0.03518,  -0.05159,   0.00913,   0.02718,   0.01241,   0.04687,  -0.01056,   0.00256,  -0.00728,  -0.01877,   0.01077,   0.00256,   0.03703,  -0.07785,   0.01405,   0.01405,  -0.00236,  -0.02369,   0.05016,   0.03374,   0.03046,  -0.02041,   0.02554,  -0.05816,   0.04195,   0.05672,  -0.05652,   0.02882,   0.07641,   0.05016,   0.01241,   0.01077,  -0.05159,  -0.00892,  -0.01056,  -0.06964,   0.07641,  -0.02205,   0.05344,  -0.07293,  -0.01056,   0.01241,   0.00092,   0.00092,   0.00749,   0.00585,  -0.04995,   0.00913,   0.01569,  -0.12544,  -0.01221,  -0.11231,  -0.00728,  -0.01056,   0.00420,  -0.05816,  -0.06636,   0.03046,   0.02882,  -0.03354,  -0.00400,  -0.02533,  -0.06308,   0.00749,   0.00420,  -0.00072,   0.01241,  -0.06636,   0.01733,   0.00749,   0.07477,   0.00256,  -0.05652,  -0.00072,  -0.04831,   0.05836,   0.04687,   0.08134,  -0.03026,  -0.00564,  -0.04175,   0.01405,   0.02226,   0.06657,   0.02882,   0.01897,   0.01405,  -0.04339,  -0.02205,   0.03374,   0.01077,   0.01569,  -0.04339,  -0.00236,   0.00585,  -0.02862,  -0.06472,  -0.01713,  -0.04339,  -0.02205,  -0.01385,   0.03539,  -0.03190,  -0.03682,   0.05344,   0.01077,  -0.01549,  -0.09590,  -0.00728,   0.00420,  -0.01713,  -0.03682,  -0.02205,  -0.02041,   0.00585,   0.05180,   0.01569,  -0.04175,  -0.02533,   0.00420,  -0.05323,  -0.02533,  -0.01385,   0.00092,  -0.03518,   0.03539,  -0.06636,   0.02226,   0.02062,  -0.04831,   0.04031,  -0.01056,   0.03374,  -0.00892,   0.00913,   0.04851,  -0.03518,  -0.06636,   0.03867,   0.05508,   0.02718,   0.01405,   0.03374,  -0.00564,   0.01077,   0.00256,   0.00585,  -0.08113,  -0.02533,   0.02062,   0.00913,   0.03210,  -0.07621,  -0.03354,   0.00256,   0.03867,   0.04031,   0.00092,  -0.01549,   0.08134,   0.02062,  -0.01056,   0.01077,  -0.02205,   0.00585,  -0.04339,   0.00585,  -0.05323,  -0.03518,   0.01241,   0.01405,   0.02390,  -0.02533,  -0.02041,  -0.02369,  -0.02205,  -0.02698,   0.03703,   0.01733,  -0.04831,   0.01733,  -0.04175,   0.00585,  -0.01877,   0.00749,   0.05836,   0.01733,   0.03374,   0.03046,   0.00585,   0.03046,  -0.05980,   0.01077
  -0.06636,  -0.03190,   0.02062,  -0.03190,  -0.06800,   0.05508,   0.02882,   0.02882,   0.00420,   0.04851,  -0.00236,  -0.01877,   0.05672,  -0.00564,   0.04031,  -0.01549,  -0.00072,  -0.05159,   0.00256,   0.02718,  -0.00564,   0.03210,  -0.02533,   0.04195,   0.03046,   0.04359,  -0.06308,   0.05016,   0.02882,  -0.05980,   0.07149,  -0.03190,   0.03703,   0.08626,  -0.00236,  -0.08277,  -0.01385,   0.00913,   0.05836,  -0.03190,  -0.00236,   0.04031,   0.00913,  -0.05159,  -0.04010,   0.04359,   0.05344,   0.08626,   0.03867,  -0.08441,   0.00585,   0.05016,  -0.04175,  -0.03354,  -0.00072,  -0.00892,  -0.01385,  -0.01056,   0.03867,  -0.00400,  -0.01056,  -0.10082,  -0.00892,   0.00913,   0.05836,   0.04359,  -0.07785,  -0.05159,   0.01897,   0.03210,   0.03210,   0.02882,  -0.02041,   0.03374,   0.07313,  -0.00236,  -0.04339,  -0.02698,  -0.00892,  -0.04503,   0.09611,   0.09446,  -0.01549,   0.01897,  -0.00892,  -0.00236,  -0.01056,   0.03374,   0.04359,   0.01897,  -0.04995,   0.05016,   0.00913,   0.07149,   0.06000,   0.02390,  -0.05159,   0.04359,   0.01569,  -0.07293,  -0.06800,  -0.05652,   0.06985,  -0.04667,  -0.02533,  -0.02205,   0.00256,   0.00092,   0.03046,  -0.00400,   0.09118,  -0.04667,   0.01077,   0.01077,  -0.01877,   0.02390,  -0.03026,   0.03374,   0.11744,  -0.04667,  -0.03846,   0.03210,   0.03703,  -0.01056,   0.02390,  -0.01385,   0.05180,   0.03046,   0.03046,   0.04523,  -0.05652,   0.05836,  -0.02862,   0.02882,   0.05344,  -0.07621,  -0.00072,  -0.08441,   0.04195,   0.00092,  -0.05816,  -0.07949,   0.00420,  -0.04175,   0.03046,  -0.10411,   0.02390,   0.01897,  -0.06964,  -0.01549,   0.03374,   0.00913,   0.00913,   0.03046,  -0.01713,  -0.08605,   0.03867,   0.00256,  -0.04667,  -0.00892,  -0.07621,   0.04031,   0.00420,  -0.06472,  -0.05816,  -0.03682,  -0.04175,   0.00913,   0.01733,  -0.00072,  -0.00564,  -0.06472,   0.04687,   0.02226,   0.07641,  -0.03846,   0.05344,   0.12072,   0.06492,   0.04359,   0.00256,   0.02226,   0.02554,   0.03210,   0.07149,   0.03046,  -0.05487,   0.08134,   0.04195,   0.00420,   0.06000,   0.00420,  -0.07621,  -0.00728,   0.01569,  -0.05980,  -0.02862,   0.01897,   0.02390,  -0.00072,   0.04687,   0.07477,   0.00092,  -0.01385,  -0.00564,  -0.04831,   0.03210,  -0.01056,   0.00092,  -0.03846,   0.00420,   0.01897,   0.00913,   0.05344,   0.06985,   0.01733,   0.01733,  -0.04667,   0.00585,  -0.04995,   0.05180,  -0.04995,  -0.04339,  -0.04175,  -0.00564,  -0.03682,  -0.05980,   0.01077,   0.05344,  -0.02369,  -0.04995,  -0.00400,   0.01733,  -0.00236,   0.03703,  -0.01549,  -0.04010,  -0.02862,   0.06657,   0.05016,   0.02718,  -0.12216,  -0.03846,  -0.02862,   0.01897,   0.01897,  -0.03190,  -0.03518,   0.02718,  -0.01056,   0.08462,   0.03539,  -0.02862,  -0.00400,  -0.02698,   0.00749,   0.00420,  -0.04175,   0.03374,   0.07313,  -0.00236,  -0.01056,  -0.02369,  -0.02369,  -0.00072,  -0.01713,   0.03046,   0.02390,   0.09446,  -0.10903,  -0.05980,  -0.04667,  -0.00892,   0.02718,  -0.01221,  -0.00728,  -0.01056,   0.05344,  -0.01877,  -0.10247,  -0.01056,   0.01897,  -0.00892,   0.00913,   0.00749,   0.04523,   0.00585,   0.01733,  -0.01385,  -0.01221,  -0.01549,  -0.01877,  -0.02698,   0.06000,   0.02882,  -0.01713,   0.03539,   0.03374,   0.10103,  -0.01713,  -0.04010,  -0.04175,  -0.02533,   0.05508,   0.03046,   0.12072,  -0.01877,  -0.06800,   0.04687,   0.04195,   0.00913,   0.01077,  -0.02205,   0.01733,  -0.09918,   0.06657,   0.06821,  -0.04503,   0.00092,   0.05180,  -0.00728,   0.01733,  -0.03682,  -0.04503,   0.05508,  -0.07785,  -0.00564,  -0.01877,  -0.05816,  -0.02041,  -0.05816,  -0.04175,  -0.02862,   0.05836,   0.02554,   0.01405,   0.02718,   0.04851,   0.03374,  -0.01056,  -0.02533,  -0.00072,   0.04523,  -0.03518,   0.08462,  -0.00236,  -0.04503,   0.03539,   0.01569,   0.01733,  -0.03026,   0.07149,   0.02226,   0.03210,   0.03046,   0.05344,  -0.00236,  -0.01713,   0.06492,  -0.03354,   0.01569,   0.06657,  -0.01713,  -0.03518,  -0.07621,   0.03046,  -0.01549,   0.05344,  -0.00400,  -0.03026,   0.01077,   0.00913,  -0.02698,   0.05180,   0.00420,   0.01733,  -0.06636,   0.00092,  -0.03026,  -0.02698,  -0.10411,  -0.14677,   0.01241,   0.00420,   0.00749,   0.06164,  -0.01221,  -0.01385,  -0.05323,  -0.00400,  -0.04667,  -0.00072,   0.07313,   0.00585,  -0.04503,   0.04687,  -0.06472,  -0.00236,  -0.00892,  -0.00564,  -0.04831,  -0.01221,   0.03867,  -0.00236,  -0.01056,  -0.01713,  -0.01549,  -0.00400,   0.02718,  -0.08113,   0.02882,  -0.03846,  -0.02205,   0.00585,  -0.02533,  -0.10247,  -0.01221,  -0.00400,   0.03210,  -0.05159,   0.03374,   0.01405,   0.00913,   0.01405,  -0.03682,   0.02882,   0.00913,   0.08298,  -0.03354,   0.01077,  -0.01385,  -0.00072,   0.07313,  -0.02698,  -0.04995,  -0.03682,  -0.03354,  -0.01713,   0.03539,   0.03374,   0.01241,   0.03374,   0.06492,  -0.00728,   0.06000,  -0.04995,  -0.03846,   0.01241,   0.00256,  -0.00236,   0.12565,  -0.03846,   0.00749,  -0.03026,   0.01569,  -0.04831,   0.04359,  -0.06144,  -0.06308,   0.02390,   0.02390,  -0.03354,  -0.02698,  -0.01385,  -0.01713,   0.00092,   0.02390,  -0.01221,   0.04359,  -0.02369,  -0.03846,  -0.00892,   0.03210,   0.05016,   0.05672,  -0.02862,  -0.02698,  -0.10082,  -0.04831,  -0.04175,   0.03374,  -0.04010,  -0.05816,  -0.01385,  -0.04831,  -0.05487,   0.01241,   0.02718,  -0.03026,  -0.01221,  -0.08277,  -0.08605,  -0.01713,  -0.01056,  -0.06636,   0.03374,  -0.03846,   0.06000,   0.08954,  -0.01713,   0.07313,  -0.05323,  -0.01221,  -0.02369,   0.05016,  -0.01549,   0.02554,  -0.06144,  -0.01385,   0.00420,   0.01077,   0.01733,   0.02554,  -0.03026,  -0.00728,   0.12236,   0.05016,  -0.01713,   0.02882,   0.00420,  -0.02205,  -0.02369,  -0.07785,   0.06985,   0.02882,   0.01405,   0.00913,  -0.01549,  -0.02698,   0.01405,   0.10103,   0.00256,   0.00256,  -0.03354,   0.00585,  -0.04503,   0.01077,   0.04031,   0.02226,  -0.00072,  -0.09098,   0.01897,  -0.01713,  -0.04831,   0.06821,  -0.05323,  -0.02369,   0.03374,  -0.01549,   0.02554,   0.05180,  -0.03682,   0.06821,   0.00420,   0.05508,   0.00585,   0.00092,  -0.04667,   0.10103,  -0.01221,   0.01077,   0.04851,  -0.00892,   0.02390,  -0.03026,  -0.03190,   0.03867,  -0.06636,   0.00585,   0.00585,  -0.02205,  -0.03354,   0.03374,  -0.04010,   0.02882,   0.02718,   0.01569,  -0.00728,   0.06985,   0.00585,   0.00913,   0.00749,  -0.07621,   0.05508,   0.04031,  -0.06472,   0.03539,   0.00092,   0.05016,   0.03046,  -0.03190,  -0.00400,  -0.00564,   0.02062,  -0.02698,  -0.06964,   0.02718,   0.03867,   0.00420,  -0.03682,  -0.06800,   0.08298,  -0.10739,   0.08134,  -0.05159,   0.02554,   0.04523,  -0.05652,  -0.05816,   0.07149,  -0.01549,  -0.03846,  -0.00236,  -0.00564,  -0.04831,  -0.01221,   0.00092,   0.00913,  -0.07457,  -0.02205,   0.05344,   0.06985,   0.04359,  -0.00892,   0.02062,  -0.01056,   0.03867,   0.01241,   0.04195,  -0.08605,  -0.03518,   0.05508,  -0.02369,   0.00749,   0.00092,   0.03374,  -0.00400,  -0.01877,   0.04687,  -0.06144,   0.06821,  -0.05816,   0.00256,   0.00092,  -0.00564,   0.01569,   0.03867,   0.06492,   0.00749,  -0.06636,  -0.02533,  -0.03846,  -0.01877,   0.06000,  -0.05980,   0.08462,  -0.07949,  -0.02041,   0.03539,   0.00585,   0.03374,   0.00092,  -0.08934,   0.02062,   0.00913,   0.03867,  -0.02533,  -0.00072,   0.01569,  -0.01549,  -0.05652,   0.08462,   0.03374,  -0.01385,   0.05344,   0.01569,   0.00256,   0.02718,   0.02390,   0.00256,   0.03046,  -0.01221,  -0.01713,   0.08626,  -0.06636,   0.00256,   0.01405,   0.01077,   0.00420,  -0.02862,   0.01405,  -0.02041,   0.02062,   0.08134,  -0.02369,  -0.03354,  -0.07293,  -0.04667,   0.07313,  -0.02205,   0.04687,   0.03867,   0.01241,  -0.04175,   0.01405,   0.12565,  -0.00400,  -0.05487,  -0.01549,  -0.01713,  -0.03682,   0.03210,  -0.05980,  -0.02205,   0.02062,  -0.01385,  -0.01056,  -0.00564,  -0.06144,  -0.04339,   0.05344,  -0.02041,   0.01241,   0.05344,   0.00092,  -0.03846,  -0.04339,  -0.03518,  -0.01549,  -0.00400,  -0.03846,   0.04359,  -0.01549,  -0.00564,   0.01897,   0.03867,   0.02882,  -0.05816,  -0.00728,  -0.02205,  -0.05816,   0.01077,   0.04359,   0.01897,   0.00420,   0.03210,   0.04359,  -0.03190,   0.01241,  -0.00564,  -0.01385,   0.05836,   0.04359,   0.07313,  -0.06472,   0.02718,   0.00749,   0.01077,   0.05508,   0.00585,   0.04851,  -0.04175,  -0.00400,   0.08298,  -0.05159,   0.12893,   0.00092,  -0.06964,   0.03374,  -0.03682,  -0.00236,   0.04195,  -0.03190,  -0.01549,   0.00749,  -0.05323,   0.01733,   0.01733,  -0.06308,   0.03703,  -0.06308,  -0.03026,   0.06985,  -0.02862,   0.01241,   0.04851,  -0.09262,   0.02390,  -0.05487,  -0.01385,   0.02554,  -0.00236,  -0.01713,   0.05672,  -0.04010,   0.01733,   0.07149,   0.01733,   0.05508,   0.06492,   0.01077,  -0.01221,  -0.01221,  -0.06472,  -0.05323,  -0.00728,   0.06164,  -0.00564,   0.03374,  -0.00728,  -0.03682,   0.00749,  -0.00072,   0.03539,  -0.06636,   0.03046,  -0.07785,   0.00913,   0.11416,  -0.01385,   0.03210,  -0.04010,  -0.11231,   0.00256,  -0.04010,   0.02390,   0.06657,  -0.03682,   0.01405,   0.01733,  -0.00072,   0.01897,  -0.01549,  -0.01385,  -0.08441,  -0.05816,  -0.04175,  -0.03190,  -0.01385,   0.01241,  -0.06964,  -0.04831,  -0.05652,   0.02062,   0.02062,   0.01733,  -0.03682,   0.00585,  -0.07621,  -0.01385,  -0.05652,  -0.00728,  -0.01877,  -0.00236,   0.00749,   0.04195,   0.11416,   0.04195,  -0.07293,   0.06821,   0.02882,  -0.01385,   0.02554,  -0.00564,   0.02062,   0.00749,  -0.08113,   0.02718,  -0.07621,   0.00420,  -0.08113,  -0.01221,   0.02554,  -0.08770,   0.08298,   0.01077,   0.05016,  -0.05816,   0.01077,   0.02718,   0.06000,   0.05016,   0.01733,   0.01405,   0.05180,   0.01077,   0.01077,  -0.01221,   0.02226,  -0.00892,  -0.08605,   0.03210,   0.00256,   0.02226,   0.07641,  -0.04175,  -0.02533,   0.01077,   0.07641,   0.06164,  -0.03026,  -0.01385,  -0.00564,  -0.02862,   0.01733,   0.07969,   0.04687,   0.01077,  -0.02041,  -0.01385,  -0.00728,   0.04031,  -0.05487,  -0.01385,   0.05180,  -0.05323,  -0.06636,  -0.05159,  -0.07457,   0.01897,  -0.07293,   0.00256,   0.02390,   0.00913,   0.00585,  -0.00728,  -0.07293,   0.06328,  -0.02041,  -0.06800,   0.00913,  -0.04175,  -0.07621,  -0.03026,   0.02554,  -0.07621,  -0.09098,  -0.03518,  -0.03026,  -0.00400,  -0.02533,   0.03374,  -0.01221,  -0.03518,  -0.00236,  -0.02698,   0.03867,   0.04031,   0.01077,  -0.01056,  -0.03354,   0.06821,  -0.03190,  -0.00236,   0.02882,  -0.03026,  -0.03354,  -0.00564,  -0.01549,  -0.01221,  -0.02862,   0.01733,   0.07477,  -0.01385,  -0.00400,   0.00585,  -0.00728,  -0.06636,  -0.02533,  -0.01713,   0.04851,   0.06164,   0.07313,  -0.00400,   0.01897,   0.07641,  -0.03190,  -0.01713,   0.03374,   0.02554,  -0.03682,   0.06821,   0.01241,   0.00256,  -0.00564,  -0.00892,  -0.04503,  -0.01385,  -0.00400,  -0.02041,   0.03703,  -0.07785,   0.01569,   0.01077,  -0.03846,  -0.02862,   0.01077,   0.04851,   0.00749,   0.04523,   0.02226,  -0.00236,  -0.05652,   0.02062,   0.08462,   0.01733,   0.02226,   0.05836,  -0.01713,   0.02554,   0.04195,   0.00256,   0.06328,   0.00092,  -0.08113,  -0.00400,   0.01897,   0.05508,  -0.01056,   0.03046,   0.00092,   0.06328,   0.01733,  -0.03846
   0.03867,  -0.04831,  -0.02533,   0.02882,  -0.04831,   0.02226,   0.05508,   0.03374,   0.02882,  -0.00892,  -0.00728,   0.02554,  -0.00400,   0.04851,  -0.00728,   0.07477,  -0.01221,   0.00092,  -0.02369,  -0.03190,  -0.03026,   0.00749,   0.02062,   0.02554,   0.01077,  -0.04667,  -0.06636,  -0.00236,  -0.05980,   0.02718,  -0.02205,   0.02062,  -0.04831,  -0.03354,   0.02554,  -0.04503,  -0.06144,   0.05672,  -0.06800,   0.04359,  -0.06636,  -0.07457,  -0.02369,  -0.02369,   0.02882,  -0.03518,   0.00749,   0.03046,   0.09118,  -0.03682,   0.01897,   0.08626,  -0.03190,   0.01241,  -0.04010,   0.06492,  -0.02533,  -0.04339,  -0.04339,   0.00256,  -0.00892,   0.02390,  -0.02698,  -0.04503,  -0.06308,  -0.01221,   0.02062,   0.02882,   0.02718,  -0.02698,  -0.09262,   0.00913,  -0.01713,   0.01405,   0.04195,   0.04031,   0.01733,  -0.04831,  -0.02041,   0.01405,  -0.00236,  -0.02533,   0.07969,   0.04523,   0.02062,  -0.01385,   0.02718,  -0.05652,   0.00913,  -0.01385,   0.01733,  -0.06472,   0.03374,  -0.03190,   0.00585,   0.08134,   0.00749,  -0.01713,   0.01405,  -0.05323,  -0.02369,   0.00420,  -0.00728,  -0.04831,  -0.04831,   0.00913,  -0.03682,   0.01077,   0.03046,  -0.02369,   0.01897,  -0.02533,  -0.00236,  -0.04503,  -0.00400,  -0.01385,  -0.00400,   0.02390,   0.00749,   0.08626,  -0.08441,  -0.04503,   0.03867,  -0.02533,  -0.07949,   0.03374,  -0.02698,   0.00749,  -0.03026,  -0.02862,  -0.03026,  -0.07293,  -0.01385,  -0.01549,   0.00092,   0.08462,   0.01405,  -0.05652,   0.00092,   0.03374,   0.00749,   0.05508,  -0.07621,   0.02882,   0.04523,   0.05344,  -0.08113,  -0.01713,   0.07805,   0.10103,   0.03046,  -0.03354,  -0.05159,   0.06000,  -0.01221,  -0.00400,  -0.04175,   0.04195,  -0.04175,  -0.01056,  -0.03846,   0.02554,  -0.02698,   0.03210,  -0.00072,  -0.01549,  -0.07785,  -0.03026,  -0.04995,   0.02226,  -0.02205,   0.03539,   0.00749,   0.08298,  -0.05159,  -0.02862,   0.04687,   0.02554,  -0.01877,   0.01077,  -0.00400,   0.00420,   0.00256,  -0.04503,  -0.01549,   0.01897,  -0.05980,  -0.00072,  -0.04995,  -0.04503,  -0.02369,   0.07805,   0.01569,   0.06000,  -0.02862,  -0.04010,  -0.06964,  -0.01549,   0.00585,   0.06000,   0.01077,  -0.02533,  -0.02205,  -0.10739,   0.02062,   0.01241,   0.01897,  -0.04339,  -0.09098,   0.05836,  -0.05816,   0.04523,  -0.01549,   0.01241,   0.03703,  -0.02698,  -0.01713,  -0.04503,   0.00420,   0.02718,   0.06492,  -0.02533,   0.01733,   0.09611,   0.04851,  -0.10247,  -0.03682,  -0.01877,   0.03210,  -0.07949,  -0.04667,  -0.02862,   0.03867,   0.07641,  -0.01877,  -0.02533,  -0.04503,   0.03867,  -0.01549,   0.02062,   0.04359,  -0.04503,  -0.00728,   0.00585,   0.01405,   0.00749,  -0.02369,  -0.00892,  -0.10903,  -0.00400,  -0.03354,  -0.10247,  -0.04010,  -0.01385,  -0.04503,  -0.04339,  -0.06472,   0.01569,   0.07313,  -0.01877,   0.02226,  -0.07457,   0.01569,   0.00585,  -0.00728,  -0.00072,   0.07805,   0.04523,   0.04195,  -0.01713,   0.07313,  -0.00072,   0.07641,  -0.02205,   0.00420,  -0.08113,  -0.06144,   0.01241,  -0.01877,  -0.00072,  -0.01877,  -0.00728,   0.07805,   0.00420,  -0.07457,  -0.04667,   0.02554,  -0.04010,  -0.10082,  -0.00236,  -0.02862,   0.03374,  -0.06800,  -0.00400,  -0.09098,   0.03867,  -0.01221,   0.05180,   0.02882,  -0.01056,  -0.02698,   0.04523,   0.01077,  -0.05980,  -0.02698,  -0.00728,   0.01241,   0.01897,  -0.00400,  -0.04175,  -0.00892,   0.01241,   0.06492,  -0.01056,  -0.00892,   0.03374,   0.00420,   0.03539,  -0.09918,   0.04359,   0.07313,   0.02882,   0.04523,  -0.01221,  -0.02698,   0.05180,  -0.02533,  -0.08277,  -0.03190,   0.02554,   0.01733,  -0.04667,  -0.01385,   0.01733,  -0.01221,  -0.03190,   0.02226,   0.01077,   0.04031,  -0.03518,  -0.00564,  -0.01056,   0.04523,   0.04359,  -0.05980,  -0.01056,  -0.02041,  -0.00564,   0.01733,  -0.00728,   0.02062,   0.07477,   0.05672,   0.02554,  -0.03518,   0.00749,   0.05180,  -0.01549,  -0.00892,  -0.06308,  -0.00236,   0.04687,   0.10267,  -0.05323,  -0.00892,   0.02882,   0.01569,  -0.03682,  -0.04339,  -0.02533,   0.00092,   0.03210,  -0.05487,   0.01569,  -0.00400,   0.01077,  -0.00564,   0.01405,  -0.01385,   0.00749,  -0.07621,  -0.01713,  -0.03846,  -0.00236,   0.00256,   0.03046,   0.00749,  -0.01713,  -0.04995,   0.01405,  -0.03026,   0.06657,   0.00256,   0.00913,   0.01569,  -0.01549,  -0.02369,   0.04851,  -0.07785,  -0.02533,  -0.01713,   0.03867,   0.06821,  -0.06144,   0.02390,   0.00092,  -0.08277,  -0.02041,  -0.00564,   0.05180,   0.00749,   0.00913,   0.00585,  -0.08934,  -0.00728,   0.03374,  -0.04667,   0.03374,  -0.05816,   0.03046,   0.05836,  -0.07621,   0.00749,   0.04523,   0.01405,   0.00913,  -0.02369,   0.01569,  -0.06144,   0.01569,  -0.00072,  -0.02862,  -0.01549,  -0.07129,  -0.08605,  -0.04010,  -0.05816,  -0.01056,   0.02062,   0.07477,   0.03374,  -0.02369,  -0.02533,  -0.02205,  -0.03354,  -0.00564,   0.11088,  -0.03026,   0.03374,  -0.01056,   0.02062,   0.01897,   0.05672,   0.03703,  -0.01713,   0.01241,  -0.00728,   0.00585,   0.00749,   0.00092,  -0.02041,  -0.03846,   0.01077,  -0.00236,   0.06985,   0.04851,  -0.00236,  -0.03354,   0.05016,   0.08298,  -0.00400,  -0.09262,  -0.03354,  -0.01056,   0.04523,  -0.00072,   0.00092,  -0.00072,   0.00092,   0.01241,  -0.00072,  -0.06472,   0.01733,  -0.03026,  -0.07785,   0.00749,  -0.03682,   0.04523,  -0.04995,  -0.02533,   0.08134,   0.04851,  -0.00236,  -0.03518,  -0.01385,  -0.01713,   0.01733,   0.05508,  -0.03518,   0.06000,  -0.00728,   0.07805,   0.01405,   0.03210,  -0.01385,  -0.04010,   0.03374,  -0.00236,   0.05016,   0.01241,   0.00585,  -0.01877,  -0.01056,  -0.04010,   0.02390,   0.09118,  -0.07293,  -0.05159,  -0.09262,   0.03210,  -0.01549,   0.00420,   0.00585,  -0.04010,  -0.04831,  -0.05487,  -0.06144,   0.07313,   0.05016,  -0.01713,   0.01733,  -0.07129,   0.00585,   0.05016,  -0.02205,  -0.06636,  -0.02533,   0.01733,   0.00913,   0.05016,   0.07149,   0.06328,   0.07313,  -0.00400,   0.05672,   0.03046,   0.03703,   0.03703,  -0.01056,  -0.06308,   0.00256,  -0.01877,   0.08626,   0.03539,  -0.00564,   0.02882,  -0.03518,   0.01241,   0.01077,  -0.00564,  -0.05652,  -0.06800,  -0.00728,   0.05672,  -0.03354,   0.03374,  -0.00236,  -0.01549,  -0.00236,  -0.06308,   0.03046,  -0.00236,   0.06164,   0.05672,  -0.02369,  -0.02698,  -0.05487,  -0.03354,  -0.01713,   0.06821,   0.02226,   0.04687,  -0.02041,   0.06821,   0.02390,  -0.00236,  -0.09918,  -0.00564,  -0.03846,   0.00092,  -0.03190,   0.03210,   0.09775,  -0.02041,   0.00585,  -0.06636,  -0.04995,   0.08954,   0.01241,   0.00420,  -0.04503,   0.01569,  -0.09590,  -0.06144,   0.05508,   0.00420,   0.05016,  -0.01385,  -0.09754,   0.01569,  -0.01713,  -0.04503,  -0.06308,   0.01733,   0.08134,  -0.04175,   0.04523,   0.03374,  -0.07621,  -0.06472,   0.00092,   0.02882,  -0.01713,  -0.00236,   0.03867,   0.04359,  -0.04831,  -0.02205,   0.00585,  -0.09590,   0.03374,  -0.02533,  -0.05652,   0.03046,   0.06164,  -0.03190,   0.01405,   0.01569,   0.04851,  -0.01056,   0.03539,  -0.05652,   0.02226,   0.02718,  -0.05323,   0.00256,   0.02062,   0.04359,  -0.01385,  -0.01713,  -0.04667,  -0.09426,  -0.00564,   0.00585,  -0.02205,  -0.04339,   0.05180,   0.03374,   0.03539,   0.02226,   0.05016,  -0.01056,   0.00585,   0.05016,   0.05672,   0.01897,   0.03703,  -0.04995,  -0.02205,   0.03703,   0.06164,  -0.04010,   0.04851,  -0.04175,   0.07641,   0.02226,  -0.04667,   0.00092,  -0.00072,   0.01077,   0.01405,   0.03210,  -0.00728,  -0.07129,  -0.03026,  -0.01549,  -0.07293,  -0.03190,  -0.00564,  -0.01221,   0.01569,   0.03703,  -0.02205,   0.01569,  -0.00728,  -0.00072,   0.03703,  -0.01221,  -0.07785,   0.02226,   0.00092,  -0.06472,  -0.02533,  -0.01221,  -0.04831,  -0.04995,   0.00585,   0.03210,   0.01897,   0.01405,  -0.06472,  -0.00892,  -0.04010,   0.03703,  -0.04010,  -0.02862,  -0.02698,  -0.02533,   0.06821,   0.00749,   0.03210,  -0.00728,  -0.08770,   0.05344,  -0.06800,  -0.01877,   0.02390,   0.04687,  -0.08441,  -0.03846,   0.05836,   0.01733,   0.01241,   0.04523,  -0.05980,   0.03210,  -0.03190,   0.00913,  -0.00236,  -0.01221,  -0.01549,   0.03210,   0.02226,  -0.02205,  -0.00892,   0.01241,   0.03210,   0.01897,  -0.03026,  -0.01385,  -0.04175,   0.02718,   0.00092,   0.00256,  -0.01549,  -0.07457,   0.02718,   0.02226,   0.04359,  -0.00400,  -0.00728,  -0.00564,   0.00913,  -0.00400,   0.01897,   0.05180,   0.04359,   0.06328,  -0.00236,   0.04359,   0.05344,   0.00585,   0.05016,  -0.00236,  -0.05816,  -0.00892,   0.07969,  -0.05652,   0.06328,  -0.01877,  -0.01221,  -0.03846,   0.06164,   0.06000,  -0.04831,  -0.00236,   0.04359,   0.07969,  -0.00892,   0.02062,   0.01569,   0.00420,  -0.04339,   0.01405,   0.02718,   0.00420,  -0.00400,   0.02882,   0.12729,   0.04031,  -0.00400,   0.05344,  -0.00072,  -0.04339,   0.00256,  -0.00072,  -0.00728,   0.00749,  -0.03354,  -0.03518,  -0.01385,   0.02390,   0.04687,   0.02226,  -0.02533,   0.07149,   0.04851,   0.00420,   0.01897,   0.03539,   0.01405,   0.05016,   0.01569,  -0.04995,   0.00585,  -0.02205,   0.06985,   0.03703,  -0.01056,  -0.02862,  -0.06144,   0.01077,  -0.05159,   0.00913,  -0.08113,  -0.08113,  -0.01385,  -0.03846,  -0.07785,  -0.02862,  -0.02533,   0.06657,   0.02226,  -0.00400,   0.03210,  -0.03354,  -0.00072,  -0.06144,  -0.02698,  -0.04667,  -0.02205,  -0.01713,  -0.05816,  -0.06636,  -0.08277,   0.00749,   0.01241,  -0.02205,  -0.02862,  -0.05816,  -0.06472,  -0.01549,  -0.00236,  -0.03190,  -0.03846,   0.01569,  -0.04175,  -0.05323,   0.06164,   0.06821,  -0.03846,  -0.04175,   0.01405,   0.02390,  -0.01877,   0.03374,   0.02390,   0.03210,  -0.01385,   0.01241,   0.02226,  -0.06308,  -0.00072,   0.07477,  -0.08934,   0.05344,   0.04851,   0.04195,  -0.00072,   0.01897,   0.01241,   0.03539,   0.03539,   0.01077,  -0.01713,   0.03703,   0.04031,   0.04523,  -0.04010,  -0.00400,  -0.05323,   0.01077,  -0.09590,   0.07641,   0.01241,  -0.04010,  -0.01221,  -0.01385,   0.01569,  -0.04175,   0.03210,   0.04195,  -0.06144,  -0.08770,  -0.07457,   0.06492,   0.04523,   0.04851,  -0.00892,   0.02882,  -0.03354,  -0.04010,   0.04523,   0.06328,   0.01241,  -0.03190,  -0.01056,   0.03374,   0.04359,  -0.02205,  -0.06964,  -0.02533,  -0.01549,   0.00749,  -0.02698,   0.03867,   0.00420,  -0.10082,  -0.02369,   0.00585,   0.01241,  -0.00072,  -0.03682,   0.02554,   0.04031,   0.02226,   0.14862,  -0.00400,  -0.00564,   0.06164,  -0.04010,   0.01405,   0.00092,   0.05508,   0.02062,  -0.01056,  -0.00728,   0.00420,  -0.05652,   0.09118,   0.00749,   0.03867,   0.00749,   0.07313,  -0.01056,  -0.03190,   0.02062,   0.07477,   0.03210,   0.01897,   0.05180,  -0.07785,   0.05180,  -0.02698,  -0.03190,   0.02390,   0.06164,   0.01077,  -0.01549,  -0.01713,   0.07313,   0.05344,  -0.01385,   0.04195,   0.04687,   0.03867,  -0.01877,   0.01569,  -0.00564,   0.06492,  -0.00236,   0.00420,   0.00256,   0.00256,  -0.02041,  -0.00564,   0.00420,  -0.04175,  -0.01549,  -0.03190,   0.01405,  -0.07129,   0.08134,   0.00420,   0.05344,  -0.00236,  -0.04503,  -0.03518,   0.01241,   0.00749,   0.00913,  -0.00072,  -0.04667,  -0.07785,  -0.00728,  -0.00400,   0.01569,  -0.00400,  -0.02369,  -0.01877,   0.04523,  -0.01385,  -0.02041,   0.05508
  -0.00400,   0.07313,  -0.01877,   0.03374,   0.00256,   0.03046,  -0.01713,   0.01077,   0.02062,   0.01405,   0.03703,   0.00256,  -0.04667,   0.05672,   0.00585,   0.02390,  -0.01056,  -0.04339,   0.05836,  -0.00564,   0.04523,  -0.00564,  -0.02698,   0.05016,  -0.00072,   0.02718,  -0.00892,   0.01077,   0.01077,   0.03703,   0.04195,  -0.05487,   0.00913,  -0.01221,   0.12072,   0.04195,   0.04523,  -0.05816,  -0.01713,   0.01077,  -0.01713,  -0.00728,  -0.01713,  -0.01713,  -0.01877,   0.02226,  -0.01877,   0.08298,   0.00749,  -0.06308,   0.04687,  -0.02533,   0.05508,   0.02718,   0.02226,   0.02226,   0.05672,  -0.05652,  -0.04503,   0.01405,   0.06000,   0.05836,   0.02226,  -0.01221,  -0.00728,   0.02882,  -0.03026,   0.05016,  -0.01877,  -0.02041,  -0.07621,   0.01077,  -0.04503,  -0.04010,   0.00420,  -0.06472,  -0.01056,   0.00420,   0.01569,  -0.00564,  -0.00072,   0.07313,  -0.00072,  -0.00728,   0.05016,   0.02718,  -0.01549,  -0.01385,  -0.01877,  -0.01221,   0.04687,   0.00913,  -0.08441,   0.07805,   0.00749,   0.00420,   0.01405,   0.04523,   0.03046,   0.01569,  -0.01549,  -0.02041,   0.00749,  -0.01385,  -0.02205,  -0.02041,  -0.01713,  -0.03026,   0.01077,   0.04523,  -0.04175,  -0.00728,  -0.03846,  -0.02205,  -0.02862,  -0.00072,  -0.03846,  -0.00236,   0.05836,   0.00420,  -0.05816,   0.03046,  -0.00236,   0.02390,   0.03374,  -0.01056,  -0.02369,   0.01241,   0.03703,   0.05672,  -0.03354,   0.05016,   0.00913,  -0.02205,  -0.08605,   0.01897,   0.03374,   0.05836,   0.01897,  -0.02041,   0.05836,  -0.04667,   0.04195,  -0.07457,   0.07149,  -0.08770,  -0.02205,   0.04687,  -0.05323,  -0.01713,   0.02554,   0.07969,   0.03046,  -0.00072,  -0.02698,  -0.00892,   0.02062,   0.00585,  -0.00236,   0.02882,  -0.10903,  -0.03518,  -0.02041,  -0.04010,   0.01733,  -0.00400,  -0.01221,   0.00256,  -0.06800,  -0.12544,   0.00913,   0.03374,  -0.04175,   0.02554,  -0.00400,   0.04359,  -0.02698,   0.02882,   0.02390,  -0.06964,  -0.08934,  -0.01713,  -0.00564,   0.03374,  -0.07129,   0.03867,  -0.04339,   0.02226,  -0.04175,  -0.06636,  -0.02533,  -0.01549,   0.09939,  -0.04010,  -0.02205,   0.02882,  -0.01877,   0.01405,  -0.07785,   0.01077,  -0.00564,  -0.02205,   0.02062,   0.02718,  -0.07293,   0.00420,   0.03210,   0.02882,   0.00256,   0.01569,  -0.00728,  -0.07293,  -0.03354,  -0.00892,  -0.03518,   0.09611,  -0.02041,  -0.01221,   0.02554,  -0.04010,  -0.00564,  -0.03518,   0.01077,  -0.00564,  -0.06144,  -0.02533,  -0.05159,  -0.02862,  -0.00564,   0.03046,   0.03703,   0.05508,  -0.01221,  -0.02041,   0.05344,  -0.02369,  -0.00236,  -0.03026,  -0.02533,  -0.02205,   0.00420,   0.08790,   0.01733,  -0.03026,   0.03046,   0.04359,   0.07149,   0.01241,   0.03867,   0.00585,  -0.01385,   0.00585,   0.05672,   0.00256,  -0.05323,   0.05180,  -0.00236,  -0.03026,   0.01241,  -0.02533,  -0.04010,  -0.05816,  -0.04175,  -0.04010,  -0.02533,  -0.00236,  -0.02862,   0.00585,   0.00256,  -0.08113,  -0.00072,   0.01569,   0.02554,   0.01241,   0.04195,  -0.00728,  -0.01549,  -0.01549,   0.04195,   0.00092,  -0.04010,  -0.02862,  -0.00072,   0.03046,  -0.01877,   0.03539,  -0.07129,  -0.07129,  -0.01877,  -0.12380,   0.03539,   0.00913,   0.00749,  -0.00892,   0.05672,  -0.10739,  -0.03682,   0.05016,  -0.00236,   0.02062,   0.00420,  -0.07621,  -0.03190,  -0.03190,   0.02882,   0.03046,   0.06164,  -0.04010,  -0.09098,   0.01897,   0.03046,   0.02718,  -0.01221,   0.04687,   0.00749,  -0.04339,  -0.01221,  -0.00236,  -0.01713,   0.04359,   0.02554,   0.03374,  -0.00072,   0.00585,   0.02390,  -0.02698,  -0.02862,   0.02226,   0.03210,   0.01569,  -0.04175,  -0.03682,   0.01241,  -0.00564,   0.02226,  -0.02533,   0.03867,  -0.06308,   0.01241,   0.01569,  -0.06472,  -0.05980,  -0.00236,   0.04195,  -0.04503,   0.00420,  -0.05487,  -0.05323,  -0.01056,  -0.07949,  -0.02205,   0.02718,  -0.08277,  -0.00892,  -0.01221,   0.02718,  -0.02369,  -0.06144,   0.01405,  -0.02698,  -0.06308,   0.02226,  -0.05816,  -0.00728,   0.05344,   0.01733,   0.06000,  -0.01713,  -0.01713,  -0.06964,  -0.05323,  -0.00236,  -0.05323,  -0.02533,  -0.01549,  -0.01713,  -0.04339,   0.07149,  -0.07457,  -0.05652,   0.00585,   0.05344,   0.00420,   0.01077,  -0.01713,  -0.04667,  -0.00072,   0.03867,  -0.00564,  -0.01056,   0.03374,  -0.02205,  -0.01713,  -0.03846,  -0.02533,   0.02062,  -0.09590,  -0.02205,   0.00420,   0.01569,   0.03046,   0.01733,  -0.08113,  -0.03026,   0.00585,  -0.00728,   0.04195,  -0.01713,   0.08626,  -0.02205,   0.00913,   0.09118,  -0.02369,   0.01241,  -0.04667,  -0.04995,   0.00256,   0.01241,   0.05344,   0.01241,   0.02062,  -0.01221,   0.02226,   0.04687,  -0.01713,  -0.01713,  -0.01221,  -0.02041,   0.04031,  -0.06144,  -0.06800,  -0.02041,   0.06657,  -0.05159,  -0.04995,  -0.02205,  -0.05816,   0.01733,  -0.01549,  -0.02862,  -0.01385,   0.02062,   0.03046,   0.06164,   0.05836,  -0.01549,   0.00585,  -0.07293,  -0.01713,  -0.04503,  -0.00236,   0.04031,  -0.03518,  -0.01056,  -0.04995,  -0.00892,  -0.02862,  -0.10739,  -0.06144,   0.04523,  -0.05816,  -0.01385,   0.04031,   0.01897,   0.07313,   0.02062,  -0.05323,  -0.09754,   0.02226,   0.07313,  -0.04503,  -0.01221,  -0.00072,  -0.05816,   0.06821,   0.00585,  -0.02862,   0.05016,   0.00420,  -0.06144,   0.05344,   0.00256,  -0.01549,   0.02062,  -0.02533,   0.04687,   0.00256,  -0.00400,  -0.02041,   0.09118,  -0.12872,  -0.00236,  -0.00072,  -0.00400,   0.02390,  -0.00728,  -0.03846,   0.00749,   0.04851,  -0.00072,   0.04359,  -0.01056,   0.05016,   0.06164,  -0.04339,   0.03210,   0.02062,  -0.03354,   0.02718,  -0.03354,  -0.00072,  -0.01056,  -0.01877,   0.04359,   0.04851,  -0.04995,   0.03703,   0.01077,   0.05016,   0.08954,   0.00256,   0.02226,  -0.01877,   0.00420,   0.02226,  -0.01877,   0.00092,   0.03539,  -0.05652,   0.02390,  -0.01056,   0.01897,  -0.01221,   0.03210,   0.01733,   0.02390,  -0.01221,   0.04359,   0.04195,  -0.00728,  -0.07621,   0.01077,   0.01405,   0.02882,  -0.00400,   0.01405,  -0.08277,   0.07805,  -0.05652,  -0.07457,  -0.00892,  -0.00400,   0.09939,  -0.03682,  -0.03026,  -0.05159,   0.03374,   0.02226,   0.07149,   0.01241,  -0.03682,   0.09118,  -0.01385,   0.04359,   0.03374,  -0.02369,  -0.02533,  -0.04010,   0.01733,   0.01569,   0.00913,   0.01241,   0.02062,  -0.02698,   0.11580,   0.01241,   0.06328,   0.05836,   0.00256,  -0.04503,   0.06985,   0.02390,  -0.01221,  -0.02041,   0.03867,   0.01077,   0.05180,  -0.02205,   0.01897,   0.02882,  -0.04667,   0.09775,   0.05508,  -0.01877,  -0.01713,  -0.03354,  -0.03518,  -0.04831,  -0.00564,  -0.03354,  -0.01713,  -0.00564,  -0.01221,  -0.03846,  -0.05323,  -0.03518,   0.05344,  -0.03190,  -0.01056,  -0.06636,  -0.01385,  -0.05487,  -0.00892,  -0.00072,  -0.00728,  -0.04339,  -0.01713,   0.03703,  -0.00728,  -0.03354,   0.00256,  -0.02862,   0.00256,   0.07477,   0.00092,   0.03210,  -0.04339,   0.06492,  -0.02369,  -0.08770,   0.02718,   0.06164,   0.00092,  -0.06800,   0.00420,   0.03046,  -0.01877,   0.03703,   0.01897,   0.04851,   0.00256,  -0.04175,  -0.05816,  -0.05487,  -0.05980,  -0.09262,   0.04031,  -0.04339,  -0.01056,   0.06164,   0.00092,  -0.03518,   0.02882,  -0.00564,  -0.01549,  -0.02041,  -0.01877,   0.04523,  -0.08441,  -0.01221,  -0.00400,  -0.02041,   0.02882,  -0.00400,  -0.00400,   0.00420,   0.03539,  -0.02698,   0.06821,   0.03539,   0.00749,  -0.11888,  -0.05980,  -0.04010,   0.02390,   0.00420,  -0.03026,   0.03703,   0.00913,  -0.03518,  -0.02205,   0.05180,  -0.07293,  -0.01385,  -0.06308,  -0.01877,   0.01241,   0.03046,   0.01405,   0.02390,   0.05344,   0.04523,   0.07477,   0.02226,   0.04851,  -0.01056,   0.02062,   0.06657,   0.04687,  -0.01385,  -0.04995,   0.09939,  -0.07621,   0.01569,   0.05508,   0.07641,   0.05344,  -0.02041,   0.04687,  -0.01549,  -0.05487,  -0.01056,   0.03539,   0.06985,  -0.05487,  -0.01221,  -0.01385,   0.01897,   0.02718,  -0.09426,  -0.02369,  -0.02698,  -0.03682,  -0.09590,  -0.04175,   0.01405,  -0.00236,   0.05016,  -0.01056,   0.01405,   0.00420,  -0.03518,   0.00749,  -0.02041,  -0.01385,   0.02554,   0.02554,  -0.04503,   0.04851,  -0.03682,   0.02554,   0.00749,  -0.03190,  -0.04667,   0.02554,   0.01077,  -0.07621,   0.01733,  -0.06308,   0.03867,   0.04687,   0.00585,   0.01077,   0.07149,  -0.00400,   0.01405,  -0.04995,  -0.05816,   0.01405,  -0.06472,   0.00913,   0.03374,  -0.05652,   0.06000,   0.05672,   0.04687,  -0.03190,  -0.04667,   0.00585,   0.02554,  -0.01549,   0.05508,  -0.02369,  -0.07949,   0.03539,  -0.04503,   0.05836,  -0.11231,  -0.10247,  -0.07129,   0.07313,  -0.09918,   0.01077,  -0.00400,  -0.00400,  -0.02369,  -0.02698,  -0.06800,  -0.00236,   0.01241,  -0.04175,   0.06492,   0.03374,  -0.03518,   0.03210,  -0.04995,   0.05180,   0.00092,  -0.02041,  -0.02205,  -0.02369,  -0.04995,   0.03210,   0.02882,  -0.02698,  -0.03026,   0.04031,  -0.06472,   0.01733,   0.02554,  -0.04995,   0.07641,  -0.02369,   0.01733,  -0.07457,  -0.05980,  -0.09918,   0.03374,   0.01569,  -0.03026,   0.04523,   0.00420,  -0.07785,   0.03210,   0.00913,   0.01077,   0.05344,  -0.00564,   0.01241,   0.06492,  -0.03190,  -0.09098,  -0.09590,  -0.01221,  -0.01877,   0.03867,  -0.02533,  -0.02205,  -0.00236,  -0.01056,  -0.01385,  -0.00728,  -0.02862,  -0.03682,  -0.06308,  -0.03354,  -0.00072,  -0.00728,  -0.03846,  -0.06144,   0.05508,  -0.04503,  -0.03682,   0.00913,   0.00585,   0.00749,   0.02390,  -0.05980,  -0.07949,  -0.01385,  -0.00072,  -0.04995,   0.02554,   0.06492,   0.04687,  -0.02533,   0.01241,   0.03210,  -0.00892,   0.03867,  -0.01549,  -0.04995,  -0.06308,  -0.02369,  -0.01385,   0.05016,  -0.03026,  -0.00728,  -0.04831,  -0.03354,   0.01405,   0.00749,   0.01733,   0.05016,  -0.05980,  -0.08605,  -0.08277,  -0.03026,  -0.05652,  -0.07293,   0.02554,  -0.02862,   0.05672,   0.03374,   0.02882,   0.03703,   0.02554,   0.02554,   0.02718,  -0.03190,  -0.00236,  -0.02862,  -0.04175,  -0.00892,  -0.00892,   0.06821,  -0.00236,   0.06164,  -0.00728,  -0.01549,  -0.04175,  -0.06308,  -0.01385,   0.02062,   0.03046,   0.03867,   0.02226,   0.00092,  -0.08113,  -0.01877,   0.00420,   0.10923,   0.02718,   0.02554,   0.03703,  -0.07949,   0.07969,  -0.04339,  -0.00564,  -0.05980,   0.03210,  -0.04667,   0.01077,  -0.02369,   0.06657,   0.05836,   0.07969,   0.05836,   0.03539,  -0.00892,  -0.02862,  -0.07457,  -0.05323,   0.01733,  -0.09098,   0.04687,  -0.01056,   0.04523,   0.01569,   0.02718,  -0.03682,  -0.02698,  -0.04010,   0.04523,  -0.06636,   0.00092,   0.02390,  -0.04339,  -0.04831,   0.00749,   0.00749,   0.02882,  -0.01385,  -0.01713,   0.04523,   0.02554,   0.06821,  -0.00400,   0.09939,  -0.03190,  -0.06964,   0.05016,  -0.02041,   0.01241,  -0.04010,  -0.00564,  -0.08441,  -0.03026,   0.00585,  -0.02698,  -0.06964,   0.02390,  -0.01713,   0.00749,  -0.00400,  -0.00728,   0.03374,   0.00092,  -0.00892,   0.02718,   0.03867,  -0.01056,  -0.02862,  -0.02698,   0.00092,  -0.02369,   0.02554,  -0.01056,   0.07805,  -0.02205,  -0.02205,  -0.04995,  -0.06308,  -0.01221,   0.02062,  -0.03354,   0.01241,  -0.01385,  -0.00400,   0.01241,  -0.03354,  -0.08277,   0.01077,  -0.04339,   0.05672,  -0.07129,  -0.08605,   0.03539,  -0.03846,  -0.02041,  -0.00892,   0.03867,  -0.01056,   0.03539
   0.02554,  -0.01713,   0.05180,   0.00256,  -0.01877,  -0.00236,   0.00749,  -0.03190,   0.01897,   0.05180,   0.06657,   0.02226,   0.02226,   0.00913,   0.03046,  -0.03682,  -0.00892,  -0.00236,   0.02226,  -0.08770,  -0.04339,   0.02554,   0.02554,   0.03210,  -0.04995,  -0.04995,  -0.10903,   0.04687,  -0.00400,  -0.05487,   0.09118,   0.02554,  -0.03518,  -0.06144,   0.03046,  -0.04667,  -0.01056,   0.04031,   0.04359,   0.02226,  -0.04503,  -0.05652,  -0.00072,  -0.05159,  -0.00400,   0.01897,   0.02882,  -0.00236,   0.04031,  -0.03190,   0.00913,  -0.00236,   0.01897,   0.00749,   0.02882,  -0.01549,   0.05836,   0.04031,  -0.01385,  -0.02369,  -0.05652,   0.04031,  -0.07293,   0.01241,  -0.04339,   0.01897,   0.01241,  -0.04995,  -0.02698,  -0.01713,  -0.00072,  -0.02862,  -0.06472,  -0.02698,   0.01733,   0.03210,   0.00092,  -0.02205,   0.01733,  -0.05159,  -0.00564,   0.04687,  -0.00728,  -0.05980,  -0.00892,  -0.03846,  -0.03190,  -0.02533,  -0.01713,   0.03703,  -0.00400,  -0.09426,  -0.06144,   0.07969,   0.05180,  -0.00236,   0.02062,   0.03374,   0.00092,   0.00420,   0.01897,   0.03703,  -0.03190,   0.09446,  -0.00236,  -0.02698,   0.05672,  -0.01385,   0.06328,   0.08790,   0.03374,   0.02554,   0.00092,  -0.03518,   0.03374,  -0.04339,  -0.02533,   0.06657,  -0.00236,   0.01897,  -0.01385,   0.10431,   0.02882,  -0.00564,  -0.00892,   0.02390,  -0.00072,  -0.10575,  -0.02041,  -0.01877,  -0.04503,   0.07149,   0.00256,  -0.03682,   0.00913,  -0.01877,  -0.06308,   0.00092,  -0.01549,  -0.09426,  -0.07293,  -0.00728,   0.03703,  -0.04339,   0.01405,  -0.11231,   0.06000,   0.01241,   0.00092,   0.01897,   0.04031,  -0.03354,  -0.00072,  -0.03518,   0.04523,  -0.02041,   0.02718,   0.01733,  -0.04503,   0.05836,  -0.03846,  -0.07621,  -0.04667,   0.05344,  -0.04995,  -0.02205,  -0.00728,  -0.04831,  -0.04503,  -0.04175,  -0.00400,  -0.02369,   0.09939,   0.03046,   0.04851,   0.00585,  -0.03846,   0.00749,   0.01733,   0.03210,   0.08790,   0.01733,   0.08298,   0.01241,  -0.02041,   0.05344,  -0.02369,   0.00256,   0.03210,   0.02718,  -0.00236,  -0.04010,  -0.04010,  -0.04995,   0.09611,  -0.03846,   0.06164,  -0.01221,  -0.03518,   0.00913,  -0.01385,  -0.02862,  -0.02205,  -0.05159,   0.04523,  -0.04667,  -0.02698,  -0.05487,  -0.01549,  -0.02533,  -0.06472,  -0.00564,   0.03539,  -0.02862,   0.02882,  -0.03518,  -0.07457,  -0.07785,  -0.01713,   0.01077,  -0.04010,   0.00092,  -0.05159,   0.01733,   0.02390,   0.04851,   0.04851,  -0.06308,   0.02882,   0.00256,   0.01405,   0.01897,   0.05508,   0.04359,   0.03374,  -0.04010,  -0.04667,  -0.09754,   0.02062,  -0.04175,   0.00420,  -0.07457,   0.01405,  -0.01221,   0.00420,  -0.05980,  -0.02862,   0.04851,  -0.02862,   0.03046,  -0.01549,  -0.01385,  -0.03354,   0.06492,  -0.02205,  -0.07293,   0.04359,   0.00585,   0.02390,  -0.04995,   0.03539,  -0.00564,   0.04687,   0.05180,  -0.10082,  -0.02862,   0.05344,   0.00585,   0.03703,   0.04359,   0.00420,  -0.02698,   0.02226,  -0.01877,  -0.05652,   0.00913,   0.00913,  -0.00236,  -0.00892,  -0.01549,   0.01897,  -0.00892,   0.01241,   0.01897,   0.02390,  -0.01713,  -0.01877,  -0.02862,  -0.03846,   0.03046,  -0.03518,   0.00585,   0.03374,   0.01733,  -0.03026,  -0.01221,  -0.03518,   0.02226,   0.05836,   0.02882,   0.04851,  -0.04503,   0.04359,   0.02062,   0.01405,   0.07641,   0.12893,  -0.05816,  -0.01056,  -0.02369,  -0.00728,  -0.01713,  -0.01385,  -0.01549,  -0.06472,   0.01733,  -0.01713,  -0.07621,   0.06000,  -0.06308,  -0.00564,  -0.04339,   0.04687,  -0.01056,   0.04359,   0.00749,   0.02554,  -0.04667,  -0.01877,   0.02554,  -0.00728,   0.00256,  -0.03682,  -0.04995,   0.03703,   0.00420,   0.02226,  -0.03026,  -0.06308,   0.02226,  -0.02698,   0.00092,   0.02554,   0.00913,   0.04851,  -0.02533,  -0.01549,  -0.03190,  -0.01221,   0.00585,  -0.07621,   0.01077,   0.02554,   0.00420,  -0.06472,  -0.03682,  -0.00892,  -0.03518,   0.02226,   0.04195,   0.02882,   0.03703,  -0.02369,   0.04031,  -0.04831,  -0.00236,   0.01897,  -0.10082,  -0.03190,   0.05508,  -0.00072,   0.00420,   0.02062,   0.06657,  -0.00728,   0.04523,  -0.00564,  -0.04995,  -0.01056,   0.03374,   0.02882,  -0.00728,   0.08134,  -0.05652,  -0.03846,  -0.03518,  -0.07129,   0.02554,  -0.01221,  -0.00236,  -0.00072,  -0.01549,  -0.02205,  -0.02041,   0.10923,  -0.01877,   0.02062,  -0.02698,  -0.03846,  -0.06308,   0.04851,  -0.01385,   0.02390,  -0.02698,   0.01405,   0.01241,   0.02554,  -0.00892,   0.03539,  -0.02041,  -0.01549,  -0.03354,   0.04523,   0.06657,  -0.00400,   0.07805,   0.02062,  -0.08113,   0.05180,   0.07969,   0.03046,   0.06164,  -0.04995,  -0.03354,  -0.06800,  -0.00236,  -0.04995,   0.03046,  -0.07785,   0.02718,  -0.01056,  -0.00728,   0.05836,   0.06821,  -0.01056,  -0.12380,  -0.01549,   0.02554,  -0.03682,  -0.03190,   0.02226,  -0.00892,   0.07641,  -0.02205,  -0.07621,  -0.01713,  -0.03682,   0.00420,   0.06985,  -0.01056,  -0.01221,   0.07477,   0.01569,   0.01405,   0.04851,  -0.03846,   0.00749,  -0.02041,   0.08790,  -0.06472,   0.00913,  -0.02369,   0.08626,   0.00092,   0.02062,  -0.07621,  -0.04831,  -0.02533,   0.10595,   0.00749,   0.06821,   0.12072,   0.02718,  -0.01056,   0.04851,  -0.03682,  -0.00072,   0.00749,   0.05508,  -0.01713,   0.00256,  -0.00072,  -0.05652,   0.07149,   0.04687,  -0.05487,   0.01897,   0.01077,  -0.03190,  -0.05159,  -0.00564,   0.01897,  -0.09262,   0.02882,  -0.03846,   0.03867,   0.05180,  -0.02533,  -0.03682,  -0.02205,  -0.01549,   0.09446,  -0.02533,  -0.06964,   0.02226,  -0.03190,  -0.04831,   0.05672,  -0.03026,  -0.04995,   0.05672,  -0.00564,   0.05672,  -0.01877,   0.00256,  -0.02862,   0.04195,  -0.05159,   0.02882,   0.00092,  -0.00400,  -0.05652,   0.00585,   0.04195,  -0.09262,   0.04031,   0.00749,   0.00092,  -0.02369,  -0.03190,  -0.02041,   0.01241,  -0.00728,   0.05508,   0.03046,  -0.01549,  -0.00400,  -0.03354,  -0.10247,  -0.01549,  -0.05159,  -0.02041,   0.01897,   0.03374,   0.11580,   0.07805,   0.01569,  -0.00400,  -0.02862,  -0.02533,   0.00420,   0.02390,   0.00420,   0.06164,  -0.01713,  -0.07457,  -0.05980,   0.08790,  -0.01549,   0.03539,   0.02718,  -0.02369,  -0.00400,  -0.03026,   0.02882,   0.00092,   0.05344,  -0.07293,   0.03374,  -0.00728,  -0.05980,  -0.04667,  -0.01713,   0.00256,  -0.03026,  -0.00564,  -0.07457,   0.07149,  -0.08113,  -0.01221,  -0.04175,   0.03046,   0.00585,   0.00420,   0.07313,  -0.00564,  -0.05323,   0.01897,  -0.00236,  -0.01549,  -0.04667,  -0.03518,  -0.00892,  -0.06964,   0.00092,   0.02882,  -0.02533,   0.00420,  -0.03846,  -0.07293,  -0.07457,   0.03046,   0.01569,  -0.00564,  -0.02862,  -0.00564,  -0.01056,  -0.00564,   0.06000,   0.04523,   0.00749,  -0.09098,   0.06985,  -0.01056,  -0.03026,  -0.09918,   0.02390,  -0.12544,   0.02226,   0.04031,  -0.04010,  -0.04010,  -0.01221,  -0.01877,  -0.02205,   0.01569,  -0.00892,   0.00256,   0.01077,   0.00913,   0.03703,   0.02882,   0.04687,  -0.01221,  -0.03518,  -0.02041,  -0.01385,  -0.10082,   0.06164,   0.09118,  -0.02533,   0.00585,   0.05016,   0.06000,  -0.00728,  -0.04503,  -0.07621,   0.02390,  -0.05323,   0.00913,   0.03210,   0.00256,   0.15354,   0.03374,   0.01077,  -0.03026,  -0.01713,   0.00256,  -0.02205,  -0.07949,  -0.00728,  -0.03026,  -0.01713,  -0.09590,   0.05180,  -0.05816,   0.00420,   0.00749,   0.01569,  -0.09262,  -0.01385,   0.06821,  -0.11888,  -0.10575,   0.10431,  -0.01713,   0.01077,  -0.01056,   0.00913,   0.02390,   0.03210,  -0.00892,  -0.00728,   0.00585,   0.02390,  -0.00892,  -0.00236,   0.02062,   0.06000,  -0.01877,   0.03046,  -0.04995,   0.05344,   0.00585,  -0.04175,  -0.05487,  -0.07785,   0.03210,   0.02554,   0.04195,   0.02226,  -0.01877,   0.04851,   0.06492,   0.01569,  -0.05323,  -0.00892,  -0.01385,  -0.04175,   0.01897,   0.01569,   0.00585,  -0.06472,  -0.03518,  -0.02698,  -0.00072,  -0.09262,  -0.05816,  -0.00728,  -0.02862,  -0.04667,  -0.09262,  -0.00892,  -0.04995,   0.03046,  -0.01713,   0.01077,  -0.04667,  -0.03026,  -0.03354,  -0.07129,   0.06164,   0.09118,  -0.06964,   0.01241,  -0.02041,   0.06328,   0.06657,  -0.03190,  -0.00400,   0.02554,   0.09939,   0.00913,  -0.04667,   0.05344,  -0.00728,  -0.07785,   0.05836,   0.01569,  -0.05980,  -0.02205,  -0.01056,  -0.04503,  -0.03354,  -0.06144,   0.06985,  -0.01056,   0.01733,  -0.03518,   0.02554,  -0.04010,   0.06000,   0.02390,   0.01405,  -0.03518,  -0.05159,  -0.01877,  -0.02041,  -0.03682,  -0.04831,  -0.03518,   0.06328,   0.01897,  -0.01385,   0.01569,   0.02390,  -0.03682,   0.03046,  -0.01385,   0.03539,   0.00256,  -0.04667,  -0.00400,  -0.00072,   0.02554,  -0.05816,   0.01897,   0.07313,  -0.02041,   0.04359,   0.00092,   0.00420,   0.06328,  -0.01549,   0.02718,  -0.03354,  -0.00072,   0.04195,   0.03046,   0.00420,  -0.07621,   0.05672,  -0.01385,   0.02226,  -0.06308,   0.06000,  -0.05816,   0.07149,   0.00913,  -0.01056,   0.03374,   0.03046,   0.04359,   0.02718,   0.03210,   0.06164,   0.02062,   0.02882,   0.04851,   0.00585,  -0.00072,   0.00913,  -0.03518,   0.05836,   0.07313,   0.04031,  -0.03354,   0.00256,  -0.03026,  -0.06144,  -0.00072,  -0.04010,   0.01897,  -0.03026,  -0.07457,  -0.06636,  -0.05487,  -0.02041,   0.05180,   0.02226,  -0.05652,   0.01241,   0.01241,   0.05508,   0.05016,  -0.03354,  -0.04175,  -0.00892,  -0.05487,  -0.04667,   0.01077,   0.06985,  -0.00892,   0.02718,   0.03539,  -0.03190,  -0.00236,   0.05508,  -0.03518,  -0.04175,  -0.04175,  -0.05159,   0.01897,  -0.05652,  -0.09098,  -0.00564,   0.07149,   0.07969,  -0.06964,   0.05836,  -0.04339,   0.06985,  -0.03518,   0.00749,  -0.00236,   0.03539,   0.07969,  -0.02533,   0.04687,   0.02718,  -0.01385,  -0.02369,  -0.01221,   0.05836,   0.08462,  -0.03190,   0.05016,  -0.11888,  -0.03190,  -0.08113,   0.02062,  -0.04010,  -0.01713,  -0.00728,   0.02226,   0.08134,   0.02390,   0.07805,   0.01569,  -0.03682,   0.02390,   0.06164,  -0.05816,  -0.00236,  -0.00728,   0.00913,   0.04687,   0.03539,   0.03867,  -0.05487,   0.01241,   0.00092,  -0.04175,  -0.02041,  -0.00072,   0.09611,  -0.05159,  -0.06964,  -0.00728,  -0.00400,   0.01569,  -0.01221,   0.05508,  -0.04175,  -0.00236,  -0.04503,  -0.04667,   0.02882,   0.01569,   0.02882,   0.02226,  -0.01713,  -0.06144,  -0.05487,  -0.05323,   0.00092,   0.02554,  -0.00728,   0.02718,  -0.05159,   0.02226,   0.03210,  -0.03846,  -0.03354,   0.04195,  -0.03190,  -0.05816,  -0.05652,   0.02062,   0.04359,   0.02554,  -0.00400,  -0.03190,  -0.07129,  -0.03190,   0.01077,   0.01241,   0.01569,  -0.02205,  -0.00236,  -0.04010,  -0.03190,   0.04687,  -0.02533,   0.00913,  -0.06964,   0.02882,   0.01077,  -0.03682,  -0.05980,   0.00913,   0.02390,   0.04523,  -0.03518,   0.07477,  -0.05652,  -0.04831,   0.01241,  -0.03026,   0.01077,   0.00420,   0.01733,  -0.01221,   0.00420,  -0.03354,   0.01241,  -0.01056,  -0.04339,   0.01897,   0.03210,   0.10595,   0.01569,  -0.06308,   0.03046,  -0.01549,   0.02226,  -0.05487,  -0.05980,  -0.09098,  -0.02369,   0.03703,  -0.09918,   0.09939,  -0.04831,   0.00420,   0.01077,   0.01077,  -0.04339,  -0.04667,  -0.00892,   0.00420,   0.03210,   0.04359,  -0.01385,  -0.03026,   0.02062,  -0.02533,  -0.02041,   0.01241,  -0.07621,  -0.03846,   0.01569,  -0.02369,  -0.04175
   0.02882,   0.05508,   0.05344,  -0.06472,   0.00913,  -0.06472,   0.01077,  -0.01713,  -0.02698,  -0.02533,   0.07149,   0.00420,   0.03046,  -0.03682,   0.05508,   0.02062,   0.02718,   0.06164,   0.00092,   0.01405,   0.00256,   0.01241,  -0.02369,   0.00585,  -0.05652,   0.01897,  -0.02205,  -0.02369,  -0.03518,  -0.01549,   0.01733,  -0.07457,   0.04359,   0.05016,  -0.02369,  -0.06472,   0.01569,  -0.02369,   0.01733,  -0.02862,  -0.05980,  -0.02698,  -0.01221,   0.00256,  -0.03682,   0.00749,  -0.00728,  -0.02205,  -0.04175,  -0.00236,  -0.05323,  -0.01877,   0.06328,   0.04031,   0.00749,   0.02882,   0.02226,   0.04031,   0.03210,  -0.01877,  -0.01877,   0.02718,   0.02062,  -0.01056,  -0.01056,   0.01897,   0.07969,   0.02062,   0.00913,   0.05344,   0.01733,  -0.07293,  -0.02369,  -0.01549,   0.02554,  -0.01056,  -0.03518,   0.03867,   0.01405,   0.00256,   0.01405,  -0.02205,   0.09939,  -0.08605,  -0.00728,   0.01405,  -0.07457,  -0.01549,   0.01077,  -0.00728,  -0.00892,  -0.08934,  -0.01221,  -0.06308,  -0.01549,   0.05672,   0.00913,  -0.02862,  -0.01385,  -0.00072,   0.03210,  -0.00400,  -0.00400,  -0.02698,  -0.00072,  -0.05487,  -0.04503,   0.01405,   0.02226,  -0.00400,   0.02882,   0.02718,   0.01077,  -0.07621,  -0.01713,   0.01897,  -0.00236,   0.00420,  -0.02698,   0.02554,  -0.00400,   0.01733,  -0.01221,   0.00749,   0.06657,  -0.03846,   0.02882,   0.02226,   0.01569,  -0.00892,  -0.01385,  -0.00892,   0.02718,   0.03046,  -0.00236,   0.02390,   0.02718,  -0.01221,  -0.05652,   0.01569,   0.02390,  -0.01385,   0.00256,  -0.01221,   0.00913,  -0.00072,   0.03703,  -0.04503,  -0.02862,   0.06492,   0.05508,  -0.04175,  -0.01549,   0.05344,  -0.02862,   0.04031,   0.03046,   0.03046,  -0.02533,  -0.01385,  -0.00072,  -0.00892,  -0.03190,   0.05672,   0.02882,  -0.06636,   0.03867,   0.03374,  -0.03682,  -0.00236,   0.01897,  -0.06636,   0.00585,   0.05836,   0.03867,   0.09446,  -0.02533,  -0.00564,   0.05508,   0.02718,   0.02062,   0.04031,   0.03703,  -0.04667,   0.02390,  -0.04175,   0.00420,   0.03867,  -0.03026,   0.04523,  -0.00072,  -0.03846,   0.01405,  -0.00892,   0.03374,  -0.03518,  -0.02698,  -0.01221,  -0.02041,  -0.03682,   0.03374,  -0.04175,  -0.01549,  -0.05980,   0.02882,  -0.06144,   0.01405,  -0.03190,  -0.00400,  -0.02369,  -0.02041,   0.05344,  -0.05652,  -0.01713,   0.02062,  -0.08770,  -0.00072,   0.01241,   0.00420,   0.03703,  -0.00072,   0.01897,  -0.03190,  -0.06964,  -0.03518,  -0.05487,   0.00092,  -0.02698,   0.03210,  -0.01549,   0.04359,   0.04195,  -0.02205,  -0.01221,   0.02062,   0.00420,  -0.02862,  -0.05816,  -0.00892,   0.02718,   0.01241,  -0.02698,  -0.09754,  -0.03518,  -0.00400,  -0.07949,  -0.00892,   0.02226,  -0.05980,  -0.05652,  -0.02205,   0.01733,  -0.00400,   0.01569,   0.01405,  -0.06144,  -0.03846,   0.00913,  -0.03190,   0.00420,   0.01241,   0.02226,  -0.02862,   0.01405,   0.01077,  -0.01056,  -0.04339,  -0.01221,   0.02390,   0.00256,   0.02718,  -0.06964,   0.03703,   0.02882,   0.02554,  -0.00400,   0.01569,   0.02718,   0.09446,   0.04195,  -0.01056,  -0.04503,  -0.03026,  -0.01713,  -0.02369,  -0.00892,  -0.10575,  -0.04175,   0.09282,  -0.00564,   0.01405,   0.04359,  -0.00728,   0.06492,   0.02062,   0.01405,   0.02226,   0.00092,  -0.02205,  -0.04010,   0.01733,  -0.04667,   0.01077,  -0.01385,  -0.05652,   0.00749,  -0.01877,   0.01733,   0.01897,   0.00420,   0.01897,   0.00749,  -0.01713,   0.06000,   0.04687,  -0.00564,  -0.09098,  -0.00728,   0.03703,   0.04031,   0.03867,  -0.02205,   0.01077,  -0.00728,  -0.06964,  -0.00728,   0.00092,   0.04031,   0.03539,  -0.06800,  -0.01877,   0.01569,  -0.01221,   0.01077,   0.05508,   0.04687,  -0.01877,   0.05836,  -0.00564,  -0.07129,   0.06164,   0.08134,  -0.04175,   0.02062,   0.00420,  -0.01877,   0.06328,   0.03046,   0.05180,  -0.00236,   0.01077,  -0.02369,  -0.03846,   0.08298,  -0.03682,  -0.04175,   0.03374,  -0.02698,   0.05508,  -0.04667,   0.03374,  -0.01385,  -0.03190,  -0.01877,  -0.03190,  -0.03190,   0.02554,  -0.01877,   0.05344,   0.00256,   0.02882,   0.03210,  -0.06800,   0.04031,   0.03374,   0.07149,   0.04195,   0.02718,   0.02882,   0.04687,   0.03374,   0.00913,  -0.04339,  -0.06636,  -0.02041,   0.03046,  -0.01056,   0.01733,   0.04195,  -0.03682,   0.01405,   0.02390,  -0.02862,  -0.00072,   0.02226,  -0.00072,   0.05016,   0.03210,  -0.00728,   0.03703,  -0.07785,  -0.03846,  -0.05980,   0.09282,   0.05016,  -0.03026,   0.00420,   0.06657,   0.03210,  -0.05816,  -0.03354,   0.06164,   0.04851,  -0.02698,   0.03539,   0.03539,  -0.00072,  -0.01549,   0.06328,  -0.02205,   0.00913,  -0.01385,   0.06492,  -0.01713,   0.02390,   0.10595,   0.01897,   0.03046,   0.02718,  -0.00072,  -0.03846,  -0.04010,   0.00092,  -0.00236,   0.04523,  -0.00564,  -0.01221,   0.02226,  -0.01877,   0.05508,  -0.00728,  -0.01221,   0.05180,   0.07149,  -0.03354,  -0.05816,   0.00256,   0.04359,  -0.01056,  -0.00892,  -0.03026,  -0.03518,  -0.00564,   0.01077,   0.04523,   0.00092,  -0.02369,   0.03703,   0.00256,  -0.02698,  -0.00236,  -0.03354,  -0.06636,  -0.01221,   0.02390,   0.06328,   0.00256,  -0.07949,  -0.11559,   0.01405,  -0.04503,   0.00913,   0.05016,   0.02554,  -0.01713,  -0.06144,   0.02390,  -0.02041,   0.08626,   0.03867,  -0.05980,  -0.02041,   0.01897,   0.00420,   0.01897,   0.03046,   0.01733,   0.01077,   0.04031,   0.03539,  -0.02698,   0.07969,  -0.00892,  -0.00400,  -0.03846,   0.06985,  -0.03026,  -0.00400,   0.01569,   0.01733,   0.00256,  -0.05980,  -0.01056,   0.06492,   0.01077,  -0.08277,   0.02718,  -0.00072,  -0.01221,   0.01569,  -0.01713,   0.03210,   0.02390,   0.06000,  -0.07457,  -0.06636,   0.04523,  -0.03190,  -0.01877,   0.00092,  -0.00728,  -0.03026,  -0.03846,  -0.00236,   0.01405,   0.00092,   0.03867,  -0.02862,  -0.05816,   0.01733,  -0.08605,  -0.02698,   0.06000,   0.00585,   0.01241,   0.02554,  -0.01385,   0.05344,  -0.06636,   0.06492,   0.00749,  -0.00236,   0.01733,   0.03046,   0.04523,   0.03539,  -0.08113,   0.00585,  -0.03518,  -0.00892,  -0.02862,  -0.03682,  -0.07293,   0.01405,   0.06492,   0.05180,   0.01241,   0.03703,   0.03046,   0.06328,   0.01733,  -0.03518,  -0.07785,  -0.00728,   0.00256,   0.06492,   0.04031,   0.01569,   0.02882,  -0.02533,   0.04195,   0.02718,   0.02718,   0.00585,   0.00092,  -0.00728,  -0.00400,  -0.00728,  -0.01713,  -0.04175,   0.06821,   0.03046,   0.04523,   0.03374,  -0.08441,   0.11908,   0.04195,  -0.01056,   0.08790,  -0.04339,  -0.01877,  -0.07621,   0.05344,   0.00749,  -0.05487,  -0.02862,  -0.02205,  -0.00564,   0.02554,  -0.03190,   0.02718,   0.02226,   0.03703,  -0.02205,   0.02554,   0.06657,   0.01733,   0.00913,   0.00092,   0.05180,   0.01569,   0.07477,   0.01569,  -0.03846,   0.01569,  -0.05323,  -0.00892,  -0.02369,   0.04359,  -0.00400,   0.00585,  -0.01549,   0.01077,  -0.07293,  -0.04010,   0.05344,   0.04523,   0.04195,   0.02390,  -0.02205,   0.04031,   0.05508,  -0.00728,  -0.00400,  -0.02369,  -0.02205,  -0.03026,  -0.00564,   0.02226,  -0.02041,   0.02226,  -0.00892,   0.02390,  -0.06144,  -0.01877,   0.01733,  -0.02533,  -0.09262,   0.04523,   0.04359,  -0.02369,   0.06821,   0.01405,   0.03046,  -0.02533,  -0.04010,  -0.01056,  -0.00892,   0.00256,  -0.04175,   0.00749,  -0.03846,  -0.04667,  -0.01056,  -0.01877,  -0.00400,  -0.04175,  -0.00400,  -0.01385,  -0.01385,   0.04031,  -0.01549,  -0.01385,  -0.04831,   0.01733,  -0.04831,  -0.01056,   0.06985,  -0.08934,   0.02226,  -0.01385,  -0.03190,   0.05016,   0.00420,   0.00256,  -0.00892,   0.05180,  -0.02041,   0.02718,   0.00256,  -0.00892,  -0.01056,   0.07477,   0.05836,  -0.00728,  -0.07129,  -0.02862,   0.00092,   0.00585,   0.01077,   0.03046,   0.05344,  -0.03190,  -0.00564,  -0.08441,   0.02554,  -0.05159,   0.07477,   0.06164,   0.05508,  -0.00728,   0.03539,  -0.00564,  -0.08605,   0.00420,  -0.00072,   0.00256,   0.03374,  -0.00400,   0.06492,   0.04851,   0.02882,   0.04031,   0.01241,  -0.00728,  -0.02533,  -0.00400,  -0.02698,   0.01241,   0.01733,   0.00420,   0.01405,   0.01077,  -0.07621,   0.01241,   0.04031,   0.07969,  -0.03026,   0.02226,  -0.05980,   0.05508,  -0.05159,  -0.05159,   0.02554,   0.07805,   0.00256,  -0.03354,  -0.01056,   0.04031,   0.05672,   0.02226,   0.06328,  -0.05323,  -0.00236,  -0.04831,   0.05344,  -0.06308,  -0.02698,   0.01241,   0.04031,  -0.02369,  -0.02533,  -0.03026,  -0.03518,   0.02882,   0.03046,   0.03703,   0.09611,  -0.07129,  -0.01056,   0.05344,   0.02390,  -0.02698,   0.00913,   0.06000,   0.00420,   0.05672,   0.03867,   0.02718,  -0.03026,   0.01077,   0.03703,   0.03539,   0.03046,  -0.00728,   0.02390,   0.02718,  -0.04339,  -0.02862,  -0.00728,   0.00913,  -0.02862,  -0.04503,   0.10759,   0.05508,   0.02554,  -0.02698,   0.02882,   0.00585,   0.03046,   0.03374,  -0.00400,  -0.06144,   0.01077,   0.01897,   0.02226,  -0.04010,  -0.05487,   0.00420,   0.04851,  -0.01056,  -0.03190,  -0.03518,   0.03867,   0.02390,   0.00913,  -0.04667,   0.00256,  -0.02041,  -0.00728,  -0.05980,  -0.04995,  -0.00072,   0.00420,   0.06985,  -0.04667,   0.02718,   0.00256,   0.07477,  -0.01549,   0.02554,   0.02226,   0.02390,  -0.00072,  -0.03682,  -0.05652,  -0.03026,   0.04031,  -0.01056,  -0.06472,   0.00749,  -0.03354,  -0.02862,   0.09282,   0.00092,  -0.00564,  -0.07129,   0.04031,  -0.04175,   0.04031,   0.04031,   0.01241,  -0.07457,   0.02718,  -0.02533,   0.05180,  -0.02205,  -0.03354,  -0.04175,  -0.00728,  -0.00400,   0.00256,  -0.05159,  -0.03518,   0.02226,   0.05016,  -0.01385,  -0.00892,   0.01569,   0.05672,  -0.02041,   0.04523,   0.06000,  -0.04010,   0.04523,  -0.06144,  -0.02041,   0.01077,  -0.05159,  -0.00728,  -0.01713,   0.07641,  -0.00564,  -0.01713,  -0.07293,   0.03374,   0.00092,  -0.00400,   0.00092,   0.06492,   0.04687,   0.03374,  -0.06308,   0.00585,   0.02554,  -0.03846,  -0.01877,  -0.00400,   0.00420,   0.00749,  -0.03190,  -0.01549,  -0.04995,   0.01077,   0.00913,  -0.03026,   0.06000,   0.08954,  -0.00728,   0.02062,  -0.03846,  -0.00892,  -0.01713,  -0.02698,   0.04687,   0.00749,  -0.02698,  -0.06800,  -0.03026,   0.04523,  -0.09262,   0.05344,  -0.06964,   0.00256,  -0.02698,  -0.02041,  -0.00564,  -0.05487,   0.03046,  -0.05159,  -0.06964,  -0.03354,   0.01733,  -0.02698,   0.06328,   0.03210,   0.02718,   0.01897,  -0.10903,  -0.08441,   0.03539,  -0.08277,  -0.00728,   0.01241,   0.08626,  -0.00728,  -0.05159,   0.02062,  -0.05980,   0.00092,   0.00256,  -0.00892,  -0.04503,   0.03703,   0.02226,  -0.03518,   0.01241,  -0.00072,  -0.00564,   0.01405,   0.00256,   0.05344,   0.04523,  -0.05980,   0.02718,   0.00749,  -0.01713,   0.04195,   0.01077,   0.02554,  -0.03518,   0.00256,  -0.02041,  -0.00728,   0.03867,  -0.00564,   0.05672,  -0.02041,   0.04195,   0.02554,   0.00913,  -0.00072,  -0.06472,  -0.05816,  -0.04503,   0.03374,   0.03867,  -0.03354,  -0.06636,   0.00913,   0.01077,  -0.03026,   0.11908,  -0.08441,   0.01241,   0.00585,   0.00092,  -0.07293,   0.00256,  -0.05159,   0.01897,  -0.02369,   0.01077,  -0.01877,  -0.06472,   0.02062,   0.01405,  -0.00892,  -0.04503,   0.03539,   0.03703,  -0.00892,   0.02226,  -0.04831,  -0.00892,   0.02062,  -0.02533,   0.00585,  -0.02369,   0.01733,   0.01241,   0.06492,   0.06328,   0.01897
  -0.02698,  -0.04831,  -0.04503,   0.03046,   0.01077,  -0.01056,   0.00749,   0.06328,   0.00913,   0.04687,   0.01897,  -0.07129,  -0.03190,   0.07477,  -0.03354,   0.01405,   0.08462,   0.00913,   0.01077,  -0.08770,   0.01733,   0.00749,   0.04195,  -0.01549,   0.00256,  -0.05323,  -0.01549,   0.06164,  -0.07293,   0.02554,  -0.04831,   0.08626,   0.01897,  -0.04503,  -0.01549,   0.01569,  -0.02369,  -0.04010,  -0.05816,   0.06164,  -0.03026,   0.06000,   0.04851,   0.06000,   0.02226,  -0.01713,   0.00913,  -0.01877,   0.02882,   0.03374,  -0.06964,   0.02390,   0.04195,  -0.00400,  -0.00892,  -0.06472,  -0.07293,   0.02226,  -0.00072,   0.07641,  -0.00564,  -0.00892,   0.00092,   0.01897,   0.03703,  -0.02041,   0.01569,  -0.00400,  -0.01877,   0.09118,   0.03703,   0.06492,  -0.00400,   0.08462,   0.02882,   0.02062,   0.05016,   0.06328,  -0.02862,  -0.01221,   0.01897,  -0.06472,   0.04359,   0.07313,   0.03374,  -0.02698,  -0.01877,   0.01241,   0.04359,   0.01405,  -0.00728,  -0.00564,  -0.03846,  -0.05816,  -0.02369,   0.06492,   0.00585,  -0.02041,  -0.04503,   0.01897,   0.04359,   0.08790,   0.03703,   0.05508,   0.11252,  -0.02698,   0.00420,  -0.00564,   0.00092,   0.04031,  -0.01713,  -0.02533,   0.01897,  -0.03026,  -0.06308,  -0.00728,  -0.05652,  -0.01221,   0.01733,   0.06985,  -0.01056,  -0.00728,   0.00092,  -0.03026,  -0.01221,  -0.03354,   0.00585,   0.00256,  -0.04010,   0.04031,  -0.00728,  -0.02205,  -0.09262,  -0.01385,  -0.01549,   0.03374,  -0.00400,  -0.10411,   0.01405,   0.01405,  -0.04503,  -0.03354,   0.02554,  -0.06144,  -0.07457,  -0.00072,  -0.07785,  -0.07129,   0.01241,   0.03867,  -0.04503,  -0.03190,  -0.04339,  -0.06472,   0.00256,   0.01733,   0.08626,   0.02062,   0.00256,   0.00256,   0.08954,   0.04687,  -0.04010,   0.03867,   0.03374,  -0.04995,  -0.01549,   0.00256,   0.00913,  -0.00564,   0.07805,   0.05180,   0.01897,  -0.05323,  -0.02533,   0.02226,   0.03210,  -0.03682,   0.05508,  -0.04010,   0.06328,  -0.00892,   0.03210,   0.03867,  -0.02205,  -0.01549,  -0.00892,  -0.01056,  -0.01877,  -0.06308,  -0.03190,  -0.01221,  -0.04667,  -0.00892,   0.02390,  -0.04339,   0.09939,  -0.00400,  -0.03026,  -0.01056,   0.05344,  -0.01221,  -0.05980,  -0.00564,  -0.04667,   0.07969,   0.02554,   0.02062,  -0.03846,   0.01405,  -0.01221,  -0.02698,  -0.01221,  -0.08113,   0.05180,  -0.15826,  -0.00564,   0.02226,   0.02554,  -0.02041,  -0.04995,  -0.00236,   0.05836,   0.04851,   0.07149,  -0.02041,   0.00256,  -0.07457,  -0.08113,  -0.02041,   0.03046,   0.02390,  -0.06636,   0.07969,   0.01733,   0.04851,   0.02390,   0.05836,   0.04687,   0.00420,   0.00256,   0.00256,  -0.05159,   0.06000,   0.02882,  -0.02205,   0.09446,  -0.04503,   0.04195,   0.03539,  -0.04010,  -0.00728,  -0.00236,   0.04687,  -0.01713,  -0.03026,  -0.03846,  -0.00728,   0.00256,  -0.01549,   0.06000,  -0.02041,   0.01733,  -0.01549,   0.00256,  -0.00728,   0.01897,   0.00420,   0.01733,   0.03703,   0.03374,  -0.04010,  -0.00892,  -0.08441,   0.03046,  -0.02862,   0.04031,  -0.05980,   0.03374,  -0.03682,   0.07641,  -0.01713,  -0.02369,   0.00585,  -0.01713,  -0.05323,   0.02062,   0.00585,   0.02718,   0.07477,   0.01733,  -0.05159,   0.02062,  -0.01549,  -0.05487,  -0.06308,   0.03539,   0.01897,  -0.00400,  -0.03518,   0.00256,  -0.01385,  -0.01385,  -0.02533,   0.03703,  -0.04831,  -0.09918,  -0.00892,   0.03046,   0.01569,  -0.00564,  -0.00892,  -0.00236,   0.04195,   0.03539,  -0.02205,   0.10923,   0.09282,  -0.07785,   0.03374,   0.02062,   0.01897,  -0.03846,   0.01733,  -0.05652,  -0.00236,   0.02882,   0.09282,   0.08626,  -0.00236,   0.09939,   0.04031,  -0.03846,  -0.01877,  -0.01549,  -0.03682,  -0.02533,   0.01897,   0.05016,   0.00585,   0.02062,  -0.09918,  -0.02369,  -0.05487,   0.01241,   0.03703,  -0.05652,  -0.07785,  -0.01713,  -0.03354,  -0.02698,  -0.00400,   0.02390,  -0.00728,   0.01733,   0.02882,  -0.00892,   0.04687,  -0.00892,  -0.00728,  -0.02862,  -0.05652,  -0.01056,   0.04359,  -0.02205,  -0.04995,  -0.03354,  -0.00400,  -0.04010,   0.00913,   0.00420,   0.00585,   0.04359,   0.06985,  -0.02369,   0.02882,  -0.00564,  -0.00236,  -0.02533,   0.01733,   0.01241,  -0.03846,   0.00092,  -0.07621,   0.01569,  -0.00236,   0.01405,  -0.00236,   0.06000,   0.01733,   0.12400,  -0.06308,   0.03210,   0.00256,   0.01733,   0.01077,  -0.03026,   0.03210,   0.00585,  -0.08441,   0.00092,   0.04195,   0.05672,   0.02882,  -0.05980,   0.04031,   0.10103,  -0.01056,  -0.03518,  -0.02698,   0.08954,  -0.04010,   0.04523,   0.03046,  -0.02533,  -0.05980,  -0.00892,  -0.01713,  -0.04995,  -0.02205,  -0.00892,  -0.12052,   0.00913,  -0.04667,  -0.00892,  -0.04667,  -0.02369,   0.03703,   0.00913,  -0.04503,   0.03867,  -0.03026,   0.11252,   0.04851,   0.01733,  -0.03026,  -0.00400,   0.02554,   0.07969,   0.00585,  -0.06964,  -0.02862,   0.01241,   0.04031,   0.05344,  -0.02041,   0.01897,   0.07313,  -0.04667,  -0.00728,  -0.07129,   0.00420,   0.00585,   0.01077,  -0.06472,  -0.04503,  -0.02698,  -0.02369,  -0.04339,  -0.05652,  -0.04339,   0.01405,   0.02718,  -0.05159,  -0.05323,   0.01897,   0.03374,   0.08462,  -0.06964,   0.02554,  -0.02041,  -0.03026,  -0.00072,  -0.02862,  -0.03026,  -0.02041,  -0.08441,   0.03539,  -0.02698,  -0.01221,  -0.01056,   0.01569,   0.01569,  -0.01713,  -0.07621,   0.07477,  -0.00892,   0.00092,  -0.00728,   0.06000,   0.04031,  -0.01385,  -0.02862,  -0.05159,   0.02718,  -0.05487,   0.01405,   0.01077,  -0.01713,  -0.04175,   0.00585,  -0.04667,  -0.04503,   0.05508,   0.04359,   0.00585,  -0.00892,  -0.03190,  -0.00564,   0.07477,   0.03046,   0.09118,  -0.03682,   0.04851,  -0.03518,   0.03539,  -0.02041,   0.05508,   0.06985,  -0.11067,  -0.02862,   0.04031,   0.05508,  -0.04831,   0.01569,   0.03703,  -0.00564,  -0.03846,   0.04195,  -0.03190,  -0.01221,   0.07149,   0.03210,   0.01077,   0.03374,  -0.01056,   0.01241,  -0.02205,   0.03210,   0.00092,  -0.00236,  -0.05487,   0.02062,   0.02554,   0.00256,   0.01077,  -0.02698,  -0.02533,  -0.06144,  -0.01877,  -0.00728,  -0.03682,  -0.02533,  -0.06472,   0.01077,   0.10923,   0.07149,   0.00913,   0.00256,   0.03867,   0.03539,  -0.01385,  -0.00236,   0.02390,   0.08298,  -0.00564,  -0.02862,   0.00256,  -0.03846,   0.01405,  -0.04995,   0.03867,   0.06164,  -0.02041,  -0.04010,   0.02882,   0.01405,  -0.01877,   0.03703,  -0.03682,   0.00913,   0.06164,   0.00585,  -0.00236,  -0.00892,  -0.07785,  -0.07457,   0.05508,  -0.04175,   0.02718,   0.03374,  -0.00728,  -0.03518,   0.01077,   0.08462,   0.01241,   0.00420,  -0.03354,   0.05672,   0.00913,   0.01897,  -0.02533,   0.04687,   0.04031,  -0.00892,  -0.03518,  -0.03682,  -0.01549,   0.02390,   0.03867,  -0.09426,   0.07149,   0.00420,   0.03210,  -0.08441,   0.00420,  -0.02862,   0.06492,  -0.06472,   0.01077,  -0.06472,   0.06164,  -0.00564,   0.05180,  -0.07293,  -0.01385,   0.01405,  -0.00564,   0.06000,  -0.01221,   0.03539,  -0.04175,  -0.04010,   0.06000,  -0.05487,  -0.00564,  -0.04831,   0.02554,  -0.01385,   0.02062,   0.02062,  -0.00072,   0.01405,   0.00256,   0.03703,   0.02554,  -0.03026,   0.03046,   0.00585,  -0.04503,  -0.03518,   0.05180,   0.00420,   0.01077,   0.05672,   0.01733,   0.05180,  -0.01549,  -0.01221,   0.01241,  -0.05323,   0.03703,  -0.01877,  -0.01221,  -0.05487,  -0.06308,   0.02554,   0.05180,  -0.03846,   0.01077,   0.01077,  -0.00892,  -0.02369,   0.04031,  -0.03846,  -0.07293,   0.01569,   0.02554,  -0.03354,  -0.02533,   0.01897,   0.06000,   0.00749,   0.04523,   0.01733,  -0.02533,  -0.03190,  -0.04667,   0.01733,  -0.01385,   0.05836,  -0.06800,  -0.02205,  -0.01549,  -0.01713,   0.10431,   0.03703,   0.04687,  -0.02533,  -0.00728,   0.00749,   0.04359,   0.05672,   0.05180,   0.09446,  -0.01056,   0.05508,   0.03046,   0.03539,  -0.03026,   0.02718,   0.00749,  -0.12544,   0.05836,   0.04687,  -0.02369,   0.01569,  -0.02698,   0.02554,  -0.00892,  -0.08277,  -0.07293,  -0.04339,  -0.03354,   0.06000,  -0.00400,  -0.00728,   0.06821,   0.00092,   0.03703,  -0.06144,   0.04031,   0.01077,  -0.03190,   0.02062,   0.04687,  -0.00400,   0.00092,   0.04031,   0.02554,   0.01241,   0.02062,   0.00256,  -0.00400,  -0.06636,   0.04687,   0.00256,  -0.00072,  -0.03026,  -0.01056,   0.10431,  -0.02698,   0.01241,  -0.03518,  -0.05816,  -0.01713,  -0.02205,  -0.00892,   0.02390,  -0.01221,   0.00420,  -0.03682,  -0.02041,   0.00420,   0.04687,   0.02882,  -0.01056,  -0.01056,  -0.06308,  -0.03518,   0.02554,   0.02390,  -0.05487,  -0.01549,  -0.01385,   0.03867,  -0.00892,  -0.01713,  -0.03846,  -0.02205,  -0.00236,  -0.00236,  -0.07785,  -0.00892,   0.00420,  -0.04831,  -0.01549,  -0.03518,   0.03867,   0.00092,  -0.02698,   0.00420,   0.00420,  -0.01877,  -0.09590,   0.03867,  -0.05487,   0.00092,  -0.06800,  -0.01221,   0.06985,  -0.06472,  -0.00728,  -0.02533,   0.02062,   0.03046,  -0.03846,   0.04195,  -0.04010,  -0.00400,  -0.00400,  -0.01221,  -0.03682,   0.00585,  -0.01877,  -0.03190,   0.03703,   0.09118,   0.00256,   0.06000,  -0.07457,  -0.06800,   0.00585,   0.00420,   0.05672,  -0.01713,  -0.05980,   0.00420,   0.04031,   0.03210,  -0.01713,  -0.04667,   0.07149,  -0.00728,   0.03210,   0.01897,  -0.01549,  -0.02533,  -0.00892,  -0.04831,   0.01569,   0.00585,   0.02554,   0.06492,   0.07477,   0.02062,   0.00913,   0.03539,  -0.03682,  -0.00072,  -0.03682,   0.01405,  -0.03354,  -0.03190,   0.00749,   0.07805,  -0.04667,  -0.02698,  -0.01385,   0.05836,  -0.01549,  -0.05816,  -0.03190,  -0.03518,   0.09118,   0.02226,   0.10431,  -0.03026,  -0.04831,  -0.01385,  -0.04667,  -0.01221,   0.01241,   0.00749,   0.00092,  -0.08277,   0.08134,   0.06657,  -0.01549,  -0.02205,   0.01897,  -0.02369,   0.01077,   0.01077,  -0.03518,  -0.02369,   0.01077,   0.04359,   0.02554,   0.00420,   0.06657,  -0.06472,   0.00749,   0.03539,   0.06328,  -0.04503,  -0.06800,   0.09118,  -0.07949,   0.04031,   0.01077,   0.10759,  -0.01713,   0.00092,  -0.03026,  -0.07457,  -0.02698,  -0.02369,  -0.04339,   0.04851,  -0.04831,   0.04687,  -0.02533,   0.07313,  -0.03846,  -0.04503,   0.03539,  -0.03682,   0.06000,   0.00749,  -0.00072,   0.05508,   0.04523,   0.05180,   0.06821,   0.03046,   0.07641,   0.03539,  -0.05487,  -0.06964,  -0.06308,   0.00585,  -0.01385,  -0.00072,  -0.07129,   0.01733,   0.01241,  -0.05487,  -0.00892,   0.04687,   0.05016,   0.02226,  -0.00072,  -0.02205,   0.01897,   0.05016,   0.08954,   0.05508,   0.01077,   0.06985,   0.03210,   0.06492,   0.05836,  -0.00072,  -0.07785,   0.00256,  -0.04010,  -0.00728,  -0.03682,  -0.03518,   0.01897,   0.01405,  -0.07457,   0.01241,  -0.04831,   0.03210,   0.03867,  -0.04831,   0.03210,   0.01405,   0.04687,   0.00585,  -0.03026,   0.08790,   0.09446,   0.00420,  -0.04339,   0.07313,   0.04851,   0.01241,   0.00585,   0.03703,   0.00913,   0.03867,   0.02718,   0.08134,  -0.00400,  -0.03682,  -0.07457,   0.05344,  -0.02533,  -0.04503,  -0.03682,  -0.04503,   0.05508,   0.00913,   0.01569,  -0.06964,   0.04195,  -0.02533,  -0.04175,  -0.01877,   0.00913,  -0.01877,   0.04031,  -0.00236,  -0.06144,   0.02390,  -0.06144,   0.05016,   0.09446,   0.07149,  -0.04995,   0.00585,  -0.01713,  -0.09426,  -0.02862,  -0.04995,   0.00092,  -0.01713,  -0.04667,  -0.01877,  -0.06636,   0.01077
  -0.03682,  -0.08605,   0.04523,   0.00913,   0.01897,  -0.00728,   0.08462,  -0.04339,   0.04687,  -0.07457,  -0.00564,   0.01733,  -0.00892,   0.04523,   0.02718,  -0.00072,   0.00092,  -0.06472,   0.00749,   0.03210,   0.02062,   0.03374,   0.01733,  -0.00564,  -0.04339,   0.00420,   0.04687,  -0.01385,  -0.03190,  -0.04667,  -0.03846,  -0.00072,   0.04523,  -0.00564,  -0.03190,  -0.07621,  -0.04175,  -0.04667,   0.00585,   0.03374,   0.02390,   0.01897,   0.01733,  -0.05980,   0.00585,  -0.08605,  -0.01385,   0.00092,  -0.00236,  -0.01549,   0.02062,   0.01897,   0.02226,   0.05836,   0.00420,  -0.03190,   0.03210,  -0.04831,  -0.01221,   0.00913,   0.07477,   0.03539,  -0.00564,  -0.00728,   0.04851,  -0.06800,   0.05180,  -0.00892,   0.05016,  -0.02698,   0.05508,  -0.00728,  -0.02041,  -0.04667,   0.00092,  -0.00072,  -0.01221,  -0.05652,  -0.00400,   0.03210,   0.05180,   0.02226,  -0.04503,  -0.05816,  -0.00400,  -0.08113,   0.01733,   0.00749,   0.01405,  -0.00564,   0.02718,   0.04523,   0.02390,  -0.04667,   0.05344,   0.04687,  -0.01385,   0.02390,   0.02554,   0.00585,  -0.05323,  -0.02698,  -0.04995,   0.03539,   0.03703,   0.00420,   0.04687,  -0.00400,   0.05672,  -0.05652,   0.01733,  -0.02205,   0.00585,   0.05508,  -0.01877,  -0.01385,   0.03046,   0.03210,  -0.02041,  -0.00728,  -0.01549,  -0.01221,   0.01569,  -0.04010,   0.01897,  -0.00400,   0.04687,  -0.08770,  -0.02862,   0.03539,  -0.02533,  -0.03846,   0.00420,   0.00420,   0.01569,   0.04195,  -0.01713,  -0.03026,  -0.02041,   0.02062,  -0.05159,   0.06000,   0.03867,  -0.00236,  -0.03354,   0.01241,   0.06328,  -0.03026,  -0.05159,  -0.04010,   0.00749,   0.05508,   0.00913,   0.05016,  -0.00072,  -0.04667,   0.03374,   0.09775,  -0.06472,  -0.06636,   0.06492,  -0.06308,  -0.03026,   0.00749,  -0.05323,   0.05672,  -0.00892,  -0.00236,   0.00585,   0.08626,   0.04851,  -0.08934,  -0.03682,   0.06657,  -0.04667,  -0.02041,  -0.04175,  -0.03026,  -0.00564,   0.01241,   0.01405,  -0.01056,  -0.02862,  -0.06636,  -0.04175,  -0.06800,  -0.05487,  -0.03190,  -0.03026,   0.03539,  -0.01385,  -0.04175,  -0.02041,   0.01897,  -0.02533,  -0.02041,   0.04359,  -0.04503,  -0.05652,   0.02882,   0.04359,   0.04359,   0.06657,  -0.00892,  -0.03682,  -0.01713,  -0.05652,  -0.01549,  -0.00892,   0.01241,   0.02226,   0.03703,   0.04851,  -0.04995,  -0.01385,  -0.06636,  -0.09918,  -0.07129,  -0.01221,  -0.00728,   0.07477,   0.05344,  -0.01385,   0.03703,   0.06328,   0.06164,   0.00585,   0.04031,  -0.08113,   0.05672,   0.03703,  -0.00728,  -0.03190,  -0.01549,  -0.04831,   0.02062,  -0.01713,  -0.03190,  -0.04667,   0.03210,  -0.08441,  -0.04667,   0.07641,  -0.04503,   0.06985,   0.00749,  -0.03682,  -0.02862,   0.02062,  -0.03190,   0.02882,  -0.02041,   0.05016,   0.01241,  -0.00892,   0.01241,  -0.04010,  -0.00072,   0.06328,   0.05180,  -0.03682,  -0.07129,  -0.00892,   0.00092,   0.03539,  -0.06636,   0.02226,  -0.01713,   0.01241,   0.00420,   0.00092,  -0.01549,  -0.04503,  -0.02533,   0.04031,   0.03374,   0.00749,   0.03210,   0.03046,  -0.04175,   0.03867,   0.08790,   0.00256,  -0.01877,   0.01733,   0.02062,   0.00913,  -0.03190,  -0.00892,  -0.03682,   0.02718,  -0.01056,   0.04195,   0.05016,  -0.02205,   0.00420,   0.04031,  -0.01056,   0.02554,   0.07969,  -0.01713,  -0.05816,  -0.09262,  -0.03682,  -0.04010,  -0.03518,  -0.08605,   0.01733,   0.03703,  -0.05487,   0.00256,  -0.04667,  -0.04995,  -0.04995,   0.00585,   0.03210,  -0.01056,   0.01733,   0.03703,   0.02390,  -0.00892,   0.00092,  -0.01056,  -0.03354,   0.03867,  -0.02698,   0.04359,  -0.03846,   0.02882,   0.13385,   0.00585,  -0.00236,  -0.05816,  -0.00564,   0.01569,  -0.04831,  -0.02041,   0.06328,   0.03867,  -0.05323,  -0.07949,  -0.06144,   0.03046,  -0.05487,   0.00420,  -0.02698,   0.03867,  -0.01877,   0.01405,   0.03703,  -0.00072,   0.07805,   0.01569,  -0.01056,  -0.02862,   0.04359,  -0.04175,  -0.03682,   0.11580,  -0.00728,   0.06821,  -0.04831,  -0.01877,  -0.11067,   0.02718,   0.03046,   0.00749,   0.06164,  -0.01877,   0.00913,   0.04359,   0.01241,   0.01733,  -0.01385,   0.02554,  -0.02205,  -0.00892,  -0.01877,   0.09282,   0.03539,   0.00585,   0.01569,   0.04359,   0.00913,  -0.07129,  -0.01877,   0.03046,   0.07477,  -0.04831,  -0.00892,   0.04523,  -0.02041,  -0.10575,   0.00913,   0.01569,  -0.02205,  -0.01877,  -0.05816,  -0.02698,  -0.00892,  -0.01549,  -0.01713,   0.08462,  -0.06964,  -0.02698,   0.05016,  -0.02533,   0.02882,   0.01241,   0.04359,   0.01733,  -0.05323,  -0.02533,  -0.05816,   0.03703,   0.05672,   0.04359,  -0.00072,  -0.03190,  -0.02205,   0.01405,   0.04031,   0.04359,   0.01897,   0.01405,   0.03046,   0.06985,  -0.05980,   0.06328,   0.02718,  -0.05323,   0.06328,   0.00420,   0.00913,   0.02062,  -0.00564,  -0.04010,   0.03210,   0.00092,  -0.06636,   0.03210,  -0.02698,  -0.04831,  -0.02205,   0.01077,   0.00256,  -0.00892,  -0.01056,   0.09118,  -0.04995,   0.04195,   0.06492,  -0.05980,  -0.00072,   0.02226,  -0.06308,   0.04359,   0.06821,  -0.00564,   0.02062,  -0.04010,  -0.04667,  -0.01385,   0.01569,   0.04359,  -0.01221,  -0.03682,  -0.00728,  -0.00236,  -0.02862,  -0.02533,  -0.01549,   0.02718,   0.05344,  -0.02041,  -0.02041,  -0.05652,  -0.04503,  -0.00892,  -0.03026,  -0.02369,   0.00749,  -0.01385,  -0.03026,  -0.03518,  -0.02369,  -0.03354,   0.02390,  -0.07621,  -0.01056,   0.03046,   0.00256,  -0.06636,   0.05180,  -0.06636,  -0.03682,  -0.04831,  -0.08770,  -0.04339,   0.05016,   0.02554,   0.03374,   0.01733,   0.00749,   0.13221,  -0.08277,   0.07313,   0.02062,   0.00749,   0.00749,  -0.02698,   0.06328,   0.04359,  -0.02698,   0.00420,  -0.05159,  -0.05323,  -0.03026,   0.01733,   0.04359,  -0.02041,   0.08462,   0.02882,  -0.01221,   0.05016,  -0.00892,   0.01405,  -0.02041,   0.02554,   0.02882,  -0.03846,  -0.05159,  -0.00400,  -0.01549,   0.00092,   0.01897,  -0.04503,   0.05836,   0.02882,  -0.02041,  -0.02041,  -0.00892,   0.05672,  -0.00564,  -0.03518,   0.05672,   0.06000,  -0.02205,   0.01405,  -0.00236,  -0.04175,   0.03867,   0.01241,  -0.00400,   0.01569,   0.02226,   0.02390,   0.02554,   0.04851,  -0.02205,   0.04031,  -0.05159,  -0.01221,   0.02226,  -0.05487,   0.06000,  -0.04339,  -0.03026,   0.01569,  -0.04175,  -0.00400,  -0.00072,  -0.06636,   0.05016,  -0.05652,   0.08134,  -0.11395,  -0.04995,  -0.02369,  -0.00072,  -0.01549,  -0.02698,  -0.02041,  -0.03518,   0.06821,   0.02554,  -0.03026,   0.03703,   0.03703,  -0.00892,  -0.02205,   0.00420,   0.04031,  -0.05980,  -0.02205,   0.03210,  -0.10247,   0.04687,  -0.01713,   0.00256,   0.06492,  -0.02698,   0.01897,  -0.03682,  -0.02862,  -0.09098,   0.02554,   0.01897,  -0.00564,  -0.03846,  -0.02862,  -0.02041,   0.01733,  -0.00400,  -0.03354,   0.00585,   0.06164,  -0.02041,   0.02226,  -0.06636,   0.00913,   0.04031,   0.03374,  -0.02041,   0.10431,   0.01733,   0.06492,  -0.02862,  -0.03518,   0.00092,   0.01077,   0.05016,  -0.04503,   0.05836,   0.01897,   0.00749,   0.03539,   0.01569,  -0.04339,  -0.02041,  -0.02041,  -0.02041,  -0.06144,  -0.03846,  -0.00892,  -0.09754,   0.02062,   0.01241,  -0.00564,  -0.05652,   0.04195,   0.01897,   0.03539,  -0.06964,  -0.01056,  -0.04667,   0.02718,  -0.00564,   0.05836,  -0.01221,  -0.00892,   0.08790,   0.03210,   0.01241,   0.00420,   0.02882,   0.03374,   0.00256,  -0.00564,  -0.00728,   0.03703,  -0.00564,  -0.05159,   0.00092,   0.10759,   0.00420,  -0.02533,   0.08134,  -0.03026,  -0.01877,  -0.04831,   0.02226,  -0.02698,   0.00092,  -0.00728,  -0.01713,  -0.03190,  -0.00892,   0.03539,  -0.05323,   0.00420,   0.00092,  -0.03190,   0.05016,   0.04031,  -0.08277,  -0.01713,  -0.02369,  -0.03846,   0.04359,  -0.01385,  -0.00564,  -0.02533,   0.00749,  -0.08605,   0.00913,  -0.07129,  -0.02205,  -0.01056,  -0.02369,  -0.02698,   0.04687,  -0.02533,  -0.03846,  -0.08113,   0.05180,   0.01405,  -0.05487,  -0.10247,   0.01897,   0.02226,   0.06492,   0.06492,   0.02882,  -0.02698,  -0.02205,   0.05180,  -0.04175,   0.05836,  -0.03026,   0.07641,  -0.01385,   0.03210,   0.06000,  -0.06308,   0.03210,  -0.01221,   0.04195,   0.03374,  -0.00728,   0.03210,   0.02226,   0.04523,  -0.01056,  -0.03518,   0.03210,  -0.03354,   0.00092,  -0.01877,   0.06000,   0.00092,  -0.02369,   0.02554,   0.01077,   0.00420,   0.05016,   0.01569,  -0.05652,   0.08626,   0.02882,   0.07641,  -0.04175,   0.05180,   0.01569,   0.03210,  -0.02205,   0.03539,   0.03703,   0.03046,  -0.01549,  -0.02205,   0.00092,   0.06657,  -0.01221,   0.08790,  -0.01713,  -0.02698,  -0.06800,  -0.05816,   0.03703,  -0.05159,   0.07149,   0.10923,  -0.00892,  -0.06472,  -0.04831,   0.02226,   0.00256,   0.01241,  -0.01221,  -0.03518,  -0.07293,   0.03703,  -0.05159,  -0.01385,  -0.06144,  -0.03682,  -0.00400,   0.01733,  -0.03026,   0.03703,   0.01405,   0.01733,  -0.01056,   0.01241,  -0.04010,  -0.02698,  -0.05652,   0.02718,   0.00749,   0.01733,   0.04195,   0.03703,   0.01733,  -0.02369,  -0.00400,   0.01569,  -0.00400,   0.00749,  -0.00236,  -0.00564,  -0.00892,   0.04523,   0.00913,  -0.01221,   0.07477,   0.04195,  -0.06964,  -0.00236,  -0.04503,   0.00913,   0.07805,   0.05016,   0.09611,  -0.02369,   0.03210,  -0.05323,  -0.00236,   0.03210,  -0.10903,  -0.02533,   0.02062,  -0.00564,   0.00256,  -0.07457,  -0.08934,   0.04851,  -0.05159,   0.02554,   0.02554,  -0.03846,  -0.02041,   0.09775,  -0.03354,  -0.05487,  -0.07293,  -0.04667,   0.00749,  -0.01877,  -0.01713,   0.02554,   0.03703,   0.00749,  -0.03026,  -0.02698,   0.03867,   0.02062,  -0.01221,  -0.04995,  -0.02698,   0.00749,  -0.00728,  -0.01221,   0.01077,   0.03703,  -0.00400,   0.00256,  -0.05980,  -0.01385,   0.00092,  -0.02533,   0.01733,   0.06492,   0.01897,  -0.00728,   0.00420,  -0.02369,   0.03539,  -0.04995,   0.02062,   0.00913,   0.12236,   0.04851,  -0.04010,  -0.03026,  -0.03026,   0.00092,   0.00092,   0.04523,   0.00420,   0.00256,   0.02718,   0.04359,   0.06985,  -0.01713,   0.03539,  -0.04831,   0.00420,   0.04851,  -0.05652,   0.02718,  -0.00236,  -0.06308,  -0.00892,   0.00092,  -0.06308,   0.06492,   0.01241,  -0.00072,   0.02226,  -0.00564,   0.06657,  -0.07949,   0.03867,   0.00585,  -0.01713,  -0.10247,  -0.02369,   0.02554,   0.02882,  -0.02205,   0.00092,  -0.05980,  -0.00072,   0.03703,   0.00420,   0.13057,   0.04031,   0.03539,  -0.03846,   0.02718,   0.04687,   0.02062,  -0.00892,   0.04031,  -0.04339,  -0.00400,  -0.00564,  -0.02205,   0.00256,   0.03703,  -0.02533,  -0.03190,   0.00913,  -0.02205,  -0.05652,   0.05016,  -0.03682,   0.03210,   0.02718,  -0.03846,   0.07313,   0.06492,   0.00420,   0.03867,   0.00092,  -0.00072,   0.04359,  -0.04010,  -0.05487,   0.01077,   0.02062,   0.01405,  -0.02205,   0.00913,   0.07313,   0.05508,  -0.05816,   0.04195,  -0.02369,   0.05344,   0.01733,  -0.02205,   0.02062,  -0.02698,   0.00585,   0.02390,   0.04195,   0.02390,   0.02390,  -0.01221,   0.00749,   0.02718,  -0.00236,   0.00585,   0.00256,   0.02390,   0.04195,   0.03867,  -0.00564,   0.02882,  -0.04831,   0.00092,  -0.05652,  -0.00564,   0.08462,   0.03867,   0.00585,   0.03046,  -0.13857,  -0.01549,  -0.01385,   0.01077,  -0.00236,  -0.03846,   0.07641,   0.04523,   0.02554,  -0.04503,  -0.01877,  -0.04010,   0.00256,  -0.04667,  -0.00564
  -0.00400,  -0.03682,   0.01077,  -0.05487,   0.01897,   0.02226,  -0.00564,   0.03046,   0.00913,   0.02554,   0.03867,  -0.07949,   0.09446,   0.03210,   0.01897,  -0.02369,   0.00420,   0.00913,   0.02718,   0.01569,  -0.02041,   0.04687,   0.03539,   0.01241,   0.01733,  -0.06144,  -0.02862,  -0.01549,  -0.01385,   0.07641,   0.03703,  -0.00236,  -0.01385,  -0.04995,  -0.00892,   0.00092,   0.00913,  -0.00892,   0.04523,   0.08462,  -0.00400,   0.01241,   0.02390,  -0.00236,   0.04523,   0.01569,   0.00420,  -0.03682,   0.01077,  -0.02205,   0.03867,  -0.04667,  -0.01877,   0.01405,  -0.01056,  -0.05652,  -0.01549,  -0.07621,  -0.05487,   0.00585,  -0.04339,  -0.04503,   0.02718,  -0.02205,  -0.01056,  -0.00728,   0.00092,  -0.06800,   0.06000,  -0.04831,  -0.00072,   0.04359,  -0.01549,   0.06821,   0.06000,   0.00256,  -0.01549,  -0.03518,   0.03539,   0.03539,   0.00913,  -0.02205,  -0.02041,   0.01241,   0.06328,   0.05836,   0.04031,   0.09939,  -0.01221,   0.04195,   0.00092,  -0.00400,   0.02390,   0.03374,   0.06821,   0.02718,   0.05508,  -0.02369,   0.08134,  -0.06472,   0.01241,   0.01897,   0.04687,   0.01077,  -0.04995,   0.04687,  -0.00400,   0.05016,   0.03210,   0.02062,   0.06000,  -0.10247,   0.00256,  -0.05816,   0.00585,   0.05016,  -0.02041,  -0.03354,  -0.05159,  -0.07621,  -0.01877,  -0.03682,  -0.06308,   0.11088,  -0.01221,  -0.02698,  -0.01713,   0.03703,  -0.05816,  -0.02862,   0.06328,  -0.01056,   0.02718,  -0.01877,   0.03210,  -0.02369,  -0.07949,   0.00749,   0.00913,  -0.03026,   0.00913,   0.01733,  -0.04010,  -0.00892,  -0.04667,  -0.04010,  -0.00072,  -0.00236,   0.07313,  -0.06144,   0.00092,  -0.03026,  -0.04339,   0.00256,  -0.02369,  -0.03190,  -0.00236,   0.03046,  -0.05323,  -0.04667,  -0.02862,  -0.04831,  -0.00892,   0.01569,  -0.02041,   0.01405,  -0.01713,  -0.01713,   0.04687,   0.00913,  -0.04175,  -0.02698,  -0.05487,   0.01733,  -0.05816,   0.01897,   0.09446,  -0.03682,  -0.02369,  -0.06964,   0.01733,  -0.02205,   0.05836,  -0.04995,   0.01569,  -0.02369,  -0.00400,   0.02554,  -0.03682,  -0.01877,  -0.01713,   0.03210,  -0.07293,   0.07313,   0.09446,   0.02390,  -0.06308,  -0.03354,   0.03539,  -0.00072,   0.05836,   0.02390,  -0.04831,   0.01569,  -0.05487,  -0.05652,  -0.00236,   0.00256,  -0.01385,  -0.05816,  -0.04667,   0.03374,  -0.05652,  -0.00892,  -0.05159,   0.03210,  -0.03682,  -0.00072,   0.02226,  -0.01713,  -0.02698,  -0.01221,   0.03374,  -0.05816,   0.03539,   0.00585,   0.06985,   0.02718,  -0.04339,  -0.06308,   0.00256,   0.02226,   0.03046,  -0.02698,   0.01241,  -0.04010,  -0.04339,   0.00913,   0.03703,  -0.05323,   0.08626,   0.02718,  -0.03518,   0.03867,  -0.03682,  -0.04339,  -0.01221,  -0.00728,   0.03867,  -0.02862,  -0.07457,   0.08298,   0.03210,   0.00420,  -0.05816,   0.02062,  -0.00892,  -0.00236,   0.04359,  -0.03846,   0.00092,   0.05016,   0.00256,   0.00585,   0.01733,  -0.02041,   0.05836,  -0.00564,   0.05508,  -0.00072,  -0.01713,  -0.09918,  -0.03518,  -0.04831,   0.01241,   0.06164,   0.06000,   0.02718,  -0.02369,   0.05180,   0.09118,  -0.01385,   0.00585,  -0.00072,   0.00092,   0.00585,   0.00092,   0.01733,  -0.00564,  -0.01056,   0.00913,   0.06164,   0.01077,   0.04195,   0.00420,   0.02882,  -0.04667,  -0.03846,   0.01897,   0.06657,   0.02718,  -0.02205,  -0.06144,   0.02554,  -0.04010,   0.04031,   0.02226,   0.05180,  -0.01056,  -0.09754,   0.01569,  -0.01056,   0.02882,  -0.08441,   0.03210,  -0.05652,   0.04687,   0.01077,  -0.00728,   0.02390,   0.03374,  -0.01385,  -0.00072,  -0.02041,   0.04523,   0.04687,   0.06000,  -0.00400,   0.08462,  -0.02862,   0.03374,   0.00256,  -0.05652,  -0.01877,  -0.05323,  -0.03354,  -0.00892,   0.01077,   0.02554,  -0.00236,  -0.08277,   0.06164,  -0.08770,   0.04359,   0.04687,   0.00420,   0.05672,   0.00749,  -0.00564,   0.00092,  -0.07129,   0.05344,   0.05672,  -0.02862,   0.04031,  -0.00728,   0.02226,   0.07477,   0.09446,   0.04687,  -0.09262,   0.03539,   0.04687,  -0.01385,   0.00256,   0.04851,  -0.06308,   0.02882,  -0.06144,   0.00092,  -0.03354,   0.04359,  -0.01549,   0.03539,   0.02718,  -0.04010,  -0.01056,   0.05672,  -0.06636,  -0.00072,  -0.00892,   0.00913,  -0.03190,  -0.01713,  -0.00400,  -0.03026,   0.07641,  -0.03190,   0.04523,   0.02882,   0.01077,  -0.00400,   0.05836,  -0.00728,   0.01077,   0.03867,   0.01405,  -0.00400,  -0.06472,   0.10431,   0.04359,   0.00256,   0.00749,   0.03046,   0.11908,   0.01241,   0.01241,   0.00420,  -0.03190,  -0.00400,  -0.02041,   0.01241,  -0.01385,  -0.03190,  -0.03026,  -0.01713,   0.04359,   0.06985,  -0.04831,  -0.05159,   0.06985,   0.04031,   0.03374,   0.05672,  -0.00236,   0.01733,   0.02390,   0.02718,  -0.00564,  -0.02205,  -0.03190,   0.00913,  -0.01877,  -0.03518,  -0.06308,  -0.04175,   0.06492,  -0.00728,   0.00749,   0.00585,  -0.02041,  -0.08113,   0.03703,   0.01733,   0.03867,  -0.01549,   0.00256,  -0.09754,   0.00913,  -0.04831,   0.01077,   0.05508,   0.01897,   0.02226,   0.03703,  -0.02205,  -0.00072,  -0.00564,   0.01405,  -0.00728,  -0.05323,  -0.06308,   0.04523,   0.05016,   0.08134,   0.07313,   0.03374,   0.02882,  -0.09262,   0.02882,   0.04523,   0.03539,  -0.00728,  -0.10575,  -0.01056,   0.03374,  -0.02369,  -0.02533,  -0.04503,   0.06492,  -0.04831,   0.00585,   0.01405,   0.01077,   0.10267,   0.04031,  -0.06308,   0.03867,   0.01405,  -0.02205,  -0.07457,   0.03046,   0.03539,   0.02554,   0.02226,  -0.06800,  -0.04175,   0.01077,   0.06657,   0.00749,  -0.00564,   0.06821,  -0.05980,  -0.00892,  -0.00236,   0.04031,   0.06328,   0.03374,  -0.04010,   0.03374,  -0.06800,  -0.03190,   0.03867,  -0.03026,   0.04195,   0.04195,  -0.05816,  -0.02205,  -0.00072,  -0.04010,  -0.02862,   0.01897,  -0.01221,  -0.03026,   0.06000,   0.02062,   0.02882,  -0.06144,   0.03867,   0.05672,  -0.01056,   0.00420,   0.01077,  -0.00564,  -0.03846,   0.03210,  -0.05159,   0.05344,   0.02226,  -0.00236,   0.02882,   0.00420,   0.00256,  -0.01221,   0.04031,  -0.01221,  -0.04503,  -0.02533,   0.01733,   0.00420,   0.02226,  -0.04667,   0.01241,  -0.05159,  -0.04339,  -0.08770,   0.06000,  -0.04667,   0.07969,  -0.05487,   0.00256,   0.09775,  -0.02862,  -0.03354,  -0.03354,  -0.01385,   0.01733,  -0.02698,   0.01077,  -0.02698,   0.02390,  -0.00728,  -0.02369,  -0.00400,   0.02226,  -0.04667,   0.03210,  -0.03190,  -0.05980,  -0.01713,   0.04195,  -0.00728,   0.00749,  -0.00892,  -0.00892,  -0.00236,   0.03867,  -0.00892,   0.05672,   0.01897,   0.00749,   0.03046,   0.00092,   0.05508,  -0.00892,   0.08626,   0.00913,   0.01077,   0.04523,  -0.01221,  -0.04831,  -0.02205,   0.01733,   0.06657,   0.01077,   0.07969,   0.03867,   0.00749,   0.00749,   0.06164,   0.03046,   0.00092,   0.01897,   0.07969,   0.02882,  -0.00236,  -0.01221,  -0.00400,   0.02062,   0.06000,   0.05672,  -0.01221,   0.07149,   0.02226,   0.03046,  -0.02698,   0.00585,  -0.01549,  -0.06800,   0.07149,   0.01733,  -0.01056,   0.06657,  -0.02205,   0.02062,  -0.03518,   0.05180,  -0.06144,   0.02226,   0.02226,   0.04359,  -0.03190,   0.03046,   0.05016,  -0.01713,   0.02226,  -0.02533,  -0.06800,  -0.08277,   0.00749,  -0.02862,   0.07313,   0.03867,   0.08626,  -0.09098,   0.04851,   0.02554,   0.10759,   0.02062,   0.06492,  -0.01877,   0.02882,   0.03703,   0.03867,   0.00256,  -0.05652,   0.03539,  -0.04339,   0.03046,  -0.07293,   0.00420,   0.04031,  -0.05159,   0.02718,   0.06492,   0.02062,  -0.03682,  -0.01056,   0.00749,  -0.07129,   0.00420,   0.02882,   0.06000,  -0.04339,  -0.09918,   0.00913,  -0.05487,  -0.04010,   0.04687,  -0.01713,   0.04359,  -0.01713,  -0.07293,   0.02882,   0.01241,  -0.05487,  -0.06472,   0.02882,   0.02062,   0.02390,   0.00256,   0.01241,  -0.05487,   0.03374,  -0.02205,   0.01897,   0.08462,   0.00749,  -0.07129,  -0.03518,   0.02718,  -0.03354,  -0.04995,  -0.02205,  -0.02862,  -0.01221,   0.00585,  -0.01221,   0.05836,  -0.01549,   0.02718,  -0.02369,   0.05344,   0.02718,   0.00585,   0.02390,   0.05016,  -0.03354,  -0.06800,   0.02062,  -0.01221,   0.00420,   0.04687,  -0.06472,   0.01405,  -0.03026,  -0.02369,  -0.05816,   0.01897,  -0.02369,  -0.02041,   0.01241,   0.04687,  -0.01549,   0.02718,  -0.02041,   0.03867,  -0.05323,   0.05508,   0.02554,   0.04031,   0.02882,  -0.06308,  -0.01877,   0.04195,  -0.06144,  -0.07293,  -0.06800,   0.03867,   0.02882,   0.00092,  -0.06636,  -0.03026,   0.02390,  -0.03190,   0.01733,   0.07969,  -0.00728,   0.07805,  -0.00564,  -0.02698,  -0.02041,  -0.04010,  -0.05652,  -0.05487,   0.00749,  -0.00072,  -0.01385,  -0.04010,   0.02226,   0.01077,  -0.04010,   0.02226,   0.00256,  -0.01877,   0.08790,  -0.05159,  -0.02205,  -0.00072,   0.02882,  -0.12708,  -0.04339,   0.07641,   0.01405,  -0.01221,   0.00749,   0.01405,  -0.04503,   0.03046,   0.03867,  -0.01877,   0.02718,  -0.01713,  -0.02041,   0.00749,  -0.06308,  -0.00072,   0.05508,   0.01569,   0.04687,  -0.10411,   0.04195,   0.05016,   0.01077,   0.03867,   0.07969,   0.07149,  -0.08277,   0.02390,  -0.04175,  -0.01877,   0.00749,   0.07805,  -0.01877,   0.05508,   0.00913,  -0.02533,  -0.01549,  -0.01056,  -0.04175,  -0.09590,   0.01241,  -0.04995,   0.02390,  -0.00236,   0.01241,   0.01897,  -0.01713,   0.01241,   0.04523,  -0.03190,   0.04031,  -0.02041,  -0.05980,   0.04523,  -0.01221,  -0.04010,  -0.05323,  -0.02862,  -0.08770,  -0.05323,   0.02882,   0.04359,  -0.05980,  -0.03026,   0.05672,  -0.01056,  -0.00400,   0.02226,  -0.04339,  -0.06964,   0.03703,  -0.04995,   0.03374,   0.01077,   0.00585,   0.04031,   0.02882,  -0.03190,  -0.05652,  -0.04175,   0.01897,  -0.07457,  -0.00236,   0.02390,   0.01897,   0.04031,  -0.00728,   0.07641,   0.03046,   0.00420,   0.01077,   0.02062,  -0.01385,   0.01405,  -0.07621,   0.10267,  -0.05159,  -0.03846,   0.02390,   0.02062,   0.04687,  -0.01221,   0.02882,   0.02226,  -0.05323,   0.03374,  -0.01221,  -0.04831,   0.00585,  -0.03026,   0.00913,  -0.00236,  -0.04339,  -0.03846,  -0.04503,  -0.04010,   0.00913,  -0.00072,   0.09446,  -0.03846,   0.06328,   0.03046,   0.02390,   0.06000,   0.01405,   0.06000,   0.02882,   0.00913,  -0.01385,  -0.01221,   0.05344,   0.00585,  -0.06144,   0.03703,  -0.06800,  -0.00892,   0.00256,  -0.01713,  -0.04995,  -0.00728,  -0.03354,  -0.04010,   0.03539,   0.01241,   0.04359,   0.03210,   0.03867,  -0.00728,  -0.02698,  -0.00236,  -0.03846,  -0.04831,  -0.02862,  -0.01877,  -0.06308,  -0.02205,   0.01733,  -0.05487,  -0.08441,   0.02554,   0.10103,  -0.00728,  -0.05323,   0.10759,  -0.04010,   0.03046,   0.06328,   0.02062,  -0.02862,   0.01241,   0.05016,  -0.08441,  -0.00564,   0.00585,  -0.03682,  -0.00400,   0.01569,   0.13057,  -0.00236,   0.00092,  -0.05980,  -0.00236,   0.03867,   0.01241,   0.03539,  -0.05652,   0.01077,   0.01241,   0.04851,  -0.06800,   0.08134,  -0.02698,   0.06821,  -0.02862,   0.00585,  -0.03354,  -0.08277,  -0.00728,  -0.04503,   0.00749,   0.02062,  -0.03518,   0.03703,  -0.01549,   0.05836,   0.08626,  -0.04667,   0.01569,   0.02718,   0.00420,  -0.06472,  -0.08113,   0.01569,   0.02882,   0.00420,   0.01077,   0.02226,   0.01733,  -0.05323,  -0.03846,  -0.00728,   0.06492,  -0.03518,   0.02390,   0.02226,  -0.06800,   0.03867,   0.06328,   0.00913,  -0.05159,   0.00913,   0.11088,   0.07969
  -0.04175,   0.02390,   0.00256,   0.01077,  -0.00564,  -0.00072,  -0.04831,  -0.02698,  -0.04831,   0.05016,  -0.05652,   0.01897,  -0.00400,  -0.01385,  -0.07293,   0.04523,  -0.04995,  -0.02369,  -0.01221,   0.01077,  -0.06472,  -0.03354,  -0.04010,   0.01077,  -0.03518,  -0.04503,   0.07313,   0.00749,   0.00913,   0.06000,   0.02390,  -0.03026,   0.08954,   0.02718,  -0.02533,   0.06000,   0.05344,   0.06492,  -0.04339,   0.01241,   0.13221,  -0.04010,   0.03867,   0.04523,  -0.02698,   0.00749,  -0.05652,   0.06492,   0.03539,  -0.06800,  -0.00564,  -0.02041,   0.04195,   0.00092,  -0.03026,   0.00749,  -0.06144,   0.01241,  -0.07621,   0.06985,   0.02390,  -0.01221,  -0.03518,  -0.01549,  -0.00728,  -0.02205,   0.06985,   0.02718,   0.01405,   0.00913,   0.04359,  -0.01385,   0.00749,  -0.05652,  -0.02533,   0.02718,   0.00092,  -0.01877,   0.03046,   0.04851,   0.00913,  -0.03518,  -0.02533,  -0.02698,  -0.04831,  -0.03846,  -0.00236,  -0.04667,  -0.04831,   0.08298,   0.05508,   0.07477,   0.02226,  -0.04010,   0.01405,  -0.02369,   0.02390,  -0.00564,   0.01077,  -0.03026,  -0.00236,   0.01405,  -0.04503,  -0.00892,  -0.02369,  -0.01549,  -0.01056,   0.00420,  -0.00400,   0.05344,   0.01733,   0.03210,   0.01241,  -0.00072,  -0.02041,  -0.01385,  -0.00564,   0.03210,  -0.01713,  -0.02698,   0.05508,   0.01241,   0.00256,   0.03703,  -0.01221,  -0.01385,   0.05836,   0.02226,  -0.01385,   0.03867,  -0.02862,  -0.05159,  -0.03846,   0.01405,  -0.03846,   0.02882,  -0.02205,   0.06000,  -0.09262,  -0.03354,   0.08134,  -0.01221,   0.01569,   0.03539,  -0.02041,  -0.07621,   0.05180,  -0.01221,   0.03703,   0.01241,  -0.00892,   0.00092,  -0.04995,   0.04687,  -0.02205,   0.05672,  -0.03026,   0.02390,   0.02062,   0.00585,  -0.08605,  -0.05487,  -0.06472,  -0.03026,  -0.02369,   0.02062,   0.01733,  -0.04339,  -0.02205,  -0.01056,  -0.00728,  -0.01385,  -0.06144,  -0.06144,   0.00585,  -0.00236,  -0.04175,  -0.00072,  -0.10411,  -0.03026,   0.00749,  -0.03682,  -0.04831,  -0.04175,  -0.08277,  -0.01056,  -0.01713,  -0.00892,   0.01241,   0.00585,   0.05508,  -0.02698,  -0.05652,  -0.02698,  -0.05816,   0.05344,  -0.05980,   0.00749,  -0.05159,   0.06657,  -0.00236,  -0.03682,   0.00420,  -0.02205,  -0.00072,  -0.03682,  -0.01385,  -0.04010,  -0.01056,   0.05508,   0.01077,   0.01569,  -0.01877,  -0.03846,   0.03539,  -0.01877,  -0.03026,   0.06328,  -0.02205,   0.01241,   0.01733,  -0.03518,   0.03374,  -0.00236,   0.04031,  -0.02862,  -0.01385,  -0.01713,  -0.01877,   0.00585,   0.03210,   0.03210,  -0.02041,  -0.01713,   0.00420,  -0.00400,  -0.00072,  -0.13036,  -0.04995,  -0.00400,  -0.01549,  -0.01877,   0.07641,  -0.05323,  -0.02698,  -0.00400,   0.01241,  -0.04503,  -0.01877,   0.03703,   0.03867,  -0.00072,   0.02718,   0.01077,   0.04031,  -0.01385,   0.01405,  -0.00072,   0.01241,  -0.05323,   0.06164,  -0.04010,  -0.04339,   0.04195,  -0.03518,  -0.04831,   0.00913,   0.06164,  -0.02369,   0.02554,   0.03046,   0.01733,   0.01569,   0.04851,  -0.03026,  -0.02205,   0.04359,   0.01241,   0.01569,  -0.02205,   0.01733,  -0.06472,  -0.01056,   0.05344,   0.07641,   0.04031,  -0.00236,   0.03867,  -0.03190,  -0.05652,  -0.04667,  -0.01877,   0.02226,   0.08134,  -0.00236,  -0.03354,   0.06657,   0.03867,   0.00092,  -0.02698,  -0.03518,   0.05016,   0.05016,  -0.01549,   0.01241,  -0.02533,  -0.01056,  -0.08113,  -0.02698,   0.02718,   0.00749,  -0.00892,   0.03046,  -0.01713,   0.02390,   0.01733,   0.07969,  -0.06636,   0.01733,   0.00749,  -0.00400,   0.02226,  -0.00564,   0.05016,  -0.07949,   0.02718,  -0.04339,   0.02554,  -0.05487,   0.00420,   0.00913,  -0.01877,  -0.02205,   0.05180,  -0.01549,  -0.00236,   0.01077,   0.01077,   0.02554,  -0.04831,  -0.01549,  -0.06636,  -0.02041,  -0.03682,  -0.01549,   0.05016,  -0.08441,  -0.02862,   0.01241,   0.05672,  -0.02369,   0.00749,  -0.03026,  -0.00400,   0.08298,  -0.04010,   0.07477,  -0.01056,  -0.05652,  -0.02041,  -0.05652,   0.02390,   0.03046,   0.00749,   0.01077,   0.02554,   0.02062,   0.01405,   0.02554,   0.03374,  -0.00728,   0.00585,  -0.01221,  -0.02533,  -0.00728,   0.04523,   0.06000,  -0.02698,  -0.00564,  -0.06472,   0.11416,  -0.09918,  -0.03190,   0.09446,   0.04687,   0.03867,   0.04523,   0.07805,  -0.00236,   0.08626,   0.02062,  -0.05323,  -0.03190,   0.02718,   0.05180,   0.00749,   0.04031,  -0.07457,   0.03046,  -0.00236,  -0.00072,  -0.00892,  -0.04667,  -0.01877,   0.01241,  -0.04831,   0.02390,  -0.01549,   0.00749,   0.08626,  -0.05323,  -0.00072,   0.06492,  -0.06472,   0.00420,   0.02062,  -0.05816,  -0.01056,  -0.01221,   0.08134,   0.01897,  -0.04010,  -0.00728,   0.01897,  -0.02205,  -0.01056,  -0.02862,   0.01733,  -0.00072,  -0.04010,  -0.03682,   0.04523,  -0.01056,   0.00913,   0.00092,   0.00092,  -0.04667,   0.01405,  -0.04831,  -0.04175,  -0.00728,  -0.01221,   0.04359,   0.01733,   0.00256,  -0.02205,  -0.01221,  -0.02862,  -0.01056,   0.07969,  -0.00236,  -0.00892,  -0.05980,   0.02882,   0.04031,  -0.11724,  -0.02041,  -0.06964,   0.03539,  -0.02862,  -0.00400,   0.02390,  -0.03190,  -0.03026,  -0.04667,   0.01241,   0.05180,  -0.04010,   0.09282,  -0.00564,  -0.02533,   0.00749,  -0.05652,   0.03703,  -0.11724,   0.04523,   0.00420,   0.02718,  -0.04010,   0.02062,  -0.04175,   0.00585,  -0.00236,  -0.01877,   0.00420,   0.00256,  -0.02041,   0.01077,   0.05672,  -0.01221,   0.02554,  -0.11724,   0.02062,  -0.00400,   0.00585,  -0.01713,  -0.00892,   0.01733,   0.08298,  -0.03682,   0.00913,   0.03046,   0.00420,  -0.05652,  -0.06308,  -0.03190,  -0.05652,   0.04523,  -0.03190,  -0.07785,   0.00420,  -0.00072,  -0.10575,  -0.03682,   0.04031,   0.01241,  -0.00564,  -0.01056,   0.02390,  -0.06636,   0.00913,   0.06328,   0.02882,  -0.03846,   0.00092,  -0.03190,   0.06821,  -0.04667,  -0.00564,  -0.03846,  -0.06636,   0.03703,   0.00749,  -0.00728,  -0.04831,   0.06000,   0.10431,  -0.04339,   0.03210,   0.04687,   0.00256,  -0.03026,   0.05836,  -0.00564,  -0.02698,   0.01077,   0.00092,  -0.00564,   0.03539,  -0.06308,  -0.00400,   0.03046,   0.00913,   0.00420,   0.08626,   0.00913,  -0.01221,  -0.02862,  -0.01549,  -0.11395,  -0.08277,   0.01569,   0.02390,   0.04687,  -0.03026,   0.00913,  -0.02533,   0.01897,  -0.01221,   0.04687,  -0.08277,   0.01569,  -0.00564,  -0.05816,   0.06000,  -0.07129,   0.00420,   0.00913,   0.08954,   0.05180,   0.07313,  -0.01877,  -0.03354,   0.05180,  -0.01713,  -0.01713,  -0.01221,   0.00913,  -0.05159,   0.03046,   0.07313,   0.03539,   0.05016,   0.04523,  -0.05980,   0.02718,  -0.00072,   0.05016,  -0.02205,   0.01569,  -0.02698,  -0.01877,   0.02882,  -0.04010,  -0.01877,  -0.02533,  -0.00892,  -0.03026,   0.02554,   0.03539,  -0.02533,  -0.03518,   0.04195,   0.04031,  -0.01713,  -0.00072,   0.03210,  -0.09098,  -0.00728,  -0.04667,  -0.00072,  -0.01549,  -0.02369,   0.00913,   0.03703,   0.04031,  -0.02533,  -0.01877,  -0.03354,  -0.01385,  -0.01549,  -0.05487,  -0.03518,   0.06164,  -0.04010,  -0.00236,  -0.13201,  -0.01221,   0.02062,   0.00585,  -0.02205,  -0.01877,  -0.02041,   0.00585,   0.06985,  -0.02205,   0.03867,   0.02062,  -0.04503,  -0.01877,  -0.08934,   0.07969,  -0.08934,  -0.04831,  -0.02041,  -0.06636,   0.05180,  -0.04339,  -0.06308,  -0.00892,   0.01077,   0.02062,   0.00913,  -0.02041,   0.04031,   0.00092,   0.00749,  -0.06800,   0.00092,  -0.00892,  -0.03026,   0.03210,   0.03046,   0.01077,   0.03703,   0.00585,   0.05508,  -0.05652,  -0.06308,  -0.01549,  -0.09426,  -0.04831,  -0.04010,  -0.01549,  -0.04010,   0.00749,   0.02882,  -0.04667,  -0.02698,   0.01733,  -0.00728,  -0.01385,  -0.14349,   0.04687,  -0.02862,   0.04851,  -0.04667,  -0.04503,   0.03703,  -0.03354,   0.04359,  -0.01221,  -0.00400,   0.09282,  -0.01877,   0.01733,  -0.04010,  -0.04995,  -0.05487,  -0.03846,  -0.02041,   0.00585,  -0.10082,  -0.09918,   0.00420,  -0.04339,  -0.05652,   0.04031,   0.04031,   0.00092,   0.05016,   0.03374,  -0.03190,   0.01241,  -0.07621,   0.06164,   0.02226,  -0.03682,  -0.03846,  -0.01056,   0.05344,  -0.06472,   0.08298,  -0.04995,   0.01405,  -0.01713,  -0.04503,  -0.00400,   0.02882,  -0.07785,   0.02554,  -0.03846,   0.04359,  -0.02698,   0.04195,   0.03046,  -0.04175,  -0.04339,   0.06164,  -0.03026,   0.00256,   0.03374,  -0.03518,  -0.04175,   0.08954,  -0.02533,   0.00913,  -0.00236,   0.00749,   0.01241,   0.06657,   0.05508,  -0.07129,   0.02554,  -0.02205,  -0.01877,  -0.01221,   0.00913,   0.00585,  -0.01221,  -0.00400,  -0.05487,   0.00913,   0.02062,   0.02062,   0.01569,  -0.00400,   0.05508,   0.01569,   0.02718,   0.07641,   0.02718,  -0.01221,   0.04687,   0.02062,   0.04851,  -0.07129,  -0.03190,  -0.02369,  -0.02698,  -0.02369,   0.03210,  -0.01056,   0.01733,   0.01241,   0.03703,  -0.03190,  -0.06144,  -0.01221,   0.00420,   0.03210,  -0.02369,  -0.01713,  -0.01549,  -0.03518,   0.01733,  -0.02041,   0.01077,  -0.07949,  -0.02369,  -0.06308,  -0.00564,   0.02062,   0.08954,  -0.04339,   0.01733,   0.01733,  -0.05159,   0.04851,  -0.00892,  -0.00236,  -0.07129,  -0.04010,  -0.00072,  -0.00892,  -0.00400,   0.00092,  -0.00400,  -0.00072,   0.03539,  -0.02369,   0.02882,   0.04851,   0.00913,   0.05508,  -0.04010,   0.01733,  -0.01221,  -0.09426,   0.10759,   0.02062,   0.07477,  -0.02533,  -0.01877,  -0.00728,  -0.01549,  -0.02205,  -0.01549,  -0.01221,  -0.01221,   0.00256,  -0.03190,   0.03210,   0.01897,  -0.04667,  -0.10903,   0.03046,   0.05836,   0.03703,  -0.04995,   0.00585,   0.01405,   0.01569,   0.04523,  -0.05323,  -0.00728,   0.03539,   0.11908,   0.06657,   0.00420,   0.04523,   0.02226,   0.02226,  -0.03518,  -0.01221,  -0.01221,  -0.04995,   0.00749,   0.02554,   0.02226,  -0.00236,   0.01405,  -0.02698,   0.00585,  -0.08113,  -0.03026,  -0.03682,   0.03210,   0.04195,  -0.03682,   0.02718,  -0.03354,  -0.00400,  -0.03026,  -0.06144,  -0.00892,   0.00913,   0.04195,   0.02062,  -0.03682,  -0.03518,  -0.04995,  -0.01549,  -0.01385,   0.03374,   0.02718,  -0.01385,   0.01897,  -0.03518,   0.01569,   0.02226,   0.01569,   0.04523,  -0.01385,  -0.05159,   0.00585,  -0.02698,  -0.01877,  -0.02862,   0.01733,  -0.05159,  -0.02533,   0.00913,   0.01569,  -0.04175,   0.07477,  -0.07293,  -0.04339,   0.01405,   0.03210,   0.03867,   0.00913,   0.01569,   0.00420,   0.05180,   0.01241,  -0.04339,   0.00256,  -0.04010,   0.01733,  -0.02041,  -0.05652,   0.05180,   0.03374,   0.02554,  -0.05980,   0.07313,   0.03867,   0.01241,  -0.00892,   0.03703,   0.03703,  -0.08770,  -0.00892,   0.02062,  -0.06308,  -0.09426,  -0.07293,  -0.05159,   0.01077,   0.07313,   0.01569,   0.01405,   0.02554,   0.02390,  -0.07457,   0.00256,  -0.00564,   0.05672,   0.00585,  -0.02698,  -0.00072,   0.01733,  -0.03846,   0.09118,  -0.00564,   0.01569,  -0.00400,   0.00749,   0.01405,  -0.01056,   0.04687,  -0.02862,  -0.04175,  -0.01877,   0.00092,   0.01241,   0.01897,  -0.06308,   0.02062,  -0.00400,   0.00913,   0.04523,  -0.00728,   0.01733,   0.02062,   0.06164,   0.08626,   0.04195,   0.02882,   0.02390,  -0.06800,   0.03210,  -0.01549,  -0.03354,  -0.04339,   0.05180,   0.01569,  -0.00072,  -0.00400,  -0.09754,  -0.00072,   0.02390,   0.02062,  -0.02862,   0.01241,   0.00585,   0.03046,  -0.03682,  -0.05652,   0.00749,  -0.06964,  -0.00564,   0.00420
  -0.01221,  -0.00400,  -0.07293,  -0.00728,  -0.02369,   0.04195,   0.00585,   0.03867,   0.05180,   0.04687,   0.02062,   0.04031,  -0.06472,   0.08626,   0.03703,  -0.05487,  -0.03518,  -0.05487,   0.00092,   0.05836,  -0.02862,  -0.03518,   0.01569,  -0.00072,  -0.03682,  -0.01056,   0.00092,  -0.05159,   0.03703,   0.00092,   0.04195,   0.04195,   0.02882,  -0.02369,  -0.06800,   0.06328,   0.02718,  -0.02041,   0.00585,   0.05508,   0.04523,  -0.01056,  -0.08441,   0.05836,  -0.02205,  -0.01713,  -0.01221,  -0.04339,  -0.03682,   0.04359,  -0.05652,   0.01077,  -0.06308,   0.06164,  -0.04831,  -0.00892,   0.03210,   0.01077,  -0.01056,   0.02062,   0.07149,   0.06000,  -0.03026,   0.12236,  -0.01221,  -0.02698,   0.01241,  -0.00728,   0.04687,   0.02226,   0.02554,   0.04687,  -0.06144,  -0.00728,  -0.04503,   0.05836,  -0.06800,   0.05508,   0.00749,  -0.05323,   0.01733,   0.02882,   0.01569,   0.00092,   0.04195,  -0.03190,  -0.02533,  -0.03846,   0.01405,   0.04195,   0.01733,   0.04359,   0.00913,   0.05016,   0.01405,   0.00092,  -0.01221,  -0.12872,  -0.01056,  -0.05816,   0.01405,   0.00585,   0.00585,   0.01241,   0.03374,   0.01733,   0.00420,   0.03703,  -0.02369,   0.01405,   0.02718,   0.08626,  -0.02533,  -0.00892,  -0.03026,   0.01405,  -0.04175,   0.07477,   0.01733,   0.01569,   0.04851,  -0.03026,   0.03539,   0.08134,   0.02226,   0.01733,  -0.01549,   0.03867,   0.03539,   0.00092,   0.01241,  -0.00236,   0.02554,  -0.05487,  -0.00236,  -0.01056,  -0.01549,  -0.00892,   0.03210,  -0.02369,   0.00749,   0.06000,  -0.00728,  -0.01549,   0.03867,  -0.06308,   0.04195,   0.02718,  -0.00728,   0.01733,  -0.02205,   0.02718,   0.03374,  -0.04995,  -0.01549,   0.03374,   0.02882,  -0.00564,  -0.04667,   0.04851,  -0.06472,  -0.02369,  -0.00892,   0.04851,  -0.03846,  -0.00072,   0.00256,  -0.02369,   0.01733,  -0.01056,   0.06000,   0.02062,   0.00585,   0.04851,  -0.05980,   0.03539,  -0.02698,  -0.05980,  -0.03026,   0.09611,  -0.04667,  -0.00728,   0.03046,   0.05836,   0.00092,  -0.03026,   0.02390,   0.01569,  -0.04010,   0.05016,   0.03539,   0.00913,   0.05016,  -0.06800,   0.05344,   0.03703,   0.04359,  -0.02698,   0.00585,  -0.00236,  -0.01056,   0.00420,   0.00913,   0.01897,   0.07805,   0.00256,   0.10267,   0.01077,   0.01897,  -0.01713,  -0.05980,   0.03374,  -0.07457,   0.05180,  -0.03026,  -0.08113,  -0.08441,   0.03867,   0.02390,  -0.03846,   0.02554,   0.02718,   0.02554,  -0.04175,  -0.02205,  -0.07949,  -0.01549,   0.00092,  -0.02369,   0.01077,   0.04523,  -0.05159,  -0.07129,  -0.00236,   0.07805,  -0.02205,   0.00256,   0.00913,  -0.04503,   0.01405,  -0.04503,  -0.00236,   0.02226,   0.06985,  -0.05159,   0.00749,   0.03703,  -0.08441,  -0.01549,   0.04195,   0.02718,   0.03867,  -0.01221,   0.04195,   0.00749,   0.02062,  -0.01877,   0.00092,  -0.02369,   0.05672,   0.02390,   0.03374,   0.05344,  -0.01549,   0.01569,   0.00749,   0.07641,  -0.05159,   0.01733,   0.05016,   0.06164,   0.04523,  -0.02205,  -0.05652,  -0.02862,  -0.03354,   0.01077,  -0.01385,   0.03210,  -0.04667,  -0.07293,  -0.00400,   0.04195,  -0.00236,  -0.02862,   0.00256,   0.00256,  -0.02041,   0.04031,   0.04851,  -0.02369,  -0.01056,  -0.04995,  -0.01713,  -0.00400,   0.07805,   0.02390,  -0.00072,   0.06985,  -0.03846,   0.02554,  -0.05487,   0.00092,   0.01733,   0.03210,   0.02554,   0.00749,   0.00092,  -0.06636,   0.03046,  -0.02205,   0.01569,   0.03210,   0.00256,  -0.01549,   0.02718,  -0.05487,   0.02554,   0.07149,  -0.05652,  -0.01549,  -0.01549,   0.05344,  -0.03190,   0.04523,   0.02882,  -0.00892,  -0.01385,   0.04359,   0.07805,  -0.01056,  -0.01877,   0.00420,  -0.03682,  -0.02369,  -0.05816,   0.01733,  -0.04175,  -0.03190,  -0.03190,  -0.08605,   0.02882,  -0.06308,  -0.02698,  -0.03190,   0.02390,  -0.00072,   0.00749,   0.03867,  -0.08441,  -0.02862,  -0.05487,  -0.02369,  -0.10247,   0.03867,   0.00092,  -0.02862,   0.05672,  -0.00400,  -0.02205,   0.11580,   0.04359,   0.03210,   0.09939,   0.02062,   0.07477,   0.03046,   0.06657,  -0.06636,   0.05508,   0.00256,  -0.03026,  -0.00892,  -0.08441,  -0.02698,  -0.03354,   0.02226,  -0.02862,   0.00749,   0.02062,   0.01569,   0.01405,   0.01569,  -0.03518,  -0.02698,  -0.04503,  -0.02369,  -0.01385,  -0.07949,   0.02062,   0.05672,  -0.01056,  -0.00400,  -0.05323,   0.01733,   0.01077,  -0.05323,   0.02226,  -0.05652,   0.00749,  -0.05816,  -0.06964,   0.04195,   0.06000,  -0.04995,   0.04851,   0.06492,   0.03539,  -0.00892,  -0.00400,   0.05836,   0.03703,   0.00256,  -0.01713,   0.01405,   0.01077,   0.04687,   0.04359,   0.03867,  -0.07949,   0.03867,  -0.00892,  -0.03026,  -0.01221,  -0.07293,   0.04851,  -0.01549,  -0.01056,  -0.01549,   0.00256,  -0.04010,   0.04523,  -0.02369,  -0.02369,  -0.07129,   0.01569,  -0.05159,   0.00913,  -0.04995,  -0.00728,   0.02062,  -0.02862,  -0.00564,  -0.07785,  -0.04995,   0.00913,   0.01569,   0.00585,  -0.02205,   0.07313,  -0.07293,   0.01569,  -0.01385,   0.02062,   0.04523,   0.00420,  -0.02862,   0.06164,   0.03046,  -0.02041,   0.02554,  -0.09590,  -0.05980,   0.01569,  -0.00236,   0.09282,   0.00256,   0.02062,  -0.04995,   0.02062,  -0.02533,  -0.03682,   0.02226,   0.02718,  -0.01221,   0.06657,   0.00420,  -0.03846,  -0.00728,   0.02718,  -0.00892,   0.01897,  -0.02205,  -0.03846,   0.04523,  -0.05980,   0.06164,   0.03210,   0.03867,   0.00256,   0.03539,   0.03210,  -0.01385,   0.07805,   0.00092,  -0.02369,   0.01241,   0.00585,  -0.00728,   0.01733,  -0.01549,   0.04195,   0.00420,   0.00749,  -0.02533,   0.00256,  -0.02041,  -0.06636,   0.01733,  -0.04010,   0.09775,  -0.01056,   0.01405,  -0.04503,   0.09446,  -0.04503,  -0.06636,  -0.03518,   0.08462,  -0.02369,   0.05180,  -0.00236,  -0.00728,  -0.05652,   0.08298,  -0.05816,  -0.00728,  -0.04667,   0.03374,  -0.00892,   0.08626,  -0.03354,  -0.04175,   0.01733,  -0.02533,  -0.00072,  -0.00892,  -0.04503,  -0.04503,  -0.04010,  -0.08277,  -0.05652,   0.02390,  -0.00892,   0.01569,  -0.01877,  -0.02698,  -0.03518,  -0.01385,   0.01241,   0.01241,  -0.00072,  -0.02698,  -0.01877,  -0.01713,   0.00256,   0.01077,  -0.00236,  -0.07621,   0.02882,  -0.10411,   0.00913,   0.01241,  -0.05487,  -0.02862,   0.03867,   0.03046,   0.04687,  -0.01713,  -0.05816,   0.03539,   0.01569,  -0.05652,  -0.04503,  -0.02369,  -0.06144,  -0.06636,  -0.06964,   0.00749,   0.03210,  -0.01056,   0.02718,  -0.01221,  -0.03354,   0.06657,  -0.04667,  -0.00072,  -0.01385,  -0.03518,  -0.01713,  -0.08113,  -0.00728,  -0.02369,  -0.09918,  -0.01221,  -0.02369,  -0.04010,   0.02390,   0.01405,   0.02390,  -0.04831,   0.00913,   0.05508,  -0.06144,  -0.03846,  -0.03026,  -0.04010,  -0.12544,   0.02390,   0.00092,   0.03210,   0.03539,   0.00585,  -0.04175,   0.03703,   0.03867,  -0.09098,   0.00092,  -0.01549,  -0.00072,  -0.04175,   0.03539,  -0.06964,   0.06657,   0.02226,  -0.01056,  -0.00400,   0.02226,   0.02882,   0.03703,  -0.00564,   0.01241,   0.05180,   0.00420,  -0.04831,   0.04851,   0.00913,   0.01241,   0.03867,   0.01569,  -0.03190,   0.05016,  -0.04995,   0.00420,  -0.00564,  -0.08605,  -0.05159,   0.05180,  -0.05159,   0.07805,   0.06328,   0.07805,  -0.03846,  -0.04339,  -0.07293,   0.08954,   0.06328,   0.04195,  -0.06636,  -0.01549,  -0.02862,  -0.08277,  -0.01385,   0.10923,   0.01405,  -0.05159,   0.01241,   0.05180,   0.03374,  -0.02041,  -0.04831,  -0.06472,  -0.00072,   0.04523,   0.01241,   0.00420,  -0.00236,   0.05836,   0.00256,  -0.02698,  -0.00728,   0.03046,  -0.01385,  -0.00236,   0.02554,   0.06328,   0.03867,  -0.03846,  -0.00892,  -0.11559,   0.07477,  -0.02698,  -0.06308,  -0.00892,  -0.02862,   0.02062,   0.02390,   0.06000,  -0.07457,  -0.01549,   0.02882,  -0.00236,  -0.06636,   0.00092,  -0.00072,   0.06328,  -0.00400,  -0.03026,   0.00420,   0.04195,   0.06164,   0.02226,   0.02226,  -0.04831,   0.03374,   0.03046,  -0.00564,  -0.07293,  -0.07129,   0.01897,   0.08954,  -0.04831,  -0.05816,   0.00092,   0.03046,  -0.05323,  -0.04010,   0.01077,   0.03210,   0.04359,   0.01077,   0.03046,  -0.00728,  -0.02533,  -0.05652,  -0.02862,  -0.03846,  -0.03026,   0.00420,   0.00092,  -0.02698,  -0.01877,   0.04687,   0.04031,  -0.00072,  -0.08770,  -0.12216,  -0.01549,  -0.03190,   0.01897,  -0.01877,  -0.05652,   0.04195,   0.02226,  -0.00892,   0.04523,  -0.02369,   0.02390,  -0.04831,   0.00585,  -0.01713,  -0.03846,  -0.02369,   0.05344,   0.01077,   0.00420,  -0.01713,  -0.02369,  -0.03190,   0.00092,   0.02226,   0.03046,  -0.00728,  -0.05980,  -0.03026,  -0.04503,   0.02226,   0.01405,   0.07805,  -0.02369,   0.03210,   0.02554,  -0.03354,   0.03867,   0.01241,  -0.04010,  -0.04175,  -0.01385,  -0.01385,   0.00585,   0.02062,   0.00749,   0.05672,   0.01569,  -0.00728,   0.02226,   0.03374,   0.01405,   0.02062,  -0.06144,  -0.02862,   0.03703,   0.00092,   0.05016,  -0.07129,   0.02554,  -0.00072,  -0.03026,   0.06492,  -0.04667,  -0.03354,   0.04687,   0.05836,  -0.03846,  -0.05816,   0.03703,  -0.08934,  -0.11231,   0.03046,  -0.03190,   0.04523,   0.00420,   0.01569,  -0.00564,  -0.03518,   0.02882,  -0.00072,  -0.03846,  -0.05652,  -0.03354,  -0.01549,   0.00749,  -0.01221,   0.01077,  -0.05816,  -0.01713,   0.03210,   0.02390,  -0.03354,   0.03046,   0.03867,  -0.04667,   0.05508,  -0.03190,  -0.00564,   0.01077,   0.05672,  -0.00892,   0.00256,  -0.00564,  -0.02533,   0.03046,   0.01897,  -0.09426,   0.04851,  -0.10411,  -0.01385,   0.01569,   0.00420,  -0.03682,  -0.02369,   0.03046,   0.02390,  -0.05816,   0.00749,   0.05672,  -0.06144,  -0.02205,   0.00749,   0.02554,   0.03539,  -0.05652,   0.08954,   0.00749,  -0.02862,   0.01241,  -0.03354,  -0.03190,  -0.04667,   0.09282,   0.00256,   0.06164,  -0.00236,   0.06657,  -0.03026,  -0.07129,  -0.01056,  -0.02369,  -0.00400,  -0.06964,  -0.01221,  -0.03846,  -0.07457,  -0.01221,   0.00585,   0.01241,  -0.03354,   0.06164,   0.10267,  -0.00564,  -0.06472,  -0.00236,  -0.05980,  -0.01549,  -0.00236,  -0.07457,  -0.04339,  -0.01221,   0.02062,  -0.08441,   0.00256,   0.07477,   0.01405,  -0.10411,   0.00913,   0.02390,   0.03703,   0.04523,  -0.04667,   0.04195,  -0.04010,   0.00420,   0.01241,  -0.02862,  -0.00728,  -0.03846,   0.02390,  -0.03190,   0.04031,   0.01897,  -0.02862,   0.01077,   0.04359,   0.02390,   0.03374,  -0.00728,  -0.02205,  -0.03518,   0.06164,  -0.02533,  -0.02862,   0.01569,   0.04851,   0.01077,  -0.03354,  -0.02862,   0.05672,   0.06328,   0.08462,   0.00749,  -0.01385,   0.03539,  -0.01385,   0.00420,  -0.00892,   0.00092,   0.06000,   0.04359,   0.03210,  -0.01221,  -0.01549,  -0.03846,   0.01733,  -0.01713,  -0.00236,  -0.05323,  -0.04010,   0.08626,   0.00256,   0.06164,  -0.05159,   0.06821,   0.01569,  -0.02369,   0.00256,  -0.00564,  -0.00728,  -0.01877,   0.02062,  -0.04175,  -0.06636,   0.04523,   0.03210,   0.01241,   0.03703,  -0.01385,   0.00256,   0.05180,  -0.03846,   0.04851,  -0.03190,   0.04523,  -0.01877,  -0.03026,   0.00092,  -0.02369,   0.00585,   0.00749,   0.05016,  -0.06144,   0.07149,   0.00420,   0.01077,   0.01569,  -0.01056,   0.02390,   0.05180,  -0.05980,  -0.03354,  -0.04995,  -0.01877,  -0.04010,  -0.00400,  -0.07293,  -0.01877,   0.05672,  -0.06308,   0.00749,  -0.01056,   0.01241,  -0.05980,  -0.03190,  -0.00400,  -0.00072
  -0.02369,   0.03374,  -0.00728,   0.00913,  -0.03518,   0.01897,   0.00585,  -0.00072,   0.06821,   0.00585,   0.04523,  -0.03026,  -0.00564,  -0.05323,   0.05672,  -0.04503,  -0.05323,  -0.03354,   0.02062,  -0.04831,  -0.00564,  -0.04503,  -0.04831,  -0.08605,  -0.04175,  -0.04667,  -0.06144,  -0.01713,   0.03374,  -0.05816,  -0.06144,   0.02390,   0.01405,  -0.00892,  -0.04503,  -0.02533,   0.04851,  -0.11067,   0.04523,   0.05344,   0.06328,   0.00585,   0.07969,  -0.05652,  -0.04339,  -0.04831,  -0.01549,   0.04359,   0.06000,   0.08298,  -0.07785,   0.05836,  -0.01385,  -0.01221,   0.06000,  -0.01221,  -0.02698,   0.00092,  -0.04010,  -0.01385,   0.07641,  -0.04339,  -0.02369,  -0.03026,  -0.03354,  -0.00400,  -0.04175,   0.05672,  -0.05323,  -0.02205,   0.03867,   0.03046,  -0.03354,   0.00256,  -0.07129,   0.04195,   0.07641,   0.01733,  -0.00564,  -0.00728,  -0.02041,   0.07313,   0.02882,  -0.06308,   0.02226,  -0.01221,   0.01241,  -0.02205,   0.05344,  -0.10247,   0.01077,   0.01733,   0.02226,   0.03867,   0.00749,   0.02882,   0.03867,   0.02718,   0.05836,   0.04031,  -0.04339,  -0.03354,   0.06164,  -0.00400,   0.07477,   0.01241,  -0.00892,   0.03703,  -0.04175,   0.00092,   0.02882,  -0.06144,  -0.04175,   0.04523,  -0.09426,   0.00913,   0.07969,  -0.06308,   0.09118,  -0.01385,   0.01077,   0.05180,  -0.03026,  -0.02369,   0.00913,  -0.01549,   0.01241,  -0.04010,  -0.04010,   0.02226,  -0.00072,  -0.02205,  -0.01221,   0.06164,   0.01077,   0.10923,  -0.00564,   0.04195,   0.05180,   0.01077,  -0.02533,   0.04195,   0.09939,  -0.06472,  -0.03354,   0.03867,  -0.03354,   0.06821,   0.06492,   0.08626,   0.01897,  -0.05487,   0.04851,  -0.02041,   0.04195,   0.02390,   0.01733,  -0.03354,   0.04359,  -0.06472,  -0.03026,  -0.04339,   0.00092,  -0.10903,  -0.01385,  -0.03518,  -0.00400,   0.01897,   0.04851,   0.05836,   0.01569,   0.13549,  -0.00400,  -0.04995,   0.00585,  -0.05487,  -0.01056,   0.00420,  -0.12708,   0.03867,   0.00256,  -0.01713,  -0.05652,  -0.08605,  -0.00564,   0.04195,   0.01733,   0.04523,  -0.05487,  -0.03026,   0.02882,   0.03046,   0.02882,   0.03374,   0.04687,   0.06985,   0.06328,  -0.02369,  -0.02205,  -0.00728,  -0.01385,   0.02554,   0.04523,   0.06821,   0.05344,  -0.01385,   0.00256,   0.04359,  -0.02862,   0.02226,   0.04523,   0.06985,   0.03703,   0.01241,  -0.00400,   0.04195,   0.06821,   0.03210,   0.02718,   0.02554,  -0.03846,   0.00913,   0.06821,   0.01733,   0.01241,   0.01241,  -0.00728,   0.03539,  -0.05980,  -0.00564,   0.03046,   0.09611,   0.02062,  -0.06964,  -0.06472,   0.00256,  -0.04010,  -0.02533,   0.01569,  -0.07293,  -0.01385,   0.01077,  -0.02698,   0.03210,   0.01733,  -0.01713,  -0.03682,   0.02062,   0.02882,  -0.04503,  -0.03846,   0.01733,   0.04523,  -0.01221,  -0.07457,  -0.02041,  -0.03518,  -0.03518,  -0.04995,  -0.02698,  -0.05159,   0.00420,  -0.00564,  -0.03190,  -0.00400,   0.04195,   0.00420,   0.04195,   0.02882,   0.02226,  -0.02533,  -0.04010,  -0.06472,  -0.00236,   0.04031,   0.00420,   0.02062,  -0.00892,  -0.01056,   0.02390,  -0.04995,   0.07969,  -0.07129,   0.06164,   0.02390,   0.05836,  -0.01385,   0.07477,   0.01405,  -0.01056,   0.00913,   0.00420,  -0.01549,  -0.10903,   0.07477,  -0.04339,  -0.02533,   0.00749,   0.03867,   0.08134,   0.03539,   0.01733,  -0.03190,  -0.02862,  -0.03682,   0.02554,   0.12236,  -0.01221,  -0.03190,   0.00420,   0.05180,  -0.00400,   0.03210,  -0.07785,  -0.02205,  -0.00072,   0.02882,   0.01077,  -0.02698,  -0.01713,   0.01897,   0.02554,   0.04359,   0.02718,  -0.03026,   0.03046,   0.02882,  -0.04503,  -0.03354,  -0.08113,  -0.02041,   0.04359,  -0.00236,   0.01077,   0.00749,  -0.01056,   0.04687,   0.00585,   0.01077,   0.06328,   0.00749,  -0.01385,  -0.01549,   0.02882,  -0.06144,  -0.05323,  -0.00400,   0.02390,  -0.02533,  -0.00728,  -0.05323,   0.02554,  -0.04503,  -0.02698,   0.02882,   0.06657,  -0.02369,   0.00092,  -0.03518,   0.07149,  -0.01877,  -0.00072,  -0.01385,   0.00092,   0.07477,  -0.00564,  -0.00400,   0.08462,  -0.11231,  -0.01549,  -0.01221,  -0.02533,   0.01569,   0.03867,  -0.00400,   0.00420,  -0.03190,   0.03703,   0.00585,  -0.02369,  -0.02533,  -0.02533,  -0.03354,   0.02062,  -0.06964,   0.03539,  -0.02369,  -0.02369,  -0.02041,  -0.04831,   0.03210,  -0.00564,  -0.02698,  -0.06636,  -0.04339,  -0.03190,  -0.01385,  -0.04339,   0.07969,  -0.01713,  -0.07457,  -0.00564,   0.04359,  -0.03190,  -0.00072,  -0.09426,  -0.02862,   0.01733,   0.06328,  -0.08113,   0.06164,  -0.00564,  -0.03682,   0.01077,   0.03867,   0.02554,   0.01897,   0.02226,  -0.04831,   0.05836,   0.07969,   0.00256,  -0.02205,  -0.02698,  -0.05323,   0.01405,   0.01077,  -0.05816,  -0.06308,   0.04195,  -0.05980,  -0.03682,   0.00913,  -0.03518,  -0.05816,   0.02718,   0.08462,  -0.02041,  -0.00400,  -0.02862,   0.02062,   0.01241,  -0.05159,   0.01733,  -0.00892,   0.02718,   0.02718,  -0.07621,   0.00913,  -0.00072,   0.03046,  -0.00072,   0.06985,   0.04687,   0.04851,   0.07805,  -0.10739,   0.02882,   0.05180,  -0.00236,   0.00092,  -0.04667,  -0.03026,   0.04687,   0.04359,   0.03867,  -0.05816,   0.00420,   0.04687,  -0.00728,   0.00749,  -0.08441,  -0.06800,  -0.01385,   0.01569,   0.09282,   0.02718,  -0.02205,  -0.12052,  -0.05487,  -0.01056,  -0.01877,   0.03539,   0.04523,  -0.04831,  -0.00892,  -0.04503,  -0.09918,   0.02882,   0.01241,   0.02554,   0.02226,   0.03539,  -0.02369,  -0.07129,  -0.00400,  -0.03682,  -0.02041,  -0.03846,  -0.06964,   0.03210,  -0.01713,   0.08790,  -0.01877,  -0.05323,  -0.01056,   0.00913,   0.00913,   0.05344,  -0.03026,   0.05508,  -0.04339,  -0.04010,  -0.04010,  -0.04339,  -0.08770,   0.00256,  -0.00236,   0.00256,   0.01405,   0.01077,  -0.01056,   0.02226,  -0.00236,   0.02390,  -0.04010,   0.05508,  -0.07785,   0.03867,  -0.04831,   0.03046,  -0.01549,  -0.02698,   0.00913,  -0.10082,  -0.02862,  -0.02369,   0.02718,  -0.02205,  -0.04010,   0.10595,  -0.01549,   0.01569,  -0.01877,   0.01077,  -0.08605,  -0.05323,   0.00092,  -0.04175,  -0.00400,   0.00420,   0.00420,  -0.00728,  -0.01056,  -0.00400,  -0.03518,   0.01077,   0.02062,  -0.01056,   0.02226,  -0.08770,  -0.01221,  -0.02862,  -0.08770,  -0.01221,  -0.01056,   0.02062,  -0.04010,  -0.00072,  -0.05652,   0.04359,  -0.01056,  -0.01713,   0.02390,  -0.00728,  -0.02041,   0.04851,  -0.03682,   0.04195,   0.09775,   0.00092,  -0.11724,  -0.00892,  -0.01221,  -0.03682,  -0.06800,   0.02062,  -0.02041,   0.08790,   0.02226,  -0.04667,  -0.01221,  -0.04339,  -0.02369,  -0.00892,   0.02554,   0.07313,  -0.02698,  -0.01221,  -0.01549,   0.02554,   0.00913,  -0.00072,  -0.07129,  -0.02698,   0.02062,  -0.00564,   0.04359,   0.00585,  -0.04667,  -0.00400,   0.01077,  -0.04667,  -0.05652,  -0.02533,   0.08462,  -0.02369,   0.05672,  -0.07457,   0.00256,   0.01569,   0.09118,   0.00913,  -0.05816,  -0.01713,   0.09118,  -0.01713,  -0.01877,  -0.00236,   0.04523,   0.03046,   0.05180,  -0.03846,   0.04687,  -0.00236,  -0.01385,  -0.01385,   0.04195,  -0.03190,   0.00092,  -0.03354,   0.02882,   0.01569,  -0.02205,  -0.05159,   0.00256,   0.06492,  -0.01056,   0.00092,   0.00420,   0.01405,  -0.01877,  -0.02862,   0.01405,   0.03210,  -0.05652,  -0.04831,   0.03867,   0.04031,  -0.00892,  -0.03190,   0.05672,   0.03539,  -0.00564,  -0.01385,  -0.05816,   0.04195,  -0.01713,  -0.09262,   0.06492,   0.00585,  -0.07621,   0.01077,  -0.00072,   0.00256,  -0.00892,  -0.06308,   0.02718,  -0.02862,   0.02718,   0.02390,   0.01897,  -0.04175,  -0.01385,  -0.08934,  -0.02041,   0.00585,  -0.03682,  -0.02369,  -0.00236,   0.01897,  -0.01877,  -0.01549,  -0.02041,  -0.00564,  -0.02205,   0.01569,   0.04687,   0.02554,   0.07477,   0.05672,  -0.05816,  -0.00400,   0.02882,   0.02554,   0.03046,  -0.09754,  -0.01056,  -0.02862,   0.04687,  -0.01549,  -0.01056,   0.06985,  -0.00564,  -0.02862,  -0.00728,   0.07805,   0.00256,  -0.00728,  -0.05159,   0.01241,  -0.04667,   0.06657,   0.03046,  -0.02041,  -0.07621,   0.02062,   0.01733,  -0.02041,  -0.03846,  -0.00400,   0.05016,  -0.02862,   0.01897,   0.00585,  -0.05159,  -0.00564,  -0.04503,   0.01733,   0.03374,  -0.04339,   0.07477,   0.02718,  -0.01385,   0.04359,   0.03539,  -0.00400,   0.00256,   0.01405,  -0.02041,  -0.03190,  -0.01877,   0.04359,   0.04851,  -0.00728,   0.04359,  -0.10411,   0.02718,   0.05344,  -0.04010,   0.02882,  -0.00892,   0.02062,   0.02882,  -0.01385,  -0.04339,  -0.00236,  -0.00236,  -0.00564,   0.06000,  -0.03846,  -0.11231,  -0.00892,  -0.00892,  -0.04831,   0.05180,   0.02554,  -0.07785,   0.00092,  -0.07949,  -0.06636,   0.06328,   0.03210,   0.06000,   0.07149,   0.10431,  -0.08441,   0.03867,  -0.02862,   0.03867,   0.01733,  -0.04995,  -0.04831,   0.08626,   0.05836,  -0.01056,  -0.00072,   0.01733,  -0.06964,   0.00420,  -0.02698,   0.03867,   0.01077,   0.03210,   0.02718,   0.03374,  -0.02369,  -0.08934,  -0.07457,   0.03703,   0.02882,  -0.01221,   0.01241,   0.02390,  -0.05652,   0.03539,  -0.06144,  -0.00564,   0.10103,   0.03867,  -0.06636,   0.00256,   0.01569,  -0.02205,  -0.01713,   0.04851,   0.06492,   0.00256,   0.05180,  -0.01877,  -0.01385,   0.03867,  -0.03518,  -0.03518,   0.03703,   0.03046,  -0.00072,   0.00913,  -0.06472,  -0.06144,   0.02554,   0.01733,   0.00420,  -0.07785,   0.06657,   0.00749,   0.03046,   0.05180,   0.05180,   0.03374,  -0.03190,   0.02554,  -0.05652,  -0.05980,  -0.03026,  -0.04175,   0.01241,   0.01405,   0.05672,   0.00256,   0.00585,  -0.03846,  -0.01221,   0.03539,   0.04523,  -0.02041,   0.00092,  -0.03682,  -0.01056,   0.06000,   0.02226,   0.01733,   0.04687,  -0.01385,  -0.04175,   0.02226,   0.01897,   0.03539,  -0.04339,   0.01241,  -0.01056,  -0.02369,   0.03539,   0.03210,   0.03046,  -0.01056,  -0.00236,  -0.04503,   0.03210,   0.03046,  -0.07785,  -0.05323,   0.00420,   0.02062,   0.00749,  -0.04503,  -0.02205,  -0.04010,  -0.01056,  -0.02533,   0.05180,  -0.09262,  -0.00400,   0.03539,   0.02226,   0.03867,   0.02882,  -0.03354,  -0.04339,  -0.07457,  -0.05159,   0.03703,  -0.03026,  -0.07457,   0.01405,  -0.02862,  -0.06308,   0.03867,  -0.02533,   0.02062,  -0.05652,   0.01733,  -0.07785,   0.01405,   0.05344,  -0.00400,  -0.02862,  -0.02698,   0.01241,  -0.02205,   0.00585,  -0.08441,  -0.06636,   0.08462,   0.02062,   0.00749,  -0.00892,  -0.00564,   0.02390,  -0.04175,  -0.04175,  -0.03026,  -0.01877,   0.07969,   0.01897,   0.05344,   0.00749,  -0.10575,   0.01405,   0.01569,   0.05016,   0.05016,   0.01733,  -0.02862,   0.02390,   0.05016,   0.02390,  -0.00564,  -0.04339,   0.00092,   0.00749,  -0.00072,   0.02718,   0.00585,   0.04359,   0.02062,   0.04031,   0.00749,   0.03046,   0.02226,  -0.00892,   0.02390,  -0.01221,   0.01569,  -0.01056,  -0.04339,  -0.11395,  -0.02862,  -0.03354,  -0.00400,   0.00913,   0.01405,   0.00256,   0.06985,   0.06000,  -0.01877,   0.01405,  -0.01221,  -0.04010,  -0.03354,  -0.02205,   0.01077,   0.06821,  -0.01056,  -0.03518,  -0.04503,   0.04195,   0.03374,   0.02062,   0.00749,   0.04359,   0.01077,  -0.05323,  -0.02533,  -0.03190,   0.02390,  -0.00728,  -0.00072,   0.04031,  -0.00564,  -0.01877,   0.00749,   0.01241,   0.09611,  -0.00400,   0.02226,   0.01569,  -0.00236,  -0.02369,   0.01405,   0.03867,  -0.03518,   0.07641,   0.06821
   0.05180,   0.05344,  -0.01713,   0.01733,   0.01405,   0.03210,  -0.09426,  -0.03190,   0.00420,  -0.01221,  -0.06636,   0.02718,   0.03867,   0.02882,  -0.06472,  -0.02369,   0.02390,   0.01241,  -0.17796,   0.03046,   0.07641,  -0.04010,   0.04523,  -0.01221,  -0.06964,   0.04687,  -0.01549,  -0.05487,  -0.01713,   0.06328,  -0.02369,   0.00256,  -0.12216,   0.03539,   0.02390,   0.00749,  -0.06800,  -0.03026,  -0.02369,   0.10923,   0.07805,   0.05016,   0.02718,  -0.05816,  -0.07457,   0.01405,  -0.10247,   0.03374,  -0.01385,   0.00420,  -0.02533,   0.01405,   0.00749,  -0.02533,   0.02554,  -0.01549,   0.05672,  -0.01877,   0.09282,  -0.05816,   0.04195,  -0.06964,   0.03867,  -0.02369,  -0.00564,   0.04359,   0.07313,   0.01569,   0.03374,  -0.03026,  -0.01056,  -0.00236,   0.06164,   0.05180,   0.00585,   0.06164,  -0.00728,   0.02882,   0.01733,   0.06000,   0.06000,   0.00256,  -0.00564,   0.05016,  -0.01221,   0.01077,   0.00092,  -0.02041,   0.08134,  -0.06800,  -0.06636,   0.04687,   0.03374,   0.08626,  -0.01877,   0.04359,  -0.04995,  -0.01713,  -0.04339,  -0.07785,   0.01733,  -0.04503,  -0.05323,  -0.05652,   0.07149,   0.02062,  -0.01385,  -0.06800,   0.00749,  -0.01713,  -0.01056,  -0.03026,  -0.00236,   0.05180,   0.07641,   0.01077,   0.04523,   0.02718,  -0.03682,   0.00585,   0.04195,  -0.03682,  -0.02698,   0.03703,   0.03374,   0.02062,  -0.00728,   0.04031,  -0.04995,   0.03046,   0.04195,  -0.02862,  -0.01221,  -0.02533,  -0.01877,  -0.03190,   0.04687,  -0.04995,  -0.01877,   0.04687,   0.07805,   0.05016,  -0.01385,   0.01733,  -0.03518,  -0.01713,  -0.04010,   0.01077,   0.03046,  -0.01713,  -0.03190,  -0.02533,   0.05016,   0.02390,  -0.01877,   0.01569,  -0.01385,  -0.01877,  -0.04010,  -0.03354,  -0.04831,   0.09118,   0.01241,   0.02390,  -0.02369,  -0.00728,   0.03867,  -0.03354,  -0.04995,   0.00256,  -0.02205,  -0.00236,   0.02718,  -0.04010,  -0.00564,  -0.01221,   0.03539,  -0.01221,   0.06492,   0.05344,  -0.06308,  -0.01056,  -0.05816,  -0.02205,   0.04523,  -0.05159,  -0.00892,  -0.01549,  -0.03190,  -0.06308,   0.01733,   0.02718,   0.00913,  -0.07129,  -0.06636,   0.06000,  -0.01056,   0.00585,   0.02554,   0.02062,  -0.01221,  -0.00236,  -0.03682,   0.01077,  -0.06800,   0.04031,  -0.03518,   0.00749,  -0.04503,  -0.03518,  -0.04175,   0.03539,  -0.02369,  -0.03354,   0.01733,  -0.00400,  -0.03682,  -0.03026,   0.00749,   0.00256,  -0.02862,  -0.03846,   0.00420,  -0.03026,  -0.01713,   0.02718,  -0.04667,   0.08626,   0.02390,   0.08298,   0.00585,   0.00092,   0.01405,   0.00585,  -0.02041,   0.00092,  -0.04667,  -0.07457,  -0.04667,   0.02062,   0.02390,  -0.02862,  -0.04175,   0.00420,   0.00913,  -0.05323,   0.03539,   0.00420,  -0.01713,   0.04687,   0.02882,  -0.00236,  -0.00072,  -0.02205,   0.07313,  -0.04503,  -0.04667,  -0.04995,   0.00749,   0.02882,  -0.01221,   0.03867,  -0.05323,   0.02554,  -0.05980,  -0.07949,  -0.02205,  -0.06144,  -0.05323,   0.01897,  -0.04831,   0.03374,  -0.01385,  -0.08113,  -0.07129,   0.05016,  -0.01385,  -0.05980,  -0.03682,  -0.01713,   0.02390,   0.02718,  -0.01056,   0.01241,  -0.00236,   0.03539,  -0.01385,  -0.06964,  -0.03354,   0.06985,   0.03046,  -0.00728,  -0.06472,   0.03374,   0.00256,  -0.02533,  -0.00564,  -0.00564,   0.01405,  -0.02698,   0.06000,  -0.00400,  -0.00728,  -0.07129,  -0.01056,  -0.11888,   0.02226,   0.00913,  -0.02205,   0.05836,  -0.01385,  -0.02369,  -0.05816,  -0.02862,  -0.04339,   0.00749,   0.07149,  -0.02041,  -0.00728,   0.07805,   0.00913,  -0.02205,   0.04195,  -0.02205,  -0.00072,  -0.03518,   0.03210,   0.08954,  -0.00072,   0.04687,  -0.00892,   0.00585,  -0.06636,  -0.05487,   0.06000,   0.02390,   0.00749,  -0.04503,   0.03046,   0.01897,  -0.00728,   0.02554,  -0.02205,   0.03210,  -0.02369,   0.01405,  -0.00728,   0.03046,   0.06657,   0.03703,  -0.04175,   0.04359,  -0.01877,  -0.06472,  -0.02205,   0.06164,   0.04359,   0.03046,   0.00092,   0.03703,   0.05016,   0.00420,  -0.01713,   0.01405,  -0.00892,   0.06492,  -0.03682,  -0.04995,   0.01569,   0.01897,  -0.04503,   0.01897,  -0.02533,  -0.04667,   0.06164,   0.02882,   0.00585,  -0.01713,  -0.02533,   0.00420,   0.01897,  -0.05487,   0.05836,  -0.01221,   0.00749,   0.02390,  -0.03518,  -0.05323,   0.02554,   0.05344,  -0.10903,   0.04195,  -0.03190,   0.00749,   0.04523,  -0.00236,   0.02226,   0.01897,   0.04195,  -0.05323,  -0.03026,  -0.00728,   0.01569,   0.03046,  -0.06308,  -0.00236,  -0.02533,   0.02390,   0.01077,  -0.04503,  -0.01549,  -0.02698,   0.01405,  -0.00400,   0.01241,  -0.04010,   0.00256,  -0.04831,  -0.00728,  -0.00236,  -0.00728,  -0.00564,   0.01733,   0.01077,   0.03046,  -0.10247,   0.03539,  -0.06308,   0.05180,   0.01241,   0.01569,   0.02062,   0.00420,  -0.06636,   0.00749,  -0.04831,  -0.00728,  -0.04503,  -0.00728,  -0.00400,  -0.04339,   0.06657,  -0.08934,   0.06821,   0.02062,  -0.02533,  -0.05980,   0.02718,   0.05016,   0.06657,  -0.00072,   0.01569,  -0.07293,   0.02390,  -0.01549,  -0.07949,  -0.03026,  -0.01385,  -0.01877,  -0.03026,   0.00256,   0.05344,  -0.01221,  -0.04503,   0.00749,   0.04359,   0.02718,  -0.00564,  -0.02205,   0.02226,   0.00420,  -0.01713,  -0.01713,   0.03210,   0.05508,  -0.04010,  -0.00564,  -0.04503,  -0.08934,   0.02882,  -0.01549,  -0.09262,   0.03703,  -0.02041,   0.06985,   0.09118,   0.00092,   0.01569,  -0.02698,  -0.02041,  -0.02205,  -0.04503,   0.01077,  -0.00728,  -0.04667,  -0.08113,  -0.03190,  -0.02041,   0.05180,   0.00913,   0.07477,   0.05672,  -0.02862,  -0.00400,   0.00913,  -0.01056,  -0.01549,  -0.03518,  -0.02041,  -0.07785,  -0.07129,   0.03539,  -0.03846,   0.00913,  -0.00236,  -0.06636,  -0.07785,  -0.02369,  -0.02862,   0.06657,  -0.03026,   0.03703,  -0.05487,   0.05180,  -0.02698,  -0.02041,  -0.01056,  -0.10903,  -0.01056,   0.00749,  -0.03846,  -0.00400,   0.00256,  -0.02698,  -0.06636,  -0.00892,  -0.02205,   0.02882,   0.01897,  -0.03354,  -0.05487,   0.02390,   0.01569,   0.03374,   0.01733,   0.00913,   0.05016,  -0.03518,  -0.03190,   0.00420,   0.02062,   0.01569,  -0.02041,   0.02226,   0.08462,  -0.03190,   0.02882,   0.00749,   0.03374,  -0.01056,  -0.02862,   0.00420,   0.00256,  -0.04010,  -0.01877,   0.03703,  -0.00728,   0.01405,   0.07313,  -0.01549,  -0.03026,   0.05180,  -0.07785,  -0.05159,  -0.02205,   0.03210,   0.02226,   0.03374,   0.01897,  -0.04339,   0.01733,  -0.02205,  -0.04339,   0.05016,   0.03210,  -0.03354,   0.02390,   0.00092,   0.03210,  -0.01713,  -0.02041,  -0.02205,  -0.00564,  -0.04339,  -0.06964,  -0.05816,   0.08462,   0.01077,  -0.07129,   0.03210,  -0.06800,  -0.01221,   0.01241,   0.00749,  -0.04831,  -0.04010,   0.00092,  -0.00236,   0.05180,   0.03539,   0.00420,  -0.05159,  -0.00564,  -0.04503,  -0.03682,   0.01405,   0.03703,  -0.04175,  -0.05980,   0.05672,   0.00420,   0.04195,   0.05180,   0.02226,   0.01241,   0.03703,  -0.02698,   0.04195,  -0.03026,  -0.06308,   0.04523,   0.00585,   0.01897,  -0.02862,   0.00256,   0.01241,  -0.00072,  -0.03846,   0.02062,  -0.04831,   0.02390,   0.01733,  -0.00564,   0.03046,  -0.04503,   0.00913,  -0.00236,  -0.03682,  -0.02533,   0.04195,   0.01897,   0.04195,   0.02718,   0.00749,  -0.03354,   0.08298,  -0.00072,   0.01241,   0.04851,  -0.05816,   0.02390,  -0.00072,  -0.01221,  -0.00728,   0.05672,   0.03703,   0.02718,  -0.01385,   0.05016,   0.05016,  -0.02533,   0.00913,  -0.04503,  -0.07785,  -0.01385,  -0.03846,   0.00256,   0.01405,  -0.00400,  -0.01713,   0.01077,   0.05672,  -0.02533,   0.05016,   0.02554,   0.01569,   0.02062,  -0.06144,   0.00420,  -0.04995,   0.04523,   0.06657,   0.04687,   0.00256,  -0.00236,   0.01241,  -0.00072,   0.07149,   0.04359,   0.01241,   0.08462,  -0.01877,   0.01077,  -0.04995,   0.01569,  -0.01221,  -0.06308,  -0.02862,   0.06492,  -0.03682,  -0.02369,   0.02882,   0.06328,  -0.03354,   0.07149,   0.04359,  -0.04339,   0.00092,  -0.02698,  -0.03682,   0.01241,   0.01077,  -0.00072,  -0.03026,   0.08462,  -0.01221,  -0.02533,  -0.04503,   0.03046,  -0.01549,  -0.00400,   0.02390,  -0.02862,  -0.02533,  -0.06636,  -0.02205,   0.02882,   0.00749,  -0.05652,  -0.02533,  -0.07129,   0.01569,  -0.05980,  -0.01549,   0.02062,  -0.06964,  -0.08277,  -0.05323,  -0.05816,  -0.00564,   0.01241,   0.03374,  -0.01056,   0.01241,   0.07969,  -0.03682,  -0.00236,   0.04851,   0.04195,  -0.02533,   0.00749,   0.04195,  -0.06308,  -0.03026,   0.04851,   0.01569,   0.00256,  -0.04010,  -0.02698,   0.01897,   0.01405,   0.02062,   0.03374,   0.00749,   0.02554,  -0.04175,  -0.04667,   0.00256,  -0.02698,  -0.05159,  -0.02533,   0.01241,   0.02062,   0.01241,   0.05016,  -0.06308,   0.00256,  -0.01056,  -0.03846,  -0.01549,   0.00749,  -0.01877,  -0.00728,  -0.00892,   0.00585,  -0.01385,  -0.07457,   0.06164,   0.05836,  -0.01877,  -0.02205,  -0.01221,  -0.04010,  -0.02862,   0.00913,  -0.03846,   0.00256,   0.04687,   0.01241,   0.14534,  -0.02369,  -0.03518,   0.00420,   0.03867,  -0.00564,   0.01733,  -0.03354,   0.06821,  -0.00400,  -0.05487,  -0.00728,   0.01733,  -0.04831,  -0.01221,  -0.04831,  -0.05159,  -0.02369,   0.00256,  -0.04503,  -0.00728,  -0.01877,   0.03867,   0.02554,  -0.03518,   0.02390,  -0.01221,  -0.03846,   0.03539,  -0.03026,   0.00256,   0.02882,   0.01897,  -0.01713,  -0.02533,   0.01077,  -0.08934,   0.10431,   0.01077,  -0.05652,   0.03210,  -0.05652,  -0.06144,  -0.05652,   0.01241,   0.02062,   0.00420,  -0.04339,   0.01897,   0.05016,  -0.04503,  -0.02533,   0.04851,  -0.02041,   0.05672,   0.00913,   0.00585,  -0.03518,   0.03703,  -0.03518,  -0.00236,   0.06985,  -0.04831,  -0.04503,  -0.04831,  -0.00892,  -0.01385,   0.00749,   0.00913,   0.06164,   0.01077,   0.05344,  -0.03190,  -0.03354,  -0.04175,   0.01733,  -0.03354,   0.02062,  -0.01549,   0.03703,   0.03539,   0.02882,   0.03539,   0.01241,   0.00913,  -0.00728,   0.05180,   0.03210,   0.01077,  -0.05980,   0.05836,  -0.04339,  -0.01056,   0.00913,  -0.06472,  -0.05980,   0.06000,   0.00585,  -0.03682,   0.02062,   0.02554,  -0.02205,   0.01569,   0.00420,  -0.06636,  -0.01877,  -0.00564,   0.05016,  -0.03682,  -0.02862,   0.04851,  -0.03354,  -0.00400,  -0.09262,   0.04687,  -0.04010,  -0.04995,   0.00585,  -0.00400,  -0.03190,   0.03867,  -0.08277,  -0.05652,  -0.01221,   0.09118,   0.04523,   0.00092,   0.02554,   0.01733,   0.02390,   0.05180,  -0.03846,  -0.02533,   0.04359,   0.07641,   0.06985,   0.07641,   0.00420,   0.00420,  -0.01549,  -0.04010,  -0.03354,   0.00749,   0.00092,   0.03046,  -0.04175,   0.03210,   0.04851,  -0.06964,  -0.00728,   0.02390,   0.07641,  -0.00892,  -0.04010,   0.01241,   0.02882,  -0.01549,  -0.00072,  -0.09754,   0.04031,   0.02390,   0.05672,   0.01733,   0.01241,  -0.03518,   0.04687,   0.02882,   0.01241,  -0.04831,   0.05508,  -0.00236,   0.00913,  -0.07457,   0.03703,  -0.02698,  -0.00564,   0.02390,   0.00749,   0.00256,   0.02554,   0.06657,   0.04031,   0.05836,   0.05344,   0.01241,  -0.04339,   0.02882,   0.03703,   0.01077,   0.01405,   0.05344,   0.01077,  -0.06308,   0.05180,   0.01733,  -0.02041,  -0.02205,   0.02062,  -0.05816,  -0.03026,   0.03046,   0.05508,  -0.01221,   0.03210,  -0.05323,  -0.05816,  -0.02862,  -0.01713,   0.02226,   0.06985,  -0.05159,   0.06657,   0.02718,   0.01897,  -0.02533
   0.00749,  -0.08605,  -0.01877,  -0.03846,   0.01897,  -0.04010,   0.01897,   0.05016,  -0.01385,  -0.01385,  -0.05323,   0.02390,  -0.03682,  -0.10082,  -0.02041,  -0.02533,  -0.05487,   0.00092,   0.09939,   0.03046,  -0.02041,  -0.06964,  -0.06308,  -0.02369,   0.02554,   0.00092,   0.04195,   0.07641,   0.05672,   0.04687,   0.09282,  -0.01549,  -0.03682,  -0.00236,  -0.02041,   0.04195,  -0.03026,  -0.04175,   0.00256,  -0.03518,  -0.01056,   0.05672,  -0.04339,   0.06000,   0.01405,  -0.01056,   0.01733,   0.00913,   0.06985,   0.04359,  -0.03846,   0.01569,  -0.00892,   0.02390,  -0.04175,   0.01405,   0.06492,   0.07477,  -0.03518,   0.03374,  -0.01056,   0.02062,   0.01733,   0.03374,  -0.02862,   0.01405,   0.02062,  -0.03518,  -0.03846,   0.01733,  -0.02205,  -0.03026,   0.03046,   0.01897,   0.04523,  -0.02698,  -0.07621,   0.06985,  -0.00072,   0.07969,  -0.04995,   0.01733,  -0.01385,  -0.06636,   0.01897,  -0.08277,   0.03210,   0.00913,  -0.02698,   0.01405,   0.01077,  -0.01221,  -0.04503,  -0.02533,  -0.03846,  -0.00072,   0.00256,  -0.02041,   0.00092,  -0.01385,  -0.07129,   0.00913,   0.00585,   0.03046,  -0.03682,  -0.03518,  -0.05652,   0.01733,  -0.06636,   0.01077,  -0.02862,   0.01569,   0.00749,  -0.05159,  -0.00072,   0.06821,   0.00420,  -0.10247,   0.00420,  -0.06964,  -0.06472,  -0.06636,  -0.06308,  -0.00400,  -0.07129,   0.03046,  -0.03190,  -0.00564,  -0.05323,  -0.02205,  -0.01549,  -0.00564,   0.06985,   0.00749,  -0.01549,   0.00092,  -0.01713,  -0.03846,  -0.04010,  -0.06636,  -0.03682,  -0.03846,  -0.01056,   0.03046,  -0.06472,   0.02390,   0.03210,   0.02226,   0.04851,  -0.01385,  -0.00400,  -0.04503,  -0.00400,  -0.03518,  -0.01056,   0.00913,   0.01569,   0.04359,   0.05672,  -0.05652,  -0.00728,  -0.06800,   0.01569,  -0.00236,  -0.04503,   0.04195,  -0.02698,  -0.04667,   0.00913,  -0.07457,   0.02882,  -0.02369,   0.01569,  -0.01713,  -0.04175,  -0.05980,   0.00256,  -0.00072,  -0.08770,   0.00092,   0.01241,  -0.04667,  -0.02041,  -0.00400,  -0.02369,  -0.04175,  -0.06144,   0.01077,  -0.01221,   0.02062,  -0.01713,   0.01405,  -0.06964,  -0.00072,   0.01569,  -0.06472,  -0.01056,   0.01241,  -0.08441,  -0.02862,   0.05836,  -0.00564,  -0.00728,  -0.00564,  -0.02369,   0.09282,   0.00092,   0.02718,   0.00585,  -0.00564,   0.04851,  -0.05159,  -0.01056,   0.00092,   0.06821,   0.06164,  -0.04339,   0.09118,   0.00256,  -0.06636,  -0.00400,  -0.01056,   0.07969,   0.14041,   0.03703,   0.00585,   0.07313,   0.02390,   0.03539,  -0.00728,   0.04687,   0.01405,  -0.02862,  -0.00400,  -0.01877,  -0.04339,  -0.00400,  -0.05487,   0.00092,   0.01077,   0.07477,  -0.03846,  -0.01713,   0.01569,   0.02554,  -0.06144,  -0.03354,   0.02226,  -0.01056,  -0.02533,  -0.01056,   0.01897,   0.05344,   0.00913,  -0.00728,  -0.02533,  -0.04995,  -0.03354,   0.03867,   0.01733,  -0.05816,   0.00585,  -0.04667,  -0.05816,  -0.00400,   0.04687,   0.03374,   0.01405,  -0.06964,  -0.02698,  -0.07293,  -0.01713,  -0.07457,   0.00256,  -0.01549,   0.03539,  -0.01221,   0.00913,  -0.02205,  -0.00072,  -0.02533,  -0.00400,   0.03210,   0.04195,  -0.04175,   0.03046,  -0.00400,  -0.12216,   0.05016,  -0.01221,   0.02226,  -0.01221,  -0.00892,   0.00913,  -0.05159,  -0.03026,   0.01569,   0.02882,   0.02226,  -0.02205,   0.01569,  -0.05652,   0.01241,   0.01733,  -0.03190,   0.03374,   0.03867,  -0.01549,   0.00420,   0.02062,  -0.00072,   0.04687,  -0.01549,  -0.01549,  -0.06964,  -0.02369,  -0.01713,   0.00585,   0.00585,  -0.02205,   0.02226,  -0.06800,   0.01897,  -0.02862,   0.04031,   0.06492,   0.06000,  -0.00728,   0.01733,  -0.04010,   0.06164,  -0.03682,   0.03374,   0.01733,  -0.00728,  -0.07621,  -0.01056,   0.01077,   0.00913,   0.05836,  -0.06636,  -0.02698,   0.04523,   0.00256,  -0.00400,  -0.06472,  -0.00728,   0.01077,  -0.03190,  -0.00072,  -0.00564,   0.01241,  -0.00400,   0.10267,   0.04195,   0.04359,  -0.00892,  -0.05487,  -0.03518,   0.04687,  -0.02369,  -0.04667,  -0.01713,  -0.01877,  -0.03518,   0.04851,  -0.04010,  -0.04339,  -0.10575,  -0.01385,  -0.04175,  -0.02533,   0.02226,  -0.03190,   0.00092,  -0.01221,  -0.00728,  -0.02533,  -0.02533,   0.02226,  -0.00564,   0.02882,   0.01077,   0.01077,  -0.01056,  -0.10247,   0.00092,   0.02554,   0.00749,   0.01241,  -0.04339,   0.01077,   0.01241,  -0.02369,  -0.00564,  -0.01385,   0.04195,   0.01569,  -0.02205,  -0.02698,  -0.00564,  -0.00072,   0.04195,   0.04851,   0.00420,  -0.04995,   0.10103,  -0.03846,   0.07313,  -0.04339,   0.05016,   0.00749,   0.01241,   0.01241,  -0.06472,  -0.10247,   0.00420,  -0.00236,  -0.00236,   0.02390,  -0.02698,  -0.05323,   0.01897,   0.01241,   0.02390,   0.03539,  -0.04831,  -0.00564,   0.00420,  -0.02862,   0.02554,  -0.03354,  -0.00236,   0.03210,   0.01405,  -0.04667,  -0.02533,  -0.01877,  -0.04667,   0.01405,  -0.06636,  -0.07621,   0.07313,  -0.02533,   0.02882,  -0.10903,   0.06985,  -0.00236,  -0.01877,  -0.05487,  -0.02041,   0.06985,  -0.00072,  -0.06472,   0.04851,  -0.01549,   0.00420,  -0.03518,   0.07641,   0.06164,  -0.00400,   0.06821,   0.06000,   0.03703,   0.05508,  -0.00236,   0.00092,   0.01077,   0.07313,   0.08134,  -0.10247,  -0.09426,   0.08790,  -0.01877,   0.07641,   0.00092,  -0.01549,  -0.02205,   0.03539,   0.02882,  -0.04010,   0.02226,   0.02718,  -0.01385,  -0.05323,   0.00913,   0.03046,  -0.03190,  -0.01877,   0.00749,  -0.05487,   0.02390,   0.01897,  -0.08605,  -0.06144,  -0.02862,   0.03703,  -0.05980,  -0.03026,  -0.08770,  -0.00072,   0.03539,   0.03046,   0.01897,  -0.06800,  -0.04831,   0.01733,   0.03046,  -0.02533,   0.04195,  -0.00892,  -0.05816,  -0.01221,  -0.00728,  -0.01056,  -0.00400,   0.02554,   0.02554,  -0.00400,   0.03867,   0.01077,   0.03210,  -0.02862,   0.09118,   0.04523,   0.02882,   0.00913,  -0.05487,   0.01241,  -0.13201,  -0.07129,   0.05508,   0.09446,  -0.09590,   0.12400,  -0.01713,  -0.02205,  -0.05980,  -0.01385,  -0.02698,   0.02882,   0.00420,  -0.00236,  -0.04175,  -0.02698,  -0.03518,  -0.04503,   0.02390,  -0.03026,   0.02062,   0.07313,   0.01897,   0.01077,   0.01405,   0.01241,   0.00749,   0.01077,  -0.01713,   0.02226,   0.00092,  -0.06472,  -0.06800,  -0.02369,  -0.05323,  -0.02698,  -0.01877,  -0.01549,  -0.00892,   0.06328,   0.05016,  -0.04175,   0.06821,   0.00913,   0.01077,   0.00092,  -0.01713,   0.08134,  -0.08277,   0.01733,   0.02554,   0.02390,  -0.09426,  -0.03846,   0.04031,  -0.00728,  -0.06144,  -0.02205,  -0.02041,  -0.02369,  -0.03354,  -0.07949,  -0.02369,   0.05508,   0.00092,  -0.01877,   0.06821,  -0.01713,  -0.00728,  -0.02205,   0.00749,  -0.02369,   0.00585,   0.04851,   0.01897,   0.01405,   0.02554,   0.06000,   0.07969,  -0.02205,   0.02390,  -0.00072,  -0.04667,   0.03703,   0.00420,   0.02062,  -0.02533,   0.03703,   0.02062,   0.07805,  -0.00892,   0.02718,   0.01077,   0.04031,  -0.02533,   0.06000,   0.04031,  -0.00236,  -0.02698,  -0.01385,   0.00092,   0.05344,  -0.05816,  -0.05159,   0.02882,   0.06492,   0.04523,  -0.02369,   0.00092,  -0.02041,   0.01733,   0.09939,   0.06164,   0.05344,  -0.04831,   0.03703,   0.01733,   0.05508,   0.05672,   0.04031,   0.04687,  -0.06144,  -0.04831,   0.00913,   0.00420,   0.06164,  -0.01713,   0.00092,  -0.01056,  -0.02862,  -0.05487,  -0.02862,   0.02554,  -0.01877,  -0.02205,   0.01405,  -0.00400,  -0.06800,   0.06164,  -0.01385,  -0.04010,  -0.00728,  -0.02698,   0.01405,  -0.08770,   0.01569,   0.01569,  -0.03518,   0.00749,  -0.05323,  -0.07621,   0.06821,   0.02882,  -0.12872,   0.10267,   0.06657,   0.00420,  -0.07293,  -0.04503,   0.05016,  -0.08113,  -0.01549,  -0.02041,   0.03046,  -0.05323,  -0.00564,  -0.01056,   0.09775,   0.00420,  -0.10575,   0.02390,   0.06328,  -0.04995,   0.00420,  -0.01056,   0.04851,  -0.03354,  -0.01549,  -0.02369,  -0.06964,  -0.03190,  -0.05652,   0.03210,   0.01733,  -0.03354,   0.00913,  -0.05652,   0.03867,  -0.10247,   0.07313,  -0.01221,   0.06492,   0.00913,  -0.01713,  -0.08277,  -0.00236,  -0.06636,  -0.05159,   0.07149,  -0.01385,  -0.03682,  -0.02533,   0.01733,  -0.06800,   0.06657,   0.01405,  -0.00728,  -0.04831,   0.02226,  -0.05487,  -0.04995,  -0.00892,   0.01241,   0.09939,  -0.01877,  -0.05323,   0.02554,   0.05836,  -0.04667,   0.02390,  -0.05323,   0.08790,   0.08626,  -0.04995,   0.02882,   0.01077,   0.03374,  -0.07129,  -0.05159,   0.06328,   0.01733,   0.05508,  -0.01877,   0.07477,   0.02390,  -0.02698,  -0.01385,   0.02718,   0.07641,   0.01241,  -0.01549,  -0.01056,   0.03210,   0.00913,   0.04687,   0.05016,   0.02062,   0.04195,  -0.01713,  -0.05159,  -0.01877,  -0.02205,  -0.05652,  -0.04175,  -0.01056,   0.01077,  -0.02205,   0.14862,   0.00749,   0.02718,  -0.02369,   0.01569,   0.11252,  -0.03846,   0.03374,   0.02718,  -0.02041,   0.07969,  -0.08770,  -0.02533,   0.06164,   0.03046,  -0.07293,   0.00256,  -0.07129,   0.01077,   0.02226,  -0.01713,  -0.02041,   0.03867,   0.00585,  -0.01877,   0.03867,  -0.00236,   0.05016,  -0.00236,  -0.02205,  -0.07457,  -0.07293,  -0.02041,  -0.03682,   0.03046,   0.00749,  -0.05323,  -0.02041,   0.05180,   0.01405,   0.00913,  -0.04503,   0.04851,  -0.06308,   0.06492,  -0.02862,  -0.01056,  -0.01056,   0.02226,  -0.03518,  -0.07293,   0.02882,  -0.01221,   0.03210,  -0.00728,   0.03539,  -0.11067,  -0.04831,  -0.00892,  -0.08277,  -0.06144,  -0.04339,   0.08954,  -0.04339,  -0.00236,  -0.00236,  -0.00072,  -0.01221,  -0.02369,   0.00913,   0.00256,  -0.07621,  -0.03354,   0.03046,   0.05836,  -0.01877,  -0.04503,   0.00420,  -0.04503,   0.00256,  -0.00072,   0.00420,  -0.01385,  -0.00236,   0.07969,  -0.05652,  -0.02369,  -0.00564,  -0.05159,  -0.05159,   0.04523,   0.06164,  -0.02369,   0.04031,   0.04031,   0.03374,  -0.04010,   0.00585,  -0.00564,   0.01733,  -0.06636,  -0.03518,   0.00585,  -0.03190,   0.01077,   0.04687,   0.03374,   0.01569,   0.02062,   0.03374,   0.02554,   0.02554,  -0.08934,  -0.02533,   0.04359,   0.00420,   0.00420,  -0.00400,  -0.01056,  -0.00236,  -0.08113,   0.06985,   0.02062,   0.01077,   0.02718,  -0.02205,  -0.04010,   0.00913,  -0.00072,   0.00256,   0.02554,   0.03539,   0.13877,  -0.03354,  -0.02698,   0.01077,   0.04851,   0.01569,  -0.00236,   0.05508,   0.06000,  -0.01877,  -0.00892,  -0.04831,   0.06000,  -0.02041,   0.00256,  -0.02862,  -0.01385,   0.01897,   0.04195,   0.00092,  -0.05159,   0.03046,  -0.01877,   0.02062,  -0.01385,  -0.07293,   0.03703,   0.02390,   0.06492,  -0.03518,  -0.03190,   0.07149,   0.02882,   0.00420,   0.04851,   0.00256,   0.01569,  -0.04995,  -0.05980,   0.05180,   0.03046,   0.03703,   0.00092,   0.03539,   0.03539,   0.06985,   0.03867,  -0.02041,  -0.00400,  -0.00728,   0.02718,  -0.04010,   0.03374,  -0.00728,   0.12565,   0.03374,  -0.05487,  -0.06308,   0.01897,  -0.04010,  -0.03026,   0.04687,  -0.07457,   0.03046,   0.03867,   0.01405,  -0.02533,   0.05016,  -0.04995,   0.03374,   0.01569,  -0.01713,   0.02390,  -0.07785,  -0.01877,  -0.04339,  -0.00400,   0.02390,  -0.04175,   0.00585,  -0.03354,   0.06492,   0.04195,   0.00420,  -0.04831,   0.07805,  -0.00564,   0.00585,  -0.05159,  -0.09098,  -0.03846,   0.02882,  -0.15498,  -0.04995,  -0.07621,  -0.00400,  -0.02369,  -0.02041,   0.05508,  -0.06964,   0.05016,  -0.05159,  -0.01549,   0.02390,  -0.03190,   0.04851
  -0.04995,  -0.02862,   0.00749,   0.01077,  -0.05816,  -0.04503,  -0.04175,  -0.03846,  -0.04831,  -0.00236,  -0.02041,   0.01733,  -0.03190,  -0.04339,  -0.04175,   0.06821,  -0.03846,  -0.03190,  -0.01549,   0.06492,   0.01077,   0.01241,   0.00585,  -0.04339,  -0.00564,  -0.01056,   0.03539,   0.01897,  -0.05487,   0.01569,  -0.01221,  -0.03518,  -0.05816,   0.01241,   0.04359,  -0.01549,  -0.02533,  -0.03682,  -0.03190,  -0.01713,   0.00585,  -0.03190,   0.02062,   0.05344,  -0.01385,  -0.00564,   0.03374,  -0.00236,  -0.07293,  -0.01221,  -0.02698,   0.00256,  -0.03846,  -0.02533,  -0.00728,   0.02882,   0.02390,   0.05344,   0.02226,  -0.00400,  -0.01549,  -0.01221,   0.03867,   0.01569,   0.01241,   0.04851,  -0.06144,   0.01405,  -0.02369,  -0.05816,   0.07969,  -0.00564,   0.02390,   0.00585,  -0.00236,  -0.01385,  -0.05487,  -0.02698,  -0.01713,   0.05508,   0.04523,  -0.04667,  -0.00236,  -0.02205,   0.06328,   0.00092,  -0.02205,   0.01569,  -0.04175,  -0.03190,   0.06821,   0.07805,   0.06657,   0.00256,   0.00585,  -0.01385,  -0.02041,  -0.02205,   0.12729,  -0.04831,  -0.03682,  -0.02205,   0.08954,   0.02062,   0.04523,  -0.04175,  -0.02041,   0.00256,   0.02226,  -0.00400,  -0.03846,   0.00749,  -0.04339,  -0.00072,  -0.01221,   0.00913,  -0.04175,  -0.05159,   0.04851,   0.01405,   0.04851,   0.00092,   0.02882,  -0.03354,  -0.05323,  -0.05980,   0.06821,  -0.05487,  -0.04175,   0.00256,  -0.02369,  -0.06636,  -0.02533,  -0.02862,   0.00256,   0.02718,  -0.10247,  -0.01385,   0.02882,  -0.00072,  -0.07293,  -0.01385,   0.03374,  -0.03190,   0.06657,   0.02554,  -0.08605,  -0.01056,   0.01077,  -0.06964,   0.09446,   0.03210,   0.00913,   0.01241,  -0.04667,  -0.01877,  -0.05816,  -0.00728,   0.08298,   0.05344,   0.03867,   0.03867,  -0.06472,  -0.03682,  -0.01056,  -0.02205,   0.01569,   0.00420,   0.08462,   0.03703,  -0.04175,  -0.04831,   0.07149,  -0.00892,   0.01569,   0.00256,  -0.00892,   0.00913,  -0.02533,   0.05180,   0.02554,   0.03374,   0.04195,   0.01733,   0.01241,  -0.04339,   0.02226,  -0.02698,  -0.05323,   0.01077,  -0.00072,   0.04195,   0.00256,  -0.00400,   0.03046,   0.03210,   0.00913,  -0.05159,  -0.08277,   0.00256,  -0.04667,  -0.02041,   0.02062,   0.02226,   0.10103,   0.04687,  -0.03190,  -0.03354,   0.06328,  -0.02369,  -0.03190,   0.02062,   0.01897,  -0.00400,   0.04031,  -0.01549,   0.06657,   0.05016,   0.01077,  -0.09262,   0.06821,   0.00585,   0.00749,  -0.02862,  -0.06636,  -0.00728,   0.01897,   0.01569,   0.07969,  -0.05323,   0.06164,  -0.07293,   0.02882,   0.06985,  -0.02369,   0.02062,   0.04687,   0.07805,  -0.01549,  -0.01385,  -0.01549,   0.00749,   0.03374,   0.00585,  -0.02533,  -0.00072,  -0.01877,   0.03867,   0.01733,   0.01897,   0.04687,   0.01077,   0.03374,   0.00092,   0.09118,   0.01077,   0.01241,   0.02882,   0.01241,   0.00420,  -0.04667,  -0.04503,   0.02226,  -0.04339,   0.12400,   0.07313,  -0.05323,   0.07805,   0.00585,  -0.02862,  -0.00564,  -0.04503,   0.02882,  -0.02533,   0.04195,   0.02718,   0.09118,  -0.02041,   0.01897,   0.00092,   0.00420,   0.01733,   0.02718,   0.02718,  -0.04175,  -0.00728,  -0.00072,   0.00092,  -0.01056,  -0.02369,  -0.03026,   0.03210,  -0.00400,  -0.01549,  -0.04503,  -0.02369,  -0.01549,   0.11088,   0.05672,  -0.00072,   0.01405,  -0.03846,   0.02390,  -0.00892,   0.03867,  -0.00564,  -0.01713,  -0.00400,  -0.02698,  -0.00728,   0.05836,  -0.05323,   0.00420,  -0.04667,  -0.06308,  -0.03846,  -0.00072,  -0.03190,  -0.02041,   0.05836,  -0.01221,  -0.02041,  -0.01056,  -0.00400,  -0.06144,   0.01241,   0.03703,  -0.04995,  -0.07785,   0.03046,   0.09446,  -0.08770,  -0.03518,  -0.02369,   0.01569,   0.05016,  -0.01549,   0.01241,   0.10923,  -0.02862,  -0.04503,  -0.03518,   0.01733,   0.01733,  -0.02533,  -0.02041,   0.01897,   0.06000,   0.03210,   0.04523,  -0.01549,  -0.05159,   0.02062,   0.07969,   0.02882,  -0.00400,   0.00749,   0.07969,   0.04523,  -0.00072,  -0.01385,   0.03046,  -0.04503,  -0.03682,   0.01733,   0.03374,   0.01405,  -0.00564,   0.03374,  -0.05487,  -0.04339,  -0.03846,  -0.08441,  -0.03354,  -0.02205,  -0.01221,  -0.06472,   0.00420,   0.01405,   0.00092,  -0.08277,   0.02062,  -0.01056,   0.00092,   0.01241,  -0.05323,   0.01897,  -0.01221,  -0.04339,   0.02718,   0.00585,   0.03867,  -0.03682,   0.02390,   0.04359,  -0.09262,  -0.01713,  -0.01713,   0.03703,   0.06821,  -0.01385,  -0.01713,   0.00256,   0.03374,   0.00420,  -0.10247,  -0.05323,  -0.00236,   0.02554,  -0.00400,  -0.02862,   0.01569,   0.00749,  -0.00728,  -0.02533,   0.00749,  -0.02533,   0.00256,   0.03046,  -0.00564,   0.08626,   0.08298,  -0.01877,  -0.06636,  -0.04339,  -0.05980,   0.03046,   0.05180,  -0.04339,   0.02226,  -0.02533,   0.00420,  -0.01713,  -0.01385,  -0.02205,   0.06000,   0.12400,   0.05180,   0.00585,  -0.02862,  -0.08113,   0.01077,   0.00092,  -0.02698,  -0.06472,  -0.08113,   0.00585,  -0.06144,   0.02226,   0.00420,  -0.03846,   0.00585,  -0.00892,   0.06985,   0.03046,  -0.07949,  -0.01385,   0.03210,  -0.01549,   0.04195,   0.00256,  -0.06144,   0.00913,  -0.00728,   0.08298,   0.02554,  -0.02369,   0.00749,   0.00585,   0.02226,   0.03703,  -0.00564,   0.06985,   0.04031,  -0.06964,   0.01405,  -0.06144,  -0.00728,   0.00256,  -0.00236,  -0.01713,   0.00749,  -0.06472,   0.01077,   0.00913,   0.04851,  -0.06636,   0.01897,   0.00256,   0.07477,  -0.02862,   0.08462,  -0.00564,  -0.03354,   0.05016,  -0.02041,  -0.02041,  -0.00072,   0.07313,   0.01077,   0.06657,   0.05016,   0.01077,  -0.03682,  -0.01713,   0.01569,   0.05180,   0.04523,   0.05344,  -0.01877,   0.02718,  -0.03518,   0.01897,  -0.07293,  -0.01056,   0.02718,   0.03703,  -0.07785,   0.03703,   0.16339,  -0.01385,  -0.01549,  -0.04175,   0.03374,   0.01897,  -0.00236,   0.01733,  -0.01385,   0.05180,   0.05180,   0.03539,   0.00092,  -0.01549,  -0.02205,  -0.01056,  -0.02041,  -0.00564,   0.03703,   0.06821,   0.00256,  -0.01549,  -0.06472,   0.02390,   0.05508,  -0.04339,  -0.04667,  -0.02698,  -0.00072,  -0.01221,   0.01569,  -0.01713,  -0.04667,  -0.02862,  -0.04010,   0.05344,  -0.01056,  -0.03354,   0.03374,  -0.01877,  -0.06308,  -0.03846,   0.00420,   0.07805,  -0.07785,   0.00913,  -0.00400,  -0.01877,   0.01405,   0.00585,   0.01405,  -0.00892,  -0.00892,  -0.02862,   0.01897,   0.00913,   0.01241,  -0.00892,  -0.06800,   0.05180,   0.07969,   0.02390,  -0.02369,  -0.06308,   0.02882,  -0.02862,  -0.01549,  -0.03354,   0.02390,   0.02062,  -0.03682,   0.03539,  -0.05487,  -0.03190,  -0.01549,   0.04195,  -0.05652,  -0.01385,  -0.03026,  -0.02369,  -0.06964,  -0.05323,  -0.03846,   0.04687,  -0.00564,   0.00256,   0.01077,  -0.00564,  -0.01549,  -0.03682,   0.00420,   0.02718,  -0.03354,   0.00585,  -0.01221,  -0.01221,  -0.00072,  -0.05980,  -0.01056,  -0.04339,   0.00749,   0.08462,  -0.03354,   0.02062,   0.03210,   0.05180,   0.02882,  -0.00236,  -0.00236,  -0.03354,   0.04195,  -0.00236,  -0.04339,  -0.00892,   0.01733,  -0.04831,  -0.00072,  -0.03190,  -0.00072,   0.06657,   0.04851,   0.02226,  -0.04831,  -0.00072,   0.02882,  -0.05323,  -0.03518,   0.03210,   0.05836,  -0.05487,  -0.01221,   0.00092,  -0.02041,  -0.02041,  -0.03026,  -0.11395,  -0.03354,   0.03867,  -0.03190,  -0.00072,  -0.01056,  -0.07621,  -0.00728,   0.01077,  -0.02862,   0.01897,   0.05508,   0.00749,   0.00585,   0.04523,   0.00749,   0.00585,   0.01569,   0.03210,  -0.06308,  -0.01056,   0.03703,  -0.03026,   0.04687,  -0.05159,   0.01897,  -0.04339,  -0.00072,   0.00256,   0.01405,  -0.00236,   0.00749,  -0.09918,  -0.00892,   0.02390,   0.03867,   0.06985,  -0.02862,  -0.01877,   0.03867,  -0.03518,  -0.02862,  -0.02533,  -0.06472,  -0.02041,   0.01897,   0.05836,   0.02226,  -0.04503,  -0.02698,   0.02882,  -0.06472,  -0.07293,  -0.00892,   0.04031,   0.00585,   0.02554,  -0.05816,  -0.04995,  -0.02205,   0.05508,   0.06164,   0.00092,   0.01241,   0.01405,   0.05344,   0.02718,   0.01241,   0.08626,   0.00092,  -0.04010,   0.08134,   0.09282,   0.04687,  -0.04339,   0.06164,  -0.02205,   0.04851,  -0.01221,   0.04851,  -0.05159,   0.03374,   0.06985,   0.05836,   0.02718,   0.06328,  -0.04175,  -0.01877,  -0.01056,  -0.00400,  -0.09098,   0.00585,  -0.01056,  -0.11395,  -0.01385,  -0.09590,   0.00749,  -0.02369,   0.05672,   0.03539,   0.03703,  -0.00236,   0.04523,   0.04523,  -0.00236,   0.00585,   0.03867,  -0.04667,   0.02226,   0.02882,   0.07313,  -0.00892,   0.03210,  -0.01877,  -0.01713,   0.04195,   0.03374,  -0.02041,   0.01897,  -0.07949,  -0.01549,   0.06657,  -0.01877,  -0.01385,  -0.02369,  -0.03682,   0.02390,  -0.02533,   0.05672,   0.06492,  -0.02041,   0.05508,   0.07149,   0.02226,   0.01405,   0.06164,   0.01569,  -0.06144,  -0.00236,  -0.02041,   0.04359,   0.02882,   0.07969,  -0.01713,   0.02554,  -0.00072,  -0.04339,   0.02062,  -0.02862,  -0.00728,  -0.02041,   0.00256,  -0.00236,   0.03210,   0.03867,   0.03703,  -0.05816,  -0.08277,   0.03703,   0.01569,   0.04523,   0.09446,   0.01733,  -0.04010,  -0.00072,   0.00913,   0.02882,  -0.00564,  -0.04995,  -0.03682,   0.01897,   0.03539,  -0.03518,  -0.04339,   0.02226,  -0.00728,   0.00585,   0.05836,   0.01077,   0.03374,  -0.04175,  -0.01877,   0.01569,   0.04687,   0.05344,   0.02062,  -0.00728,  -0.05652,  -0.08934,  -0.05816,   0.04851,  -0.01549,  -0.03682,   0.03539,   0.04851,  -0.08113,  -0.01385,   0.03703,   0.09118,  -0.02041,  -0.04339,  -0.02369,  -0.09590,   0.07313,   0.06000,  -0.00892,   0.07805,  -0.08934,  -0.03190,   0.03046,   0.01897,  -0.03846,  -0.03518,   0.00420,  -0.05980,   0.08134,  -0.00400,   0.02718,   0.02390,   0.05508,   0.06821,   0.01733,   0.01405,  -0.08605,  -0.05323,   0.00420,   0.01733,  -0.00564,  -0.03190,   0.06328,   0.03046,  -0.03190,   0.05016,  -0.00072,  -0.00728,  -0.00892,  -0.09590,   0.04687,   0.06328,  -0.00564,   0.03539,  -0.07457,   0.04195,   0.01897,   0.03867,   0.00585,   0.01405,  -0.05159,  -0.00564,   0.04851,   0.01733,   0.07641,   0.02718,   0.02718,   0.03210,   0.02226,  -0.03190,   0.00913,   0.02554,   0.05508,   0.01897,   0.03210,  -0.06964,  -0.02369,  -0.03518,   0.05180,   0.01897,   0.07149,  -0.00072,   0.06492,  -0.01713,  -0.09590,  -0.06144,  -0.03846,  -0.02041,   0.01733,  -0.06308,  -0.01056,  -0.00236,   0.02554,  -0.02862,   0.01077,  -0.00564,  -0.01877,  -0.04339,   0.02718,  -0.00072,   0.03867,  -0.01221,  -0.00236,   0.03374,  -0.04175,   0.04359,   0.00256,   0.06164,   0.05836,   0.03046,   0.01405,  -0.02862,   0.02554,   0.01077,  -0.03354,  -0.03682,  -0.05159,   0.00913,  -0.00892,   0.02882,   0.03374,   0.01569,  -0.00072,   0.06328,  -0.02369,  -0.08113,   0.01569,   0.04195,  -0.03354,  -0.02369,   0.09446,  -0.01385,   0.00749,  -0.11067,  -0.01713,   0.01569,  -0.04667,  -0.05816,   0.04195,   0.02226,  -0.03190,   0.00256,   0.00256,  -0.02533,   0.10759,   0.02226,   0.00913,   0.09775,  -0.00728,  -0.01549,   0.02062,   0.01405,  -0.06800,   0.05836,  -0.00400,  -0.00236,  -0.02698,  -0.05980,  -0.05159,  -0.06308,   0.04031,  -0.05487,   0.06492,   0.04851,  -0.04831,   0.05836,  -0.02533,  -0.09262,  -0.03846,  -0.00072,  -0.00892,   0.00585,   0.01733,   0.03374,   0.07641,  -0.02862,   0.07805,   0.03867,   0.00749,  -0.07785,   0.00913,  -0.01877,   0.08626
   0.03046,   0.05508,  -0.01549,   0.03374,  -0.00564,   0.06985,   0.18637,  -0.02698,   0.03703,   0.05180,  -0.04339,  -0.02862,  -0.00072,   0.00420,  -0.02041,   0.03374,   0.05344,   0.02226,  -0.00728,   0.11580,   0.04195,   0.04523,   0.06985,  -0.03682,   0.03539,  -0.03518,  -0.05323,   0.05344,  -0.01385,   0.04851,  -0.04339,  -0.03190,   0.01733,   0.03374,   0.13221,  -0.04339,   0.00420,  -0.03846,  -0.01713,   0.01897,   0.00420,  -0.08113,   0.01733,   0.07805,  -0.00236,   0.02718,   0.10759,  -0.00892,  -0.05652,  -0.02698,  -0.06144,  -0.03190,   0.01241,   0.00749,  -0.00072,  -0.02862,   0.06821,  -0.11231,  -0.01549,   0.05016,  -0.00728,  -0.00236,  -0.00400,   0.04195,   0.01241,  -0.05323,  -0.02369,  -0.00728,  -0.06964,  -0.03354,   0.03867,  -0.02041,  -0.00236,  -0.00236,   0.01405,  -0.11888,  -0.00728,   0.04359,  -0.06144,  -0.05159,   0.04031,  -0.00728,  -0.04831,  -0.01221,   0.05180,  -0.02698,   0.03867,   0.00585,   0.00585,   0.01241,  -0.03518,   0.04523,   0.01897,   0.01241,   0.03210,  -0.04175,   0.04195,   0.06000,   0.00256,  -0.06636,  -0.09426,   0.01077,   0.01733,  -0.03846,   0.05672,   0.03703,   0.05672,   0.04687,   0.01569,   0.00420,  -0.04010,   0.04523,   0.03703,  -0.09098,  -0.02698,  -0.04010,   0.06328,  -0.04503,   0.01077,   0.03867,  -0.02041,  -0.00072,  -0.03518,  -0.03518,  -0.00728,   0.01569,  -0.01385,   0.01897,  -0.03190,  -0.03846,  -0.08113,  -0.04503,   0.03867,  -0.01549,   0.08954,   0.02062,  -0.00892,   0.00749,   0.04359,  -0.02533,   0.08626,  -0.02205,   0.01569,   0.01733,   0.08954,  -0.05487,   0.00092,   0.07641,   0.08134,  -0.08770,   0.02390,   0.01405,  -0.01056,  -0.01713,   0.09118,  -0.01713,  -0.02698,   0.05344,   0.00092,  -0.10411,  -0.00400,   0.01569,  -0.02533,  -0.02862,   0.06657,   0.03703,   0.08134,  -0.06800,   0.01405,  -0.04503,   0.03046,  -0.03682,   0.02390,  -0.06472,   0.09118,  -0.01713,   0.13549,   0.03867,  -0.00728,  -0.00564,  -0.05816,  -0.00892,  -0.02862,   0.10103,  -0.00564,   0.06657,  -0.02205,  -0.07949,  -0.02041,  -0.02205,   0.00913,   0.08298,   0.08134,  -0.01221,   0.04031,   0.00913,   0.11252,   0.06000,   0.00913,   0.12400,  -0.01385,   0.06328,   0.03374,  -0.07785,   0.03374,   0.03046,  -0.03190,   0.06821,   0.03867,   0.04195,   0.01405,  -0.04175,  -0.02369,  -0.00564,  -0.01385,  -0.02205,  -0.06964,   0.04523,  -0.03682,   0.02718,  -0.04339,   0.04523,   0.03046,  -0.08770,   0.01405,   0.06492,  -0.01877,  -0.02041,  -0.06472,   0.00256,  -0.00236,  -0.02369,  -0.00400,   0.01569,  -0.02369,  -0.04339,   0.03210,   0.01897,  -0.04339,  -0.01713,  -0.04831,   0.02882,   0.17816,   0.06821,   0.00256,  -0.03846,   0.00092,  -0.04010,   0.03703,   0.01733,   0.04687,   0.03867,  -0.00564,   0.07149,  -0.03354,  -0.02862,   0.03046,  -0.02205,  -0.04667,  -0.02862,  -0.02205,  -0.00564,  -0.07949,   0.04359,  -0.01056,  -0.03518,  -0.00892,   0.04031,   0.00585,   0.07477,  -0.06800,  -0.03354,  -0.08441,  -0.04667,   0.02390,  -0.01056,  -0.00728,   0.06000,   0.00420,   0.08790,  -0.01221,  -0.05159,   0.02390,   0.04851,  -0.04175,  -0.00728,  -0.03026,   0.08954,  -0.03682,   0.00749,   0.08134,  -0.00892,  -0.01221,  -0.05159,  -0.01056,   0.01569,   0.04031,   0.01897,  -0.02369,  -0.00400,   0.09611,  -0.01385,  -0.01056,   0.01897,  -0.01221,  -0.02698,  -0.06472,   0.02226,   0.06657,   0.02226,  -0.01056,  -0.04995,  -0.07457,  -0.02698,   0.04031,   0.05180,  -0.04175,  -0.06308,   0.00749,  -0.01385,   0.02226,  -0.02369,   0.03210,   0.01897,   0.00420,  -0.05652,   0.06657,   0.07313,  -0.01056,   0.04359,  -0.04175,  -0.01221,   0.01733,   0.06492,   0.00092,   0.03867,  -0.02041,   0.03046,   0.01077,   0.02554,   0.03210,  -0.00400,  -0.03682,   0.01569,   0.00913,   0.04687,  -0.05323,   0.03867,   0.01077,  -0.03682,  -0.11395,   0.00749,   0.00749,  -0.04831,   0.04523,  -0.00564,   0.00256,   0.02554,  -0.02533,  -0.01056,   0.03210,  -0.04995,  -0.02533,   0.06985,  -0.06144,  -0.02533,   0.00749,   0.01077,  -0.10903,  -0.01221,   0.04195,   0.01077,  -0.04010,  -0.07129,  -0.04175,   0.00256,   0.01405,   0.12400,   0.02062,  -0.11559,   0.01897,   0.08134,  -0.04339,   0.05016,   0.05180,   0.08134,  -0.00236,   0.12072,   0.07805,   0.00420,  -0.03026,  -0.09918,  -0.00072,  -0.02041,  -0.02862,   0.05344,  -0.00728,   0.02554,   0.02062,   0.06000,  -0.00564,  -0.00564,  -0.03190,  -0.00564,  -0.05323,   0.06164,  -0.01549,  -0.07949,   0.05016,  -0.00892,   0.01897,  -0.10082,  -0.10739,  -0.03354,   0.05344,  -0.02862,   0.03539,  -0.04010,  -0.03190,   0.02554,   0.03374,   0.05180,   0.03046,   0.14370,  -0.03518,  -0.03682,  -0.00892,  -0.02533,  -0.07129,  -0.04995,   0.03210,  -0.04503,   0.05016,   0.01241,   0.05508,  -0.09426,  -0.04175,  -0.01056,   0.01077,   0.02390,  -0.02862,  -0.00236,  -0.02369,  -0.09754,   0.04851,   0.01897,   0.02554,  -0.04010,  -0.03682,   0.00420,   0.01569,   0.00420,  -0.00400,  -0.02205,   0.01241,   0.05836,  -0.00728,  -0.03682,   0.04851,   0.03210,  -0.04503,  -0.01713,   0.06000,  -0.02041,   0.07641,   0.06000,  -0.02041,   0.00585,  -0.08277,  -0.00892,  -0.00892,   0.01077,   0.07313,  -0.07949,  -0.01056,  -0.15334,  -0.01877,   0.02226,   0.04195,   0.03867,   0.05016,  -0.02698,  -0.05323,   0.03046,   0.00749,   0.01897,   0.03374,  -0.01549,  -0.02862,  -0.02041,  -0.00072,   0.02390,  -0.01385,  -0.00236,   0.01241,   0.02554,   0.07805,  -0.06144,  -0.05159,  -0.02862,  -0.01549,   0.04523,  -0.00728,   0.02062,  -0.09098,  -0.04667,   0.15518,   0.08462,   0.00585,   0.00092,   0.07641,  -0.03518,  -0.01385,   0.15518,   0.03374,   0.02226,  -0.00072,  -0.03518,  -0.00892,   0.05508,   0.06821,   0.04195,  -0.03190,   0.04359,   0.05508,  -0.05980,  -0.02205,  -0.03518,  -0.08441,   0.00585,   0.03539,  -0.03682,  -0.07293,   0.00420,   0.04195,  -0.04175,  -0.01549,  -0.05323,  -0.07293,   0.01569,  -0.00564,  -0.04667,   0.01733,  -0.05159,   0.05180,  -0.00236,  -0.00072,   0.04851,  -0.07621,  -0.01385,  -0.04339,   0.03046,  -0.03354,  -0.03354,   0.03210,  -0.04175,   0.03210,  -0.03190,  -0.04339,   0.05508,  -0.07457,  -0.07129,  -0.05323,   0.00420,  -0.00072,  -0.04503,   0.07969,   0.03046,   0.03046,   0.10267,   0.01569,  -0.00400,   0.03703,   0.02882,   0.06000,   0.00420,  -0.09426,   0.01241,  -0.03354,  -0.00072,   0.00256,  -0.09262,  -0.01877,  -0.05980,  -0.04667,  -0.04339,  -0.02205,  -0.08934,   0.08462,   0.07477,   0.07805,  -0.07457,   0.04195,  -0.02533,   0.01897,  -0.10411,   0.02226,   0.06328,  -0.02698,  -0.02205,  -0.05652,  -0.07293,  -0.01221,  -0.05816,  -0.00400,   0.02390,   0.02882,  -0.06800,  -0.03026,  -0.03026,   0.02882,   0.00585,  -0.07129,   0.06000,  -0.03354,  -0.02533,   0.01569,  -0.01549,   0.04031,   0.02390,   0.04195,  -0.01549,  -0.05816,  -0.03026,  -0.00072,   0.02062,   0.02062,   0.05508,  -0.02041,   0.02882,   0.05180,   0.16175,  -0.01549,  -0.01056,   0.00749,  -0.01221,  -0.01549,   0.10595,   0.00420,  -0.00236,   0.01733,   0.06657,  -0.14677,   0.01077,  -0.02205,  -0.05323,   0.02062,  -0.01713,  -0.04667,  -0.00072,   0.01241,  -0.01713,  -0.01549,   0.02554,   0.11416,   0.05836,  -0.02533,   0.03703,   0.02390,  -0.04175,   0.15026,   0.01569,  -0.02205,  -0.01221,  -0.06964,  -0.05159,   0.01897,   0.03867,   0.02882,  -0.03354,   0.06657,  -0.03846,   0.03374,  -0.03354,  -0.11395,   0.00256,  -0.00072,  -0.00564,   0.07477,   0.09282,  -0.06800,  -0.05652,   0.02062,  -0.00072,   0.07641,   0.06328,   0.05016,   0.04523,  -0.04010,   0.07641,  -0.06144,  -0.00400,   0.09775,   0.01569,  -0.01385,   0.00913,   0.04523,   0.01077,  -0.04667,  -0.02533,   0.02226,   0.07477,   0.00420,   0.09611,  -0.04010,   0.02718,  -0.15006,   0.03374,  -0.03846,  -0.06636,   0.03210,   0.05180,  -0.07457,   0.05180,  -0.05159,  -0.01221,   0.01897,  -0.03026,   0.00585,   0.04359,   0.02062,  -0.07293,  -0.02041,   0.03210,  -0.01385,  -0.00400,   0.08134,  -0.08770,   0.03210,   0.01897,   0.05672,   0.02554,  -0.03846,   0.16175,  -0.08277,  -0.10411,   0.01405,   0.05836,  -0.03026,  -0.05980,  -0.00236,  -0.02205,  -0.08441,  -0.03518,  -0.07457,  -0.07457,  -0.05980,   0.06328,   0.04851,   0.00256,  -0.04010,   0.02882,   0.00092,  -0.05487,   0.00092,   0.02226,  -0.03026,  -0.00728,   0.09282,   0.02390,   0.02062,  -0.01056,  -0.06964,   0.04359,  -0.09590,   0.00420,  -0.04175,  -0.09262,   0.05508,  -0.02205,   0.00092,  -0.05816,   0.01241,   0.07805,   0.02554,   0.10759,   0.00913,  -0.04995,  -0.01877,   0.00749,  -0.03518,   0.01733,   0.03703,   0.08298,   0.01405,  -0.02205,   0.08134,  -0.07621,  -0.07129,  -0.02862,  -0.05159,   0.02062,   0.00256,   0.01569,   0.06000,   0.03867,  -0.02862,  -0.06800,   0.03046,   0.04851,   0.04687,   0.06328,   0.02062,  -0.04667,  -0.02205,   0.11252,  -0.08605,   0.04687,   0.02718,   0.06657,  -0.01385,   0.02554,  -0.04995,  -0.00892,   0.05180,  -0.01877,  -0.03026,  -0.01713,   0.08790,   0.05508,  -0.02369,   0.04523,  -0.01221,  -0.16647,   0.02062,   0.04031,   0.08790,  -0.01549,   0.10431,   0.00420,  -0.09918,  -0.01056,  -0.02862,   0.02554,  -0.01549,  -0.00236,  -0.01221,  -0.02533,   0.06985,  -0.00236,  -0.05816,   0.00749,   0.09446,  -0.02533,  -0.09754,   0.03867,  -0.08605,  -0.05159,   0.03703,  -0.02698,  -0.01713,  -0.00728,   0.02718,  -0.00892,  -0.05487,   0.04523,   0.02718,  -0.03682,   0.00092,  -0.07129,  -0.03190,  -0.06144,  -0.02698,  -0.05980,   0.03539,  -0.03518,  -0.03846,  -0.05323,   0.03539,   0.00092,  -0.08113,  -0.02698,   0.07969,  -0.04339,  -0.03682,  -0.02205,   0.06821,  -0.00728,   0.03046,   0.04359,   0.06164,  -0.04010,  -0.04667,   0.06657,   0.04851,  -0.07949,  -0.02205,  -0.02533,  -0.05323,   0.03210,  -0.02369,   0.03046,  -0.08770,  -0.04995,   0.00585,  -0.00072,  -0.01877,  -0.02205,   0.00585,   0.11252,   0.00913,  -0.06800,  -0.05323,   0.08134,  -0.06144,  -0.01713,  -0.00564,  -0.01713,  -0.15006,   0.08134,   0.07149,   0.05344,  -0.06964,  -0.04667,   0.06985,  -0.02698,  -0.01385,  -0.01713,  -0.04010,   0.03867,   0.02554,  -0.02533,   0.00256,   0.06164,   0.00913,  -0.04831,  -0.00892,  -0.06144,   0.00913,   0.00913,   0.06328,   0.04031,  -0.03026,  -0.00236,   0.01733,  -0.00728,   0.07477,   0.03539,  -0.02205,  -0.00072,  -0.01713,   0.02718,  -0.02369,  -0.08605,  -0.02862,   0.02226,  -0.06144,   0.04195,   0.04851,  -0.08441,  -0.03026,  -0.00400,   0.04523,  -0.02862,  -0.01877,   0.00749,  -0.01056,  -0.09098,  -0.01877,  -0.05159,  -0.05980,   0.01897,   0.01241,   0.02554,  -0.05816,   0.02718,  -0.07949,  -0.05652,  -0.04831,   0.11744,  -0.07949,  -0.00564,   0.04687,  -0.01056,  -0.00072,   0.00749,  -0.00728,   0.07969,   0.05016,   0.02554,   0.01077,   0.00256,   0.03867,   0.01897,   0.05508,  -0.02369,  -0.00728,  -0.05652,   0.07969,  -0.03190,   0.05836,   0.01241,   0.04523,  -0.04175,  -0.02698,   0.02390,  -0.00892,   0.04851,  -0.06636,   0.06985,  -0.02041,  -0.01713,  -0.00236,  -0.04339,   0.04523,   0.03539,   0.03046,  -0.00892,   0.02062,   0.03374,   0.10431,   0.05836,   0.02226,  -0.06964,  -0.04503,   0.01733,  -0.04175,   0.07149,  -0.01385,   0.01897,  -0.01877,  -0.04010,   0.04851,  -0.02369
  -0.00400,  -0.00236,   0.02554,   0.02062,  -0.00072,  -0.04175,  -0.10247,   0.02390,  -0.01713,   0.03374,   0.06164,   0.06328,  -0.00236,   0.10103,  -0.01877,  -0.01385,   0.07477,  -0.02862,   0.00585,  -0.03026,   0.04687,   0.00092,  -0.02698,  -0.01713,  -0.02862,  -0.04503,  -0.02862,   0.03210,  -0.10411,  -0.02533,  -0.03354,  -0.05323,   0.01733,   0.02718,  -0.03518,   0.00420,  -0.02369,  -0.04339,   0.03703,   0.03374,   0.00749,   0.00092,  -0.01713,  -0.05652,   0.10267,  -0.03190,   0.04031,   0.00585,   0.01733,  -0.00072,  -0.06800,   0.01241,   0.03703,   0.01405,  -0.06636,   0.04195,  -0.00236,  -0.01385,   0.03046,   0.01405,   0.00420,  -0.01221,  -0.03518,   0.03210,  -0.03846,  -0.12052,   0.06657,  -0.03354,   0.03046,  -0.01549,   0.03046,  -0.02698,  -0.01877,  -0.04503,   0.04851,  -0.06472,  -0.01221,   0.06985,  -0.05816,   0.04523,   0.04359,  -0.01877,  -0.01385,   0.03210,   0.07313,   0.02718,   0.04523,   0.05016,   0.01405,  -0.00236,  -0.01385,   0.01897,  -0.01713,   0.00420,   0.00256,  -0.05816,  -0.00400,   0.08626,  -0.00400,   0.05344,   0.04195,  -0.00400,  -0.00236,  -0.05652,   0.00913,  -0.04339,  -0.05487,  -0.02205,  -0.00564,  -0.01713,   0.04195,  -0.01221,  -0.03354,  -0.00892,   0.04195,  -0.00236,   0.03539,  -0.02369,  -0.00400,   0.04687,   0.05672,  -0.08605,   0.01569,  -0.02205,   0.03867,   0.04687,   0.00585,   0.01897,   0.04195,   0.02062,  -0.02862,  -0.01549,   0.01405,  -0.05816,   0.00092,   0.03046,   0.06000,   0.07969,  -0.00236,  -0.05323,  -0.00892,   0.00092,  -0.02205,   0.02390,  -0.02205,   0.00092,  -0.03846,  -0.07293,  -0.04175,   0.00585,   0.12565,   0.06328,  -0.00072,   0.01405,  -0.01713,  -0.01549,   0.01897,  -0.01877,   0.00256,   0.08462,  -0.01713,  -0.02369,  -0.00072,  -0.05652,  -0.05487,   0.04359,   0.08298,  -0.05652,   0.00749,  -0.06800,   0.03046,  -0.05159,   0.03703,  -0.00564,   0.01077,  -0.01385,  -0.05159,  -0.05816,  -0.04667,   0.01897,   0.05180,   0.04687,   0.00749,   0.06164,  -0.00564,  -0.04010,   0.00092,  -0.04667,  -0.00728,  -0.00400,   0.01569,  -0.03846,  -0.01877,  -0.02862,  -0.03190,   0.07641,   0.00420,   0.02390,  -0.06636,  -0.01385,  -0.01056,   0.04523,  -0.03190,  -0.00072,   0.04195,  -0.02698,  -0.03518,   0.00420,  -0.01056,  -0.00400,  -0.00728,  -0.01056,  -0.00564,   0.01569,  -0.01713,  -0.05816,  -0.00564,  -0.01056,  -0.03354,  -0.04339,   0.00420,  -0.04503,  -0.04010,  -0.00400,  -0.04995,   0.13057,  -0.11067,  -0.04667,  -0.00728,  -0.01221,  -0.03026,   0.00585,   0.05180,  -0.07949,   0.06000,  -0.00236,  -0.00728,   0.02062,   0.10103,   0.03374,  -0.04503,  -0.09918,   0.02882,   0.04195,   0.08954,   0.00913,  -0.00400,  -0.00072,  -0.07785,  -0.00728,   0.00913,   0.01569,   0.01733,  -0.01713,  -0.03846,   0.06000,   0.03374,   0.03046,   0.00913,   0.02882,   0.00092,   0.03374,  -0.00236,  -0.00892,  -0.01385,  -0.00892,  -0.01713,  -0.01056,  -0.00236,  -0.02041,   0.05672,   0.07313,   0.01405,  -0.03846,  -0.02533,  -0.03190,   0.01569,  -0.02369,   0.01569,   0.01897,  -0.10247,  -0.03518,   0.00420,  -0.05159,   0.00913,  -0.08441,  -0.00400,  -0.05159,  -0.02698,   0.03703,  -0.00236,   0.02226,   0.01569,   0.06164,   0.02062,  -0.03190,   0.06000,  -0.02205,  -0.02533,   0.00749,   0.03867,  -0.00728,  -0.00072,  -0.00072,  -0.06636,   0.07149,   0.05016,   0.00256,   0.03867,   0.03867,  -0.03190,   0.06821,   0.03539,   0.01405,  -0.08113,  -0.00564,  -0.07949,   0.01241,  -0.02698,   0.05836,  -0.08113,   0.10923,  -0.03190,   0.04031,   0.00420,   0.06164,   0.00913,   0.04195,  -0.04175,   0.08298,  -0.04667,  -0.02533,   0.00585,   0.00913,  -0.00728,  -0.05652,   0.00256,   0.04359,   0.00256,  -0.03518,   0.02554,   0.02062,  -0.01221,   0.09611,  -0.04667,  -0.00400,  -0.00236,  -0.03518,   0.03539,   0.02718,  -0.06636,  -0.01385,  -0.02533,   0.01733,   0.03539,  -0.02698,  -0.08441,   0.01569,   0.03210,   0.07313,  -0.02369,   0.03539,  -0.03846,   0.02718,   0.05672,   0.04523,  -0.01877,  -0.04175,   0.01405,   0.00256,   0.05016,   0.02390,  -0.05980,   0.00585,  -0.00400,  -0.03682,   0.00585,   0.00092,   0.03539,  -0.03682,  -0.03354,   0.01733,   0.01569,   0.05672,   0.01405,  -0.02369,  -0.05323,   0.03539,  -0.06144,  -0.02369,  -0.01877,  -0.00236,   0.02718,   0.02062,  -0.02862,  -0.00236,   0.06000,   0.15190,  -0.10082,   0.01569,  -0.01877,   0.01077,  -0.04175,   0.03867,   0.06164,  -0.00892,  -0.01385,   0.00749,  -0.04667,  -0.05487,  -0.02041,  -0.06636,   0.05180,  -0.02369,   0.01897,  -0.08277,  -0.02369,   0.04359,   0.00092,  -0.02698,  -0.01549,   0.00585,   0.01733,  -0.01056,   0.04031,  -0.06308,   0.00913,  -0.00400,   0.02882,   0.03539,   0.04031,  -0.06144,  -0.06144,  -0.03026,  -0.03518,   0.00256,   0.04687,  -0.01056,  -0.00400,   0.01077,   0.00913,   0.02390,   0.04359,   0.03210,  -0.02369,  -0.01385,  -0.03026,  -0.02205,  -0.02369,   0.07969,   0.07313,   0.00749,  -0.03682,  -0.00400,   0.02554,  -0.05980,  -0.00072,   0.04031,  -0.02041,   0.03867,  -0.01713,  -0.05323,  -0.04175,  -0.01713,  -0.01385,  -0.00400,   0.02390,  -0.02205,   0.01241,  -0.06636,  -0.04503,  -0.00236,   0.00585,  -0.07457,   0.06328,   0.01241,  -0.02369,  -0.08113,  -0.01549,  -0.03190,  -0.01549,  -0.01056,   0.08954,  -0.07293,  -0.01713,  -0.03518,   0.07969,  -0.09262,  -0.04503,  -0.01221,   0.03867,  -0.00236,  -0.03354,   0.13057,   0.08790,   0.00092,   0.02718,  -0.01713,  -0.03354,   0.03867,   0.02718,  -0.02205,   0.01405,  -0.02862,   0.01733,   0.03210,   0.00585,   0.00256,   0.01241,  -0.05980,  -0.00236,  -0.00892,  -0.06800,  -0.01549,  -0.03026,   0.02718,  -0.00564,  -0.07785,   0.04195,   0.01077,  -0.01385,   0.01733,   0.15683,  -0.00892,  -0.06964,   0.00092,  -0.03682,  -0.03190,  -0.04667,  -0.00236,  -0.01056,   0.02882,   0.01241,  -0.05159,   0.01405,  -0.04831,   0.05344,   0.06657,  -0.01385,  -0.06636,  -0.02533,  -0.04503,  -0.00400,  -0.09754,   0.00092,  -0.02533,  -0.03518,   0.01733,  -0.03682,   0.05180,   0.00092,  -0.07293,   0.05836,  -0.04339,  -0.01056,  -0.00728,   0.00585,   0.06492,   0.05016,   0.01241,  -0.01877,  -0.05323,   0.01241,  -0.05323,   0.03374,  -0.02533,   0.09118,   0.02554,   0.00913,   0.02390,  -0.00728,   0.07641,  -0.09590,  -0.04995,  -0.03354,   0.03046,   0.03210,   0.02062,  -0.02041,   0.01897,  -0.05980,  -0.02533,  -0.00564,   0.00420,  -0.04503,   0.00256,   0.03046,   0.02882,  -0.00072,  -0.01877,  -0.00564,   0.00420,   0.02390,  -0.04503,  -0.02369,  -0.04503,  -0.00072,  -0.01713,  -0.08605,   0.02062,   0.06164,  -0.02369,  -0.03518,  -0.00072,   0.02062,   0.02718,  -0.05323,  -0.03518,   0.05672,  -0.06472,   0.01897,   0.02554,  -0.02369,   0.03046,   0.03046,   0.07313,   0.03374,   0.00256,  -0.00236,  -0.00728,  -0.04339,  -0.03846,  -0.10575,   0.07641,  -0.07293,   0.03703,   0.08298,   0.07477,  -0.00072,  -0.00400,   0.02390,  -0.03190,  -0.08605,   0.01241,   0.01405,  -0.05816,   0.02554,   0.02554,  -0.08277,   0.01405,  -0.03518,   0.04195,  -0.04995,  -0.06636,  -0.02698,  -0.01385,   0.00749,   0.01405,  -0.03190,  -0.00564,   0.00092,  -0.01713,  -0.03682,   0.00420,  -0.03846,  -0.04667,   0.08790,  -0.07457,  -0.01221,  -0.02698,  -0.03846,  -0.06472,  -0.06308,  -0.01221,  -0.06144,  -0.00400,   0.04195,  -0.00236,   0.03539,  -0.05323,   0.01077,   0.03210,   0.01405,   0.03046,  -0.04995,   0.02226,   0.03703,  -0.03518,  -0.04010,  -0.03190,  -0.03518,  -0.04831,  -0.00072,   0.03046,   0.01897,  -0.03190,  -0.00236,   0.10759,   0.01077,   0.04523,  -0.01877,   0.07969,   0.03703,  -0.01221,   0.05672,   0.01569,  -0.03190,   0.03046,  -0.03026,  -0.03190,  -0.00236,  -0.04667,  -0.03354,  -0.00728,  -0.01056,   0.04687,   0.02882,  -0.01713,  -0.01385,   0.09939,   0.08134,   0.06985,  -0.06636,  -0.04995,   0.00913,  -0.01221,   0.05836,  -0.03354,   0.04195,   0.09118,   0.04851,   0.04523,  -0.03354,   0.03867,   0.01733,  -0.03846,  -0.06636,  -0.03354,   0.00092,  -0.01221,   0.00420,  -0.03846,   0.06821,  -0.02205,  -0.00892,   0.04851,   0.01241,   0.02554,  -0.02698,   0.01733,  -0.07949,  -0.03190,   0.06657,  -0.02698,   0.04195,   0.04687,  -0.02205,  -0.06144,   0.06821,   0.05672,   0.02390,  -0.03354,   0.02718,  -0.02041,  -0.06636,   0.01241,  -0.04010,  -0.02698,  -0.02369,  -0.03354,   0.03539,   0.02554,   0.03210,  -0.00728,  -0.06800,  -0.00728,   0.02554,   0.02062,   0.06164,   0.08790,  -0.02205,   0.00256,   0.03374,  -0.03354,  -0.09098,  -0.00892,   0.00585,  -0.04831,  -0.06472,   0.00913,   0.00749,   0.05508,   0.05344,   0.03210,   0.11580,   0.01077,  -0.01549,   0.01077,   0.04687,   0.02554,  -0.01221,  -0.00400,   0.10595,   0.03210,  -0.05487,   0.00913,  -0.01221,   0.08134,  -0.04175,   0.02554,   0.02718,  -0.02041,  -0.00728,   0.02554,  -0.02369,  -0.08113,   0.03210,   0.02882,   0.04031,  -0.02862,  -0.07621,   0.01077,  -0.04503,   0.04195,  -0.07457,   0.01733,   0.01405,   0.07969,   0.01405,  -0.00400,   0.06657,  -0.03846,  -0.01877,  -0.02862,   0.04851,  -0.00236,   0.03210,  -0.06308,   0.06985,  -0.03026,   0.05180,   0.01241,   0.05016,  -0.02862,  -0.02369,   0.01733,  -0.05652,   0.02390,   0.06328,  -0.03682,  -0.00564,   0.06000,   0.08626,  -0.00072,  -0.05652,   0.04851,  -0.05816,   0.05016,   0.01077,   0.04851,  -0.09426,   0.04359,   0.03539,  -0.02533,   0.00420,   0.01077,   0.03374,  -0.01221,  -0.00564,   0.05672,  -0.05159,   0.05180,   0.06328,  -0.09918,  -0.01221,  -0.00400,  -0.08441,   0.02062,  -0.03026,   0.00256,  -0.07621,  -0.01221,   0.00585,  -0.01549,  -0.01713,  -0.00564,  -0.00564,  -0.06800,  -0.02041,  -0.01877,   0.01733,  -0.01713,  -0.02369,   0.05508,  -0.04010,  -0.00892,   0.04851,   0.03703,   0.01569,  -0.00892,   0.03374,  -0.01549,   0.03539,  -0.04175,  -0.02533,   0.01405,  -0.06800,  -0.01713,   0.01733,  -0.04667,   0.01241,   0.04359,  -0.05323,   0.02062,   0.05016,  -0.01056,   0.02226,   0.01733,   0.00092,  -0.01549,   0.06328,   0.08954,   0.01897,   0.02390,  -0.03682,   0.05836,  -0.01877,  -0.04503,   0.02390,  -0.08277,  -0.05159,  -0.04010,  -0.02369,   0.01569,   0.03210,   0.05180,   0.00092,  -0.01877,   0.00420,  -0.01713,  -0.01713,  -0.02041,  -0.05159,  -0.01385,   0.02062,  -0.05980,  -0.03026,  -0.00564,   0.03210,  -0.02698,   0.03046,   0.00092,  -0.01385,   0.03210,  -0.01877,   0.00420,  -0.00892,  -0.01713,   0.00913,  -0.04667,  -0.00400,  -0.00236,   0.04359,  -0.03846,  -0.02205,   0.02554,  -0.02533,  -0.02041,   0.03046,   0.01405,   0.02718,   0.00585,   0.04359,   0.04031,   0.06821,  -0.00892,  -0.02533,   0.10267,   0.10267,   0.03867,   0.01569,   0.02718,  -0.04667,  -0.01056,   0.00256,   0.03703,   0.06657,  -0.03846,  -0.01221,   0.06000,  -0.03682,  -0.01877,   0.08298,   0.01569,   0.00913,  -0.01221,  -0.04667,   0.02718,  -0.06800,   0.02882,   0.07313,  -0.02698,   0.02718,  -0.03354,  -0.00728,   0.07313,   0.05016,   0.00092,   0.02390,   0.04523,   0.07477,  -0.04831,   0.02390,   0.06000,  -0.01549,   0.07477,   0.02062,   0.06657,   0.03703,  -0.06964,   0.00585,  -0.03846,   0.03703,   0.00256,   0.06164,   0.00913,   0.01405,  -0.00400,   0.04851,  -0.01713,  -0.05159,  -0.01221,  -0.09590,  -0.00728
  -0.04995,   0.01077,  -0.03026,   0.01405,  -0.00728,   0.04851,   0.04687,   0.05508,  -0.02041,   0.07477,  -0.00728,   0.02226,   0.11088,   0.04687,  -0.00072,   0.01077,  -0.02533,  -0.00236,  -0.05487,  -0.07949,  -0.04995,   0.01405,   0.03539,   0.00256,   0.04851,  -0.00236,   0.05016,   0.01897,  -0.02369,   0.03539,   0.03374,  -0.05159,   0.00749,  -0.02533,  -0.02698,   0.01077,  -0.14349,  -0.03518,   0.00420,  -0.00400,  -0.00072,   0.03703,   0.05180,  -0.02041,  -0.03682,   0.06000,   0.03867,   0.05508,  -0.00400,  -0.14349,   0.02718,   0.00256,  -0.00728,   0.00913,   0.00913,  -0.03190,   0.02390,   0.05180,  -0.04010,  -0.00072,  -0.02533,  -0.04995,   0.07969,  -0.02533,   0.10595,   0.06657,  -0.03682,   0.01733,   0.01897,   0.08462,  -0.07293,   0.01241,  -0.04995,  -0.06144,   0.01897,   0.05508,   0.13549,  -0.00236,  -0.03354,  -0.01385,  -0.08441,   0.01733,   0.00585,  -0.00892,   0.00749,   0.03374,   0.00585,  -0.03026,   0.01241,  -0.00564,   0.02882,   0.02718,   0.00913,   0.00913,  -0.00892,   0.00913,   0.03210,  -0.03354,  -0.00400,  -0.00892,  -0.00236,   0.00749,  -0.03026,   0.00585,   0.06492,  -0.01549,  -0.05816,  -0.01713,  -0.00728,   0.03539,   0.06000,  -0.03190,   0.04687,   0.02718,   0.02882,  -0.02369,  -0.00892,  -0.03518,   0.02062,  -0.01713,   0.00585,  -0.01713,  -0.04667,  -0.04667,  -0.01713,   0.08134,  -0.07129,  -0.07457,   0.01241,   0.03867,   0.05672,  -0.01221,   0.01077,   0.05180,   0.06164,   0.01241,  -0.05159,   0.03210,   0.02062,   0.01733,  -0.04339,  -0.01713,   0.00420,   0.10923,   0.03374,  -0.05816,   0.01733,  -0.03190,  -0.02533,   0.06164,   0.02226,   0.02062,  -0.02533,   0.03703,   0.02226,  -0.08605,  -0.02533,  -0.00564,   0.06492,  -0.07457,  -0.00892,  -0.03190,   0.01897,   0.01077,  -0.07129,   0.02226,   0.01405,  -0.01056,  -0.05159,   0.00749,  -0.00564,   0.10595,  -0.03846,   0.04523,  -0.03682,  -0.01056,   0.03867,   0.06657,   0.06000,  -0.01549,  -0.00236,   0.02062,  -0.01877,   0.01569,  -0.05980,  -0.02862,  -0.03846,  -0.03518,   0.03046,  -0.03190,   0.07805,  -0.03190,  -0.08934,  -0.00236,  -0.00072,   0.03374,  -0.03682,   0.06000,  -0.00236,  -0.01877,   0.06657,  -0.01385,  -0.01877,   0.03210,   0.02882,   0.01405,  -0.03518,   0.02554,  -0.06144,   0.02718,  -0.00564,  -0.05487,   0.02718,   0.02718,   0.00749,   0.12072,  -0.02698,  -0.01713,  -0.00728,   0.00092,  -0.01056,   0.00585,   0.02718,  -0.01221,  -0.02205,   0.01241,  -0.03846,   0.01241,  -0.04995,  -0.04010,  -0.03846,   0.01405,   0.00585,  -0.05652,   0.03703,  -0.02698,  -0.06472,  -0.02369,   0.01077,  -0.03682,  -0.05159,   0.07313,  -0.01385,  -0.00072,   0.06000,   0.05344,   0.03539,   0.03046,   0.01241,   0.03046,   0.07641,  -0.05816,   0.02554,   0.04523,  -0.02533,   0.00420,  -0.03682,   0.02718,   0.04359,  -0.01549,  -0.03846,  -0.00564,   0.10103,   0.01241,  -0.01877,   0.06821,  -0.02041,  -0.05487,  -0.03026,  -0.04667,   0.03539,  -0.03190,  -0.05652,  -0.00072,   0.00256,   0.00749,  -0.02205,  -0.06472,   0.01569,  -0.03354,  -0.01385,  -0.01877,   0.04851,   0.07969,  -0.06636,  -0.08113,  -0.02862,  -0.04503,   0.02390,   0.00585,   0.00256,  -0.00400,   0.01733,   0.04359,   0.05344,   0.02062,   0.01733,  -0.00400,   0.02554,  -0.07293,   0.01241,   0.00420,   0.02062,  -0.03354,   0.02062,  -0.04503,   0.04195,  -0.04831,  -0.04667,  -0.00236,  -0.01221,  -0.03190,   0.05672,  -0.00728,  -0.01221,  -0.04175,   0.02554,  -0.04175,   0.00420,  -0.01549,   0.01405,   0.04359,  -0.03354,   0.01405,  -0.01549,  -0.02533,  -0.01713,  -0.02533,   0.03210,  -0.06308,   0.03703,   0.00420,  -0.06800,  -0.01221,  -0.00892,  -0.02698,  -0.02369,   0.02882,   0.01241,  -0.02205,  -0.00892,   0.06000,   0.06985,   0.04523,   0.09282,  -0.01713,  -0.04667,  -0.09098,  -0.04175,  -0.00564,  -0.01056,   0.04687,  -0.02205,   0.02226,  -0.05652,   0.04031,   0.00749,   0.00420,  -0.02862,   0.02554,  -0.00236,   0.07477,   0.01077,  -0.00728,  -0.04995,   0.02882,  -0.01713,   0.03539,   0.01897,   0.11744,   0.06000,  -0.00072,  -0.00400,  -0.04010,   0.00420,   0.00585,   0.04523,  -0.05652,  -0.01549,   0.00256,  -0.00072,  -0.05980,  -0.00236,  -0.02862,   0.01405,  -0.01385,  -0.00564,  -0.00072,  -0.03846,   0.08954,  -0.05652,   0.07641,   0.06492,   0.01241,   0.02718,  -0.05487,   0.06164,  -0.02205,  -0.00072,   0.04687,   0.04359,   0.00585,  -0.01385,   0.05344,  -0.02041,   0.08134,   0.01077,  -0.03846,  -0.00564,  -0.00892,  -0.02205,  -0.00072,  -0.01221,   0.00256,   0.00913,   0.12236,  -0.00564,  -0.01713,   0.05180,  -0.05159,  -0.03190,   0.01897,   0.09118,  -0.00236,  -0.02041,   0.07641,  -0.00400,   0.07641,   0.08626,   0.04195,  -0.03190,  -0.02205,   0.02554,  -0.01221,  -0.06472,  -0.03026,  -0.01385,   0.05180,   0.08790,   0.01241,   0.08954,  -0.09918,   0.00749,  -0.01877,  -0.03354,  -0.05652,  -0.03190,   0.03046,   0.02390,   0.01897,   0.03703,   0.06328,   0.05508,  -0.04995,  -0.04339,  -0.04831,  -0.03026,   0.04687,   0.01077,  -0.02041,  -0.05159,  -0.03682,   0.05016,   0.07313,   0.02390,   0.11252,  -0.03518,  -0.05980,   0.04195,  -0.04339,   0.03539,  -0.02041,  -0.02205,   0.03703,  -0.05816,   0.02062,   0.02226,   0.02554,  -0.01713,  -0.03518,  -0.01221,  -0.03190,   0.04687,   0.05344,  -0.01549,  -0.05980,   0.00420,   0.04851,   0.01569,   0.01569,   0.04031,  -0.04175,   0.04359,   0.00256,  -0.05323,  -0.03682,   0.03703,   0.08626,  -0.09590,   0.03539,  -0.01713,  -0.00892,   0.07641,  -0.07293,  -0.00892,  -0.00236,  -0.02369,  -0.02533,  -0.01385,  -0.05816,   0.03867,   0.06492,  -0.04667,  -0.01385,  -0.02533,   0.06492,   0.06492,  -0.02369,  -0.01549,   0.08790,  -0.02698,  -0.02533,  -0.01221,  -0.00072,   0.00913,  -0.00236,   0.06657,   0.02718,   0.05508,  -0.02369,   0.07805,   0.03046,  -0.02369,  -0.02369,   0.04851,  -0.00728,  -0.07293,   0.07149,  -0.03026,  -0.02369,   0.01077,   0.03374,  -0.01877,   0.05836,   0.01405,   0.04359,   0.07477,   0.05672,  -0.06308,   0.07149,   0.08790,   0.02062,  -0.03846,   0.02554,  -0.01221,   0.06164,  -0.04831,  -0.01221,   0.08134,  -0.05816,  -0.01221,  -0.02369,   0.03539,   0.05836,  -0.11067,   0.03867,   0.00256,  -0.02698,   0.04359,   0.06164,   0.05016,  -0.00728,   0.01733,  -0.02205,  -0.03026,   0.06657,  -0.03190,  -0.00728,   0.00256,   0.02062,   0.01241,   0.06000,   0.04195,   0.04031,  -0.03682,   0.08954,  -0.00564,   0.04687,  -0.03518,   0.06164,  -0.09098,  -0.06636,   0.06657,   0.04523,  -0.02862,  -0.08113,   0.04359,  -0.00072,  -0.02533,   0.08134,   0.08626,   0.06657,   0.05672,   0.06821,   0.04195,   0.01241,  -0.11067,  -0.00892,   0.07969,  -0.02862,   0.03867,   0.01405,  -0.01713,   0.00749,   0.06985,  -0.01549,  -0.01713,  -0.05487,  -0.00564,  -0.00892,   0.08626,   0.05836,  -0.01877,  -0.02862,  -0.02205,   0.06821,   0.01897,   0.00585,   0.05016,   0.08462,  -0.02698,  -0.02205,   0.06164,  -0.01713,  -0.02369,   0.00256,   0.00256,  -0.14349,   0.00749,   0.00913,   0.02390,  -0.02041,   0.03374,  -0.01385,   0.03539,   0.02882,  -0.07621,  -0.01221,   0.05672,  -0.07785,   0.09118,   0.07969,  -0.02205,  -0.00564,   0.01405,  -0.02862,   0.04687,   0.02554,  -0.04667,   0.02882,  -0.02369,  -0.01877,   0.03046,  -0.01385,  -0.03354,  -0.01713,   0.00256,   0.08298,  -0.08277,   0.09775,   0.05836,   0.00420,   0.08790,  -0.05487,  -0.00400,   0.05672,  -0.01221,   0.00420,  -0.03190,   0.07313,  -0.00400,  -0.01549,  -0.00892,  -0.02041,  -0.01221,  -0.02205,  -0.00564,  -0.00072,   0.10267,  -0.03190,  -0.00728,  -0.09918,  -0.04831,  -0.02533,  -0.02862,   0.00585,   0.00092,   0.04359,  -0.02862,   0.03703,   0.01405,  -0.01385,   0.04523,  -0.02533,  -0.02533,  -0.04831,  -0.01221,  -0.00072,  -0.04175,  -0.03190,  -0.01549,  -0.06472,  -0.03354,   0.04195,  -0.03518,  -0.00564,  -0.02205,  -0.01877,  -0.02533,   0.04195,  -0.05159,  -0.02369,   0.04195,  -0.05487,  -0.05159,  -0.03026,  -0.04010,   0.00256,  -0.01056,  -0.03846,  -0.01385,  -0.00892,  -0.00072,   0.04195,  -0.08605,  -0.01385,   0.08298,  -0.09918,   0.05836,   0.00420,  -0.01877,   0.00913,   0.01241,   0.02226,   0.02554,  -0.02041,   0.06164,  -0.03518,   0.00749,   0.03046,   0.05344,   0.04687,  -0.05323,   0.03210,  -0.02862,  -0.00072,  -0.04995,   0.01733,   0.05016,  -0.04010,   0.04523,  -0.00072,   0.08134,  -0.03354,   0.04031,  -0.00564,   0.00585,  -0.03518,  -0.02533,   0.07313,  -0.05816,  -0.03354,  -0.03354,   0.02882,   0.00585,  -0.00236,   0.09611,   0.04687,   0.03539,   0.01405,  -0.03026,  -0.01877,   0.04359,  -0.06636,  -0.03682,   0.04523,   0.01077,  -0.03354,  -0.00400,  -0.01385,  -0.01385,   0.03210,  -0.01221,   0.02718,   0.05016,   0.06821,   0.03539,  -0.06144,   0.05672,   0.06000,   0.04687,   0.05508,   0.00420,  -0.06472,   0.05016,   0.02554,  -0.04831,   0.02390,  -0.05487,   0.05016,  -0.00072,   0.04851,  -0.02533,  -0.01056,   0.00420,   0.01077,  -0.00728,  -0.01877,   0.04359,   0.02062,   0.05836,   0.04687,  -0.00728,   0.04359,  -0.00236,  -0.01221,  -0.00072,   0.04359,   0.00256,  -0.00072,   0.05180,   0.01897,   0.04031,  -0.03682,   0.00420,  -0.09590,   0.04687,  -0.02369,  -0.04831,   0.03210,  -0.01385,   0.02882,  -0.00400,  -0.02205,   0.04031,  -0.00728,   0.00256,   0.02062,  -0.00728,   0.04195,  -0.04667,   0.00585,  -0.00072,  -0.00564,  -0.00400,   0.07805,  -0.04175,  -0.00236,   0.04031,   0.02882,  -0.01056,   0.01077,   0.02554,  -0.04667,  -0.02533,  -0.00400,   0.03374,  -0.03354,   0.01733,   0.00585,   0.01569,  -0.00892,   0.03046,  -0.05159,   0.03210,  -0.04175,   0.00913,   0.00256,  -0.01877,   0.00420,   0.01405,  -0.04831,   0.05672,  -0.03518,  -0.04339,   0.03046,   0.06985,   0.00256,   0.00585,   0.05836,  -0.02533,  -0.03026,  -0.02862,  -0.00236,  -0.01385,   0.01569,  -0.03354,  -0.01056,  -0.05816,   0.01241,   0.00256,   0.01241,   0.01405,   0.04687,   0.02718,   0.07969,   0.02554,  -0.00728,   0.03539,   0.01077,  -0.00072,   0.02882,  -0.04339,  -0.01056,  -0.01056,   0.03539,  -0.01385,  -0.02533,  -0.03518,   0.00749,   0.02062,  -0.01221,  -0.02041,  -0.02698,   0.00092,   0.01569,  -0.02041,  -0.03190,   0.02226,  -0.00400,  -0.04339,   0.04195,   0.03867,  -0.01221,  -0.03846,  -0.01713,   0.04523,   0.00256,  -0.07457,   0.01405,   0.03210,   0.00749,   0.06821,  -0.03026,  -0.02533,   0.00749,   0.04523,   0.03539,  -0.03846,   0.02554,  -0.05159,   0.03210,  -0.11559,  -0.00892,  -0.01877,   0.01405,  -0.03846,  -0.01385,  -0.03354,  -0.02369,   0.06492,   0.05508,   0.01405,  -0.01056,  -0.03518,   0.01241,  -0.01549,  -0.03190,  -0.06800,  -0.06308,  -0.00236,  -0.05980,  -0.02862,  -0.04667,   0.01733,  -0.02369,   0.10431,  -0.01877,  -0.02369,   0.01569,   0.00585,  -0.02533,   0.02554,  -0.05323,  -0.02041,   0.03867,  -0.00400,   0.04851,  -0.01056,  -0.03026,   0.00092,   0.01405,   0.04031,   0.07313,   0.03374,   0.07641,  -0.06308,   0.02882,  -0.00564,   0.00585,   0.01733,   0.05180,  -0.02533,  -0.06308,   0.03539,  -0.01056,   0.00585,   0.00749,  -0.02862,  -0.02369,  -0.02205,   0.02226,  -0.00072,   0.05344,  -0.02041,  -0.07621,  -0.04503,  -0.02205,  -0.04667,  -0.00400,   0.05672,   0.05836,   0.03867,   0.02554
   0.05016,  -0.02041,   0.00585,   0.02226,  -0.03354,  -0.04503,  -0.00564,   0.05016,  -0.07293,  -0.01221,  -0.01713,  -0.05652,  -0.00400,   0.08134,  -0.02862,  -0.02369,   0.02062,   0.00585,  -0.01221,  -0.01385,   0.00585,  -0.05323,   0.08626,   0.00092,   0.11908,  -0.00072,  -0.02533,   0.01405,  -0.05980,   0.00749,   0.00420,  -0.00728,   0.00749,   0.00585,   0.01405,  -0.03518,  -0.03190,  -0.02533,  -0.01877,   0.04851,  -0.00564,  -0.02862,   0.02882,  -0.04503,  -0.02533,  -0.00564,  -0.07785,  -0.01549,   0.02062,   0.00749,  -0.01877,   0.05508,  -0.03518,   0.00749,   0.01077,   0.06492,  -0.08934,  -0.04995,  -0.04831,   0.06492,   0.03539,   0.04195,   0.04687,  -0.03682,  -0.07457,  -0.04175,  -0.02533,   0.03539,   0.04031,   0.05016,   0.00256,  -0.02862,  -0.06144,  -0.04010,   0.00420,   0.00092,   0.01897,  -0.00564,  -0.05816,  -0.07785,   0.01241,  -0.00728,   0.05016,  -0.00564,   0.01405,   0.03374,  -0.03026,   0.00585,   0.00913,   0.02718,   0.04031,  -0.05487,   0.01569,  -0.02041,  -0.03190,   0.07313,   0.00256,   0.00420,  -0.03682,   0.03210,  -0.07129,   0.07969,   0.04031,  -0.08441,   0.05016,  -0.01549,   0.00913,   0.00256,  -0.01385,  -0.00564,   0.05508,  -0.05159,   0.03046,  -0.00728,  -0.09262,   0.03703,   0.01077,   0.12565,   0.01077,   0.03210,  -0.03846,  -0.05159,  -0.07949,  -0.02698,  -0.06144,   0.02718,   0.00256,  -0.04831,   0.05180,  -0.04995,   0.01569,  -0.00400,  -0.03354,   0.01077,  -0.02041,  -0.00728,   0.05344,   0.00256,  -0.02205,   0.05344,   0.06164,   0.07805,   0.01241,  -0.03518,   0.11908,  -0.02533,   0.02062,   0.01241,  -0.01877,   0.01405,  -0.04339,   0.00420,   0.00749,  -0.07949,  -0.01877,   0.00749,   0.01569,  -0.05323,   0.16339,  -0.01056,   0.05344,  -0.07785,  -0.02533,   0.07641,   0.01733,  -0.07949,  -0.05487,   0.02882,   0.02226,   0.05344,  -0.04503,  -0.00564,  -0.16975,   0.00913,  -0.01056,  -0.02698,   0.01241,  -0.02533,   0.00256,   0.03539,   0.02718,   0.06985,   0.05180,  -0.07129,  -0.00892,   0.04687,  -0.07293,   0.00256,  -0.00236,   0.06000,  -0.05487,   0.00585,   0.04523,   0.06328,  -0.01056,   0.01733,   0.00749,   0.00585,   0.02390,   0.01897,   0.02390,   0.04523,  -0.02533,   0.01077,   0.04195,  -0.05487,  -0.04667,  -0.00892,   0.01077,  -0.03518,   0.07641,  -0.01056,   0.00749,  -0.01713,  -0.02041,  -0.03682,  -0.02533,  -0.05980,  -0.04339,   0.01569,  -0.00072,   0.02554,   0.04031,   0.03867,   0.02882,   0.02718,   0.02390,   0.10103,  -0.00072,  -0.03026,  -0.07457,  -0.00236,   0.03867,  -0.02862,   0.02390,  -0.05980,   0.02390,   0.02554,   0.02390,  -0.01877,   0.06328,  -0.07293,   0.01897,  -0.04175,   0.04523,  -0.03190,  -0.01549,  -0.02533,  -0.01713,  -0.00072,  -0.01056,   0.04195,  -0.13036,   0.01733,   0.01897,  -0.02533,   0.09282,   0.01241,  -0.01056,   0.01405,  -0.01713,   0.05508,  -0.06144,   0.00256,   0.03210,   0.02718,  -0.00400,   0.02226,   0.06000,   0.04851,  -0.00892,  -0.07129,  -0.09098,  -0.02698,   0.04851,  -0.03846,   0.02062,  -0.01877,   0.04195,  -0.08277,   0.02882,  -0.01056,   0.00585,  -0.02041,   0.02718,  -0.06636,   0.01241,   0.05016,  -0.01056,   0.05180,  -0.02041,   0.02390,  -0.04667,  -0.00400,  -0.00400,  -0.11231,   0.01569,   0.00420,  -0.02698,   0.03046,   0.01733,   0.08298,  -0.05652,   0.00420,   0.01241,  -0.00072,   0.02718,  -0.01713,  -0.01221,   0.01077,   0.01733,  -0.01549,   0.06164,   0.01569,  -0.00400,  -0.03682,  -0.00564,  -0.05159,  -0.04010,  -0.03518,   0.03374,  -0.00892,   0.03210,  -0.01713,   0.08462,  -0.05323,  -0.05487,   0.03210,  -0.07293,  -0.04831,   0.05344,   0.00913,  -0.03026,  -0.04175,  -0.06964,  -0.01713,   0.01405,   0.03867,  -0.06964,   0.00749,  -0.01221,  -0.00564,   0.00913,  -0.00072,  -0.04995,  -0.02041,  -0.02041,   0.05836,   0.00585,  -0.04667,  -0.01221,  -0.01385,   0.06000,  -0.03518,   0.00913,  -0.02533,   0.01405,  -0.02369,   0.00420,  -0.03190,  -0.05816,   0.05180,  -0.01056,  -0.04503,  -0.02862,   0.01733,   0.07313,  -0.04339,  -0.02369,   0.06000,   0.00913,   0.02718,   0.01897,   0.03703,   0.00420,   0.04359,  -0.02205,  -0.03682,   0.11252,  -0.02369,  -0.02698,  -0.00892,  -0.06636,  -0.05980,   0.03867,   0.05016,  -0.01713,   0.09118,  -0.02369,  -0.03846,   0.04031,  -0.03026,   0.05836,   0.03374,  -0.00728,   0.01405,  -0.04010,  -0.00564,  -0.02862,  -0.01221,  -0.05816,  -0.00072,  -0.03354,   0.04359,   0.05836,  -0.04175,   0.00420,   0.11908,   0.00585,   0.02062,  -0.01713,   0.03046,   0.04523,  -0.06144,  -0.06636,   0.01569,   0.00913,   0.04195,   0.00092,  -0.00564,   0.07313,   0.03703,   0.03539,  -0.04831,  -0.03354,  -0.01221,  -0.01385,  -0.05980,  -0.04667,   0.00585,   0.08134,   0.02718,  -0.03026,  -0.03190,   0.06328,  -0.01221,   0.02882,  -0.07293,  -0.02862,  -0.11724,  -0.01713,  -0.04831,   0.01733,  -0.03190,  -0.00728,   0.00092,   0.00913,  -0.01877,   0.05180,  -0.03354,   0.01569,   0.00585,  -0.04667,  -0.01056,   0.00256,   0.05344,  -0.05487,  -0.03354,   0.05508,  -0.04995,  -0.00892,  -0.07949,  -0.05816,  -0.02369,   0.02882,   0.06328,  -0.01713,  -0.03518,   0.03539,   0.00913,   0.00420,  -0.03190,   0.02882,  -0.04339,  -0.02041,   0.02882,   0.00092,  -0.00400,   0.07149,   0.12236,   0.03210,  -0.01549,  -0.04995,   0.03210,   0.02390,  -0.06472,  -0.04339,   0.01569,   0.00749,   0.03210,   0.01569,  -0.03190,  -0.02698,  -0.02041,  -0.02862,  -0.01549,  -0.06800,   0.01733,  -0.04503,   0.00749,  -0.00072,  -0.01877,  -0.05487,  -0.00236,   0.00749,  -0.04831,   0.02390,   0.01569,   0.01241,   0.00913,  -0.03682,  -0.00564,   0.04359,  -0.07785,   0.02718,  -0.08277,   0.03210,  -0.03518,  -0.07949,  -0.04010,  -0.05652,  -0.03846,  -0.00236,   0.02718,   0.00749,  -0.01221,  -0.01221,   0.00092,  -0.04503,   0.03867,   0.02718,   0.08462,  -0.02205,  -0.01385,   0.02882,  -0.04175,   0.01733,   0.01405,   0.03867,   0.04851,  -0.00564,  -0.04995,   0.05180,   0.00585,  -0.05159,   0.06000,   0.05344,  -0.11724,  -0.07129,   0.02554,   0.01569,  -0.05980,  -0.04175,  -0.00728,  -0.04503,   0.08954,   0.03703,   0.01405,  -0.09918,   0.07477,   0.06985,  -0.02205,   0.00585,  -0.06636,   0.03374,  -0.03846,  -0.09262,   0.03703,   0.00256,   0.02226,  -0.04010,   0.04031,  -0.03190,  -0.02698,   0.01897,  -0.07129,   0.03046,  -0.05323,   0.05508,   0.04195,   0.05344,   0.01405,   0.00913,  -0.04995,   0.00092,   0.02390,  -0.08113,   0.00092,   0.04523,   0.02882,  -0.04175,   0.02718,  -0.00072,  -0.05652,   0.10103,   0.06657,  -0.02205,  -0.06636,   0.00092,  -0.00236,   0.05672,   0.03210,   0.01241,   0.00256,  -0.01385,  -0.04995,  -0.02533,  -0.04667,  -0.00564,  -0.03190,   0.02882,   0.04359,  -0.01385,  -0.05816,  -0.01221,  -0.06308,   0.03374,   0.01569,  -0.00564,   0.02882,   0.02554,   0.07805,   0.01897,  -0.07129,  -0.01221,  -0.04667,   0.02554,  -0.02041,   0.06328,  -0.02698,  -0.02862,  -0.02698,   0.03374,   0.03210,   0.00256,   0.01241,   0.03210,  -0.02205,   0.01405,   0.10595,  -0.02369,  -0.00892,   0.03539,  -0.15170,   0.04687,  -0.01056,   0.08954,   0.02718,  -0.00892,   0.01897,  -0.03354,  -0.00236,  -0.04175,  -0.04667,  -0.02369,   0.01569,  -0.05980,  -0.08277,   0.03703,   0.01733,   0.10267,   0.09118,  -0.00400,  -0.05487,  -0.02041,   0.03374,   0.03539,  -0.05159,  -0.03354,   0.01569,  -0.00728,   0.08134,   0.01569,   0.01241,   0.02882,  -0.06144,  -0.01221,  -0.01385,  -0.04010,   0.05344,   0.04523,  -0.05323,   0.05016,   0.05508,  -0.05816,   0.01077,   0.07313,  -0.06636,   0.03539,  -0.04831,  -0.01385,  -0.04667,  -0.02041,   0.02390,  -0.01877,  -0.00564,  -0.01056,   0.07641,   0.01405,   0.00256,  -0.07129,  -0.06472,  -0.00400,   0.04523,  -0.08770,  -0.08605,   0.05344,   0.00913,   0.05344,  -0.03354,   0.09611,  -0.04339,  -0.01221,   0.00585,   0.05836,  -0.00892,  -0.07129,  -0.00728,   0.04359,   0.02718,  -0.03026,   0.04523,  -0.02205,   0.03046,   0.00749,   0.02718,  -0.00892,   0.01897,   0.00585,  -0.06636,   0.00749,  -0.09262,  -0.00400,  -0.01549,  -0.02205,   0.01241,  -0.06308,  -0.00564,  -0.02698,  -0.04995,  -0.00400,   0.15026,  -0.03190,   0.00092,  -0.03682,   0.04031,   0.00420,   0.07969,  -0.02698,  -0.00236,  -0.01877,   0.02882,  -0.01549,  -0.02205,   0.06164,   0.04851,  -0.00072,  -0.01221,  -0.00892,   0.10759,   0.02882,   0.05344,  -0.01713,  -0.00892,   0.00585,   0.00420,  -0.03026,   0.01569,   0.02554,  -0.03354,   0.03210,   0.00749,   0.03210,   0.04851,   0.04195,   0.06985,   0.00749,   0.00256,   0.10103,  -0.03846,  -0.01713,  -0.00400,   0.05836,   0.02554,  -0.00564,  -0.02533,   0.01405,   0.04523,  -0.00400,   0.09446,   0.11744,   0.10431,   0.04523,   0.11416,   0.02226,   0.04031,   0.02390,  -0.00564,  -0.02041,   0.07477,  -0.04175,  -0.01385,   0.03703,  -0.02205,  -0.03354,   0.00913,   0.01405,  -0.01221,  -0.03518,  -0.02533,   0.00092,  -0.00892,  -0.01056,   0.05672,  -0.00400,   0.04687,   0.01733,   0.03539,   0.04031,   0.05016,   0.06657,   0.05508,  -0.01385,   0.04523,   0.00913,   0.01241,  -0.06472,  -0.06636,   0.00420,  -0.07293,  -0.05816,  -0.01877,   0.01733,  -0.02369,   0.03867,   0.04195,   0.06328,   0.00256,   0.00749,  -0.01385,   0.04031,  -0.02698,  -0.04995,   0.02062,   0.07477,   0.01241,  -0.05159,   0.01405,   0.04031,  -0.01056,  -0.10903,  -0.02205,  -0.02369,   0.03374,  -0.09590,  -0.00236,  -0.06308,  -0.01549,  -0.01877,   0.00420,  -0.02205,  -0.01549,   0.02882,   0.00256,  -0.01221,   0.04687,   0.00585,   0.01733,   0.04687,  -0.00400,   0.05016,  -0.02369,   0.06000,  -0.01713,   0.01405,   0.00256,  -0.00728,   0.03703,  -0.01713,  -0.11724,  -0.07293,  -0.05159,   0.06000,  -0.03190,   0.00256,   0.06000,   0.03703,  -0.03026,  -0.06144,   0.03867,   0.05672,   0.02226,  -0.02041,   0.00913,  -0.02205,  -0.01877,  -0.04667,  -0.03846,  -0.00400,   0.00092,   0.01405,   0.01241,   0.06164,  -0.03190,  -0.03026,  -0.03846,  -0.07457,   0.07641,  -0.00564,  -0.02698,  -0.09098,  -0.02533,   0.08790,   0.01405,  -0.05487,  -0.05652,  -0.02205,  -0.04667,   0.04195,   0.00420,  -0.05816,   0.00092,   0.03539,   0.05344,  -0.09590,  -0.04010,   0.00256,   0.00092,  -0.02698,  -0.09426,   0.03210,   0.08954,   0.05836,   0.05508,   0.08134,   0.00913,  -0.01877,   0.04523,   0.01241,   0.00913,  -0.07785,   0.02226,  -0.01549,   0.03539,   0.02062,   0.04523,   0.02882,  -0.00892,  -0.08113,  -0.00072,  -0.02205,  -0.01713,  -0.01385,  -0.04667,   0.08954,  -0.00400,  -0.00564,  -0.03682,   0.00420,   0.02062,  -0.00236,  -0.00564,  -0.04339,   0.03046,  -0.02862,   0.02062,  -0.04503,  -0.01877,   0.00092,   0.04195,  -0.04995,  -0.05323,  -0.00400,  -0.10575,   0.00749,  -0.07129,   0.09118,  -0.01056,  -0.06964,  -0.04010,  -0.03518,  -0.03846,  -0.00400,  -0.03190,  -0.03190,  -0.01221,  -0.04175,   0.01405,   0.07149,   0.01897,   0.00256,  -0.06964,  -0.07293,   0.00256,   0.00420,  -0.01877,  -0.07949,  -0.00400,   0.03539,  -0.08277,   0.04523,  -0.03026,  -0.00728,   0.06657,  -0.04010,  -0.02698,  -0.01385,   0.05672,  -0.04339,   0.04851,   0.10431,   0.02390,   0.00256,   0.00420,   0.03703,  -0.09754,  -0.03354,   0.03046,  -0.00236,   0.04031,   0.00585,   0.01569,   0.00749,   0.06000
  -0.05323,  -0.00400,   0.06492,   0.00913,  -0.06964,   0.06000,   0.07313,  -0.02369,   0.01569,   0.01897,  -0.02041,  -0.13201,  -0.00564,  -0.03354,   0.01077,  -0.03846,  -0.02533,   0.01077,  -0.03846,  -0.01056,  -0.04503,   0.00420,   0.02062,   0.04851,  -0.10411,   0.02718,  -0.02205,   0.02390,  -0.05487,  -0.03846,  -0.01549,  -0.00728,  -0.00072,   0.06985,  -0.02533,  -0.07949,   0.00256,   0.06000,  -0.04995,  -0.05816,  -0.02041,   0.04687,  -0.03682,  -0.04503,  -0.03026,   0.03539,   0.02554,  -0.00400,  -0.02041,  -0.03190,  -0.02369,  -0.05816,  -0.01713,   0.05344,   0.00420,  -0.02698,  -0.04339,   0.03046,  -0.02533,   0.05180,  -0.07129,  -0.02862,  -0.00400,  -0.01385,  -0.03354,  -0.00564,   0.03703,  -0.01056,   0.04687,  -0.03354,  -0.04339,  -0.01056,   0.04851,  -0.02369,  -0.01877,   0.05180,  -0.00892,  -0.03190,   0.02062,   0.00092,   0.07313,  -0.01056,   0.00749,  -0.01877,  -0.09262,  -0.09262,   0.02554,  -0.04667,  -0.02041,   0.05016,   0.04195,  -0.00892,  -0.04995,   0.03539,   0.01405,   0.01405,   0.02390,   0.01241,  -0.00564,   0.00420,   0.04851,  -0.05323,   0.00749,  -0.01056,   0.00585,   0.01405,  -0.01549,  -0.01056,   0.03046,  -0.06308,   0.01733,   0.02554,  -0.04339,   0.06000,  -0.04010,   0.01569,  -0.05652,   0.00913,  -0.02041,  -0.01385,  -0.00728,  -0.05323,  -0.04503,  -0.03354,   0.05016,   0.03703,  -0.00072,   0.09939,  -0.04175,   0.02718,  -0.00564,  -0.05323,  -0.03354,   0.05672,  -0.05652,  -0.00892,  -0.03190,  -0.07785,  -0.03026,  -0.05323,  -0.01713,  -0.00564,   0.02226,   0.00749,   0.02882,   0.03046,   0.05016,   0.06821,   0.01241,   0.02390,   0.00749,  -0.04667,  -0.01385,  -0.04010,   0.00256,   0.05180,   0.00913,   0.04851,  -0.00236,  -0.02862,   0.01405,  -0.03682,  -0.04667,  -0.06964,   0.07969,   0.05180,  -0.06800,   0.05180,  -0.00892,   0.01733,  -0.00728,   0.00256,  -0.02533,   0.02882,  -0.03190,   0.03374,  -0.03026,   0.03539,  -0.03354,   0.01897,  -0.03354,   0.00420,   0.09611,  -0.02041,   0.04359,   0.01077,  -0.01385,   0.02390,  -0.06308,   0.03210,   0.01733,  -0.02862,   0.03046,   0.03374,  -0.00072,   0.02718,  -0.05980,   0.00420,   0.05508,  -0.04831,  -0.00728,   0.01405,   0.05672,   0.04195,   0.04359,  -0.08770,   0.02882,  -0.00892,   0.03046,   0.03374,   0.00092,  -0.02369,   0.00585,  -0.01877,   0.06164,  -0.04831,  -0.00236,   0.06164,  -0.02041,  -0.01549,  -0.08113,  -0.01221,   0.00585,  -0.04831,   0.03539,   0.02718,   0.02062,   0.00420,   0.01241,   0.01733,  -0.05323,   0.00913,   0.00585,  -0.04010,   0.04359,   0.03539,   0.04687,   0.09775,  -0.01549,   0.04851,   0.02226,  -0.04175,  -0.04175,   0.01241,   0.06821,   0.01569,   0.02554,   0.02390,   0.01077,   0.10103,   0.01405,   0.00256,   0.04851,   0.00092,  -0.05487,  -0.00564,  -0.00072,  -0.00564,  -0.02533,  -0.10247,   0.04359,   0.01569,   0.02882,  -0.02205,  -0.03190,  -0.01056,  -0.00236,   0.08298,   0.03867,  -0.03190,   0.00585,  -0.01385,   0.03539,  -0.04503,  -0.00072,   0.00749,   0.04031,  -0.01221,  -0.06144,   0.00913,   0.01405,  -0.05323,  -0.05323,  -0.01549,   0.01569,  -0.01713,  -0.03518,   0.05508,  -0.00400,  -0.04175,  -0.01221,  -0.04010,   0.00092,  -0.03518,  -0.04175,  -0.00564,  -0.00564,  -0.02862,   0.02718,  -0.03190,  -0.00400,  -0.01713,   0.00749,   0.08954,  -0.08770,  -0.03190,   0.03703,  -0.04339,   0.03210,   0.03539,  -0.05816,  -0.06636,  -0.04995,   0.08298,  -0.06308,  -0.00072,   0.04687,   0.00913,  -0.10411,  -0.10247,   0.01241,   0.00913,  -0.06308,   0.00092,  -0.01549,  -0.05652,  -0.09262,  -0.02205,   0.03210,   0.01241,  -0.00564,   0.03046,  -0.00400,  -0.03846,   0.07477,  -0.02533,   0.00256,   0.01405,  -0.03518,  -0.06144,  -0.05980,  -0.01056,  -0.00400,  -0.03026,  -0.09098,   0.01897,   0.02718,  -0.05652,  -0.02533,  -0.00892,  -0.04175,  -0.01385,  -0.03190,   0.01733,  -0.01549,  -0.03846,  -0.00728,  -0.01549,   0.08134,  -0.03190,   0.03046,   0.01733,  -0.02205,  -0.02533,   0.02554,  -0.00236,   0.04687,  -0.04339,   0.09775,   0.08298,  -0.05323,   0.04359,  -0.03354,  -0.00892,  -0.00728,   0.05836,  -0.00236,  -0.04175,  -0.05980,   0.00256,  -0.03846,  -0.08770,  -0.04831,   0.02718,  -0.01056,   0.06821,   0.01077,  -0.01385,   0.00092,   0.00256,  -0.05816,  -0.03190,  -0.14842,  -0.01385,  -0.06800,  -0.04667,   0.01897,   0.13877,   0.05016,   0.08134,   0.00585,  -0.06964,  -0.03190,   0.03703,  -0.01056,  -0.02698,   0.05508,  -0.02698,   0.06000,   0.02718,  -0.03026,  -0.02205,  -0.03026,   0.01405,  -0.00728,   0.02554,  -0.04831,   0.09611,  -0.00236,   0.04195,   0.02390,   0.06985,  -0.02698,  -0.05323,   0.04031,   0.05836,   0.03867,   0.07641,  -0.02205,   0.08134,  -0.03190,   0.01241,   0.03867,   0.02554,  -0.00564,  -0.03518,  -0.03682,  -0.01877,   0.03046,   0.05344,   0.00420,   0.05016,  -0.06636,  -0.05816,  -0.02862,   0.02882,  -0.08113,  -0.01385,  -0.00892,  -0.00072,  -0.02533,   0.09775,   0.01897,  -0.02041,  -0.04175,  -0.04503,  -0.04831,  -0.04010,  -0.07457,   0.01897,   0.00749,   0.06657,  -0.05980,  -0.06964,   0.00913,  -0.00564,  -0.01221,   0.04359,  -0.02698,  -0.07293,  -0.09590,   0.02882,   0.03867,  -0.03190,  -0.05652,  -0.01056,  -0.09098,  -0.01385,  -0.00400,  -0.01221,   0.00585,  -0.08770,   0.00749,   0.03210,  -0.07293,   0.00749,   0.02226,   0.05180,   0.06821,   0.03867,   0.04523,   0.03046,  -0.04175,   0.03867,   0.00913,  -0.03682,   0.04851,   0.05344,  -0.02862,   0.00092,   0.02390,  -0.09426,  -0.00728,   0.06657,  -0.03354,   0.00256,  -0.03518,   0.09939,  -0.01056,  -0.00728,  -0.04503,  -0.00072,  -0.02533,   0.06985,   0.02718,   0.01241,   0.00585,  -0.05487,   0.01241,  -0.03026,  -0.06800,  -0.00564,   0.00913,   0.07477,   0.02554,   0.05508,  -0.01877,  -0.00400,   0.03046,  -0.05652,  -0.04503,   0.03539,   0.00092,   0.01405,  -0.05816,   0.03046,  -0.03682,  -0.00400,  -0.03682,   0.07149,   0.08462,  -0.00400,   0.01733,   0.01569,  -0.04995,   0.06492,   0.03867,   0.07969,   0.00420,  -0.00728,   0.01077,   0.02882,  -0.04339,   0.00913,   0.00092,  -0.02698,   0.05016,   0.01733,  -0.05323,  -0.02205,  -0.01221,   0.03210,   0.02062,  -0.00236,  -0.04175,   0.01405,  -0.00728,  -0.07457,   0.02718,   0.04195,  -0.03354,  -0.01221,  -0.04503,   0.00749,  -0.01221,   0.07313,  -0.00892,   0.05672,   0.06492,  -0.05159,  -0.00236,   0.06000,  -0.01549,  -0.01549,   0.02718,  -0.02369,   0.01897,   0.00749,   0.05836,   0.07149,  -0.00400,  -0.04995,   0.01077,  -0.01056,  -0.03026,  -0.02369,   0.04851,   0.02718,  -0.02862,   0.08298,   0.03867,  -0.03026,  -0.00892,   0.03867,   0.02062,   0.02062,  -0.09754,   0.01241,  -0.07129,   0.05016,   0.04851,  -0.00236,   0.01077,  -0.07129,   0.02882,   0.06164,   0.02554,   0.05180,   0.09939,   0.02062,   0.01733,   0.06821,   0.03210,  -0.03190,  -0.01221,  -0.00728,  -0.00236,   0.03046,   0.08626,  -0.00072,  -0.03026,   0.09118,  -0.06308,  -0.05652,  -0.03354,  -0.09590,   0.02882,   0.07313,  -0.00892,   0.05672,  -0.02369,  -0.01056,  -0.05159,  -0.01549,  -0.04503,   0.04851,  -0.06308,  -0.01056,   0.06164,  -0.04503,   0.06821,   0.01733,   0.02882,  -0.00728,  -0.01713,  -0.01713,   0.03046,  -0.00564,  -0.03190,  -0.00564,   0.02226,   0.00092,  -0.04831,  -0.02205,  -0.02205,   0.00749,  -0.05652,  -0.11724,   0.02062,  -0.02698,  -0.05652,  -0.00400,  -0.00892,  -0.08934,   0.00256,  -0.00564,  -0.05487,   0.06492,  -0.01549,   0.04359,  -0.04995,  -0.06636,  -0.01549,  -0.01221,  -0.09098,   0.00749,  -0.03354,  -0.11888,   0.00913,   0.02882,  -0.05816,   0.06657,   0.00420,   0.06164,   0.06164,  -0.02533,   0.09611,   0.10267,  -0.00072,  -0.08441,  -0.03846,   0.00585,   0.04195,   0.03867,  -0.06144,  -0.00072,   0.01077,   0.02718,  -0.02041,  -0.08934,   0.04195,  -0.04503,  -0.00564,   0.03703,  -0.04339,   0.01077,  -0.01877,   0.02554,  -0.07129,  -0.05323,  -0.00728,  -0.01385,   0.07149,  -0.03026,  -0.01549,   0.04031,  -0.05816,  -0.01877,   0.00585,   0.04031,   0.00256,   0.05836,  -0.01385,   0.00749,  -0.04503,   0.00913,  -0.08934,  -0.01056,  -0.01056,  -0.02041,   0.03867,  -0.06964,   0.02718,   0.05836,  -0.04995,   0.04523,   0.01241,   0.04031,  -0.00072,  -0.00564,   0.03374,  -0.04503,  -0.04831,   0.00913,   0.02226,  -0.01056,   0.01569,  -0.01221,   0.00420,  -0.04175,   0.05016,  -0.01877,  -0.00564,  -0.01549,  -0.00564,   0.00420,  -0.01877,   0.09611,   0.05344,   0.03867,   0.02390,  -0.00236,  -0.01056,   0.01897,  -0.11395,  -0.08770,  -0.01877,   0.07805,   0.00420,  -0.02369,   0.02718,   0.01241,   0.03539,  -0.07621,  -0.05159,  -0.00236,  -0.03846,   0.00256,  -0.06964,   0.02226,   0.10923,  -0.01549,   0.07313,   0.02718,  -0.02205,   0.00749,   0.03703,  -0.00072,   0.06000,  -0.00400,   0.01569,   0.02390,   0.05180,   0.08626,   0.02390,  -0.05652,  -0.00892,  -0.07785,  -0.00564,  -0.02862,  -0.01056,   0.01241,   0.03703,   0.04523,   0.05672,   0.00749,   0.00749,  -0.00728,   0.07477,   0.05836,   0.03867,   0.02882,   0.05672,  -0.03354,   0.02062,   0.06821,  -0.05159,  -0.02369,  -0.00236,  -0.00072,   0.07641,   0.03539,  -0.00564,   0.01405,   0.00749,   0.02554,  -0.01056,  -0.00400,   0.03374,   0.04031,   0.04031,  -0.00892,   0.02554,  -0.05323,  -0.05980,   0.02226,   0.02226,   0.03210,   0.01077,  -0.01549,  -0.00072,   0.01569,   0.00256,   0.06821,   0.09282,   0.00585,  -0.05652,  -0.09918,   0.05508,  -0.06800,  -0.00728,  -0.09426,  -0.06144,   0.03867,   0.00420,  -0.05816,  -0.06800,   0.00092,   0.03046,   0.01077,  -0.05487,  -0.04010,  -0.04667,   0.03867,   0.01405,   0.00420,   0.02226,  -0.07457,   0.02718,  -0.07129,  -0.00400,   0.03539,  -0.02369,  -0.06472,   0.00585,  -0.03682,   0.00585,   0.04031,   0.01077,   0.05180,   0.00092,  -0.03682,  -0.03190,   0.01897,  -0.03518,   0.03210,   0.04523,  -0.00892,  -0.01713,  -0.03354,   0.01569,   0.05344,   0.02390,   0.00913,  -0.01549,  -0.00236,   0.03046,  -0.04175,  -0.03846,   0.06492,   0.01569,   0.03374,   0.05016,  -0.00728,   0.05016,  -0.11067,  -0.01549,  -0.01549,  -0.08605,  -0.03518,  -0.00564,   0.06164,  -0.11067,  -0.00400,   0.05836,  -0.03846,  -0.02369,   0.03046,   0.04359,   0.02226,  -0.02041,  -0.00892,  -0.05487,  -0.02698,  -0.06472,   0.08298,  -0.03682,   0.08462,   0.02882,   0.08298,   0.11744,   0.10595,  -0.05652,   0.01733,   0.04031,  -0.02698,  -0.01877,   0.00585,  -0.05816,   0.01405,  -0.01549,   0.00256,   0.02554,   0.01077,  -0.00728,   0.07641,   0.07149,   0.07313,   0.00092,   0.03374,   0.04523,  -0.04175,   0.00749,  -0.04339,   0.00256,   0.00913,  -0.06308,  -0.08441,  -0.04175,   0.02882,   0.01569,   0.01077,  -0.00892,   0.08134,  -0.01221,   0.00585,  -0.02369,  -0.06472,   0.00420,   0.02554,  -0.03846,   0.09118,  -0.01056,   0.06657,   0.04523,   0.03539,  -0.02041,   0.01405,   0.03210,   0.04195,  -0.04010,  -0.03518,  -0.01549,  -0.01549,  -0.04175,  -0.00892,  -0.01549,  -0.01877,  -0.01221,   0.03539,   0.02718,   0.00092,  -0.02041,   0.07805,  -0.01221,  -0.06308,  -0.02205,   0.01077,   0.02390,   0.03703,  -0.02369,   0.10267,  -0.06144,  -0.04175,   0.01077,   0.02226,   0.01077,   0.04523,   0.00092,  -0.01385,  -0.00072,  -0.02205,   0.03703,   0.05836
   0.00092,  -0.00728,   0.03210,   0.00420,  -0.12872,  -0.01877,   0.06328,   0.04851,  -0.03026,   0.01077,   0.00092,   0.01241,  -0.02205,  -0.04503,  -0.04995,   0.03703,   0.04359,   0.02226,   0.00913,   0.00420,  -0.05159,   0.06492,  -0.03518,  -0.03354,  -0.02041,  -0.01385,  -0.00892,   0.01405,   0.00749,  -0.01385,   0.02062,  -0.00892,  -0.02205,   0.00913,   0.04523,  -0.01056,  -0.01056,   0.10595,  -0.02369,   0.02554,  -0.01056,   0.03539,  -0.00400,   0.04687,   0.04195,  -0.05652,   0.02882,   0.02226,  -0.02369,  -0.05159,  -0.00728,   0.01569,  -0.02533,   0.00420,  -0.01385,   0.00256,   0.03867,   0.01733,   0.03867,  -0.06308,   0.01897,   0.01405,   0.05016,  -0.02698,   0.04359,   0.03210,   0.00256,   0.03703,  -0.02698,  -0.01221,  -0.03682,  -0.01877,   0.01405,  -0.04175,  -0.01385,  -0.03518,  -0.01713,   0.03539,   0.03703,   0.05180,  -0.06800,   0.03374,  -0.02041,   0.00913,  -0.00564,   0.02554,  -0.01713,  -0.04339,  -0.04995,  -0.07949,  -0.10411,   0.01405,  -0.00564,   0.12565,   0.03210,   0.02390,  -0.02041,   0.05836,  -0.00400,  -0.06308,  -0.06144,   0.11088,   0.00420,   0.02226,   0.03539,   0.04687,  -0.04995,  -0.00728,  -0.01713,  -0.06144,  -0.00236,  -0.01221,   0.00913,   0.00913,  -0.01877,  -0.01056,  -0.00728,  -0.00728,  -0.00400,  -0.03354,  -0.05980,  -0.05487,  -0.00236,   0.02390,  -0.01385,   0.10103,  -0.02698,   0.03374,   0.01569,  -0.07457,   0.06492,  -0.03354,   0.06657,   0.01897,   0.02390,  -0.03026,  -0.01221,   0.02718,  -0.00728,   0.02882,   0.07313,   0.04687,  -0.06308,   0.00092,   0.01405,  -0.04995,   0.01897,   0.05508,  -0.03518,   0.02554,   0.03046,  -0.05323,   0.04851,  -0.11559,   0.01241,  -0.04831,   0.04359,   0.01733,   0.00585,  -0.00564,  -0.01385,  -0.00236,  -0.03354,   0.03046,  -0.01713,  -0.01713,   0.00420,  -0.05159,  -0.01221,  -0.00236,  -0.00072,  -0.09426,   0.05836,  -0.10411,   0.09282,  -0.00564,   0.01733,  -0.04010,   0.03703,  -0.00728,  -0.00236,  -0.05652,   0.00420,  -0.01549,  -0.05816,   0.06164,   0.05180,  -0.00072,   0.00749,   0.01569,  -0.01549,   0.06328,   0.02390,   0.01569,   0.08134,  -0.03354,  -0.02369,  -0.01056,  -0.02041,  -0.01056,  -0.07293,   0.02226,  -0.03846,   0.04359,  -0.02533,  -0.01056,   0.02882,  -0.02041,  -0.02205,   0.01733,   0.03374,   0.02062,  -0.07621,   0.05508,   0.01405,  -0.01877,   0.02718,  -0.06308,   0.00585,   0.03374,  -0.07129,  -0.07785,  -0.07785,   0.00749,  -0.00236,   0.03374,   0.00092,   0.01897,  -0.02369,  -0.00236,  -0.04175,  -0.05159,   0.09611,  -0.02862,   0.04195,  -0.02369,  -0.02369,   0.03374,   0.02718,   0.07149,   0.02062,  -0.00072,   0.01241,   0.00585,  -0.06144,   0.07969,  -0.02205,   0.00256,  -0.04503,   0.08626,  -0.00564,   0.02226,   0.09282,  -0.02205,  -0.03518,   0.04359,  -0.02533,   0.01241,   0.03210,  -0.01713,  -0.04175,   0.10267,   0.01405,  -0.03682,   0.09446,   0.00092,   0.08134,  -0.01549,   0.05836,   0.01733,   0.05344,   0.01733,  -0.01221,   0.01569,   0.01897,  -0.06636,   0.00749,  -0.02862,   0.02390,  -0.01549,  -0.10739,   0.02226,  -0.04831,  -0.00236,   0.02554,   0.03703,   0.00749,  -0.00236,  -0.01056,   0.02390,  -0.00564,  -0.00400,  -0.01056,   0.01733,   0.04031,  -0.02205,   0.03046,   0.00092,  -0.05323,  -0.05159,  -0.07457,   0.02554,  -0.04010,  -0.05487,  -0.00564,   0.01241,  -0.06308,   0.02882,   0.01897,   0.03867,   0.02718,  -0.01056,   0.08626,   0.00749,   0.04687,   0.03046,  -0.00728,  -0.03190,   0.04851,  -0.02369,  -0.02862,   0.03867,   0.02882,  -0.00072,  -0.06636,  -0.04010,  -0.03354,   0.02554,   0.02062,  -0.04503,   0.07149,  -0.00728,   0.00092,  -0.07949,   0.01241,  -0.03190,   0.03539,   0.04031,   0.02062,   0.04687,  -0.07129,   0.04195,   0.01897,   0.01405,   0.02226,  -0.04175,   0.02390,   0.01241,  -0.02041,  -0.04010,   0.03374,  -0.02369,  -0.02698,   0.04687,  -0.02041,   0.03703,  -0.01056,  -0.00892,   0.04687,  -0.03846,   0.07641,  -0.05159,   0.01733,   0.00420,   0.06000,  -0.04339,   0.02882,   0.00092,   0.01405,   0.01241,   0.02554,  -0.01877,  -0.03354,  -0.05323,   0.01241,  -0.00728,   0.03374,   0.00420,  -0.02862,  -0.05159,   0.04031,   0.03539,   0.05836,  -0.02862,  -0.00236,  -0.05323,   0.01405,   0.04523,  -0.01056,   0.04031,  -0.02041,  -0.02533,   0.02554,  -0.00400,   0.05016,   0.00749,   0.04359,  -0.04175,  -0.03846,  -0.02205,   0.02718,   0.02554,   0.02882,   0.04851,  -0.02041,   0.02718,   0.03539,  -0.02041,   0.07969,  -0.02862,   0.05016,  -0.02533,  -0.03026,   0.00585,   0.01241,  -0.00072,   0.03046,   0.00585,  -0.00564,  -0.01056,  -0.04831,  -0.01713,   0.04195,   0.02718,   0.06492,  -0.05323,  -0.00400,  -0.04667,   0.03703,  -0.01221,  -0.01221,   0.02226,  -0.00892,  -0.03190,   0.09282,   0.04359,   0.00256,  -0.06800,   0.01405,  -0.06472,   0.02062,   0.03046,  -0.04175,   0.03046,   0.05016,   0.04031,   0.04687,   0.00256,   0.04851,   0.07149,   0.00585,   0.03046,  -0.04667,   0.03374,  -0.04995,  -0.02862,   0.02554,   0.08462,   0.05344,  -0.03354,  -0.03682,  -0.01221,   0.03374,  -0.00236,   0.11744,   0.05344,  -0.00564,   0.00420,  -0.00564,   0.03867,  -0.05816,  -0.04175,   0.02226,  -0.05980,   0.00092,   0.05180,   0.00092,   0.00585,   0.07969,  -0.02862,   0.03210,  -0.04175,  -0.10575,   0.00420,  -0.07785,  -0.02369,   0.06328,   0.01897,  -0.04667,   0.01569,   0.02718,  -0.01056,   0.04851,  -0.01221,  -0.00892,   0.00256,   0.00913,  -0.00072,   0.00913,  -0.09262,   0.08134,   0.00092,   0.02062,   0.00420,  -0.00728,   0.02062,  -0.04175,   0.02554,   0.01897,   0.03374,  -0.00072,   0.04851,   0.09775,  -0.01549,   0.02882,   0.04687,  -0.04995,   0.01077,   0.04031,  -0.06964,   0.01897,   0.05508,  -0.06144,  -0.02533,  -0.01549,   0.03046,  -0.08605,  -0.02862,   0.01897,   0.02882,  -0.01713,  -0.02041,  -0.00072,   0.03046,  -0.00728,   0.03539,   0.05508,   0.00092,  -0.05323,   0.00092,   0.02390,  -0.02205,   0.02226,   0.06821,  -0.01056,  -0.01877,   0.00256,   0.01405,   0.00256,  -0.00072,  -0.01221,   0.01733,  -0.06472,  -0.00236,  -0.11067,   0.08626,   0.05508,   0.04687,   0.00092,   0.02226,   0.01241,   0.07149,  -0.02862,   0.01405,   0.02554,  -0.07949,  -0.03846,   0.00749,  -0.01056,   0.05016,   0.03539,   0.01733,   0.08298,  -0.07293,  -0.00236,   0.04195,  -0.03846,   0.03539,   0.00749,  -0.03190,   0.05836,   0.00420,   0.08134,   0.01733,   0.00585,   0.01897,  -0.04175,   0.04195,   0.01897,   0.01405,  -0.03846,   0.08626,   0.00256,  -0.02205,  -0.02862,  -0.04175,   0.06164,  -0.05980,   0.01733,   0.03703,  -0.01549,  -0.05487,   0.01897,  -0.00236,   0.04523,   0.01241,   0.04851,   0.03867,  -0.02698,  -0.01385,  -0.06308,   0.00092,   0.06492,   0.07313,  -0.04339,  -0.05159,  -0.02862,   0.00092,   0.00585,   0.00749,   0.03539,  -0.05159,  -0.01221,  -0.01713,  -0.01877,  -0.00072,  -0.07621,   0.01405,  -0.03518,   0.03210,   0.00092,   0.09118,   0.09939,  -0.03846,   0.01405,  -0.03026,  -0.06636,  -0.01549,  -0.03682,  -0.03518,  -0.01549,  -0.02533,   0.04523,  -0.00072,  -0.02041,  -0.07785,  -0.03190,  -0.00564,  -0.04339,   0.06985,   0.00256,  -0.00400,  -0.00236,   0.03046,   0.04031,   0.03374,   0.02882,   0.07641,   0.02226,  -0.04339,  -0.04339,  -0.04995,   0.03374,  -0.02369,  -0.06964,  -0.03518,   0.00256,  -0.00564,   0.03867,   0.01569,  -0.04667,  -0.02533,  -0.05980,   0.02226,  -0.03518,  -0.05652,   0.03703,  -0.01549,   0.05508,   0.00585,   0.00585,   0.02718,   0.01569,   0.01077,   0.05836,  -0.02205,  -0.10575,  -0.00400,  -0.02041,   0.02226,  -0.06144,   0.09118,   0.03867,  -0.01549,  -0.03682,   0.02062,  -0.06308,   0.03867,   0.00749,  -0.04010,   0.01569,   0.04031,   0.01569,  -0.03354,   0.00092,   0.01569,   0.00913,  -0.02041,  -0.04503,  -0.03026,   0.00749,  -0.02533,  -0.06308,   0.08134,  -0.01385,  -0.01713,   0.08626,  -0.03354,   0.02226,   0.02554,   0.00256,  -0.07293,  -0.04831,  -0.03026,  -0.08441,   0.01733,  -0.04831,   0.05508,   0.00749,   0.08626,  -0.03354,   0.01241,  -0.01385,  -0.00072,  -0.00564,   0.03539,   0.06985,   0.00420,   0.00913,   0.01733,   0.03046,  -0.00892,  -0.01221,  -0.02205,  -0.06144,   0.02554,  -0.07785,  -0.00072,  -0.11395,  -0.00728,   0.04031,   0.04851,   0.00092,   0.02882,   0.08626,   0.11252,   0.05180,   0.03046,   0.04687,   0.04523,  -0.03354,  -0.03026,  -0.06964,   0.07313,  -0.04667,   0.03539,   0.07641,   0.02718,   0.01241,  -0.00564,  -0.03846,  -0.04010,  -0.02041,   0.04851,   0.01077,  -0.02698,   0.04687,   0.03867,   0.05016,   0.00420,   0.01241,  -0.01713,   0.01569,  -0.04503,   0.06000,   0.01733,  -0.03518,   0.00256,  -0.01056,   0.00913,  -0.06308,  -0.13693,   0.05180,  -0.00236,  -0.01549,   0.02062,   0.00420,  -0.03518,  -0.03354,   0.01897,  -0.04503,   0.07969,   0.05180,   0.04687,  -0.03190,  -0.04175,   0.04523,   0.02554,  -0.02533,  -0.07293,   0.04523,   0.03046,   0.01077,  -0.07949,  -0.02698,  -0.04831,   0.05672,   0.02554,   0.06328,  -0.00564,   0.02390,  -0.01385,  -0.01713,  -0.06964,   0.05180,  -0.00892,   0.03539,  -0.02369,   0.00913,   0.01077,  -0.02862,  -0.01385,   0.01241,   0.01405,  -0.06472,   0.01897,   0.01897,   0.07477,  -0.04010,   0.05508,   0.08462,   0.08298,   0.00420,  -0.01713,  -0.03846,  -0.04175,   0.02390,  -0.01385,   0.04359,   0.05016,  -0.03682,   0.04031,  -0.02369,  -0.06308,  -0.12544,  -0.02533,   0.02390,   0.06492,  -0.03026,   0.06492,  -0.08770,  -0.00400,  -0.02041,  -0.02698,  -0.03518,  -0.00892,   0.02226,   0.00420,   0.05016,  -0.04667,  -0.00728,   0.05344,   0.01241,   0.06492,   0.02882,  -0.03026,   0.09611,   0.06985,   0.07805,   0.04851,  -0.05816,   0.02390,   0.00092,  -0.09918,  -0.00728,   0.00749,   0.00092,  -0.06308,  -0.02698,  -0.02369,  -0.03354,  -0.02369,   0.02062,   0.01569,  -0.02698,   0.07149,   0.12729,  -0.01713,  -0.01056,   0.00585,  -0.02698,   0.00585,   0.05016,  -0.01385,   0.09775,   0.05672,   0.00256,   0.04687,  -0.00400,   0.01241,  -0.00564,   0.00749,  -0.00564,   0.07313,  -0.01056,  -0.07621,  -0.00072,  -0.07621,  -0.01056,  -0.02698,   0.14206,  -0.03682,   0.00749,  -0.00236,   0.05180,   0.05344,   0.03374,  -0.01221,   0.06164,  -0.03190,   0.01897,  -0.04010,   0.00749,  -0.02369,  -0.03190,  -0.01221,  -0.04175,  -0.00892,  -0.09590,   0.02718,  -0.06144,   0.04359,   0.06164,   0.00420,   0.01569,  -0.05323,   0.03374,   0.05344,   0.01897,   0.01733,  -0.03518,   0.02718,  -0.06144,  -0.00728,   0.07969,  -0.03026,  -0.06636,  -0.04995,   0.00749,  -0.01385,   0.04523,  -0.04010,   0.00913,   0.04195,  -0.04831,   0.01077,  -0.00728,   0.02062,   0.03210,  -0.08113,  -0.03682,   0.02062,   0.00749,  -0.00236,   0.00256,  -0.01385,   0.02390,  -0.00400,   0.09939,  -0.06800,  -0.03518,  -0.03682,   0.07805,  -0.05652,  -0.01877,  -0.02533,   0.01241,   0.02062,   0.01569,  -0.01056,  -0.01549,  -0.05159,   0.05672,   0.04031,  -0.03682,   0.07641,  -0.04667,   0.06000,   0.03867,   0.05508,   0.00913,   0.05344,  -0.03190,   0.00420,   0.07149,  -0.01385,   0.00913,  -0.10247,   0.05508,   0.02390,   0.01569,   0.01405,   0.07149,  -0.00728,  -0.00400,   0.06821,   0.06000,  -0.04667,  -0.07785,  -0.04667,   0.02882,  -0.02205,  -0.03518,  -0.02862
   0.01077,   0.01733,  -0.00236,   0.00913,  -0.02862,   0.02062,   0.01241,  -0.01056,   0.02718,   0.05016,   0.00420,  -0.03682,   0.01569,   0.04523,   0.04031,   0.00913,   0.03867,   0.10595,   0.00913,   0.03046,  -0.06308,  -0.02533,  -0.02369,   0.01897,   0.05836,  -0.00728,  -0.02698,   0.02882,  -0.00400,   0.02882,  -0.02533,  -0.03190,   0.00913,   0.03867,  -0.00400,   0.02390,  -0.05323,  -0.03354,   0.05508,  -0.03846,  -0.02862,   0.02390,  -0.03682,   0.01241,   0.02390,  -0.00728,  -0.00072,   0.05672,   0.01405,  -0.03354,  -0.07129,  -0.02205,  -0.00400,   0.01733,  -0.01385,  -0.03846,  -0.00236,   0.05344,   0.03374,  -0.03518,   0.01897,  -0.02862,   0.06000,   0.00749,   0.00420,   0.00749,   0.01077,  -0.01221,  -0.00564,  -0.05652,   0.06328,   0.00749,  -0.01385,   0.00913,   0.00092,   0.00913,  -0.00236,  -0.02041,  -0.01221,   0.03210,  -0.00728,  -0.00728,   0.03374,   0.01569,   0.03374,   0.00585,   0.07149,   0.04851,   0.00749,   0.09118,  -0.03026,  -0.00236,  -0.00236,  -0.02533,  -0.02862,  -0.01877,  -0.09262,   0.04031,  -0.08277,   0.00585,  -0.04831,  -0.01549,   0.04523,  -0.02369,  -0.02205,  -0.02369,  -0.02862,  -0.03026,  -0.00892,   0.01241,  -0.02369,  -0.02533,   0.06492,   0.04031,  -0.02862,   0.02554,  -0.00072,   0.02718,   0.06985,  -0.02205,   0.03703,  -0.00728,   0.08134,  -0.07293,   0.02718,  -0.01549,  -0.00728,  -0.02041,  -0.00564,  -0.03846,   0.01897,  -0.05980,  -0.01385,   0.01733,  -0.04010,   0.07641,   0.02882,   0.05836,   0.01405,  -0.01549,  -0.05652,   0.04359,  -0.04995,  -0.00236,  -0.00072,  -0.06636,   0.01241,  -0.01713,  -0.05980,   0.08134,  -0.01877,   0.03210,  -0.03026,   0.00420,  -0.06636,  -0.02698,  -0.05652,  -0.08770,   0.06000,   0.05016,  -0.00564,   0.02062,   0.00913,   0.01241,  -0.04831,   0.07313,  -0.01385,   0.01733,   0.01897,  -0.04175,  -0.00400,   0.02554,  -0.07129,   0.00913,   0.05344,  -0.01221,   0.00420,   0.05508,   0.00420,  -0.00728,  -0.00728,  -0.06964,  -0.05159,  -0.05816,  -0.06144,   0.06657,  -0.04010,   0.01077,   0.05016,   0.00585,  -0.01549,  -0.06308,   0.04195,  -0.05816,   0.02882,   0.03867,  -0.02369,   0.10267,  -0.05652,   0.01077,  -0.04010,   0.04359,  -0.03518,  -0.00400,  -0.04995,   0.06164,  -0.04831,  -0.02369,   0.03867,   0.02718,  -0.03518,  -0.00892,  -0.07949,   0.00256,  -0.04339,   0.04031,  -0.00892,  -0.11395,  -0.03518,  -0.01549,   0.02226,   0.04195,  -0.04667,   0.06821,   0.00420,  -0.04667,  -0.04175,   0.10103,  -0.02041,  -0.06144,   0.05508,  -0.00564,  -0.04831,  -0.00072,  -0.06800,   0.02554,  -0.03026,  -0.00728,  -0.04175,  -0.04339,  -0.00236,   0.03703,  -0.05159,  -0.00072,  -0.01385,  -0.00236,  -0.02862,  -0.02041,  -0.00892,   0.01733,   0.00749,   0.02882,   0.04523,   0.02062,   0.01569,   0.01241,  -0.02862,  -0.00236,   0.04031,   0.00092,   0.03539,   0.06821,   0.00749,   0.04687,   0.05508,  -0.01385,   0.02390,  -0.01056,   0.01405,  -0.00728,  -0.03026,   0.08626,   0.03539,  -0.05159,   0.00092,   0.00749,  -0.02369,   0.04359,  -0.03026,  -0.01385,  -0.05487,  -0.00728,   0.01077,   0.01733,   0.00585,  -0.05652,  -0.02041,   0.02390,  -0.05816,   0.00585,   0.05508,   0.00092,   0.02226,   0.05016,   0.02882,   0.00256,  -0.04175,   0.03046,  -0.02533,   0.05016,  -0.02205,   0.02882,  -0.06144,   0.01569,  -0.00564,   0.00092,  -0.03846,   0.00913,  -0.01549,  -0.00236,  -0.04339,  -0.01549,  -0.00564,  -0.04503,   0.00092,   0.01569,   0.00420,   0.03210,  -0.02041,   0.01077,  -0.01713,   0.00585,   0.08954,   0.01569,  -0.02205,  -0.00728,  -0.01549,  -0.02369,   0.04195,   0.02062,  -0.00564,  -0.00236,  -0.00564,  -0.03846,   0.05508,   0.00749,  -0.05323,   0.04851,   0.02226,   0.03374,  -0.03682,   0.06000,  -0.02041,  -0.04175,   0.02062,  -0.03682,  -0.06472,   0.01241,   0.01241,   0.03210,  -0.02862,   0.06492,  -0.03190,   0.01241,  -0.05159,   0.02554,  -0.00400,  -0.00892,  -0.08934,  -0.00564,  -0.01549,  -0.00400,   0.04031,   0.05344,   0.03867,   0.02554,  -0.01221,   0.02882,  -0.01713,   0.02390,  -0.03518,   0.02554,   0.03210,  -0.03026,   0.01897,  -0.04175,   0.01241,  -0.03190,  -0.06144,   0.01405,   0.06657,  -0.04010,  -0.04175,  -0.01877,   0.00256,   0.01405,   0.00913,  -0.01385,   0.07313,  -0.01713,   0.04523,   0.00420,  -0.04995,   0.04851,   0.03703,  -0.03026,   0.04523,  -0.00236,  -0.02369,   0.05672,  -0.02041,   0.02062,  -0.03846,  -0.00400,   0.03867,   0.03210,   0.01241,  -0.05980,  -0.01877,  -0.01713,  -0.01056,   0.03703,   0.01405,  -0.06636,  -0.01221,   0.10431,  -0.11724,  -0.07785,  -0.07457,   0.05836,  -0.04667,  -0.04339,   0.00420,  -0.00236,  -0.02862,   0.05180,  -0.07621,   0.01241,  -0.01056,  -0.01385,  -0.03026,   0.03046,  -0.01221,  -0.00728,   0.03867,  -0.00892,   0.01897,   0.00585,   0.01405,  -0.02205,   0.02062,  -0.00236,  -0.04667,   0.00256,  -0.00400,  -0.04503,  -0.00564,  -0.02533,  -0.02205,   0.04359,  -0.00236,  -0.02369,   0.00092,   0.08790,   0.01569,  -0.01385,  -0.00564,   0.01569,   0.04687,   0.00420,  -0.06964,   0.04687,   0.06000,   0.07313,  -0.02205,   0.06985,  -0.03682,  -0.03682,   0.03703,  -0.02041,  -0.02533,   0.01569,  -0.05159,   0.07969,  -0.04995,   0.03046,  -0.08441,  -0.05652,   0.01241,  -0.02205,  -0.08441,   0.06000,   0.04195,   0.05508,  -0.00728,  -0.01385,   0.02554,  -0.00728,   0.01077,  -0.02205,  -0.03026,  -0.05980,   0.03374,  -0.01713,  -0.03846,  -0.04667,  -0.02041,  -0.00728,  -0.04175,   0.09939,   0.00913,   0.01405,  -0.00072,   0.00092,   0.00420,  -0.00236,  -0.00236,  -0.00236,  -0.00400,   0.01733,  -0.06800,  -0.06472,  -0.00236,  -0.00236,   0.00913,   0.06164,   0.04851,  -0.01056,  -0.00072,  -0.01713,   0.02390,  -0.04339,   0.03867,  -0.00564,   0.04031,   0.00749,   0.10759,   0.12729,   0.02062,   0.01733,  -0.05487,  -0.01056,  -0.01877,  -0.03190,  -0.02862,  -0.04503,   0.03374,   0.03210,   0.08134,  -0.00072,   0.01733,  -0.05323,  -0.01877,   0.06985,  -0.01877,   0.01733,  -0.01713,  -0.02533,  -0.05980,   0.00749,   0.01405,  -0.00236,   0.01077,  -0.01877,  -0.03846,   0.03374,   0.00256,   0.03539,   0.03539,   0.07969,   0.03210,  -0.00564,  -0.02205,  -0.05816,  -0.01549,   0.01405,   0.04195,   0.03539,  -0.01549,   0.00749,  -0.04175,   0.01405,  -0.02041,   0.00913,  -0.06800,  -0.04831,  -0.00236,   0.02390,  -0.00400,  -0.00072,   0.01405,   0.03046,   0.00092,  -0.03190,  -0.00728,   0.06164,   0.01241,  -0.05323,  -0.04339,   0.05508,   0.04031,  -0.07129,  -0.05159,   0.01733,  -0.08770,  -0.02862,   0.03210,  -0.05652,  -0.00564,  -0.02205,   0.01077,   0.01569,  -0.02533,  -0.00564,   0.05672,  -0.00072,  -0.00072,  -0.02041,  -0.03682,  -0.01056,  -0.03846,   0.06657,   0.01241,   0.01241,  -0.00072,   0.00585,  -0.00236,  -0.07949,   0.01405,  -0.05159,  -0.02041,   0.00749,  -0.09426,  -0.00728,   0.05180,  -0.01549,   0.08790,   0.07805,  -0.01713,  -0.03026,   0.01241,   0.00420,  -0.03682,  -0.05487,   0.02718,   0.06328,   0.06164,  -0.04995,  -0.07785,  -0.05323,  -0.02862,   0.00585,   0.05016,   0.04687,   0.00092,   0.01405,   0.00585,  -0.05487,  -0.00072,   0.01077,   0.04359,   0.03374,   0.02226,   0.01569,  -0.04831,   0.01241,   0.02882,  -0.01221,  -0.05323,   0.02718,   0.00420,  -0.01056,   0.03046,  -0.06800,   0.00420,  -0.04503,   0.00585,  -0.07457,  -0.00236,   0.00913,  -0.00400,   0.04359,  -0.03190,  -0.03354,   0.03703,   0.03703,  -0.04339,  -0.02862,  -0.01056,   0.03046,   0.07805,  -0.04175,   0.02390,   0.00256,  -0.01221,   0.06821,   0.00749,  -0.04175,  -0.03846,   0.01569,   0.05180,   0.05180,  -0.00564,   0.03539,  -0.01056,  -0.01385,   0.02390,  -0.03518,   0.01733,  -0.00564,  -0.02862,  -0.04010,  -0.00072,  -0.01221,  -0.06636,  -0.00564,   0.02718,   0.00913,   0.02226,   0.01897,  -0.02533,  -0.08934,  -0.04667,  -0.04339,   0.04195,  -0.04667,   0.00420,  -0.03846,  -0.01056,  -0.03354,  -0.02698,  -0.01385,   0.08134,  -0.09590,   0.00092,  -0.07785,   0.00420,   0.01241,  -0.01549,   0.03374,  -0.01385,   0.01241,  -0.04503,  -0.04175,  -0.00892,  -0.06964,   0.06492,   0.00749,   0.07313,   0.05180,  -0.04667,   0.05508,   0.04523,  -0.15498,   0.03046,   0.01077,  -0.01056,  -0.03682,   0.05180,   0.02882,  -0.03026,   0.01897,  -0.06636,   0.06164,   0.03374,   0.07149,  -0.00564,  -0.04831,   0.05836,   0.01733,   0.00585,   0.01569,  -0.04175,   0.01733,   0.02390,  -0.03190,   0.03703,   0.03539,  -0.00892,   0.06985,  -0.01221,   0.04195,  -0.03026,   0.06985,  -0.01056,  -0.13857,   0.01733,   0.00256,  -0.01385,  -0.01549,   0.00913,   0.02554,  -0.02698,  -0.01221,   0.05180,   0.02390,  -0.06144,  -0.06800,   0.01569,  -0.04175,   0.00913,  -0.00892,  -0.05980,  -0.09098,  -0.00072,  -0.02533,  -0.01221,  -0.04831,  -0.02533,  -0.09754,  -0.02698,   0.05836,   0.02062,   0.00420,   0.03046,  -0.00728,  -0.02533,   0.00913,  -0.00072,  -0.01056,  -0.02533,  -0.00728,  -0.06636,   0.00913,   0.00256,   0.03703,  -0.09590,  -0.01877,   0.00585,  -0.03026,  -0.00728,  -0.03682,  -0.00564,  -0.07457,   0.00256,   0.02882,  -0.04831,   0.02882,   0.01405,   0.00913,  -0.03026,  -0.00892,   0.08954,  -0.04831,  -0.00400,  -0.00892,   0.04851,   0.04031,  -0.05980,  -0.00564,  -0.03190,   0.03210,   0.05672,  -0.03026,   0.03539,  -0.00728,  -0.01221,  -0.03026,  -0.01385,  -0.04010,  -0.04503,   0.00092,   0.01569,  -0.03518,   0.15026,  -0.01549,  -0.09754,   0.04195,  -0.04831,  -0.05159,   0.03374,  -0.01877,   0.01241,  -0.04339,  -0.01877,   0.00585,  -0.04339,   0.06985,   0.06492,   0.02554,  -0.05159,  -0.03682,   0.02062,  -0.00236,  -0.01877,  -0.04010,   0.03046,  -0.00564,  -0.00564,   0.01241,   0.01241,  -0.06964,  -0.00072,   0.03046,   0.04523,   0.06821,   0.01733,  -0.03682,   0.05180,   0.03867,  -0.04175,  -0.02205,   0.01569,  -0.03026,   0.04851,   0.05016,   0.02226,  -0.03026,  -0.01056,  -0.03026,   0.04195,   0.04195,   0.03210,  -0.01877,   0.01405,   0.00420,   0.00420,  -0.09426,  -0.00400,  -0.09262,  -0.04175,  -0.07621,  -0.06800,   0.03210,   0.02226,  -0.00728,   0.04359,   0.02062,  -0.06800,  -0.05980,   0.01405,   0.04687,  -0.03682,  -0.00564,   0.01077,  -0.04339,   0.01733,   0.06985,   0.06657,   0.01077,  -0.01056,  -0.01549,   0.01569,   0.05508,   0.02062,  -0.06308,  -0.04010,   0.05508,  -0.04667,  -0.01713,   0.00913,  -0.00400,   0.08462,   0.00749,  -0.00400,  -0.00564,  -0.01713,   0.00092,   0.02882,  -0.08770,   0.02882,   0.01569,  -0.04010,  -0.00400,  -0.01713,  -0.00892,   0.01077,   0.01733,  -0.03682,   0.00585,  -0.02205,   0.03374,  -0.00072,   0.04031,  -0.04667,   0.02062,  -0.00072,  -0.00072,   0.03539,   0.05344,   0.02226,  -0.05159,   0.02554,   0.02226,   0.00092,  -0.01056,   0.02062,  -0.01221,   0.02062,  -0.03682,  -0.06308,  -0.03846,   0.01733,  -0.01549,   0.00256,   0.00256,   0.04195,   0.01733,  -0.10082,  -0.02369,   0.03374,  -0.01221,   0.02718,   0.03703,   0.00092,   0.00585,   0.15190,   0.00749,  -0.00892,   0.02226,   0.02554,   0.03374,   0.00420,  -0.05159,   0.05836,  -0.00400,  -0.03682,   0.04523,  -0.01877,   0.01569,  -0.00564,   0.00913,   0.03867,   0.05180,   0.10267,  -0.01877,   0.02226,  -0.06472,  -0.01385,  -0.02205,   0.01077,  -0.01056,   0.00749,   0.06328
   0.04851,  -0.00236,   0.00256,  -0.02205,   0.01569,   0.02062,   0.03703,  -0.10247,  -0.00400,   0.01077,  -0.11067,  -0.00072,  -0.01385,  -0.02205,   0.01405,   0.07805,   0.03046,  -0.00564,   0.03539,   0.03210,  -0.02041,   0.00092,  -0.04995,   0.02554,   0.03703,   0.06821,   0.06657,   0.07149,   0.06492,   0.05180,  -0.01385,   0.01077,   0.03046,   0.01569,  -0.02862,  -0.01056,  -0.02533,   0.03046,   0.06657,   0.00585,   0.04031,   0.03046,  -0.04503,  -0.02698,  -0.05980,  -0.04010,  -0.00564,   0.00420,   0.03374,   0.02554,   0.00092,  -0.09590,  -0.01877,  -0.06636,   0.07477,   0.01569,   0.00749,   0.07969,  -0.07621,   0.09282,   0.00092,  -0.04503,  -0.04175,   0.02718,  -0.03354,  -0.02205,   0.01405,  -0.01877,  -0.02698,  -0.02862,   0.01405,   0.02226,   0.05836,   0.00585,  -0.04995,   0.03703,  -0.06800,   0.01897,  -0.04339,  -0.02041,  -0.05323,  -0.05652,  -0.01221,   0.09611,  -0.04010,  -0.03026,   0.02882,  -0.02533,  -0.01385,  -0.00564,  -0.07129,   0.02554,  -0.05652,   0.05344,  -0.06472,  -0.03354,  -0.04503,   0.00420,  -0.00892,   0.05836,   0.01733,  -0.01056,  -0.01385,   0.05672,   0.05016,   0.00585,   0.04031,  -0.00728,  -0.00564,  -0.03518,  -0.03026,  -0.01221,   0.07805,  -0.03026,  -0.03682,  -0.00236,   0.03703,  -0.06964,  -0.02698,  -0.05652,  -0.04339,  -0.02205,  -0.00892,   0.01405,  -0.03354,  -0.01877,   0.01569,  -0.06472,   0.04359,  -0.01056,   0.01405,   0.00256,  -0.00236,  -0.09918,  -0.10247,   0.02882,  -0.03354,   0.03867,   0.02554,  -0.01385,  -0.02862,  -0.11231,  -0.07129,   0.00749,   0.02062,  -0.01056,   0.00092,   0.00913,  -0.01385,  -0.01549,  -0.01385,   0.05836,   0.01405,  -0.00072,   0.00420,   0.01405,  -0.05159,  -0.04667,   0.01733,   0.02718,   0.02718,   0.04523,   0.01077,  -0.02205,   0.05836,  -0.01877,   0.03374,   0.03539,   0.04523,  -0.01549,   0.09118,   0.00749,  -0.06800,  -0.09590,  -0.02205,   0.02718,  -0.03026,  -0.00400,   0.02226,  -0.06636,  -0.03682,   0.06000,   0.05016,  -0.02041,   0.05836,  -0.00728,   0.04359,  -0.04995,  -0.03682,  -0.09098,  -0.02698,  -0.04503,   0.03867,   0.00420,  -0.03190,  -0.04010,  -0.03682,   0.03703,  -0.00400,  -0.03026,   0.02062,   0.15847,  -0.00072,   0.00420,  -0.02205,   0.04195,   0.01077,   0.03539,   0.02882,  -0.05159,   0.02718,   0.01733,   0.01077,  -0.06800,  -0.02533,  -0.06964,   0.03210,   0.02554,  -0.06472,  -0.06800,  -0.00892,   0.00256,   0.12565,  -0.00728,   0.01733,  -0.06800,  -0.04503,  -0.03682,   0.07477,   0.06821,  -0.00564,   0.03867,   0.01733,  -0.00564,   0.07313,   0.00749,   0.02882,   0.01733,   0.03046,  -0.05487,  -0.07293,   0.02718,   0.05180,   0.03046,   0.00749,  -0.00236,   0.00256,  -0.01549,  -0.07949,   0.06821,   0.02062,   0.03867,   0.05016,   0.01569,   0.00092,   0.10103,  -0.02533,   0.04687,  -0.00236,  -0.01056,  -0.03190,   0.06821,  -0.01221,  -0.04667,  -0.04175,  -0.00236,   0.01405,  -0.00728,  -0.01385,  -0.03846,   0.04687,  -0.01877,   0.00420,   0.01897,   0.02226,  -0.09918,  -0.00564,  -0.00400,  -0.07949,   0.00913,  -0.02698,  -0.02862,  -0.05323,  -0.01713,  -0.00728,   0.05836,  -0.04503,  -0.05487,   0.08954,   0.01405,  -0.08934,  -0.01385,  -0.03846,  -0.01713,   0.00585,   0.02390,  -0.00892,  -0.01877,  -0.01056,  -0.00236,  -0.01056,  -0.08441,   0.01241,   0.02882,  -0.04503,   0.02882,  -0.00236,   0.01569,  -0.05652,   0.01077,  -0.07293,   0.06492,   0.01405,  -0.01549,  -0.03518,   0.08462,  -0.01221,  -0.00072,   0.05508,   0.02882,  -0.02862,   0.03867,   0.00420,   0.01077,  -0.00072,   0.02718,  -0.00564,  -0.01713,   0.01733,   0.01405,  -0.00236,   0.02390,  -0.02862,   0.11908,  -0.04339,  -0.02698,   0.07969,   0.02882,   0.00092,  -0.00728,  -0.07785,  -0.03518,   0.04031,   0.03539,  -0.01713,  -0.01385,  -0.04995,   0.02226,   0.02718,  -0.05487,  -0.02862,   0.02226,   0.03374,  -0.06472,   0.01241,  -0.01385,   0.00913,  -0.02041,  -0.00400,   0.06000,  -0.04995,   0.02062,  -0.00400,   0.06657,  -0.03682,   0.08626,  -0.01713,  -0.04175,   0.04195,  -0.01877,  -0.13036,  -0.00564,  -0.03190,  -0.02369,  -0.00072,   0.06492,   0.04031,   0.01077,  -0.09262,   0.01733,  -0.00564,   0.00256,   0.03539,  -0.02369,  -0.01549,  -0.01877,   0.05180,   0.04687,  -0.06636,   0.04523,  -0.02698,  -0.07457,   0.09118,  -0.00564,  -0.02205,  -0.01385,  -0.00564,   0.00749,  -0.04995,  -0.03354,   0.06985,   0.00913,   0.03374,  -0.06144,  -0.02369,  -0.04339,  -0.11231,   0.06821,  -0.03190,   0.03210,  -0.02205,  -0.00892,  -0.07949,  -0.04667,  -0.08441,  -0.04503,  -0.00236,   0.04195,   0.02390,   0.04851,   0.12236,  -0.01549,   0.04687,  -0.03518,  -0.09098,  -0.01056,   0.04687,  -0.02698,  -0.00728,   0.02226,   0.01241,  -0.03682,  -0.01056,   0.02226,   0.06821,  -0.02369,  -0.07949,  -0.03846,   0.00092,   0.03046,   0.00256,  -0.02205,   0.02718,  -0.04175,  -0.02533,   0.03703,  -0.03518,  -0.02698,   0.03046,   0.01733,  -0.02041,  -0.00728,   0.02226,   0.01733,   0.02882,  -0.04667,  -0.07293,  -0.04010,  -0.04503,  -0.01221,  -0.03026,  -0.01713,  -0.02041,  -0.06964,   0.02226,   0.02226,  -0.06636,   0.00256,  -0.02369,  -0.03682,  -0.00892,   0.05180,   0.08626,   0.04687,   0.02390,   0.02554,   0.00585,  -0.00072,   0.04359,  -0.05487,  -0.03026,   0.01569,  -0.05980,  -0.01385,   0.05508,  -0.00892,  -0.06308,  -0.08770,   0.01077,   0.02226,   0.00420,  -0.08934,   0.01733,  -0.02862,  -0.03026,   0.06000,   0.01569,  -0.05159,  -0.01877,   0.06164,   0.04195,  -0.02533,   0.00420,   0.02226,   0.05344,   0.04851,   0.02882,  -0.02369,   0.01897,  -0.03190,   0.05016,  -0.06472,  -0.02533,   0.07313,  -0.00236,  -0.00564,   0.00256,  -0.03682,   0.02226,   0.02062,   0.00092,  -0.03846,   0.08134,  -0.02533,   0.01569,   0.01897,   0.02718,   0.06492,   0.07641,  -0.03518,  -0.03354,   0.00256,  -0.06144,  -0.00236,   0.00092,   0.00585,   0.00585,   0.01569,  -0.07129,   0.03046,   0.06164,   0.02062,   0.03046,  -0.01713,  -0.01549,   0.04031,  -0.01713,  -0.03518,   0.04031,   0.02718,  -0.06964,  -0.04010,  -0.04995,   0.00092,  -0.01056,  -0.05323,   0.01241,   0.03703,   0.04195,  -0.06144,   0.05016,   0.03046,  -0.03682,  -0.02862,   0.01077,   0.00749,   0.02062,   0.03046,  -0.03518,  -0.07457,   0.01897,  -0.04339,   0.01077,  -0.01056,   0.03867,  -0.03026,  -0.01877,   0.02062,   0.07477,   0.02226,   0.05836,  -0.03518,  -0.00236,  -0.06144,   0.01733,   0.03210,   0.11088,  -0.04831,   0.01569,  -0.01056,   0.00092,  -0.01221,   0.05508,   0.04359,   0.03374,   0.00420,   0.06000,  -0.04995,   0.03539,   0.01569,   0.00092,   0.04031,   0.02882,   0.05016,   0.02882,   0.00749,   0.04359,   0.05672,  -0.01221,  -0.00400,  -0.07293,   0.03539,   0.02882,   0.02390,   0.00585,  -0.02862,   0.00585,   0.09775,  -0.04010,  -0.02862,  -0.02369,   0.09611,   0.03210,   0.03539,  -0.02041,  -0.04995,  -0.05323,  -0.04339,  -0.01385,   0.07313,   0.03210,  -0.05980,  -0.03026,   0.00256,   0.06328,  -0.03026,   0.01897,   0.01897,   0.02226,  -0.03846,  -0.01713,  -0.04503,  -0.02041,  -0.12544,  -0.10739,  -0.05323,  -0.02205,  -0.03190,  -0.06144,   0.02390,  -0.00236,   0.06000,   0.05180,   0.02554,   0.02390,   0.02390,  -0.05487,  -0.07621,   0.03867,  -0.02862,  -0.03026,   0.01077,  -0.07949,   0.03046,   0.03046,  -0.00400,   0.00420,   0.02882,   0.01405,  -0.02041,   0.01241,  -0.03518,  -0.05816,  -0.03518,   0.00256,  -0.02698,   0.02718,  -0.07621,   0.03374,  -0.06472,   0.05836,  -0.02205,   0.02554,  -0.01056,  -0.01877,   0.02062,   0.03374,  -0.05487,  -0.01877,  -0.11231,   0.05508,   0.00420,  -0.01549,   0.03210,  -0.04175,  -0.01877,   0.03867,  -0.01549,   0.01897,   0.06985,   0.01733,   0.00420,  -0.02369,  -0.05159,   0.01241,   0.03539,  -0.11559,  -0.03518,  -0.05652,  -0.00072,   0.02226,  -0.04010,  -0.04010,  -0.01056,  -0.03846,  -0.02041,  -0.03518,  -0.02041,   0.02226,  -0.03846,   0.01405,   0.00420,   0.00092,   0.02554,  -0.04995,   0.03703,  -0.00400,  -0.03846,  -0.01056,  -0.09590,  -0.01385,   0.04851,  -0.03518,   0.01077,   0.04687,   0.00092,  -0.00892,   0.00420,  -0.02369,  -0.00564,   0.02882,  -0.00072,   0.02226,  -0.10739,   0.02226,  -0.02205,  -0.00728,  -0.00564,   0.05508,   0.01733,   0.10103,  -0.07457,   0.00585,  -0.02205,  -0.07949,  -0.00400,   0.01405,  -0.01877,   0.03703,   0.00749,  -0.01713,  -0.01056,   0.01569,  -0.02533,  -0.01221,  -0.03354,   0.06657,   0.00585,   0.02718,   0.02718,  -0.03026,   0.04359,   0.05180,  -0.02698,   0.04031,   0.02882,  -0.03846,   0.03867,   0.00420,   0.00749,  -0.10247,   0.06821,   0.01077,   0.01405,  -0.00072,   0.00092,   0.01241,  -0.08770,   0.00585,   0.03374,   0.06000,   0.02882,   0.01733,  -0.05323,  -0.04503,   0.06328,  -0.01056,   0.03539,  -0.03026,  -0.04010,   0.03539,   0.00585,   0.01569,  -0.01056,  -0.04339,   0.08134,   0.02390,  -0.05487,   0.00913,  -0.05652,  -0.00072,  -0.05159,  -0.02698,  -0.03026,  -0.08277,  -0.04667,   0.05344,  -0.01056,   0.02882,   0.00256,  -0.15170,   0.04523,  -0.08441,   0.01241,   0.00749,  -0.05323,  -0.03354,   0.08298,  -0.01877,   0.03374,  -0.03354,   0.00749,  -0.00072,  -0.04010,  -0.03518,  -0.01056,  -0.03846,  -0.01221,  -0.02205,  -0.03026,   0.08298,  -0.05652,   0.03046,   0.01241,   0.00749,  -0.04010,   0.02882,   0.03374,   0.03703,   0.02062,  -0.00072,  -0.00400,   0.06821,   0.01569,   0.04851,   0.01897,   0.07149,   0.01569,   0.01897,   0.00913,  -0.01713,   0.02882,   0.04687,  -0.07785,  -0.02041,  -0.04995,  -0.02862,   0.08626,   0.03046,  -0.04175,  -0.02205,  -0.06472,  -0.09098,  -0.10247,  -0.03190,   0.03210,   0.02882,  -0.04995,  -0.03354,  -0.00564,  -0.00564,  -0.05652,   0.03703,  -0.00072,  -0.05980,  -0.04667,   0.00913,  -0.09262,   0.00420,  -0.09590,  -0.03846,  -0.02862,   0.01569,  -0.02205,   0.05508,   0.07969,   0.03210,  -0.03190,  -0.05159,   0.07313,   0.09446,  -0.02369,   0.00749,   0.02062,  -0.04667,   0.01569,   0.02390,  -0.02041,   0.02718,  -0.02369,  -0.00564,   0.02554,   0.06328,  -0.03354,   0.04523,   0.01897,   0.05836,  -0.12872,  -0.00236,  -0.01385,  -0.01877,   0.11416,   0.00420,   0.00420,  -0.07457,   0.04851,   0.04359,   0.07969,  -0.02533,  -0.04010,  -0.01713,  -0.02533,   0.04031,   0.03210,  -0.02205,   0.06657,   0.06985,   0.00256,   0.06000,  -0.03518,   0.09775,   0.00092,   0.04359,   0.01569,  -0.04667,   0.08954,  -0.04831,  -0.02698,  -0.01549,  -0.03846,  -0.01056,  -0.02041,  -0.03682,   0.04031,  -0.06636,   0.07641,   0.01733,   0.03539,   0.05016,  -0.00564,  -0.04175,   0.00256,   0.06328,   0.00585,  -0.01713,  -0.02041,   0.07477,   0.05672,   0.05180,   0.04031,   0.08954,   0.04359,   0.05344,  -0.04667,  -0.04010,  -0.00072,  -0.04995,  -0.07457,  -0.01713,   0.03374,   0.02718,   0.01241,  -0.00564,   0.06492,  -0.00892,   0.00420,   0.09775,   0.01897,   0.01077,   0.05344,   0.04523,   0.05344,   0.03046,  -0.05816,  -0.00236,   0.01897,  -0.01221,  -0.02862,  -0.05816,   0.01569,  -0.03354,  -0.01385,   0.04195,   0.03210,   0.02718,   0.00585,  -0.03846,   0.03539,  -0.05487,   0.11088,   0.00913,   0.04195,  -0.06144,  -0.02533,   0.00913,   0.01405,  -0.00236,   0.01405,   0.07969,  -0.07621,  -0.01549,   0.01241,   0.00749,  -0.01877
   0.00585,   0.06164,   0.00749,  -0.10739,   0.06164,   0.00420,   0.01077,  -0.05487,   0.02390,  -0.01385,  -0.01385,  -0.01877,  -0.04010,  -0.02533,   0.00749,  -0.01877,   0.06821,  -0.02041,  -0.00400,  -0.03518,   0.04359,  -0.01385,  -0.01877,  -0.03518,   0.01733,   0.02226,   0.01897,  -0.06964,   0.07805,  -0.00072,  -0.11888,  -0.00892,  -0.02533,  -0.00564,   0.01077,   0.03539,  -0.00892,   0.01733,   0.04687,  -0.03190,   0.00585,  -0.01385,   0.02062,   0.02554,  -0.04831,  -0.01877,  -0.06964,  -0.10575,  -0.05652,   0.03539,  -0.03682,   0.03539,  -0.04010,  -0.00236,  -0.05323,   0.07641,   0.06985,  -0.05487,   0.04031,  -0.06636,  -0.03682,  -0.05323,   0.04687,  -0.00564,  -0.07457,  -0.02205,   0.03374,   0.01733,   0.01733,   0.00585,   0.00256,   0.07477,  -0.02041,   0.01569,  -0.10247,  -0.00728,   0.06164,  -0.02205,  -0.02533,   0.12236,   0.00256,   0.06657,   0.00749,   0.00092,  -0.08277,  -0.09098,   0.01569,   0.00749,   0.00092,   0.04031,   0.00256,   0.06164,  -0.01385,  -0.01549,  -0.03682,  -0.01877,   0.02718,   0.01077,   0.03210,  -0.02041,   0.00420,  -0.00400,  -0.01877,  -0.03846,  -0.01056,   0.04195,  -0.04667,  -0.00236,   0.01405,  -0.06472,  -0.05652,  -0.04010,   0.10923,   0.02554,  -0.01056,  -0.03518,   0.04195,  -0.07457,  -0.04010,   0.03539,   0.03046,  -0.02533,   0.04523,   0.00913,   0.02062,  -0.11888,  -0.05159,   0.14862,   0.01241,  -0.01877,  -0.00400,  -0.09918,   0.07969,  -0.03682,  -0.03518,  -0.01221,  -0.04667,  -0.08605,  -0.01385,  -0.04995,   0.02554,   0.05180,  -0.01221,   0.01897,   0.03539,  -0.10247,  -0.06472,  -0.01056,  -0.00400,   0.06821,   0.01897,   0.02390,  -0.05980,   0.01733,   0.07149,  -0.01877,  -0.00072,  -0.01056,  -0.01877,   0.05836,  -0.03354,  -0.02205,  -0.04831,  -0.03518,   0.04523,  -0.00400,  -0.00728,   0.00256,   0.01897,   0.04687,   0.01569,  -0.02041,  -0.03026,   0.02718,  -0.04831,  -0.01221,   0.00585,  -0.03682,   0.09939,   0.01733,   0.09939,   0.04359,   0.02554,   0.01897,   0.03703,   0.04687,   0.01077,  -0.02041,  -0.00072,   0.03210,  -0.00892,   0.02554,  -0.00728,  -0.03846,   0.03539,   0.09611,  -0.02205,  -0.00564,  -0.01549,   0.01733,  -0.05816,   0.04523,  -0.04667,   0.06164,  -0.04339,   0.00092,  -0.06308,   0.02390,  -0.00728,   0.03867,   0.02226,   0.09282,  -0.00236,  -0.01549,   0.05508,  -0.00564,   0.02554,   0.01897,   0.05016,   0.00256,  -0.01056,  -0.01385,  -0.03190,  -0.00892,   0.03210,   0.02554,  -0.01877,  -0.00892,  -0.01385,  -0.04339,   0.05672,   0.01569,   0.01405,  -0.00564,  -0.00564,  -0.03354,   0.01897,  -0.06308,   0.01733,  -0.01713,   0.06328,   0.05180,   0.07641,  -0.04831,  -0.02698,   0.03046,  -0.05323,  -0.01713,  -0.03354,   0.06821,   0.01405,   0.03046,  -0.03026,  -0.00728,   0.00749,   0.06657,  -0.01713,   0.02554,   0.01405,  -0.03518,   0.00585,  -0.02533,  -0.00892,   0.03210,  -0.03354,   0.00092,   0.01241,  -0.02698,   0.05016,   0.00913,  -0.04175,   0.07805,  -0.00236,  -0.02533,   0.00256,  -0.07129,   0.02390,   0.02718,   0.01569,   0.08790,  -0.00400,   0.05672,   0.03867,   0.06000,   0.06328,   0.05344,  -0.01385,  -0.04339,   0.07805,  -0.01385,  -0.12052,   0.04523,  -0.00072,  -0.00728,  -0.05652,  -0.01385,  -0.00892,  -0.00072,   0.00749,  -0.00892,  -0.00400,   0.02226,  -0.05816,  -0.07129,   0.01241,   0.01897,   0.04851,   0.07313,   0.03046,   0.07313,  -0.07293,  -0.04010,  -0.01221,   0.01569,   0.00749,   0.00585,   0.00092,  -0.01056,  -0.02041,  -0.00236,  -0.04175,  -0.01056,  -0.03518,   0.03210,  -0.02533,  -0.05487,  -0.00892,   0.01405,  -0.05159,   0.03374,   0.04851,   0.01733,  -0.03846,  -0.05323,   0.01569,   0.02062,   0.02062,  -0.00564,  -0.00236,   0.05180,   0.07477,  -0.00564,  -0.04503,   0.00749,  -0.01877,   0.06492,  -0.02369,   0.00092,   0.00585,  -0.01877,  -0.00236,  -0.04339,   0.03046,  -0.04503,  -0.01713,  -0.03682,   0.05836,  -0.00728,   0.01569,   0.06985,  -0.09754,   0.04195,  -0.05159,  -0.01385,  -0.00072,  -0.00072,   0.03867,  -0.03026,   0.03374,  -0.01877,   0.04687,   0.08790,  -0.02041,   0.00092,   0.07477,   0.01897,   0.01077,   0.07969,  -0.00564,  -0.03682,   0.02390,  -0.03354,   0.00092,  -0.08441,   0.03210,  -0.00072,   0.06657,   0.00420,  -0.06308,   0.02554,   0.01569,   0.02554,   0.00585,  -0.03190,  -0.04175,  -0.01056,   0.02554,   0.07477,   0.07477,  -0.04831,  -0.00236,  -0.03190,   0.06164,   0.00913,  -0.00564,   0.02882,   0.00585,   0.05672,  -0.00072,   0.05344,  -0.03354,  -0.03190,  -0.06308,  -0.02862,  -0.03354,   0.02390,  -0.03354,   0.02554,  -0.12708,  -0.01877,  -0.00236,   0.03210,  -0.01056,  -0.01877,   0.01241,   0.03703,  -0.02369,   0.02554,   0.04523,   0.06985,  -0.00564,   0.02554,   0.07969,   0.05508,  -0.06800,  -0.05980,   0.02882,   0.01077,  -0.03190,  -0.00400,  -0.01221,   0.07805,  -0.02862,  -0.01221,   0.01897,   0.01077,   0.01241,  -0.00564,   0.03867,  -0.02862,   0.02718,   0.06328,   0.00913,  -0.03682,   0.08134,  -0.05159,  -0.05816,  -0.04667,  -0.01221,   0.00749,  -0.02698,  -0.01385,   0.01733,   0.04359,  -0.08934,   0.03210,  -0.02533,  -0.01713,  -0.07621,   0.03539,  -0.02205,  -0.01713,  -0.00072,  -0.05652,  -0.01877,   0.02226,  -0.01221,  -0.05980,   0.06492,   0.03046,  -0.04339,  -0.03190,  -0.09754,  -0.01549,  -0.05323,   0.03374,  -0.02041,  -0.04503,   0.00256,  -0.01056,   0.00585,   0.00256,  -0.01221,  -0.01385,   0.02226,   0.01569,   0.00913,   0.03374,  -0.00400,  -0.04010,   0.04359,   0.03210,   0.02390,  -0.06472,  -0.00072,  -0.04667,  -0.03518,  -0.01056,   0.02390,   0.01405,   0.04687,  -0.12380,  -0.02205,  -0.00236,  -0.04339,  -0.00892,   0.05016,   0.01077,   0.00913,  -0.05652,  -0.04995,   0.05836,   0.07149,  -0.05487,   0.05180,  -0.07457,  -0.02369,  -0.08113,   0.00420,   0.01733,  -0.02698,  -0.02698,   0.02226,  -0.01713,   0.03703,   0.02062,   0.04195,  -0.00072,  -0.01549,   0.02226,   0.00420,   0.01569,   0.01897,   0.01569,  -0.01549,   0.02882,  -0.00236,  -0.04503,  -0.00236,  -0.00236,   0.01897,   0.04031,   0.00913,   0.06328,   0.00913,  -0.00892,   0.01569,  -0.03354,   0.03867,   0.02882,  -0.07457,  -0.02041,  -0.05980,   0.01897,   0.02882,   0.03046,   0.07313,  -0.03190,  -0.00564,  -0.03846,   0.00749,  -0.07949,   0.03703,   0.06328,  -0.01549,  -0.02698,   0.00913,   0.02062,  -0.03354,  -0.10739,   0.00420,  -0.04831,  -0.01549,  -0.05159,  -0.00400,   0.04687,   0.04195,  -0.00728,   0.04687,  -0.07949,  -0.01549,  -0.01713,  -0.01549,   0.02718,  -0.03846,  -0.04995,  -0.06144,  -0.03026,  -0.01221,  -0.01713,   0.07149,   0.06000,  -0.02369,   0.01077,  -0.01221,  -0.08605,   0.05836,  -0.01713,   0.03046,   0.04523,  -0.05159,  -0.01221,   0.05180,  -0.00400,   0.05836,   0.04195,  -0.00892,   0.02882,  -0.10739,  -0.02205,   0.00092,  -0.09098,   0.01077,   0.02554,  -0.02369,   0.05180,  -0.02041,  -0.00072,   0.01077,  -0.06472,   0.02882,  -0.00400,   0.02390,  -0.06800,   0.00749,   0.08790,  -0.00728,   0.00092,  -0.04667,   0.07969,   0.00420,   0.03867,  -0.04339,  -0.01713,   0.01405,   0.00256,   0.05836,   0.06821,  -0.02205,  -0.01221,  -0.00072,   0.02554,  -0.06144,  -0.01385,  -0.02041,   0.02718,  -0.00564,  -0.01549,  -0.09590,   0.03867,   0.10267,   0.01569,   0.00256,   0.01241,   0.03046,   0.02718,   0.01077,  -0.01713,   0.03703,  -0.01877,  -0.00728,  -0.04667,  -0.00400,   0.02718,  -0.01221,  -0.04995,  -0.03026,  -0.01549,  -0.05159,  -0.03190,   0.02390,   0.09118,   0.00092,   0.04195,  -0.00072,  -0.06472,  -0.05652,   0.05836,   0.05016,  -0.05159,  -0.01549,   0.00585,  -0.03190,   0.00913,  -0.00728,   0.02554,   0.01405,   0.01569,   0.01241,  -0.05816,   0.03703,  -0.01056,   0.03867,   0.02390,  -0.05816,  -0.04339,   0.02062,  -0.01221,  -0.00564,  -0.04010,   0.04031,  -0.03354,   0.11416,  -0.00728,  -0.00236,  -0.00564,   0.00749,  -0.06308,   0.05672,  -0.01549,  -0.03026,  -0.07785,  -0.00892,  -0.05816,   0.02718,   0.02226,   0.08298,  -0.02533,   0.02390,  -0.06144,  -0.06800,   0.01733,   0.10923,  -0.00236,  -0.00400,  -0.05980,  -0.05487,   0.01569,  -0.01549,  -0.04831,  -0.02862,  -0.02533,  -0.07949,  -0.02205,   0.02062,  -0.03354,   0.02882,  -0.02369,  -0.03026,  -0.01221,   0.02718,  -0.03354,  -0.02205,   0.06000,   0.02226,  -0.03518,  -0.03354,   0.11088,  -0.01713,  -0.04339,   0.01077,   0.01241,   0.01077,   0.02718,   0.01569,  -0.01385,   0.01733,   0.03210,   0.01077,   0.00913,   0.00585,  -0.00072,  -0.00892,  -0.06964,   0.00420,   0.04687,  -0.03354,   0.08134,   0.00256,   0.04687,   0.03210,   0.00092,   0.00092,  -0.01056,  -0.01877,  -0.01385,  -0.02698,  -0.02533,   0.01405,   0.00749,  -0.05652,  -0.08441,  -0.01221,   0.00420,  -0.02698,   0.04851,  -0.02369,   0.03539,  -0.01056,   0.00749,   0.00749,  -0.01549,  -0.01713,   0.05344,   0.05672,  -0.05816,   0.02062,  -0.03190,   0.05016,   0.00749,   0.03374,   0.03046,  -0.01056,  -0.02369,  -0.00728,   0.04851,   0.07641,  -0.05980,  -0.05487,   0.00420,   0.00585,  -0.00892,   0.01897,   0.05180,  -0.07129,   0.00585,   0.00092,   0.02390,  -0.01877,   0.04687,  -0.08770,  -0.06964,  -0.02205,  -0.04995,  -0.11724,   0.02390,   0.07477,   0.02554,  -0.02533,   0.00749,   0.01569,   0.01897,  -0.09098,  -0.02205,  -0.05816,   0.03046,   0.01897,  -0.08113,   0.01405,   0.05016,   0.04195,   0.05836,  -0.05159,  -0.02205,   0.02390,   0.01897,   0.05344,  -0.00236,  -0.03846,  -0.00236,   0.00585,  -0.06308,   0.02882,   0.03867,   0.01405,  -0.01549,  -0.06964,  -0.06636,   0.06821,   0.05508,  -0.00400,  -0.02862,  -0.09262,  -0.04339,  -0.07293,  -0.01549,  -0.07293,  -0.01877,   0.03210,  -0.00072,  -0.07621,   0.04359,  -0.01221,   0.02554,   0.03046,  -0.13036,  -0.02862,   0.00749,  -0.00728,   0.03374,  -0.02698,   0.05180,   0.03046,   0.05016,   0.00749,   0.01569,   0.00420,  -0.00728,  -0.00400,  -0.01549,  -0.00072,  -0.05980,  -0.00072,  -0.03026,   0.00092,  -0.01549,  -0.04175,   0.01241,   0.01569,  -0.06308,   0.00256,  -0.02698,   0.01897,  -0.04995,   0.01733,  -0.03846,  -0.03518,   0.04851,   0.04359,  -0.01877,  -0.01385,   0.02226,  -0.00892,  -0.08441,  -0.05816,  -0.06308,  -0.00564,   0.07149,   0.00913,  -0.03190,  -0.09098,   0.06000,   0.02882,  -0.01385,  -0.07785,   0.02554,   0.04851,   0.01077,   0.06821,   0.09611,   0.02718,  -0.03190,   0.01241,   0.01241,   0.03046,  -0.00236,  -0.01549,  -0.06144,  -0.05652,   0.00092,   0.01733,   0.03867,   0.02882,   0.01897,  -0.02041,   0.08462,  -0.01713,  -0.02369,   0.03539,  -0.02533,  -0.04175,   0.00913,  -0.01056,  -0.00072,   0.11908,   0.03046,  -0.01877,   0.04195,   0.01733,   0.03210,   0.08134,   0.01241,   0.00092,   0.02882,  -0.05980,  -0.08277,   0.00256,  -0.03190,   0.00256,  -0.00728,  -0.00072,  -0.03518,   0.02718,  -0.02698,  -0.00072,  -0.04667,  -0.06636,  -0.04503,  -0.00728,   0.02882,  -0.00072,   0.00092,  -0.07785,   0.02226,  -0.10903,   0.01241,   0.07149,  -0.02533,  -0.03026,   0.03374,   0.05508,  -0.04831,   0.01569,  -0.07785,   0.07313,  -0.03518,  -0.01385,  -0.01713,  -0.03354,  -0.00072,   0.09282,  -0.02041,   0.01405,   0.02718,  -0.01549,  -0.00072,  -0.01056,   0.02390,  -0.06800,  -0.01385,   0.03046,   0.02882,  -0.00072,   0.04851
  -0.04995,  -0.10247,   0.03210,  -0.05487,   0.02062,   0.00420,  -0.02698,  -0.05323,  -0.01549,   0.04359,   0.02718,  -0.02698,   0.00585,   0.03046,   0.05180,   0.03046,  -0.03682,  -0.02369,  -0.01385,  -0.00236,   0.08134,  -0.02205,   0.03539,   0.06000,  -0.02369,   0.05344,  -0.00892,   0.01405,   0.00256,  -0.00400,  -0.03682,  -0.01713,   0.00585,   0.02390,   0.05180,   0.03867,  -0.02041,   0.05508,  -0.04831,   0.02882,   0.03539,   0.02226,   0.06492,   0.00092,   0.01569,   0.05508,  -0.03354,   0.07805,  -0.03026,  -0.07785,  -0.03682,  -0.03518,   0.04523,  -0.00728,   0.02226,   0.06000,  -0.00892,   0.00092,  -0.04339,  -0.00564,  -0.00728,   0.01077,   0.00092,  -0.02041,  -0.05816,  -0.04175,  -0.05652,   0.00585,   0.00420,  -0.02205,  -0.04503,  -0.02205,   0.00913,   0.03703,  -0.05323,  -0.09590,  -0.04339,  -0.02698,  -0.05323,   0.00749,  -0.08934,  -0.02698,   0.00749,  -0.06964,  -0.02698,   0.00913,   0.03046,   0.00749,  -0.01549,  -0.03518,   0.07641,   0.02718,  -0.02041,   0.01405,   0.04851,  -0.03190,   0.00585,  -0.04667,  -0.01221,  -0.04010,  -0.05816,   0.01241,  -0.00400,   0.00256,  -0.00564,   0.04523,  -0.02862,   0.03539,   0.04195,  -0.02041,   0.13549,   0.04851,  -0.03026,  -0.05323,   0.00913,   0.04523,  -0.00728,  -0.05487,   0.06164,  -0.02369,   0.04031,   0.00585,   0.06492,  -0.00892,  -0.08770,  -0.00236,  -0.00892,  -0.00236,   0.02554,  -0.04503,  -0.03518,  -0.01877,   0.07969,   0.04031,   0.02554,   0.00585,   0.02226,   0.00256,  -0.03846,   0.02062,  -0.04667,   0.01077,  -0.05323,  -0.03354,   0.05672,  -0.04175,  -0.04010,   0.00092,   0.03867,   0.05836,  -0.07293,  -0.06964,  -0.01056,   0.00420,   0.03867,  -0.01877,  -0.10247,  -0.01221,   0.01897,  -0.04995,   0.02882,  -0.04831,  -0.04831,   0.03703,  -0.04831,  -0.00072,  -0.02369,  -0.01221,  -0.04339,   0.03046,  -0.09590,   0.01733,   0.00092,   0.00585,   0.00913,   0.05016,   0.06328,  -0.00236,  -0.04667,   0.00420,   0.01077,   0.01241,  -0.02205,   0.00256,   0.00585,   0.03539,  -0.02533,   0.03703,   0.02554,  -0.02205,  -0.08934,   0.00256,  -0.05323,  -0.01056,   0.03703,  -0.00564,   0.06000,  -0.01877,  -0.01877,   0.04523,  -0.04831,  -0.01056,   0.00256,  -0.01056,   0.02718,  -0.00892,   0.02882,   0.02390,  -0.04831,   0.06328,  -0.03026,   0.03210,  -0.02533,   0.00913,   0.04851,  -0.00400,   0.03374,  -0.04995,  -0.01056,  -0.08934,   0.03703,   0.02390,   0.01897,  -0.09262,  -0.00892,   0.02390,  -0.02041,  -0.00892,  -0.07293,   0.01733,   0.06164,  -0.03190,   0.04359,  -0.04339,  -0.01221,   0.00913,  -0.06800,  -0.03518,  -0.05652,   0.06000,   0.02882,  -0.00072,  -0.02041,  -0.06964,  -0.04995,   0.02882,  -0.05159,   0.01733,  -0.06636,  -0.03190,  -0.02369,   0.00420,  -0.03518,   0.02062,   0.03210,  -0.08605,  -0.03354,  -0.00892,   0.02882,   0.08790,  -0.03518,  -0.05980,   0.00256,  -0.00892,   0.01569,  -0.01056,   0.02390,   0.04031,   0.07641,   0.02390,   0.05508,   0.07805,  -0.03518,   0.03703,   0.10595,  -0.01385,   0.06985,   0.00256,   0.04031,  -0.06800,  -0.06472,   0.06164,  -0.02205,   0.04851,   0.06164,  -0.01385,  -0.07293,  -0.00236,  -0.10903,  -0.03354,   0.04359,   0.05508,  -0.05980,  -0.02698,   0.08298,  -0.04503,  -0.02862,   0.05508,  -0.03682,   0.02226,  -0.05159,   0.02554,  -0.04175,  -0.00072,  -0.02369,   0.01733,  -0.06964,  -0.08113,   0.03210,   0.11252,   0.01897,  -0.02041,  -0.01549,   0.04031,   0.01733,   0.01897,  -0.00728,  -0.04339,   0.03374,   0.03867,  -0.00564,   0.09282,   0.04359,   0.01897,   0.03046,   0.00585,  -0.07129,   0.00913,  -0.00236,   0.04359,  -0.00564,  -0.09918,  -0.01713,  -0.02533,  -0.05487,   0.00256,   0.00092,   0.03374,  -0.07949,  -0.03846,   0.00420,  -0.00236,   0.02554,  -0.04175,  -0.00892,   0.07805,  -0.06964,   0.06328,   0.01405,   0.00256,   0.00420,   0.03703,  -0.04831,   0.05508,  -0.04995,  -0.01221,   0.02226,   0.01405,  -0.02698,   0.08462,   0.01897,  -0.07129,  -0.00564,  -0.04010,   0.03210,  -0.01385,   0.09446,  -0.01713,   0.00420,  -0.07129,  -0.06144,   0.00092,   0.03374,  -0.03190,   0.05016,   0.01405,   0.03046,   0.02390,  -0.01385,  -0.04831,   0.04195,   0.08134,  -0.06800,   0.01569,   0.06985,  -0.03354,  -0.01549,  -0.02205,  -0.04339,   0.03046,  -0.03026,  -0.02533,  -0.07457,   0.02882,  -0.02041,   0.00585,   0.00420,   0.00092,  -0.03354,  -0.04995,   0.01077,   0.01077,  -0.03190,   0.01077,  -0.00728,  -0.01221,  -0.02533,  -0.01385,  -0.03846,  -0.00728,  -0.00564,   0.01405,  -0.03518,   0.02062,   0.04687,   0.00913,  -0.04339,  -0.10903,   0.04359,  -0.09426,  -0.01713,   0.03867,  -0.03518,  -0.04995,   0.04359,  -0.01221,   0.00256,   0.00749,  -0.04503,  -0.06144,   0.00913,  -0.07785,  -0.08277,  -0.02041,   0.01241,  -0.06144,   0.04031,   0.03539,   0.01077,  -0.03518,  -0.03518,   0.01241,   0.03374,  -0.03518,   0.04851,   0.01733,  -0.01056,   0.02718,   0.00913,  -0.00892,  -0.04831,   0.02882,   0.03374,  -0.04010,  -0.00236,  -0.01056,  -0.02205,   0.04359,  -0.05487,   0.08626,  -0.02041,  -0.01385,  -0.05487,  -0.00072,   0.06821,  -0.01713,   0.01733,  -0.11724,   0.02882,   0.01241,   0.03374,  -0.01877,   0.05016,   0.03539,  -0.02533,  -0.01385,   0.02390,  -0.00564,  -0.03518,  -0.08277,   0.02062,   0.03703,  -0.03682,   0.07969,   0.00585,   0.00585,   0.02390,  -0.00564,   0.03539,   0.04687,   0.05836,  -0.02698,   0.06985,   0.04523,  -0.07785,  -0.06964,   0.00256,   0.00092,  -0.00564,   0.05016,  -0.00564,  -0.06472,   0.00256,  -0.04831,  -0.05980,   0.01733,   0.04523,  -0.03354,  -0.04667,  -0.02369,   0.00749,   0.02554,   0.01077,   0.00256,  -0.00400,   0.04195,   0.01569,  -0.00236,  -0.01549,   0.02390,  -0.05816,   0.04523,  -0.03026,  -0.01385,  -0.00236,   0.04851,   0.01077,  -0.09754,   0.02226,  -0.05980,   0.03703,   0.12072,  -0.02369,   0.04523,  -0.06636,   0.02718,  -0.04339,   0.00913,  -0.08605,  -0.01221,   0.01241,  -0.04667,   0.09939,   0.01241,  -0.01385,   0.02390,   0.00913,  -0.01877,   0.04851,  -0.04995,  -0.00892,  -0.04995,  -0.03190,   0.05344,   0.02554,  -0.02041,  -0.01385,   0.04687,   0.00749,   0.02226,  -0.05159,  -0.00236,   0.01733,   0.00749,   0.00749,  -0.01221,  -0.03846,  -0.01385,   0.05016,  -0.05323,   0.03046,  -0.05159,   0.01897,  -0.05487,  -0.02369,   0.06492,  -0.07293,  -0.00728,  -0.00400,   0.00585,  -0.02698,   0.05180,  -0.02698,  -0.00728,   0.03046,  -0.00072,  -0.03190,   0.00256,  -0.06472,   0.02062,  -0.01549,  -0.00728,  -0.02533,  -0.04503,   0.00256,  -0.00728,   0.01897,  -0.00892,   0.00585,   0.00749,   0.00256,   0.01897,   0.03703,  -0.07949,   0.01241,  -0.01713,   0.02554,  -0.03190,  -0.01385,  -0.04831,   0.03374,  -0.03518,   0.02718,   0.02226,   0.02554,  -0.00400,  -0.00236,   0.05836,  -0.05323,  -0.02698,   0.00585,  -0.01549,  -0.07785,   0.00256,  -0.02698,   0.07149,  -0.05980,   0.08790,  -0.06964,  -0.01385,   0.00092,   0.03046,  -0.01221,  -0.02862,  -0.05980,  -0.01713,   0.02390,   0.00585,  -0.03682,   0.04523,   0.02882,   0.05836,   0.00585,   0.04195,   0.00913,   0.03539,   0.07313,  -0.01713,  -0.04667,  -0.01713,   0.01241,   0.04031,  -0.02041,   0.04851,   0.04523,   0.06000,  -0.03354,   0.02226,   0.00420,  -0.01056,  -0.05652,   0.07641,  -0.00892,   0.02554,  -0.03846,  -0.06144,  -0.08441,  -0.03354,   0.00749,   0.02226,   0.00420,  -0.05652,   0.00256,   0.02226,   0.01241,   0.02718,   0.03867,   0.00749,   0.05672,  -0.04995,  -0.05159,  -0.00728,  -0.04667,   0.09611,  -0.04503,  -0.01549,  -0.11067,   0.00749,  -0.00892,   0.04195,   0.07641,   0.03539,  -0.07129,   0.00749,  -0.07293,  -0.04339,  -0.04831,  -0.00728,   0.09611,   0.04031,   0.05672,   0.05344,   0.03046,  -0.06636,   0.06821,   0.02390,  -0.05816,   0.01897,   0.04031,   0.04523,   0.02390,  -0.04010,  -0.03354,  -0.09262,  -0.01549,   0.07477,   0.04195,   0.01077,   0.05344,  -0.01713,   0.06492,   0.06657,   0.03374,   0.04523,   0.02390,   0.03210,   0.02882,  -0.05816,  -0.06144,  -0.00236,   0.01405,   0.07805,  -0.01713,  -0.04667,  -0.02698,   0.08954,  -0.00236,  -0.03354,   0.03867,   0.04031,   0.03867,  -0.01056,  -0.07457,   0.00256,  -0.03190,  -0.05487,   0.03539,  -0.05487,  -0.04503,   0.01733,   0.03210,   0.01569,   0.00913,   0.06657,   0.00913,  -0.02205,  -0.07949,  -0.03846,   0.01405,  -0.00236,   0.01405,  -0.01221,   0.05180,  -0.02041,   0.03210,  -0.01877,   0.11908,  -0.02205,  -0.02698,  -0.00400,  -0.01713,  -0.01221,   0.01405,  -0.04503,  -0.02369,  -0.03190,   0.04851,   0.03046,  -0.07457,   0.03867,  -0.02698,   0.01241,   0.03703,   0.01241,  -0.05323,  -0.02862,  -0.02205,   0.01569,  -0.01877,   0.04195,  -0.00564,   0.04851,  -0.01713,  -0.03026,  -0.05980,  -0.00236,  -0.02041,   0.03374,   0.01733,  -0.04831,   0.02226,   0.00749,  -0.04831,  -0.04010,  -0.04339,   0.07313,   0.02226,  -0.01713,   0.03046,  -0.01221,   0.03374,  -0.01877,  -0.05980,   0.06000,   0.01897,   0.02554,   0.01077,  -0.02533,   0.05180,  -0.01221,  -0.00236,   0.02554,   0.00092,   0.02226,   0.00585,  -0.07949,   0.06164,   0.01733,   0.04851,  -0.03190,  -0.08441,  -0.00892,   0.02390,  -0.04995,  -0.04175,   0.02718,  -0.01713,   0.06000,  -0.03518,  -0.06144,  -0.03190,   0.02718,  -0.00400,  -0.04831,   0.03210,   0.00420,   0.00749,   0.05508,  -0.02041,   0.01897,   0.01569,   0.02882,   0.05344,   0.01241,  -0.04831,   0.04031,   0.05180,   0.00092,  -0.02205,   0.06492,  -0.01221,  -0.01877,  -0.08277,   0.00585,  -0.02862,  -0.01056,  -0.03682,  -0.04010,   0.06000,   0.02718,   0.01405,  -0.09426,   0.03374,   0.00585,   0.06328,  -0.04831,  -0.01056,   0.06000,  -0.00072,  -0.00236,  -0.05323,  -0.04339,  -0.02205,   0.00092,   0.03046,  -0.04831,  -0.00564,  -0.00892,  -0.02862,   0.06164,   0.05180,  -0.00236,   0.09282,  -0.03190,  -0.00564,   0.05016,   0.07641,   0.04523,   0.04031,  -0.00892,   0.02718,   0.00420,  -0.00236,   0.03046,   0.06657,   0.00092,   0.03867,  -0.00564,  -0.01385,   0.06328,   0.05016,   0.06328,  -0.06308,  -0.08770,  -0.00892,  -0.02041,   0.01241,   0.05344,  -0.01713,   0.02062,  -0.02533,  -0.00236,   0.01733,  -0.01549,  -0.01221,  -0.07457,  -0.03026,   0.06000,   0.06492,  -0.01056,   0.03867,  -0.00892,  -0.03190,  -0.04339,  -0.00728,  -0.04831,   0.09118,   0.02390,  -0.02369,  -0.03846,  -0.00892,   0.08790,  -0.03682,  -0.04175,   0.07149,   0.00585,  -0.00400,   0.01569,   0.01733,   0.02718,   0.01569,   0.04523,  -0.05323,   0.01733,  -0.01549,  -0.02041,   0.04687,  -0.05980,  -0.01713,  -0.04667,  -0.07621,   0.00092,  -0.00072,   0.02718,  -0.10903,   0.05180,  -0.03846,   0.00420,   0.02390,  -0.06636,  -0.05816,  -0.00892,   0.05508,  -0.01056,   0.00092,  -0.01056,   0.06328,  -0.05323,  -0.07129,   0.04195,   0.00092,   0.00585,  -0.03354,  -0.01549,   0.01405,   0.02718,   0.00420,   0.03867,  -0.00400,  -0.02533,  -0.03354,   0.00420,  -0.04175,  -0.02205,  -0.00072,  -0.02862,   0.10103,  -0.06964,   0.05016,  -0.03026,   0.08462,  -0.04339,   0.00749,   0.02718,   0.10103,   0.06328,  -0.02533,  -0.02698,  -0.01549,  -0.03026,   0.04359,  -0.09262,   0.03210,  -0.04667,   0.03539,  -0.04010,  -0.04010,  -0.04175,  -0.07949,  -0.04339,   0.05344,  -0.07949,  -0.07293,  -0.01713
   0.03046,  -0.05159,   0.05836,  -0.06472,  -0.04175,   0.03703,   0.00913,  -0.00728,  -0.02041,   0.01569,   0.09446,  -0.00728,  -0.10082,   0.03867,   0.08790,  -0.08277,  -0.02862,   0.01897,   0.00749,  -0.00892,  -0.02862,   0.02226,  -0.04175,   0.07477,   0.08298,   0.02718,   0.02062,  -0.02041,  -0.02205,  -0.03354,  -0.01877,  -0.00728,  -0.01056,   0.03703,  -0.02862,  -0.04995,  -0.05487,  -0.02041,   0.05344,   0.02554,   0.06328,   0.03210,   0.07149,   0.05016,  -0.02369,  -0.06636,  -0.02698,  -0.05323,  -0.01549,   0.00420,   0.04523,  -0.04010,   0.01241,  -0.05816,   0.01077,   0.09118,   0.03703,  -0.04339,  -0.04503,   0.00256,  -0.04831,  -0.01877,   0.03539,   0.02554,  -0.00072,   0.04359,   0.00420,   0.06164,   0.04359,   0.06821,  -0.03682,   0.02554,  -0.05980,  -0.01221,   0.08954,   0.07805,   0.01241,   0.00913,   0.00913,   0.05344,  -0.00892,   0.05180,  -0.07129,   0.06821,   0.02882,   0.05672,  -0.00564,  -0.01056,  -0.07129,   0.03046,  -0.00892,  -0.00072,   0.01733,  -0.01221,  -0.02862,   0.08298,   0.01077,   0.03539,  -0.04831,   0.00585,  -0.04339,  -0.01221,  -0.00236,   0.02554,  -0.10575,   0.02718,   0.01733,  -0.11888,   0.03703,   0.03046,   0.03539,   0.02062,  -0.03846,  -0.05652,  -0.01549,  -0.01877,   0.01733,   0.05508,   0.07805,   0.01733,   0.03046,   0.00585,   0.00749,   0.00585,  -0.03518,   0.04195,  -0.02205,   0.00420,   0.00256,   0.03046,   0.06492,   0.06821,   0.03374,  -0.08934,  -0.03682,  -0.00564,  -0.02533,   0.00092,  -0.00892,  -0.01385,  -0.01713,   0.06328,  -0.02369,   0.02390,  -0.06964,  -0.00564,  -0.00072,  -0.00892,   0.07149,  -0.06144,  -0.00564,  -0.02041,  -0.02533,   0.05180,  -0.02862,   0.04359,   0.02882,   0.03374,  -0.06472,   0.01733,  -0.04667,   0.03703,  -0.02369,   0.04523,  -0.01056,  -0.03846,  -0.01056,  -0.04175,   0.01241,   0.01897,  -0.00728,  -0.04995,   0.02390,   0.01569,  -0.03026,  -0.01713,   0.07313,   0.02554,   0.05508,   0.03703,  -0.05323,   0.01405,   0.01897,   0.02554,  -0.00236,  -0.05487,  -0.03518,  -0.06472,   0.08790,   0.00092,  -0.12872,   0.00585,   0.00092,   0.02718,   0.00420,   0.03374,   0.03867,  -0.07293,   0.04031,  -0.03682,   0.00749,   0.04687,  -0.01549,  -0.01385,   0.06000,  -0.05816,  -0.11231,  -0.04667,   0.02390,   0.06985,  -0.02698,  -0.06472,  -0.00072,  -0.03026,  -0.04010,  -0.01877,   0.00092,   0.00585,  -0.00728,  -0.05652,   0.03867,   0.01241,  -0.03190,  -0.04339,  -0.00892,   0.13549,  -0.01877,  -0.01713,  -0.08605,   0.06821,   0.05836,   0.01241,  -0.03518,   0.02062,  -0.03846,  -0.00236,   0.06164,  -0.02698,  -0.00728,   0.03046,   0.07313,   0.01569,   0.00749,   0.03539,  -0.00728,  -0.03354,  -0.03354,   0.02226,   0.03210,  -0.06144,   0.00585,   0.06492,  -0.02533,   0.06328,  -0.00892,  -0.00072,  -0.00728,  -0.05323,   0.05180,   0.01733,  -0.07949,  -0.04503,   0.01897,   0.05836,   0.06985,  -0.00892,  -0.08113,  -0.06964,  -0.00892,  -0.01056,   0.04851,   0.02554,  -0.04175,  -0.01385,  -0.00892,  -0.01056,  -0.01877,   0.01405,   0.03867,  -0.05159,   0.07805,  -0.03354,   0.00913,   0.06985,  -0.01385,   0.03539,  -0.08441,   0.00256,  -0.00072,  -0.05159,  -0.04503,  -0.00892,   0.02390,  -0.00400,   0.06328,   0.02718,  -0.05159,  -0.02533,  -0.02205,   0.05016,   0.00092,   0.00913,  -0.00892,   0.01077,   0.01241,  -0.04175,  -0.02698,   0.05508,  -0.00236,   0.00913,  -0.04667,   0.03867,  -0.07129,  -0.03518,  -0.04010,  -0.01385,   0.03703,   0.02718,  -0.05652,  -0.00564,  -0.02862,   0.01733,  -0.03026,  -0.01221,  -0.01056,   0.08626,   0.01077,   0.02390,   0.02554,  -0.05652,   0.01733,  -0.04503,   0.02062,  -0.04010,  -0.00236,   0.04523,   0.08790,   0.03210,  -0.04339,   0.03539,  -0.02698,   0.05344,  -0.05487,   0.02718,   0.00585,  -0.03190,  -0.01713,  -0.02205,  -0.02041,  -0.06144,   0.04359,   0.07969,  -0.01877,   0.05180,   0.00420,  -0.08277,   0.04687,   0.00256,   0.08954,  -0.01056,  -0.02533,  -0.01056,  -0.03518,  -0.01221,   0.01897,  -0.02533,   0.04687,   0.09775,  -0.02205,  -0.02369,   0.00749,   0.01405,  -0.06964,   0.05672,  -0.01056,   0.02882,  -0.06144,   0.03539,   0.05180,  -0.03846,   0.08790,  -0.05652,   0.02554,   0.04359,  -0.01713,  -0.02533,  -0.01549,   0.01897,  -0.01056,   0.02062,  -0.04667,  -0.03190,   0.02718,   0.03867,  -0.01549,   0.00092,   0.05672,   0.02390,  -0.10247,   0.02718,  -0.00236,   0.04851,   0.04851,   0.01897,   0.04359,  -0.00564,  -0.01713,  -0.02041,   0.04195,  -0.00728,   0.00913,  -0.04995,   0.06492,  -0.04503,   0.00585,   0.08298,   0.01897,   0.00256,  -0.03026,   0.00585,  -0.04175,   0.06657,   0.08134,   0.03374,   0.00913,   0.03539,   0.02718,  -0.03518,   0.00092,  -0.06308,   0.00256,   0.00256,  -0.00892,  -0.01549,  -0.00892,   0.04687,  -0.02041,  -0.00236,   0.02718,  -0.02533,   0.02062,  -0.04831,  -0.03846,  -0.04995,   0.04359,  -0.04175,   0.01405,  -0.03846,  -0.12216,  -0.02698,  -0.02205,   0.01733,  -0.04175,  -0.05816,  -0.05652,   0.08462,  -0.00236,   0.00420,  -0.03846,  -0.00564,   0.04031,  -0.03846,  -0.00564,  -0.01713,   0.03210,   0.01077,  -0.01385,   0.00092,   0.00420,   0.05836,   0.00749,   0.00092,  -0.00892,  -0.01549,  -0.00236,  -0.04831,   0.01077,   0.03046,   0.02554,  -0.01056,  -0.05816,  -0.01056,   0.00092,  -0.01713,   0.02226,  -0.01877,   0.00420,   0.10431,  -0.00728,   0.00749,   0.05508,   0.04687,   0.03539,  -0.00564,  -0.02698,   0.01733,   0.04359,   0.00092,  -0.05487,  -0.07293,   0.02554,  -0.00564,   0.08134,  -0.04010,  -0.01877,   0.01077,   0.01733,  -0.03190,   0.00092,   0.03374,   0.03867,  -0.01877,  -0.02698,   0.08954,   0.00256,   0.00585,  -0.04831,  -0.07293,  -0.01877,  -0.02862,  -0.01877,   0.02554,   0.03867,   0.06328,  -0.01056,  -0.02369,   0.00092,  -0.02698,  -0.03190,  -0.04503,   0.08298,   0.04359,   0.02554,   0.02882,   0.06328,  -0.04175,  -0.01056,  -0.00728,   0.01241,   0.00913,   0.00749,  -0.02698,   0.01733,  -0.04010,   0.07313,  -0.06472,   0.02226,   0.00420,   0.00092,   0.00749,   0.09282,  -0.01877,  -0.03846,  -0.00564,  -0.03026,   0.00749,   0.00585,   0.01733,   0.01405,  -0.02205,  -0.03682,   0.00420,   0.05508,   0.01569,  -0.00892,  -0.03190,  -0.05652,   0.04031,   0.05016,  -0.05159,   0.07477,  -0.06308,  -0.06308,  -0.02041,   0.00749,  -0.03846,  -0.01877,   0.05672,  -0.01221,  -0.10575,   0.00256,  -0.02205,  -0.02041,  -0.09426,   0.01077,   0.05016,  -0.00072,  -0.03190,  -0.03026,  -0.01713,  -0.03682,   0.03210,   0.02390,  -0.06800,   0.01569,  -0.02205,   0.08626,   0.02882,   0.02062,  -0.03354,  -0.04339,  -0.01877,  -0.01713,   0.00256,   0.07313,  -0.04339,   0.00092,   0.02062,  -0.03026,  -0.00072,   0.07969,  -0.00564,  -0.00236,  -0.03354,  -0.03354,  -0.02533,   0.01077,  -0.08277,   0.03374,  -0.02205,   0.05672,   0.01733,  -0.06472,  -0.02533,  -0.13529,   0.07969,  -0.02041,   0.00256,  -0.01877,  -0.04831,  -0.07293,   0.00256,   0.02390,   0.02718,  -0.00236,   0.01241,  -0.00072,   0.02882,   0.02554,  -0.00892,   0.00092,  -0.02369,  -0.13036,   0.03374,  -0.02041,   0.03539,  -0.09098,  -0.02369,   0.02882,   0.01569,  -0.10903,  -0.10575,   0.02554,   0.13877,   0.01733,   0.03046,   0.00256,   0.02718,   0.01077,   0.01405,  -0.03846,  -0.04339,  -0.01877,   0.00913,   0.01077,  -0.06800,   0.02718,   0.02390,   0.05344,   0.00749,   0.03703,   0.00749,  -0.04667,  -0.00236,  -0.02369,   0.03046,  -0.06636,   0.04851,  -0.00400,  -0.04995,   0.01077,   0.00585,   0.03867,  -0.06964,   0.05344,  -0.04175,  -0.03026,   0.02390,  -0.02205,  -0.04010,   0.00420,  -0.00072,   0.03210,   0.02226,   0.03046,   0.00585,   0.08954,  -0.02041,  -0.00564,  -0.02533,  -0.04667,  -0.00892,   0.03374,  -0.03518,   0.02226,  -0.05980,   0.03046,  -0.05159,  -0.02698,   0.03867,  -0.00400,   0.00585,  -0.01877,  -0.06636,   0.00092,   0.02718,  -0.04831,   0.07313,   0.01405,   0.00420,   0.03210,  -0.04339,  -0.03682,   0.02390,   0.02062,  -0.05652,  -0.00564,   0.06164,  -0.09262,  -0.01877,   0.00092,  -0.02533,  -0.01385,  -0.00236,  -0.00400,   0.01405,   0.00585,   0.00420,   0.03210,  -0.04175,  -0.04503,   0.05672,   0.05180,  -0.07129,   0.00913,   0.00913,  -0.02533,  -0.00236,   0.03867,  -0.03026,   0.06985,  -0.11559,  -0.06964,   0.01733,   0.03210,  -0.07785,  -0.04175,  -0.01713,   0.06985,   0.00256,   0.02390,  -0.00892,  -0.01549,  -0.01221,  -0.02533,   0.00585,   0.03046,   0.03374,   0.03374,  -0.02205,   0.03867,  -0.04339,  -0.00564,  -0.03190,   0.00256,   0.01569,  -0.01877,   0.10267,  -0.02533,   0.07313,  -0.04995,  -0.00236,   0.01733,  -0.02698,  -0.04175,   0.03374,  -0.04995,   0.01405,   0.01897,   0.04851,  -0.03354,  -0.01221,  -0.03354,  -0.03846,   0.01405,   0.04851,  -0.05159,  -0.02041,   0.01569,  -0.04995,  -0.01221,  -0.01385,  -0.04339,   0.01733,   0.00256,  -0.00236,  -0.00892,  -0.02041,   0.00256,   0.07313,   0.00585,  -0.01877,  -0.00564,   0.00585,   0.03867,   0.00749,   0.10923,   0.01733,   0.03046,  -0.01713,   0.00092,   0.06657,   0.03867,   0.04195,  -0.04667,   0.03867,  -0.02698,  -0.01221,   0.04031,  -0.10739,   0.07149,  -0.05980,   0.03374,   0.02554,  -0.04831,  -0.05487,  -0.05652,  -0.02041,   0.05508,  -0.03026,   0.04523,   0.00749,  -0.03026,   0.00749,  -0.02533,   0.06164,   0.00092,   0.05836,   0.04687,   0.00420,   0.03867,  -0.03682,  -0.03190,  -0.02205,  -0.00564,   0.11744,  -0.01877,   0.00585,   0.06985,  -0.03518,  -0.06472,  -0.02698,  -0.01713,  -0.03026,  -0.01549,   0.01733,   0.00585,  -0.00400,   0.07149,   0.01077,   0.06328,   0.00256,   0.04523,  -0.05487,   0.09939,   0.00913,   0.03539,  -0.06472,   0.01569,  -0.00400,   0.00092,  -0.06144,   0.06985,  -0.01549,  -0.02041,   0.05344,  -0.03846,  -0.01056,  -0.03846,  -0.00236,  -0.09262,   0.04523,  -0.04995,  -0.03190,   0.02062,  -0.01385,   0.06328,   0.00913,   0.00256,  -0.04667,  -0.00892,   0.00749,   0.04687,   0.07149,  -0.03518,  -0.02041,   0.01569,   0.04687,  -0.08934,  -0.05323,  -0.02205,  -0.00564,   0.01077,   0.02390,   0.07149,   0.07149,   0.02554,   0.05344,  -0.00728,   0.02718,   0.01569,   0.06328,  -0.03846,  -0.02698,  -0.01056,  -0.07457,   0.04031,  -0.03518,   0.00749,  -0.00072,  -0.05159,  -0.03846,  -0.07785,   0.01569,   0.02554,   0.00585,   0.03046,   0.02882,   0.07477,  -0.02205,  -0.02369,  -0.03354,  -0.00400,  -0.01549,  -0.05816,   0.04687,  -0.04503,   0.06657,   0.07149,   0.01405,   0.07641,   0.06000,  -0.00564,  -0.10247,   0.00420,   0.05836,  -0.03354,   0.02226,   0.00092,  -0.03518,   0.06164,  -0.02698,  -0.00400,  -0.08934,  -0.03026,   0.03374,  -0.02862,   0.01405,  -0.04175,   0.04031,   0.01733,   0.03046,   0.03210,  -0.00564,  -0.01549,   0.00420,  -0.00400,  -0.09098,   0.05016,   0.02882,  -0.01056,   0.06164,  -0.02533,   0.00256,  -0.07293,   0.00749,   0.02554,   0.01077,  -0.07129,   0.02390,  -0.01549,  -0.03682,   0.00256,  -0.01385,  -0.00892,   0.00092,   0.04031,   0.03867,   0.04359,   0.00420,  -0.05323,  -0.01056,  -0.04831,  -0.03846,   0.01733,  -0.02862,   0.01405,  -0.02862,  -0.06636,   0.04031,   0.00420,   0.02390,  -0.04175,  -0.03518,  -0.08441,   0.02226,   0.05672,  -0.02205,  -0.02698,  -0.03026,   0.01077,  -0.01221,  -0.06964,  -0.03846
   0.00749,   0.03867,  -0.00892,   0.02882,  -0.03354,  -0.03026,   0.00913,  -0.03682,  -0.02862,   0.03703,  -0.01056,  -0.05323,   0.04195,   0.03046,  -0.01056,   0.03539,  -0.01549,   0.05508,  -0.06308,  -0.02205,  -0.02862,   0.01897,  -0.01549,   0.01897,   0.01077,   0.03374,   0.05672,   0.01241,  -0.01713,  -0.12052,  -0.03518,   0.04523,   0.04851,  -0.00728,   0.00749,  -0.01877,  -0.02205,   0.09446,  -0.02698,   0.00749,   0.01733,   0.01077,  -0.00728,  -0.03190,  -0.05159,   0.01733,   0.02062,  -0.05980,  -0.02369,   0.05344,  -0.07293,  -0.02862,  -0.02369,  -0.05159,   0.00749,   0.02062,   0.02062,   0.07969,   0.05508,   0.00420,  -0.00072,  -0.01221,  -0.01877,   0.02554,   0.00420,  -0.01713,   0.01077,   0.07969,  -0.00236,   0.06328,  -0.02533,   0.03210,   0.05508,  -0.06308,  -0.00236,   0.03046,  -0.02205,  -0.02041,   0.04195,  -0.01549,   0.04687,   0.02882,  -0.01056,   0.02554,   0.03046,  -0.01221,   0.03374,   0.03046,   0.01241,   0.04359,  -0.00236,  -0.04667,   0.01733,   0.01077,  -0.00072,  -0.01549,  -0.00728,  -0.00728,  -0.01549,  -0.02862,   0.05836,   0.00420,   0.00585,  -0.05487,   0.01405,   0.06821,  -0.00892,  -0.03354,   0.05180,   0.01569,   0.01897,   0.00256,   0.03374,  -0.03846,  -0.01221,   0.04687,   0.00749,  -0.07785,   0.01569,  -0.04995,  -0.01713,   0.01405,   0.04523,   0.05508,  -0.03190,  -0.02698,   0.02882,   0.07477,  -0.02205,   0.01241,   0.03374,   0.04195,   0.00092,   0.00256,  -0.08605,   0.00256,   0.04195,  -0.00072,  -0.03354,  -0.02533,  -0.03026,  -0.04503,  -0.03846,   0.02718,  -0.05652,   0.09118,   0.01405,  -0.00728,   0.00256,   0.12236,   0.01897,  -0.02205,   0.02226,   0.03210,  -0.04175,  -0.03354,  -0.09754,   0.02390,  -0.03518,  -0.02862,   0.05180,  -0.04667,  -0.00236,  -0.04667,  -0.04995,  -0.02533,   0.00913,   0.02554,  -0.00728,  -0.01713,  -0.00892,  -0.01385,   0.02718,  -0.10903,   0.04359,  -0.04503,   0.00420,  -0.04175,  -0.03846,   0.09118,   0.00585,   0.00585,   0.08790,  -0.04010,   0.04195,   0.03374,   0.05508,  -0.05323,  -0.04010,  -0.03026,  -0.03846,   0.02390,  -0.01713,   0.06000,   0.02554,   0.05508,  -0.00728,  -0.03354,  -0.06800,   0.03539,  -0.02862,   0.09118,   0.08626,   0.09939,  -0.00236,   0.04851,   0.03539,  -0.00236,  -0.01549,  -0.01713,   0.03046,   0.05180,   0.01897,   0.04359,   0.02226,  -0.01713,  -0.02862,  -0.04831,   0.02226,   0.02718,   0.06328,   0.10103,  -0.03518,  -0.00564,   0.00585,   0.00913,   0.00913,  -0.00728,   0.05180,   0.00913,  -0.00728,  -0.05487,   0.06328,   0.02390,   0.02062,   0.03210,   0.04031,  -0.00564,  -0.01056,   0.00256,   0.01897,  -0.04995,  -0.06144,   0.00256,   0.10923,  -0.02862,  -0.05159,  -0.01385,   0.03539,   0.05508,   0.02554,  -0.00072,  -0.08277,   0.02718,  -0.00892,   0.00913,   0.01077,   0.05836,  -0.04995,   0.08134,   0.04523,  -0.12380,  -0.10739,   0.08298,  -0.02205,   0.03374,   0.00256,  -0.04831,   0.02390,   0.01569,   0.08134,   0.06328,  -0.01549,   0.01897,  -0.03518,  -0.02862,   0.05180,  -0.00728,  -0.02369,   0.00913,  -0.00400,   0.07149,   0.01241,   0.03210,   0.02554,   0.02062,  -0.04831,  -0.01877,  -0.07293,  -0.02533,   0.00749,  -0.03846,   0.02062,   0.02390,  -0.04503,  -0.01713,   0.06492,   0.06492,   0.02718,   0.04687,   0.00420,  -0.07457,  -0.00400,  -0.03026,  -0.03354,   0.01897,   0.00256,   0.09446,  -0.04503,  -0.01056,  -0.03354,   0.00585,  -0.00236,  -0.08113,  -0.02369,  -0.02369,   0.03539,  -0.00400,   0.02718,  -0.04503,   0.00256,   0.02718,  -0.03846,  -0.04503,  -0.03354,   0.02226,   0.01405,  -0.02041,   0.04031,   0.08462,  -0.00072,  -0.00728,  -0.06144,  -0.06636,  -0.03026,  -0.01713,   0.04851,  -0.00236,   0.05508,  -0.02205,  -0.04667,  -0.07457,  -0.00236,   0.01077,   0.04523,   0.00585,   0.00585,   0.04031,   0.04851,  -0.00072,  -0.02205,   0.01405,   0.01241,  -0.04503,   0.00092,   0.00585,   0.06985,  -0.03682,   0.02226,   0.01733,   0.02226,   0.00092,  -0.06308,   0.00420,  -0.02862,   0.01241,   0.02390,  -0.02533,  -0.07129,  -0.03190,  -0.05487,   0.01405,   0.03210,   0.02718,   0.04195,  -0.09426,   0.01897,   0.01077,  -0.00072,   0.06328,  -0.04995,   0.09611,  -0.00892,   0.02062,   0.01733,   0.02062,  -0.02369,  -0.02369,   0.04031,  -0.03354,  -0.03682,  -0.02041,  -0.02698,   0.02554,  -0.03190,  -0.04503,  -0.01713,   0.05508,  -0.07457,  -0.08770,   0.01241,  -0.02862,  -0.03354,   0.06000,   0.01241,   0.05508,  -0.04175,   0.03539,   0.03046,   0.01405,   0.06000,  -0.04010,  -0.01713,  -0.00236,   0.00749,   0.03046,  -0.04175,   0.02718,   0.08462,  -0.02369,  -0.00728,   0.04851,  -0.00728,  -0.01877,  -0.02862,   0.05508,   0.00913,  -0.02533,   0.00420,   0.08134,  -0.02369,   0.02554,  -0.01385,  -0.03682,   0.00913,  -0.04010,   0.04195,  -0.02205,   0.04523,   0.08134,   0.10759,  -0.04995,   0.02554,  -0.03682,   0.04687,   0.03374,   0.06000,   0.04195,  -0.01056,  -0.00564,   0.02390,  -0.05980,   0.08790,  -0.04667,   0.03046,   0.03210,  -0.02533,   0.01897,  -0.01221,  -0.04339,   0.05016,  -0.01713,  -0.02369,   0.09118,   0.05836,   0.03867,  -0.04175,  -0.05323,   0.00913,  -0.03190,  -0.03682,   0.00585,  -0.02369,  -0.05323,   0.05672,  -0.09918,  -0.12872,  -0.00728,   0.00256,   0.00420,  -0.01713,  -0.01056,  -0.09426,  -0.01549,  -0.05323,  -0.03026,   0.01733,  -0.11559,   0.03703,   0.00749,  -0.03682,   0.09775,   0.04195,   0.05016,   0.06657,   0.00913,   0.02718,   0.00420,   0.04359,  -0.06308,   0.05672,  -0.01056,  -0.00728,  -0.06800,  -0.00236,   0.03867,   0.05836,   0.05672,  -0.08113,  -0.09590,   0.00913,   0.03046,   0.04851,   0.03374,  -0.02698,   0.01897,  -0.00072,  -0.01385,   0.02718,   0.01569,  -0.00892,  -0.03354,  -0.02698,   0.02062,  -0.08113,  -0.04667,  -0.07621,  -0.02205,   0.02554,  -0.03026,   0.03210,  -0.00236,   0.03374,  -0.00236,  -0.00236,   0.02062,   0.00913,   0.01405,   0.06492,  -0.03190,  -0.02862,   0.04851,  -0.00236,   0.02062,   0.00749,   0.03703,   0.07805,  -0.01056,   0.03374,   0.11580,  -0.04667,   0.04851,  -0.05487,  -0.05487,   0.01405,   0.01733,  -0.07457,  -0.08441,  -0.06308,  -0.03354,  -0.00728,  -0.04339,  -0.03846,   0.04851,   0.00585,  -0.07457,   0.01897,   0.00749,   0.00913,   0.01733,   0.03539,   0.02882,  -0.03518,   0.02718,  -0.06472,  -0.01713,   0.05836,  -0.05159,  -0.01877,  -0.02041,  -0.02533,   0.02718,   0.01405,   0.07477,   0.01405,   0.01733,   0.00749,   0.01897,  -0.01713,  -0.05487,   0.04523,   0.00585,  -0.05816,  -0.03846,  -0.02862,  -0.05159,  -0.02698,   0.03210,   0.01569,   0.01077,  -0.00564,   0.01569,   0.00420,   0.01077,   0.04687,   0.06985,   0.03210,  -0.00072,   0.02226,   0.00256,   0.06985,   0.02718,   0.04851,  -0.09426,   0.14534,  -0.03846,  -0.00072,   0.04031,   0.00749,   0.01897,  -0.05487,  -0.02533,   0.02882,   0.06492,  -0.01221,   0.01077,  -0.00564,   0.03046,  -0.00564,   0.00913,  -0.03354,  -0.00072,   0.06000,   0.02390,  -0.05980,  -0.04667,   0.03046,  -0.08934,   0.02390,  -0.06144,   0.00913,   0.04523,  -0.00892,   0.04687,   0.01241,  -0.01713,  -0.00400,  -0.00236,  -0.01056,   0.06985,  -0.02205,  -0.00892,  -0.02862,  -0.04995,   0.02062,   0.03539,  -0.02205,  -0.02862,   0.00913,   0.01077,   0.03374,   0.04195,   0.02226,   0.01077,  -0.04010,  -0.02369,   0.01733,   0.02062,   0.04359,  -0.01221,  -0.02533,   0.02882,  -0.03026,   0.03374,  -0.00400,  -0.00072,   0.04031,   0.04687,  -0.00728,   0.00913,  -0.01713,  -0.06800,  -0.08113,  -0.05159,  -0.00400,  -0.02698,   0.02882,   0.03374,  -0.08113,  -0.00892,   0.00913,   0.01405,  -0.01056,  -0.06144,  -0.01549,  -0.00072,   0.00092,   0.02226,   0.03539,  -0.00236,   0.03210,  -0.04339,   0.04031,   0.00913,   0.03046,  -0.00892,   0.00092,   0.07969,  -0.05980,   0.01897,  -0.02533,   0.04359,   0.02390,   0.02554,   0.02226,   0.05672,   0.01241,  -0.01877,  -0.02205,   0.07805,  -0.06800,   0.02062,  -0.00892,  -0.01056,   0.04359,   0.06985,  -0.01056,   0.06821,  -0.04010,   0.07149,  -0.08277,   0.02062,  -0.02862,  -0.04831,  -0.01877,   0.02882,  -0.00892,  -0.05652,  -0.05323,  -0.00400,  -0.00564,   0.05508,  -0.00728,  -0.00400,  -0.05652,  -0.00072,  -0.01549,   0.00092,   0.03703,   0.01405,   0.07477,  -0.00728,   0.04851,   0.02226,   0.02226,   0.08790,  -0.04339,   0.01733,   0.02554,  -0.06472,   0.06000,   0.00256,  -0.05159,   0.05344,  -0.04831,  -0.05487,   0.00256,  -0.02862,  -0.01385,  -0.01385,  -0.05980,   0.02062,   0.03867,  -0.02369,  -0.06308,   0.04851,  -0.00564,  -0.01385,  -0.03190,   0.00913,  -0.01221,   0.01077,   0.00913,   0.03374,   0.03046,   0.03046,  -0.04667,  -0.02862,   0.04031,  -0.03518,  -0.01385,  -0.06308,   0.05344,  -0.01221,   0.07969,  -0.03518,  -0.06800,  -0.04339,   0.08134,  -0.03190,  -0.02533,  -0.04667,  -0.03026,  -0.08113,  -0.01056,  -0.00400,  -0.02533,   0.01405,   0.01077,   0.00749,   0.06328,   0.02554,   0.00913,  -0.00564,   0.00749,   0.00585,   0.00420,  -0.02533,   0.04031,  -0.04667,   0.02554,  -0.05487,   0.01569,  -0.00236,  -0.03026,  -0.03354,  -0.07457,   0.01733,   0.05672,  -0.01385,  -0.01877,   0.02062,   0.02226,   0.06821,  -0.01713,  -0.01549,  -0.00400,  -0.04831,   0.03539,   0.02718,   0.04359,  -0.04995,   0.02062,   0.01405,  -0.01221,   0.00256,   0.01733,  -0.01221,   0.04523,  -0.01385,   0.05672,  -0.03026,   0.01077,   0.03046,   0.03210,   0.04523,   0.04851,  -0.01713,  -0.03190,   0.05016,   0.04031,   0.07477,  -0.08113,   0.02390,   0.06657,   0.05180,  -0.01713,   0.12893,  -0.00236,  -0.04010,  -0.04831,   0.01077,  -0.01056,  -0.05980,   0.02062,   0.00256,   0.00256,   0.01077,   0.02062,  -0.02205,   0.10267,   0.01077,  -0.00728,  -0.06472,   0.02226,   0.06328,   0.08626,  -0.00072,   0.01733,   0.03703,   0.00749,   0.07969,   0.06657,  -0.11231,   0.02554,   0.01569,   0.03046,  -0.00728,   0.06000,  -0.04339,  -0.01713,  -0.03518,  -0.03518,   0.07313,   0.01569,  -0.03026,   0.01405,  -0.03354,   0.08954,   0.02554,   0.01569,  -0.00072,   0.00913,   0.00092,   0.03867,   0.05836,   0.00749,  -0.02041,  -0.10575,  -0.00236,  -0.06636,  -0.10739,  -0.05159,  -0.03846,  -0.05323,   0.03374,  -0.05487,   0.07149,  -0.02533,   0.01077,  -0.07129,   0.07805,  -0.02041,   0.04031,  -0.04503,  -0.08113,  -0.00728,   0.00420,   0.03374,   0.02554,  -0.02369,   0.06328,   0.01569,   0.02390,   0.06164,   0.02062,   0.04031,   0.02882,  -0.03190,   0.01897,  -0.04339,   0.05836,  -0.08441,  -0.00400,   0.00913,   0.07805,  -0.01549,  -0.01877,  -0.05652,  -0.00892,  -0.02533,   0.03210,   0.02882,  -0.05487,   0.04031,  -0.03682,   0.03046,  -0.03026,  -0.02533,  -0.00072,  -0.02862,  -0.07293,   0.00420,  -0.04667,   0.00420,   0.00420,   0.04195,   0.00420,   0.03046,  -0.02205,   0.02554,   0.01733,   0.00420,   0.07149,   0.04031,   0.02718,  -0.13036,   0.01077,   0.03539,  -0.04667,  -0.01549,   0.03046,   0.00585,   0.01241,  -0.04339,   0.12565,  -0.00072,  -0.06800,   0.02226,  -0.02369,   0.03046,  -0.08113,  -0.04010,   0.00256,   0.00749,   0.06657,   0.02882,   0.05672,   0.09118,  -0.02041,   0.01077,   0.02718,   0.00256,  -0.06964,   0.00749,   0.02554,  -0.00728,  -0.06308,   0.02554,  -0.03518,   0.02882,  -0.02862,  -0.05323,   0.00420
   0.01897,   0.00256,  -0.02698,  -0.00564,   0.00092,  -0.05816,   0.04031,  -0.04339,   0.08462,   0.01569,   0.01241,  -0.01056,  -0.01549,  -0.00236,  -0.01877,   0.03046,   0.00256,  -0.02698,  -0.03190,  -0.01877,  -0.01056,   0.04031,  -0.02369,   0.00092,  -0.02862,   0.02390,   0.02718,  -0.04503,  -0.00892,  -0.06964,   0.04523,  -0.03518,   0.03703,   0.02554,   0.01733,  -0.00236,  -0.01877,   0.02062,   0.01569,   0.01077,  -0.02205,   0.03539,  -0.02369,   0.08134,   0.03867,  -0.02862,   0.01077,   0.00420,  -0.00400,   0.07805,   0.00256,   0.01569,   0.01077,  -0.07293,   0.03046,   0.00092,   0.02390,   0.07313,   0.06492,   0.03374,   0.05672,  -0.04831,  -0.01713,  -0.00892,  -0.02533,  -0.03190,  -0.03682,  -0.09754,  -0.02205,  -0.01713,  -0.00728,   0.04359,  -0.04667,  -0.04010,   0.02390,   0.02062,  -0.08605,   0.01077,  -0.05980,   0.00913,  -0.02205,  -0.04010,  -0.00564,   0.00256,  -0.00072,   0.03374,   0.02390,   0.00913,   0.04851,   0.01733,  -0.08934,  -0.04667,   0.03046,   0.03703,   0.00585,  -0.04667,   0.01733,   0.00092,  -0.04010,   0.01077,  -0.01713,   0.05016,  -0.08277,  -0.01221,  -0.02862,   0.03867,  -0.06636,  -0.04667,   0.10267,  -0.00892,  -0.03026,  -0.03682,  -0.06472,   0.02882,   0.01077,   0.03867,   0.02226,  -0.03190,   0.10923,  -0.07621,  -0.00728,  -0.01385,   0.00913,  -0.03026,  -0.02533,  -0.00236,   0.01733,   0.04195,   0.04523,  -0.01221,  -0.03190,  -0.06636,   0.05016,  -0.04175,   0.00749,   0.04523,  -0.01713,  -0.03518,   0.04359,  -0.11231,   0.03046,  -0.04339,  -0.01221,   0.03210,  -0.00400,  -0.05980,   0.03867,  -0.00892,   0.06657,   0.01897,  -0.01056,   0.01569,   0.05180,   0.02226,  -0.00892,  -0.04831,  -0.00892,   0.05180,   0.04195,  -0.00072,  -0.04831,   0.06000,  -0.06308,  -0.02041,   0.01405,  -0.00236,   0.00420,  -0.02205,   0.03210,  -0.03026,  -0.06964,  -0.02862,   0.07313,  -0.06144,   0.08626,   0.02062,   0.01897,  -0.01713,  -0.01713,   0.00256,  -0.00400,  -0.01056,   0.04687,   0.04687,  -0.02862,   0.01241,   0.01077,  -0.00236,  -0.08934,   0.02062,   0.01733,   0.02554,   0.03867,  -0.02862,   0.01077,  -0.08605,  -0.06144,  -0.05159,  -0.00728,   0.02062,   0.04195,   0.00749,   0.03046,   0.06821,  -0.06308,  -0.01549,  -0.01056,  -0.06800,   0.00092,   0.02882,  -0.01549,   0.02718,   0.01405,  -0.05159,  -0.04175,   0.02390,  -0.01056,   0.05016,  -0.00400,  -0.01221,  -0.04339,  -0.01549,   0.00092,   0.00256,   0.01405,   0.07969,  -0.01221,   0.04687,  -0.05487,  -0.04831,  -0.01877,  -0.03190,  -0.01713,   0.06657,   0.03210,  -0.04503,  -0.05323,  -0.03026,   0.02390,   0.03374,  -0.00728,  -0.02369,   0.06164,  -0.05816,   0.02882,   0.04195,  -0.02862,   0.00913,   0.04359,   0.02226,   0.04031,   0.06821,   0.00585,  -0.04175,  -0.05980,   0.00256,  -0.11231,   0.06492,   0.06985,   0.06985,  -0.08277,  -0.06800,  -0.00072,   0.06985,   0.05508,   0.01569,  -0.03026,  -0.03846,  -0.01549,   0.02390,   0.03046,  -0.03518,  -0.05487,   0.05672,   0.06164,   0.01897,   0.02554,  -0.01877,  -0.00400,  -0.00400,  -0.06308,   0.03703,   0.00420,   0.05836,  -0.06144,   0.01733,   0.08134,   0.00585,  -0.03518,   0.02226,  -0.07457,  -0.01221,  -0.00072,   0.05508,   0.03046,   0.00749,  -0.04995,  -0.07785,   0.04687,  -0.06964,  -0.00072,   0.00749,   0.05836,  -0.03354,  -0.04667,  -0.03026,  -0.01221,   0.02390,  -0.03026,  -0.01385,  -0.03682,  -0.04831,   0.12236,  -0.04995,   0.02718,   0.05180,   0.02882,  -0.07129,  -0.01877,  -0.04831,   0.05016,   0.08134,   0.07641,  -0.04175,  -0.07293,   0.03046,  -0.03682,   0.02062,  -0.00072,  -0.04831,   0.01241,   0.07477,   0.00420,  -0.02862,   0.07149,   0.03046,  -0.02862,   0.02062,  -0.02533,  -0.06636,  -0.05980,   0.02882,  -0.01221,   0.03210,  -0.00072,  -0.02533,  -0.09426,   0.02390,   0.04031,   0.02554,   0.08954,   0.00913,   0.05672,  -0.01221,   0.02062,  -0.00236,   0.00913,  -0.02862,   0.07969,   0.00913,  -0.02041,  -0.00564,   0.08134,   0.01241,   0.04523,   0.02062,  -0.07293,  -0.00892,   0.04031,   0.01897,   0.00420,  -0.04995,   0.00585,  -0.02041,  -0.00564,  -0.00892,   0.05016,   0.06657,  -0.04831,   0.01733,   0.05508,   0.00256,  -0.04010,   0.06000,   0.01897,  -0.02205,   0.02554,  -0.00564,  -0.11888,  -0.07621,  -0.00072,  -0.04503,  -0.03518,  -0.01385,  -0.02533,   0.03539,  -0.04995,   0.00749,  -0.06308,  -0.02205,   0.03374,  -0.00072,  -0.04831,   0.02062,  -0.06964,  -0.08441,  -0.03846,   0.01569,   0.01077,   0.01077,  -0.06636,  -0.02041,  -0.01713,  -0.00728,  -0.06308,  -0.05159,  -0.03026,   0.06657,   0.02882,  -0.07621,   0.02390,   0.05672,  -0.03026,   0.04523,  -0.10082,   0.02390,  -0.01877,  -0.05652,  -0.02533,   0.07477,  -0.03354,  -0.01877,  -0.00728,   0.06164,  -0.00236,   0.01733,   0.01077,   0.06985,  -0.04010,  -0.02533,   0.06821,   0.01897,  -0.04667,  -0.02862,   0.00420,  -0.06144,   0.01733,   0.00913,   0.02718,  -0.02369,  -0.04831,   0.01241,  -0.03190,   0.05016,  -0.00400,  -0.01877,   0.00256,  -0.03354,   0.00913,   0.01405,   0.06492,  -0.12708,   0.05016,   0.09775,   0.01077,  -0.01877,  -0.02862,  -0.02862,   0.00256,   0.00585,  -0.00236,  -0.03354,   0.00913,  -0.01877,  -0.00236,   0.00420,   0.02718,   0.01897,   0.06492,   0.02718,  -0.02041,  -0.02862,   0.01733,  -0.04995,   0.02226,   0.00913,   0.01569,  -0.00400,   0.01241,   0.05180,  -0.00072,  -0.03682,   0.08298,   0.00749,   0.01241,   0.06821,  -0.00236,   0.00256,   0.05180,  -0.02041,  -0.02369,  -0.01056,   0.08134,  -0.04010,  -0.01221,   0.01897,   0.04523,   0.03703,  -0.08113,  -0.08277,   0.00256,   0.08790,   0.02062,  -0.04010,   0.01569,   0.03867,  -0.05159,   0.00420,   0.03046,   0.09446,   0.00420,   0.00092,  -0.07457,  -0.00892,   0.02554,   0.00913,   0.04851,  -0.10082,  -0.04503,  -0.02862,  -0.01056,  -0.03190,   0.02390,  -0.07785,  -0.11395,  -0.01549,  -0.06472,   0.04031,   0.00256,  -0.01056,   0.07969,   0.00749,   0.02554,   0.01733,   0.05344,  -0.00400,  -0.00564,   0.03703,   0.04195,   0.07641,  -0.05652,   0.03374,   0.01897,  -0.02862,   0.01241,   0.02718,   0.01241,   0.06164,  -0.00400,  -0.00072,   0.00092,   0.06985,   0.05344,  -0.00236,  -0.02041,   0.02718,   0.02882,  -0.00728,   0.00256,   0.13713,  -0.05159,   0.00092,  -0.04667,  -0.03518,   0.06328,  -0.06308,  -0.05323,   0.01405,   0.06657,   0.00913,  -0.01056,   0.03539,  -0.04831,  -0.04339,   0.02226,   0.04195,   0.00749,  -0.00400,  -0.05323,  -0.06308,  -0.01056,   0.10923,   0.03374,  -0.01056,   0.02718,  -0.00728,  -0.00400,   0.02390,   0.02062,  -0.02205,  -0.07621,   0.03703,  -0.03682,   0.11416,  -0.04995,   0.00913,  -0.05487,   0.05016,   0.01077,  -0.06308,   0.04031,  -0.05323,   0.00092,  -0.01549,   0.03210,   0.06164,   0.03046,  -0.03682,  -0.01549,  -0.01877,  -0.00728,   0.06164,   0.04851,  -0.00400,   0.00420,   0.00092,  -0.00564,  -0.04339,  -0.02041,   0.02226,  -0.06472,  -0.05159,   0.02226,  -0.01221,  -0.02369,  -0.00400,  -0.00892,   0.01897,   0.09282,   0.03210,  -0.11395,   0.02390,  -0.01713,  -0.01385,   0.02226,  -0.11395,   0.03539,  -0.04995,  -0.00892,   0.09775,  -0.04831,  -0.02862,  -0.07293,  -0.03354,  -0.00400,   0.00420,  -0.01221,   0.04687,   0.00749,  -0.02041,   0.00092,  -0.04831,   0.00256,   0.03867,  -0.03846,  -0.04831,  -0.08277,   0.05672,   0.03539,   0.02226,   0.00913,   0.00913,   0.06657,   0.00256,  -0.09426,   0.06164,  -0.04010,   0.05344,   0.04851,  -0.08277,   0.04359,  -0.04010,  -0.03190,   0.00256,  -0.09426,  -0.03682,  -0.04339,   0.02062,   0.02554,  -0.06472,  -0.08113,  -0.01385,   0.00585,   0.04195,  -0.04339,   0.04195,  -0.02533,   0.05344,   0.04687,  -0.05980,  -0.02205,  -0.02369,  -0.03026,  -0.02698,   0.01733,   0.05180,  -0.00564,  -0.01549,  -0.01385,   0.08462,  -0.04175,   0.04195,  -0.06472,   0.02554,   0.04031,   0.02062,  -0.02862,  -0.04339,   0.02390,   0.07313,   0.00585,  -0.02533,   0.06000,  -0.02369,  -0.02041,   0.05836,  -0.06308,  -0.00728,  -0.05652,   0.00420,  -0.05159,   0.06000,  -0.04667,  -0.05816,  -0.07129,  -0.06964,  -0.01713,   0.03867,  -0.06144,   0.03867,   0.00749,   0.07805,  -0.06308,   0.00913,  -0.04995,   0.00585,   0.00256,  -0.03682,   0.03867,   0.02062,  -0.03354,   0.05344,  -0.03354,   0.02882,  -0.00400,   0.03210,   0.03210,  -0.01385,   0.03210,   0.01897,   0.03046,  -0.03518,  -0.06308,   0.05672,   0.02390,   0.01077,   0.05508,  -0.01713,   0.05508,  -0.03354,  -0.03190,   0.06328,   0.01405,  -0.08934,  -0.04667,   0.03046,  -0.00892,   0.02390,  -0.01221,  -0.00236,   0.03210,   0.05508,   0.02718,  -0.05652,   0.01241,  -0.04995,  -0.02533,   0.09282,   0.01897,   0.02554,   0.04851,  -0.10575,   0.00420,  -0.03846,  -0.01877,   0.13385,  -0.01221,   0.09611,   0.05508,  -0.04339,  -0.02533,   0.01569,  -0.01056,  -0.02862,  -0.03026,   0.05344,  -0.01877,  -0.05159,  -0.04995,   0.01241,   0.00749,   0.07313,  -0.04010,   0.00092,   0.01241,  -0.00400,   0.01733,  -0.02533,   0.04851,  -0.05323,  -0.00728,   0.06328,   0.02554,   0.03703,  -0.01877,   0.00092,   0.05180,  -0.04010,  -0.03190,  -0.06636,  -0.02698,  -0.00236,  -0.02205,  -0.00236,  -0.00072,  -0.05652,  -0.03026,   0.00749,  -0.03026,   0.05344,   0.00585,   0.01733,  -0.05323,   0.08954,   0.03210,  -0.00072,  -0.07293,  -0.08277,  -0.04503,  -0.00728,  -0.02698,  -0.02041,   0.05180,   0.00092,   0.03046,  -0.00728,   0.07969,  -0.00564,  -0.07949,  -0.07457,   0.09611,   0.00913,   0.00256,  -0.01385,  -0.01385,   0.04687,  -0.03518,   0.02882,   0.00092,  -0.00400,   0.06492,  -0.06308,  -0.02041,  -0.10247,  -0.00400,  -0.08770,   0.01733,  -0.04339,   0.00585,  -0.04667,  -0.01549,   0.03867,   0.04851,   0.06821,  -0.05652,  -0.03846,  -0.04503,   0.01897,   0.04851,   0.06164,  -0.06308,   0.00420,   0.03210,   0.08462,   0.02554,  -0.02862,   0.05836,   0.00256,  -0.00236,   0.03867,   0.03046,   0.06492,  -0.10411,  -0.02041,   0.09611,   0.04359,   0.02554,   0.00749,   0.00913,   0.03539,  -0.08605,   0.08462,  -0.00892,   0.03867,   0.07477,  -0.05816,   0.07477,   0.02226,  -0.06308,  -0.00236,  -0.00400,  -0.05652,  -0.03518,   0.02226,  -0.02533,   0.01733,  -0.10082,  -0.04503,  -0.04339,  -0.00072,   0.04031,  -0.02698,   0.01241,  -0.02041,   0.02882,   0.00092,  -0.04175,  -0.01549,   0.00913,   0.01733,  -0.00728,  -0.05980,  -0.02862,  -0.01877,   0.08134,   0.01241,  -0.01221,  -0.00564,   0.03210,   0.08626,   0.02882,   0.03374,   0.06328,   0.02390,  -0.04010,   0.02390,  -0.04503,   0.03374,   0.05508,   0.03210,  -0.02041,   0.04687,   0.01241,   0.04195,  -0.09098,  -0.02862,  -0.09754,  -0.02041,   0.05508,  -0.05980,  -0.00728,  -0.02205,   0.05836,   0.00749,   0.00913,   0.06328,  -0.03190,  -0.01221,   0.02226,  -0.04667,   0.01077,   0.06328,  -0.07949,   0.03374,   0.00256,   0.08626,   0.04195,  -0.04339,   0.03210,   0.01569,  -0.01221,  -0.00400,   0.01733,  -0.01221,  -0.01713,  -0.05323,  -0.00892,  -0.03846,  -0.01713,   0.00256,   0.00256,  -0.01056,  -0.00236,  -0.06472,  -0.02698,   0.05016,   0.02062,   0.01733,  -0.02862,   0.00092,  -0.00892,   0.00256,   0.08134,  -0.02698,   0.04031,   0.00420,   0.00256,  -0.00400,   0.02226,  -0.01221,   0.07805,   0.01733,  -0.01056,   0.01241
   0.06657,   0.01241,  -0.08113,  -0.06472,   0.04851,   0.04851,   0.01733,  -0.01385,  -0.01877,   0.05180,  -0.01221,   0.03210,   0.04359,  -0.02698,  -0.06144,   0.00913,  -0.07129,   0.00420,  -0.02698,  -0.05487,  -0.00072,  -0.02041,  -0.00236,  -0.01385,  -0.08605,  -0.05323,   0.02390,   0.05672,  -0.00072,   0.00749,   0.02718,  -0.03518,   0.07149,  -0.01385,   0.01569,  -0.04339,   0.00913,  -0.02205,  -0.00564,   0.00585,   0.01569,  -0.01221,   0.05344,   0.02554,   0.02390,  -0.02205,  -0.04339,  -0.00072,   0.01077,   0.01077,  -0.07457,   0.03539,   0.05836,  -0.01221,   0.01077,  -0.04175,   0.02554,  -0.02041,  -0.00564,   0.00585,  -0.07129,  -0.01549,  -0.00236,   0.02554,  -0.05652,  -0.00728,   0.00092,  -0.02369,  -0.05980,   0.02390,  -0.00072,   0.05344,  -0.00564,  -0.06636,   0.05508,   0.00420,   0.05016,  -0.00400,  -0.05816,  -0.02369,   0.05180,  -0.01877,   0.01405,   0.02718,   0.00092,  -0.02369,   0.05016,   0.06000,   0.01897,  -0.00236,   0.01077,  -0.00236,  -0.02698,  -0.06964,  -0.05487,  -0.05323,  -0.00892,   0.03703,  -0.00236,   0.00913,  -0.02698,   0.06657,  -0.02205,   0.01897,  -0.04175,   0.01241,   0.05180,  -0.04667,  -0.00236,   0.00420,   0.01733,   0.01569,   0.07641,   0.02390,  -0.01877,   0.01569,   0.07149,   0.06164,   0.03210,   0.02882,   0.00913,  -0.02862,   0.01569,  -0.02533,   0.01569,   0.01405,  -0.01549,   0.04851,   0.02882,  -0.04010,  -0.05487,  -0.01221,  -0.04503,   0.04031,  -0.03026,   0.06657,   0.01897,   0.02718,   0.02718,   0.08134,  -0.02041,  -0.00072,  -0.03026,   0.02882,   0.00256,   0.00913,  -0.03190,   0.01405,   0.04687,  -0.02533,   0.00256,   0.00913,   0.04359,   0.00913,   0.01405,   0.03210,  -0.00564,  -0.10739,  -0.01385,   0.02390,   0.06000,   0.03703,  -0.01877,   0.02554,  -0.00400,   0.02554,  -0.01056,   0.00585,   0.03703,   0.01077,   0.04523,   0.02062,  -0.01549,  -0.04010,   0.00749,   0.01405,   0.00420,  -0.03190,   0.02390,   0.06985,   0.01733,  -0.08441,  -0.03846,  -0.05487,   0.00420,  -0.02698,  -0.00236,   0.00092,   0.07969,  -0.08770,   0.00092,  -0.04503,  -0.05980,  -0.01221,  -0.04995,   0.02062,  -0.06472,  -0.02041,  -0.03518,   0.02718,  -0.02041,  -0.06472,  -0.07621,  -0.00728,  -0.04503,  -0.01549,  -0.12052,  -0.01713,   0.03867,  -0.06800,  -0.07293,   0.00913,   0.00420,  -0.02862,  -0.03026,   0.00749,   0.08954,  -0.04503,   0.02226,   0.05836,   0.00749,   0.06985,   0.03374,  -0.09590,  -0.01877,  -0.03682,  -0.04831,   0.02554,   0.05180,  -0.03846,   0.03539,  -0.01221,   0.00585,   0.04687,   0.00256,  -0.01056,  -0.03518,  -0.00072,   0.03046,   0.04359,   0.05016,   0.03210,   0.12072,  -0.04667,   0.08462,  -0.05652,   0.01733,   0.00420,  -0.05652,  -0.01877,   0.01733,   0.04031,   0.03703,  -0.09918,  -0.05323,  -0.03682,  -0.01221,  -0.05652,  -0.03518,  -0.07621,  -0.01385,  -0.01877,   0.02554,  -0.06636,  -0.00400,  -0.02041,   0.08134,  -0.05159,  -0.02369,   0.07149,  -0.01549,   0.01241,  -0.01221,   0.03539,   0.00092,   0.00585,   0.01569,  -0.00072,   0.03374,  -0.00236,  -0.02862,  -0.03354,  -0.00564,   0.02718,  -0.02862,  -0.06472,  -0.03354,  -0.02205,   0.06821,   0.01897,   0.05508,   0.03210,   0.06328,  -0.01056,  -0.01056,   0.05180,   0.06657,   0.06657,  -0.04339,   0.03046,   0.00913,   0.02554,   0.02226,   0.08298,  -0.03026,   0.00256,  -0.07129,   0.04359,   0.07477,  -0.00892,   0.04359,   0.06328,   0.03867,   0.07641,   0.06821,   0.00092,   0.01241,  -0.06800,   0.04687,  -0.01877,   0.01077,  -0.01221,  -0.03026,  -0.06636,   0.02062,  -0.08113,   0.06492,   0.06164,  -0.04667,   0.00585,  -0.04995,   0.06492,   0.01241,   0.03210,  -0.07621,  -0.04339,   0.00092,   0.00749,  -0.03190,   0.05344,   0.06821,  -0.00072,  -0.01221,   0.06000,   0.00585,  -0.01549,  -0.00892,  -0.00400,   0.04851,   0.05508,   0.02390,   0.00256,   0.04359,  -0.04175,   0.02390,  -0.03190,   0.03539,  -0.07785,  -0.00892,  -0.00728,  -0.01056,   0.02882,   0.06492,  -0.05980,   0.02882,   0.04359,   0.03374,  -0.05487,  -0.06964,   0.02226,  -0.12544,  -0.01385,  -0.00728,   0.04687,   0.05508,  -0.03190,   0.00749,   0.11252,  -0.03190,  -0.02698,   0.01897,  -0.01221,   0.03539,   0.05180,  -0.00564,   0.01733,  -0.04831,   0.06492,   0.00749,   0.03703,   0.01241,   0.01897,  -0.03846,   0.05180,   0.01241,  -0.04175,  -0.05323,   0.02226,  -0.05323,  -0.05487,  -0.03682,  -0.00072,   0.03210,   0.02390,  -0.02533,  -0.02369,   0.02718,   0.02718,   0.02390,   0.01241,   0.00420,   0.01241,  -0.01713,  -0.02041,  -0.08113,  -0.03518,   0.02554,   0.00256,   0.00585,  -0.02205,   0.02554,   0.06985,  -0.05159,  -0.04667,   0.04523,  -0.00236,   0.09446,   0.00420,  -0.04831,  -0.04175,  -0.02041,  -0.06472,  -0.00072,  -0.03354,  -0.01056,  -0.02369,  -0.00892,   0.01241,  -0.02369,   0.01897,   0.04851,   0.03703,  -0.07785,   0.07149,  -0.05652,  -0.01549,   0.03867,   0.00092,  -0.04667,  -0.06308,   0.00913,  -0.03190,   0.05672,  -0.03518,  -0.05159,  -0.03682,   0.05836,  -0.00236,  -0.01549,   0.05016,  -0.02041,  -0.04503,  -0.03846,  -0.03354,   0.00092,   0.02718,   0.02062,  -0.01713,   0.00420,  -0.03026,   0.00749,   0.00420,  -0.03354,  -0.01221,  -0.00236,  -0.07621,  -0.04175,  -0.01713,   0.00092,   0.00092,   0.07477,   0.00749,   0.00092,  -0.04503,  -0.04010,   0.02554,   0.01077,   0.09118,   0.00092,   0.07149,   0.01733,   0.02718,   0.05672,  -0.02533,   0.01897,   0.08954,  -0.07949,   0.00256,  -0.03190,  -0.03354,   0.07313,  -0.08605,  -0.07129,  -0.02369,   0.01569,   0.02390,   0.04031,  -0.02041,   0.00092,  -0.02533,  -0.00728,  -0.02041,   0.02718,  -0.01877,   0.00420,   0.00913,  -0.02533,  -0.10575,   0.01733,  -0.04339,   0.07969,   0.01733,  -0.03354,   0.03374,  -0.00564,   0.02226,  -0.04010,   0.03210,   0.02226,   0.04851,  -0.07621,  -0.02862,  -0.01385,   0.01569,  -0.07785,  -0.02698,   0.04359,   0.02390,  -0.01385,  -0.04010,   0.09611,   0.00092,  -0.01385,   0.06657,   0.00749,  -0.04339,   0.05836,  -0.05652,   0.02062,   0.05180,  -0.10411,   0.01241,   0.10595,   0.00256,  -0.03846,  -0.04667,   0.00913,  -0.06472,  -0.00400,  -0.09754,  -0.00072,   0.03539,   0.01241,   0.03867,  -0.06472,   0.07477,   0.05016,   0.03210,   0.00256,   0.01897,  -0.07949,   0.03210,  -0.02698,  -0.11559,   0.03046,  -0.04995,  -0.06472,  -0.00072,  -0.00728,  -0.01385,  -0.02041,  -0.00236,  -0.03518,   0.05016,   0.02226,   0.06000,  -0.02205,  -0.02041,   0.01405,  -0.02698,   0.04851,   0.06164,   0.01733,   0.09282,   0.03374,  -0.03682,  -0.05652,   0.13877,   0.00092,  -0.04503,  -0.05980,  -0.01385,   0.10759,  -0.02533,   0.01077,  -0.06636,   0.00420,  -0.06472,   0.04687,   0.08626,  -0.05652,  -0.02862,   0.01569,  -0.03354,  -0.01385,  -0.02698,  -0.00400,  -0.01549,  -0.04667,   0.05180,  -0.01385,   0.05344,  -0.00236,   0.00092,  -0.05487,  -0.07621,  -0.01056,   0.09775,  -0.05652,   0.06985,   0.06657,   0.01241,  -0.01056,  -0.01221,   0.04523,   0.03210,   0.00913,   0.02390,  -0.02862,  -0.01877,  -0.04175,  -0.01877,   0.03046,   0.09939,   0.02062,   0.00420,  -0.02041,   0.00585,   0.06000,   0.05508,  -0.05980,  -0.08113,   0.02062,   0.04851,  -0.01549,  -0.01877,   0.02718,  -0.02041,  -0.08934,  -0.01385,   0.02718,   0.05672,  -0.03518,  -0.03518,   0.00585,  -0.01056,   0.01897,   0.01733,   0.00913,  -0.04339,   0.05672,   0.02390,   0.04195,  -0.09426,  -0.02041,  -0.01877,   0.02554,  -0.01385,   0.01733,  -0.05159,   0.05016,   0.06657,  -0.04339,   0.05672,   0.03046,   0.00420,  -0.04175,  -0.02369,  -0.07949,   0.03374,   0.02718,   0.03539,  -0.04503,   0.02226,   0.04687,  -0.00892,   0.00749,  -0.01056,  -0.03846,  -0.03354,  -0.05159,  -0.01221,  -0.02369,   0.02882,   0.05508,  -0.03354,  -0.05816,   0.02390,  -0.02369,   0.07805,   0.01569,   0.02390,   0.04359,  -0.03354,   0.03374,  -0.03354,   0.03046,  -0.02862,  -0.01877,   0.05836,  -0.02205,  -0.00564,   0.02554,   0.01241,   0.04195,   0.06328,  -0.00728,  -0.01221,   0.00913,  -0.01221,  -0.01713,  -0.04995,  -0.02533,  -0.00072,  -0.09426,  -0.00400,  -0.01549,  -0.00236,   0.06657,  -0.00400,  -0.02369,  -0.01549,   0.03539,  -0.02041,  -0.01385,  -0.06964,  -0.02862,  -0.02533,   0.02390,  -0.01385,  -0.02041,   0.02718,  -0.00564,  -0.04010,   0.00913,  -0.05323,   0.04031,  -0.01221,   0.04523,   0.01897,  -0.04995,  -0.03026,   0.00913,  -0.08605,  -0.01056,  -0.03026,  -0.05159,  -0.03518,  -0.00072,  -0.03846,  -0.00400,  -0.00236,  -0.04667,   0.01733,   0.03374,  -0.03026,  -0.02862,   0.04687,  -0.01221,  -0.00564,  -0.00400,   0.03374,  -0.06144,  -0.02533,   0.01569,  -0.01221,   0.02718,   0.03374,  -0.00728,  -0.02533,  -0.04010,  -0.01713,   0.03539,  -0.00892,   0.00585,  -0.01877,   0.01897,  -0.01221,  -0.07129,   0.01733,  -0.00400,   0.06164,  -0.01877,  -0.03518,  -0.03026,  -0.04503,  -0.03518,  -0.00728,   0.01569,   0.02554,  -0.03026,   0.00092,  -0.02369,  -0.01877,  -0.02862,   0.05016,   0.00092,   0.06328,  -0.00236,   0.02062,   0.13549,  -0.04667,  -0.00892,  -0.02205,  -0.07129,   0.03046,  -0.02041,   0.06821,  -0.04339,   0.04851,  -0.03190,   0.03374,   0.00092,  -0.06472,  -0.05159,  -0.02205,   0.04687,   0.01077,   0.06985,   0.03539,  -0.00892,   0.02390,   0.03703,  -0.00728,   0.02390,  -0.08605,  -0.00564,  -0.00564,   0.04687,  -0.00236,  -0.00400,   0.04031,  -0.05323,   0.06328,   0.01897,  -0.02698,  -0.00728,   0.02718,  -0.00728,   0.00585,  -0.00236,  -0.01549,  -0.03026,  -0.05980,  -0.04010,   0.07313,   0.03374,   0.05016,   0.06328,  -0.00892,  -0.05816,   0.09118,   0.02718,   0.00256,   0.01241,   0.02062,   0.06657,   0.06657,  -0.03190,  -0.02041,   0.01897,  -0.00400,   0.07969,  -0.02205,   0.05180,  -0.04503,  -0.02698,  -0.06308,   0.00749,   0.08626,   0.03374,  -0.02205,   0.01733,   0.00913,  -0.04010,  -0.02205,   0.00092,   0.03867,   0.02718,  -0.06308,  -0.05323,  -0.03354,   0.02718,  -0.05159,   0.07641,  -0.00892,  -0.05980,  -0.04010,   0.06657,   0.00913,   0.05180,  -0.08277,   0.05672,   0.00913,  -0.01713,   0.00420,  -0.01877,  -0.07621,   0.01077,   0.00420,   0.03210,   0.02882,   0.03374,  -0.00728,   0.04851,   0.00420,   0.01077,  -0.08441,  -0.01713,  -0.03846,  -0.01221,   0.03210,   0.07477,   0.04359,   0.00420,  -0.00564,   0.01405,  -0.05816,  -0.01549,   0.04359,  -0.01221,   0.01241,  -0.01877,   0.03210,  -0.05487,  -0.02533,  -0.05980,  -0.08277,  -0.04175,  -0.05159,  -0.02862,  -0.00728,  -0.03026,   0.01077,  -0.02205,   0.00420,   0.01241,   0.00913,   0.07805,  -0.03682,  -0.01877,  -0.04995,  -0.03026,  -0.06144,   0.04851,  -0.05980,  -0.05652,   0.08134,   0.00749,   0.07477,   0.00913,  -0.04010,  -0.00072,   0.02062,  -0.02698,   0.02718,  -0.01549,   0.04195,   0.02390,   0.04523,   0.01405,  -0.00892,   0.02226,   0.01569,   0.01241,  -0.02041,  -0.03354,   0.00092,   0.04687,  -0.03846,  -0.01056,   0.03539,   0.01241,   0.08298,   0.05672,   0.06000,  -0.04175,   0.05180,  -0.03026,  -0.03518,  -0.04831,  -0.03354,  -0.07129,  -0.07129,  -0.00400,   0.00092,   0.03210,   0.01405,   0.05344,   0.04195,  -0.06308,  -0.04175,   0.07969,   0.05180,  -0.00236,  -0.02369,   0.02554,   0.00585,  -0.02533,   0.01405,   0.00092,  -0.00892,   0.04359,   0.00256
   0.05508,  -0.02205,   0.03867,  -0.00564,  -0.01877,  -0.03190,  -0.08770,  -0.02205,  -0.02698,   0.02554,   0.02882,  -0.03026,   0.00256,  -0.01549,   0.12729,   0.06328,   0.02226,   0.06164,   0.01733,  -0.03026,  -0.05323,   0.06164,  -0.00728,   0.04851,   0.02882,  -0.01385,   0.01405,  -0.03846,   0.04031,   0.05180,   0.05016,   0.02718,  -0.00236,   0.00092,  -0.07129,  -0.07621,   0.04687,   0.08298,  -0.02041,  -0.02041,  -0.01877,   0.08790,   0.00420,  -0.04667,  -0.01385,   0.11088,  -0.01221,  -0.03354,  -0.03518,  -0.03190,   0.07969,   0.00749,  -0.00892,  -0.02698,   0.04359,   0.04031,   0.01077,   0.01405,   0.01569,  -0.10739,  -0.01877,   0.05836,   0.08298,  -0.01221,  -0.00892,   0.05016,   0.02226,   0.05508,   0.03539,   0.01241,   0.01733,   0.03374,  -0.00400,  -0.00236,   0.01569,  -0.05652,  -0.02041,   0.07969,  -0.01877,  -0.06472,  -0.08934,  -0.00072,   0.02882,  -0.02205,  -0.00400,   0.06164,  -0.01221,   0.06328,  -0.01056,   0.00092,   0.00585,  -0.04339,   0.08134,   0.04851,   0.02882,  -0.03190,   0.03867,  -0.01549,  -0.01549,   0.02718,   0.10923,  -0.03354,   0.05180,   0.00749,   0.01569,   0.03867,   0.06821,   0.03867,   0.01241,  -0.00564,  -0.00728,  -0.01221,  -0.01877,  -0.01385,  -0.02205,   0.04523,  -0.00892,  -0.03846,  -0.02041,   0.00420,  -0.01056,   0.04195,   0.00256,  -0.00564,  -0.04667,  -0.03190,   0.07149,   0.00913,  -0.01056,  -0.06472,  -0.02862,  -0.02533,   0.01077,  -0.00892,   0.02390,   0.02718,  -0.02041,  -0.05487,  -0.02698,   0.00256,   0.02390,  -0.03354,   0.03867,   0.12565,   0.00092,  -0.00728,   0.02718,  -0.01877,   0.00749,  -0.07293,   0.00256,   0.05508,  -0.01877,   0.04851,   0.05180,  -0.04175,  -0.09262,   0.05344,   0.02390,  -0.02698,   0.00585,   0.03539,  -0.08441,  -0.00728,  -0.03846,  -0.00892,   0.02718,   0.10103,   0.03703,  -0.08605,  -0.00236,   0.01077,  -0.02533,  -0.05159,  -0.10739,  -0.04010,  -0.03354,   0.03210,   0.02554,  -0.02862,   0.06657,  -0.01221,   0.04195,  -0.05487,   0.04523,   0.02718,  -0.02533,  -0.01549,   0.06985,  -0.05652,   0.06164,   0.00420,   0.00749,   0.05016,   0.02390,  -0.02369,  -0.01385,  -0.07949,  -0.04339,  -0.03354,  -0.08605,  -0.00564,   0.00913,  -0.04339,  -0.05816,   0.07805,  -0.08277,   0.01569,   0.01405,  -0.02205,  -0.02862,   0.02390,  -0.07293,   0.00585,   0.02062,   0.01569,   0.00749,  -0.01221,  -0.00892,  -0.05323,  -0.01385,  -0.03682,   0.06821,  -0.05980,  -0.03026,   0.04523,   0.04523,  -0.01713,  -0.01549,   0.05016,   0.04195,  -0.00892,  -0.06472,  -0.02533,  -0.11067,   0.05508,  -0.04831,  -0.02369,   0.04687,   0.02390,  -0.00564,  -0.09754,  -0.00564,  -0.01056,   0.04851,  -0.02862,  -0.03846,   0.02390,  -0.05487,  -0.01549,  -0.03190,   0.02882,   0.03539,   0.03374,   0.05508,   0.04195,  -0.07293,   0.00256,   0.04195,  -0.07949,   0.04851,   0.01897,  -0.02862,  -0.03190,   0.02062,  -0.01877,   0.10595,   0.09446,  -0.02205,   0.03539,  -0.01385,   0.00420,  -0.01221,  -0.01056,  -0.04667,  -0.00400,  -0.05487,   0.12236,   0.09775,   0.05344,   0.02390,   0.01077,   0.03703,   0.02390,   0.01241,  -0.01549,  -0.06964,  -0.08113,  -0.02369,   0.04031,  -0.00564,   0.04687,   0.04359,   0.04195,   0.00256,   0.10103,  -0.00236,   0.00749,   0.04687,   0.05016,   0.04523,   0.05836,   0.02226,   0.00749,  -0.05980,   0.02062,   0.09446,   0.02226,   0.04687,  -0.01877,  -0.00892,   0.02882,   0.04687,  -0.02698,  -0.02205,   0.01077,   0.06328,  -0.03518,  -0.00400,  -0.09590,   0.00092,  -0.00892,   0.00256,  -0.01877,  -0.06800,  -0.01221,  -0.05487,   0.00420,   0.13877,  -0.05487,   0.01077,  -0.05980,   0.04359,  -0.02533,   0.00749,  -0.03518,   0.01569,  -0.00400,   0.01077,   0.03374,  -0.03190,  -0.06144,  -0.00236,   0.06328,   0.03046,   0.01569,   0.05180,   0.02226,  -0.02041,  -0.05652,  -0.05816,  -0.02041,   0.04195,  -0.05159,  -0.04995,  -0.01221,   0.05016,  -0.07621,   0.09446,   0.02882,  -0.02041,   0.00256,  -0.11067,   0.02882,  -0.01056,  -0.01877,  -0.00728,  -0.05816,  -0.01877,   0.04359,  -0.02205,  -0.03682,  -0.02533,  -0.12052,   0.01241,  -0.00400,   0.03374,  -0.00564,   0.02062,  -0.01056,  -0.01877,  -0.04175,  -0.01549,  -0.04503,  -0.05487,   0.04687,  -0.01221,  -0.04667,  -0.04667,   0.10759,  -0.04503,   0.00256,   0.01241,   0.03867,  -0.08277,   0.03374,   0.02718,  -0.06144,  -0.00728,  -0.02205,   0.03374,  -0.10082,  -0.01713,   0.05016,  -0.02698,   0.00256,  -0.06964,  -0.10247,   0.07149,  -0.00236,  -0.08934,  -0.00564,  -0.00072,  -0.10411,  -0.02698,   0.08134,  -0.01385,   0.05180,  -0.01056,  -0.02698,  -0.09426,  -0.05980,   0.08134,   0.00092,   0.00092,   0.01077,   0.03210,  -0.02369,   0.06821,   0.03539,   0.00913,   0.00913,   0.07477,  -0.04831,   0.00092,   0.01241,  -0.03682,  -0.05159,  -0.01056,  -0.01549,   0.03210,  -0.02533,   0.01733,   0.00585,   0.03539,  -0.08605,  -0.01713,   0.00420,  -0.00400,   0.04359,   0.01733,   0.04523,  -0.07293,   0.01733,   0.00420,   0.03703,   0.05672,  -0.01056,   0.02390,  -0.03846,   0.02554,   0.01241,  -0.01221,   0.03703,  -0.03518,  -0.05323,   0.08954,  -0.00892,  -0.01713,   0.03703,  -0.04503,   0.03539,   0.04195,  -0.01221,   0.06985,  -0.06472,   0.02062,   0.02390,  -0.04503,  -0.00072,  -0.01713,  -0.06472,  -0.05159,   0.00256,  -0.08770,   0.04031,   0.01897,   0.04031,  -0.00236,  -0.02205,  -0.08934,   0.03703,  -0.06636,   0.07477,   0.03703,  -0.00072,   0.01733,  -0.05323,  -0.04339,   0.04687,  -0.03846,  -0.09590,  -0.00892,   0.01405,   0.00913,  -0.03190,  -0.06144,   0.05344,  -0.03190,  -0.01221,  -0.08770,   0.00092,   0.04195,   0.04851,  -0.04995,   0.00749,   0.02226,   0.12565,   0.01897,  -0.06636,  -0.04010,   0.02226,  -0.07785,   0.01733,  -0.02862,  -0.05487,  -0.00564,  -0.02698,  -0.06636,   0.00585,   0.07313,  -0.14513,  -0.05816,   0.03539,   0.00092,   0.12729,  -0.00564,  -0.01713,  -0.10247,  -0.03682,  -0.03190,  -0.06144,   0.00913,  -0.00564,  -0.06472,  -0.00072,   0.00092,   0.03867,   0.02390,   0.03374,  -0.02533,   0.03374,  -0.04339,  -0.07949,  -0.05323,  -0.04831,   0.00585,  -0.04503,   0.01569,   0.06985,  -0.04175,  -0.06472,  -0.00564,   0.03374,  -0.01221,   0.01405,   0.05672,   0.00256,   0.06000,  -0.02533,  -0.02862,  -0.02533,  -0.02369,   0.00913,   0.00256,  -0.04339,  -0.01877,  -0.03354,  -0.06472,   0.03539,   0.03374,  -0.03354,  -0.04010,   0.05836,  -0.01713,  -0.05652,   0.00585,  -0.03682,  -0.05980,   0.02554,   0.01897,   0.08954,  -0.05816,  -0.05816,   0.04523,   0.04195,  -0.05980,   0.06985,   0.05016,  -0.07621,   0.04359,   0.00420,   0.08790,   0.00092,  -0.02698,   0.06164,   0.05836,  -0.00072,   0.04195,  -0.03026,  -0.04339,   0.02390,   0.02226,   0.09611,  -0.04503,  -0.06964,  -0.00400,  -0.07457,   0.02062,  -0.08113,  -0.05159,   0.01241,  -0.09426,   0.00585,   0.00256,  -0.01221,   0.03374,  -0.04831,  -0.05487,  -0.02533,   0.01241,   0.03539,  -0.02533,   0.05672,  -0.03190,   0.03210,   0.00420,   0.13549,   0.00749,   0.00585,  -0.05980,  -0.02041,   0.00420,  -0.03682,  -0.01713,   0.04195,   0.08462,   0.07641,  -0.00236,  -0.01877,  -0.00892,  -0.03354,  -0.01056,   0.00420,  -0.02041,  -0.04831,   0.03539,   0.01405,  -0.10082,   0.04523,  -0.03518,   0.04523,  -0.01549,  -0.05816,   0.01569,   0.02718,   0.03539,   0.03210,  -0.04175,  -0.02533,   0.00913,  -0.00564,   0.04031,  -0.02862,   0.02062,  -0.03682,   0.00585,  -0.01549,  -0.00728,   0.00256,   0.04031,  -0.02862,  -0.01221,   0.02718,   0.05180,   0.02390,  -0.06144,  -0.04175,   0.03539,   0.09446,  -0.02041,   0.01733,   0.00913,  -0.05652,   0.02554,   0.05836,   0.01733,  -0.01056,   0.07477,   0.05180,  -0.00892,   0.06821,   0.04195,  -0.01385,   0.02062,  -0.01056,  -0.00400,  -0.03354,   0.00585,   0.01569,   0.03210,   0.05672,   0.01241,  -0.04831,  -0.02369,  -0.03190,  -0.03026,  -0.00236,  -0.02369,   0.03046,   0.09118,  -0.00072,   0.02062,   0.14534,  -0.02041,   0.00749,   0.01077,  -0.02533,  -0.06308,  -0.01385,  -0.04339,   0.06164,   0.04031,   0.02062,  -0.04339,   0.05016,   0.01241,   0.00256,   0.02226,  -0.03190,  -0.03354,   0.02554,   0.04523,   0.02390,   0.02554,  -0.04339,  -0.00236,   0.03867,   0.03867,   0.01077,  -0.01713,   0.02226,   0.03046,  -0.03518,   0.02062,  -0.02041,   0.06821,   0.01077,   0.08298,   0.01897,  -0.07949,   0.01241,   0.04031,  -0.00072,   0.03539,   0.06821,  -0.00400,   0.06821,   0.01569,   0.01733,  -0.06472,   0.00092,  -0.04831,   0.09446,  -0.08277,   0.06985,  -0.03846,   0.01897,   0.09446,   0.08134,   0.01733,   0.01241,  -0.00072,  -0.08113,  -0.01056,   0.02390,  -0.06308,  -0.08770,   0.06985,  -0.00072,   0.02062,   0.04031,   0.03539,   0.00749,  -0.03354,   0.07149,  -0.03190,   0.05016,   0.04523,   0.03210,   0.02226,  -0.02862,  -0.03354,   0.00749,   0.00420,  -0.00400,   0.03539,   0.04195,  -0.00564,   0.02882,   0.00420,  -0.01385,   0.09118,   0.02554,   0.07313,  -0.05323,   0.06821,   0.02062,   0.02226,  -0.05159,  -0.11067,  -0.00072,  -0.03518,  -0.00400,  -0.01385,  -0.01877,  -0.00728,   0.08298,   0.00256,   0.01569,  -0.01385,  -0.04339,   0.07149,  -0.01221,  -0.01713,   0.00913,   0.05836,   0.09282,   0.03867,  -0.00564,  -0.01221,  -0.01056,   0.05508,   0.06985,   0.14534,  -0.02533,  -0.05980,  -0.03026,   0.06492,   0.05180,  -0.02698,  -0.01549,   0.00913,  -0.01877,  -0.04175,   0.00256,  -0.03026,  -0.01056,   0.04523,   0.08298,   0.07477,   0.03374,  -0.01056,   0.01733,   0.03703,  -0.03846,   0.05836,   0.00420,   0.11580,   0.10759,   0.07313,  -0.04667,  -0.04175,  -0.01221,  -0.01221,  -0.03846,   0.07149,   0.06821,   0.03703,   0.00420,  -0.03682,  -0.02205,   0.01569,  -0.05159,  -0.02205,  -0.07293,   0.00256,   0.00749,   0.02390,   0.09939,   0.03374,  -0.03682,   0.01241,   0.02718,   0.00420,   0.01077,   0.04523,   0.02554,   0.01405,   0.01733,   0.04359,   0.09775,  -0.03846,  -0.00892,   0.05836,   0.04195,   0.03374,  -0.03682,  -0.08113,  -0.00728,   0.03374,   0.01569,  -0.04503,  -0.00236,  -0.01877,   0.00913,  -0.01549,  -0.06144,   0.06164,   0.02062,  -0.00892,  -0.02698,  -0.06308,   0.02554,   0.00913,  -0.10411,   0.01733,  -0.00564,  -0.02862,  -0.03518,  -0.04339,  -0.04010,  -0.01056,  -0.06472,   0.00913,  -0.08441,  -0.00728,  -0.03190,  -0.05816,   0.03374,   0.13221,   0.04851,  -0.03190,   0.00092,   0.04687,  -0.02862,   0.01733,  -0.00892,   0.03374,  -0.04503,  -0.02862,   0.03539,   0.00913,   0.00256,  -0.05980,  -0.00892,   0.09446,  -0.06144,   0.00749,  -0.04339,   0.03539,  -0.02533,  -0.06636,   0.03210,   0.00749,   0.01569,   0.01733,  -0.03518,   0.01077,  -0.03354,   0.06164,   0.09118,  -0.03518,   0.03210,   0.02390,  -0.05159,  -0.04010,  -0.00072,  -0.02862,  -0.01385,   0.04031,  -0.07785,  -0.00236,   0.05016,   0.02390,   0.06000,  -0.07293,   0.05180,   0.03210,  -0.05323,  -0.04831,  -0.03190,   0.03703,   0.00092,   0.04195,   0.05672,  -0.03026,  -0.01221,   0.01077,  -0.01056,   0.02062,   0.00749,  -0.01549,   0.00256,   0.02390,   0.04195,   0.01405,  -0.00400,  -0.04503,   0.02390,   0.05508,   0.02718,   0.02062,  -0.03682,  -0.05323,   0.05180,   0.02554,   0.03046,   0.00256,  -0.04175,   0.00913,  -0.06472,   0.08626,  -0.02862
  -0.02369,  -0.03354,  -0.03846,   0.02226,   0.05344,   0.03703,  -0.04175,   0.04523,   0.08462,   0.04523,   0.02226,  -0.02862,  -0.00564,  -0.05487,   0.03703,  -0.03026,   0.05672,   0.02554,   0.01733,   0.02062,  -0.03846,   0.06985,   0.01241,   0.02390,   0.05180,   0.00256,  -0.03026,   0.05016,   0.00749,  -0.03354,   0.01405,  -0.03518,   0.07477,  -0.06472,  -0.13365,  -0.08605,  -0.04010,  -0.02369,   0.01733,   0.06328,   0.00256,  -0.03518,   0.05672,   0.01405,  -0.01877,  -0.02862,   0.01241,  -0.05487,  -0.00072,  -0.00892,   0.02554,  -0.07129,  -0.02862,  -0.05323,  -0.04175,  -0.06144,  -0.02698,   0.01897,   0.00585,   0.06000,  -0.00728,   0.02718,   0.06821,   0.03046,   0.04195,   0.00913,  -0.06636,   0.00092,  -0.04010,   0.04031,   0.12400,   0.05344,   0.02226,  -0.06144,   0.08134,   0.06000,   0.05836,  -0.01877,  -0.04010,   0.01077,   0.11416,   0.11744,   0.05344,   0.01569,  -0.05652,   0.05672,   0.05180,  -0.00728,   0.03867,  -0.03354,   0.04195,  -0.08113,   0.00585,   0.02390,   0.02062,  -0.00892,   0.00585,  -0.03190,  -0.01385,  -0.03518,   0.04523,  -0.01221,   0.08954,   0.05016,   0.00420,   0.00256,  -0.07949,  -0.04010,  -0.03190,   0.02882,  -0.05159,  -0.01877,  -0.02041,  -0.03846,  -0.03190,   0.01897,  -0.03026,  -0.01221,  -0.01056,  -0.00236,   0.04359,  -0.02698,  -0.02369,   0.08954,  -0.01549,  -0.02041,  -0.09098,   0.02554,  -0.12380,  -0.06144,   0.00092,   0.03046,  -0.01877,  -0.02369,  -0.01385,   0.03210,   0.00913,   0.01569,   0.07149,   0.01405,  -0.04010,  -0.00892,  -0.01713,   0.02062,   0.01405,   0.08626,  -0.02205,   0.04523,  -0.02698,  -0.00236,  -0.03190,  -0.00400,   0.05836,   0.12400,  -0.01713,  -0.00728,   0.02226,   0.05836,   0.08954,  -0.01056,   0.04359,   0.01733,   0.01897,  -0.01221,   0.04359,   0.02390,  -0.02533,   0.01897,   0.00749,  -0.02369,  -0.04339,   0.02882,   0.06985,   0.02390,   0.04195,  -0.05487,   0.00585,   0.03539,   0.01241,   0.01569,   0.01241,   0.03374,   0.02390,  -0.00564,   0.02062,   0.00256,  -0.00236,  -0.05487,   0.06657,   0.00585,   0.02390,   0.01569,   0.00420,   0.02390,   0.02882,  -0.00892,  -0.04175,  -0.06144,  -0.00400,   0.05836,  -0.01713,   0.02718,   0.00585,   0.03046,   0.00913,  -0.00236,  -0.01221,  -0.00400,  -0.08277,   0.02554,   0.03210,  -0.01056,   0.04687,   0.04031,  -0.06472,   0.03046,  -0.04831,  -0.02205,  -0.01713,  -0.01221,  -0.00564,   0.04031,  -0.04831,   0.06492,  -0.03682,   0.08462,   0.02554,   0.00256,   0.04523,   0.03867,  -0.07621,  -0.03026,   0.00749,   0.05016,  -0.06636,   0.00256,   0.03539,  -0.02205,   0.02882,   0.01733,  -0.00564,   0.00913,   0.04195,   0.04031,  -0.03354,  -0.07293,  -0.01549,  -0.02533,  -0.00236,  -0.01221,   0.03703,   0.00585,   0.03539,  -0.01056,  -0.01056,  -0.02533,  -0.04831,  -0.02533,  -0.01713,   0.04687,   0.03539,   0.01405,  -0.05487,  -0.04831,   0.05836,  -0.05323,  -0.00236,   0.04687,   0.08790,  -0.00564,  -0.01877,   0.00092,   0.08954,  -0.02533,   0.00585,  -0.02369,   0.01733,  -0.04667,  -0.02369,   0.00092,  -0.00564,   0.00585,   0.00420,   0.07313,  -0.00072,   0.07313,  -0.05159,   0.05344,  -0.06800,  -0.08113,   0.01569,   0.00585,  -0.00236,   0.02062,   0.02554,   0.03703,  -0.00400,  -0.01385,   0.05508,   0.01569,  -0.12544,   0.00256,  -0.00236,   0.04523,  -0.02862,  -0.03518,  -0.01221,   0.04523,   0.01897,   0.00420,  -0.02041,  -0.04010,   0.00913,   0.00913,   0.02554,   0.00585,   0.08462,  -0.06308,  -0.07785,  -0.02533,   0.05508,   0.02390,   0.00749,  -0.01877,  -0.01385,  -0.04339,   0.05016,  -0.00728,   0.07805,   0.05180,   0.01733,  -0.06472,  -0.07785,   0.02062,  -0.04831,  -0.01385,  -0.02205,  -0.01713,   0.02390,   0.00913,   0.02882,  -0.01385,   0.08298,  -0.04995,   0.00420,  -0.03026,   0.01405,   0.04687,  -0.05323,   0.04523,  -0.03026,  -0.04503,   0.00913,  -0.07293,   0.00256,  -0.06964,   0.01077,  -0.03846,   0.02554,   0.00092,   0.01077,  -0.04503,   0.02226,   0.01077,   0.02718,  -0.05816,  -0.01549,   0.12400,  -0.00400,   0.01405,   0.01569,  -0.03682,  -0.03026,  -0.00728,   0.02718,  -0.03190,   0.02882,  -0.04831,  -0.01221,  -0.05816,  -0.01549,  -0.01221,  -0.00564,   0.03703,   0.00420,   0.02390,   0.03046,  -0.04010,   0.08954,  -0.05323,  -0.01056,   0.01569,  -0.02041,   0.02882,  -0.03190,   0.06985,  -0.02369,   0.03539,  -0.11395,   0.02718,   0.00420,  -0.00400,  -0.00236,  -0.00564,  -0.01221,   0.01569,  -0.01221,  -0.00400,  -0.05323,   0.01733,   0.04687,   0.01241,   0.04031,   0.01241,   0.03703,  -0.04831,   0.06000,  -0.02041,   0.00092,  -0.01877,   0.02882,   0.03374,   0.02390,  -0.00564,  -0.04339,   0.08134,   0.03046,  -0.06472,  -0.02862,  -0.07293,  -0.03190,  -0.02205,  -0.02533,   0.02882,   0.00913,  -0.01221,  -0.04175,  -0.03682,   0.00092,   0.01241,  -0.06964,  -0.04667,  -0.03026,   0.02718,  -0.05487,  -0.02698,   0.00749,  -0.06308,   0.06985,  -0.00564,   0.07477,  -0.00400,   0.01569,   0.02390,  -0.02041,  -0.04831,   0.06164,  -0.02698,   0.00913,   0.00420,  -0.00236,  -0.02369,   0.01897,  -0.00892,   0.02226,  -0.00728,   0.03046,   0.07805,  -0.05487,  -0.04667,  -0.03518,   0.01733,   0.04523,  -0.05159,   0.01897,  -0.04503,   0.02718,   0.02554,   0.00420,   0.04031,   0.00913,  -0.02698,  -0.00236,  -0.04503,   0.10595,   0.07805,  -0.04339,  -0.00564,   0.04523,  -0.00072,   0.06328,   0.02882,   0.04031,   0.00256,  -0.08605,  -0.07621,  -0.07129,  -0.00892,  -0.06964,  -0.08770,  -0.04503,  -0.05816,   0.05836,  -0.00072,  -0.07949,  -0.02369,   0.04687,   0.00256,   0.08134,  -0.03682,   0.02882,  -0.05487,  -0.00400,   0.01897,  -0.04667,   0.06164,   0.06985,  -0.01385,  -0.01713,  -0.00728,   0.08134,  -0.07949,   0.02226,   0.01241,   0.03539,  -0.03846,  -0.00728,  -0.08770,  -0.00072,  -0.02041,   0.00913,   0.03539,  -0.06144,  -0.01056,   0.04523,  -0.02041,   0.01241,  -0.02205,  -0.00236,   0.03539,  -0.03682,  -0.05323,  -0.00400,  -0.01877,   0.04195,   0.01405,  -0.02862,  -0.03846,   0.02062,  -0.04831,  -0.00728,  -0.00892,  -0.01221,  -0.07621,  -0.03518,  -0.02041,   0.01569,  -0.01221,  -0.05652,  -0.10082,  -0.03026,  -0.02533,   0.03539,   0.08134,   0.01077,  -0.02205,  -0.07949,   0.03539,   0.01077,   0.01569,   0.04523,   0.00913,   0.03210,  -0.00072,   0.03210,  -0.00728,  -0.01713,   0.00585,  -0.06636,  -0.02862,  -0.05652,  -0.06636,  -0.10082,  -0.04175,  -0.03846,  -0.02862,   0.03210,   0.00420,   0.00420,   0.01897,   0.04523,   0.01241,   0.06328,   0.03046,  -0.04339,  -0.04995,   0.00256,  -0.00072,  -0.00236,   0.02390,  -0.02041,   0.01077,   0.00092,  -0.05816,  -0.04175,   0.06328,  -0.01713,   0.05344,   0.00913,   0.02062,  -0.00400,  -0.00400,   0.02226,   0.02718,   0.01569,   0.00420,   0.08626,  -0.02041,  -0.03682,  -0.07785,   0.03539,   0.00092,   0.05344,   0.00749,  -0.00728,  -0.03682,   0.07805,   0.08790,   0.01733,   0.07313,   0.02882,  -0.02533,   0.00420,  -0.01056,  -0.07457,   0.01569,  -0.01549,   0.04687,   0.11580,   0.05836,   0.01241,  -0.01056,  -0.06964,  -0.00892,  -0.02041,   0.00585,   0.00420,   0.02390,   0.04031,  -0.02369,   0.05016,   0.06164,   0.02882,   0.02718,   0.03867,   0.02554,  -0.02205,   0.06492,  -0.02041,   0.01569,  -0.02533,   0.00585,  -0.04010,  -0.00072,  -0.00564,  -0.01385,   0.04687,   0.05016,  -0.00564,  -0.00892,  -0.06144,  -0.03518,  -0.00892,  -0.01877,  -0.00072,  -0.04339,   0.02554,   0.05672,   0.01733,   0.06657,   0.04359,   0.00092,   0.01569,   0.02062,  -0.03190,  -0.04010,   0.02062,   0.04523,   0.04195,  -0.09262,   0.00420,  -0.06472,  -0.00400,  -0.03846,   0.07641,  -0.06636,  -0.00400,  -0.03190,   0.12236,   0.03374,   0.00913,  -0.00236,  -0.00400,  -0.00728,  -0.01713,  -0.01877,   0.01405,  -0.00072,  -0.09426,   0.02062,  -0.03682,   0.02882,  -0.04175,  -0.04175,  -0.00564,  -0.04175,  -0.04339,  -0.03682,   0.00913,   0.03539,   0.03046,   0.00913,  -0.04175,   0.01241,   0.07313,  -0.08277,  -0.02698,  -0.01056,   0.00749,   0.00092,  -0.02862,   0.04851,  -0.04995,   0.01733,   0.02882,   0.07477,  -0.00564,   0.03046,  -0.05323,  -0.04667,   0.00092,   0.06328,   0.04195,   0.01897,  -0.01713,   0.00420,   0.00749,  -0.03026,   0.08298,  -0.01385,   0.05344,  -0.08605,   0.09282,  -0.13036,   0.05180,  -0.05816,  -0.02041,   0.04195,   0.02554,   0.06492,  -0.01056,  -0.04667,   0.01405,   0.07477,   0.00585,   0.00092,   0.00256,  -0.05159,  -0.00236,  -0.00892,  -0.01549,  -0.08770,  -0.07129,   0.09939,   0.00749,   0.02226,   0.06821,  -0.09590,  -0.01221,   0.04359,  -0.03026,  -0.04010,   0.08134,  -0.07785,   0.00749,  -0.00072,   0.00585,   0.03210,  -0.00400,   0.08134,   0.07149,  -0.05159,   0.04031,  -0.02205,   0.04523,  -0.01221,   0.00749,  -0.06308,   0.02554,   0.05508,   0.05180,   0.01405,   0.08790,  -0.09262,  -0.05323,   0.01733,   0.01405,  -0.00728,  -0.01549,   0.00256,  -0.00728,   0.02554,  -0.01713,  -0.01713,  -0.00236,  -0.01877,  -0.00564,   0.01569,  -0.02369,   0.03374,   0.03867,   0.09939,  -0.02533,   0.01569,  -0.03846,   0.05180,  -0.03190,   0.05016,  -0.05652,  -0.00892,   0.02226,   0.00913,  -0.03518,  -0.06800,   0.01897,  -0.00072,  -0.06800,  -0.01221,  -0.01385,  -0.00236,   0.02390,  -0.01877,  -0.00564,  -0.04503,  -0.01056,   0.01077,  -0.00892,  -0.04339,   0.05016,   0.01077,  -0.02041,  -0.02369,   0.01897,  -0.02533,  -0.00728,   0.03210,   0.02390,  -0.05159,   0.02226,  -0.04339,  -0.03682,  -0.01221,  -0.07785,  -0.04010,  -0.05323,  -0.06144,  -0.01056,  -0.04831,   0.05672,   0.06657,   0.02554,   0.01569,  -0.02205,  -0.04175,   0.00585,  -0.02205,  -0.04010,  -0.04667,   0.01569,   0.03867,  -0.03518,  -0.03354,   0.05836,  -0.01221,  -0.05980,   0.01077,   0.06657,   0.02390,  -0.04667,  -0.01221,  -0.06636,   0.02062,   0.00585,   0.03210,  -0.01056,  -0.04175,   0.01077,   0.05180,   0.00092,  -0.00400,  -0.02862,  -0.12544,  -0.04339,  -0.03846,   0.05180,   0.01733,   0.00092,   0.03046,   0.03703,   0.08462,   0.00256,   0.02882,  -0.03846,  -0.03190,   0.01241,   0.06164,  -0.06800,   0.00585,   0.03867,   0.04523,   0.02062,  -0.05487,   0.02062,   0.00420,  -0.12380,  -0.01385,  -0.05652,  -0.00236,  -0.04831,   0.03539,   0.06821,   0.02554,  -0.02698,   0.02882,  -0.04010,   0.03046,   0.06821,  -0.02369,   0.00092,  -0.06472,   0.03046,  -0.05980,   0.03539,  -0.00400,  -0.00564,  -0.08770,   0.00585,   0.00420,   0.01241,   0.00749,   0.05344,   0.00256,  -0.05159,  -0.03518,   0.02554,   0.03703,  -0.00400,  -0.00400,  -0.04831,  -0.03354,  -0.05980,  -0.10739,  -0.01549,  -0.01877,  -0.01877,   0.04687,  -0.11231,   0.00749,   0.05672,   0.04195,  -0.03682,  -0.08770,   0.06821,  -0.04175,  -0.05487,   0.04031,   0.04031,  -0.01713,   0.03867,   0.01405,   0.05836,   0.02390,  -0.05159,  -0.01221,  -0.09426,  -0.01385,   0.02390,  -0.02041,   0.09118,  -0.02041,   0.02226,  -0.00728,  -0.04667,   0.04031,   0.01241,   0.06328,  -0.05652,   0.01077,  -0.07949,   0.02062,   0.02062,  -0.00892,   0.03374,   0.06985,   0.04523,  -0.02698,   0.08954,  -0.04010,  -0.09262,  -0.02862,   0.08298,   0.01241,  -0.00236,   0.06000,   0.02554,  -0.06636,   0.00913,   0.03046,  -0.01877,  -0.04503,   0.02718,   0.07641,  -0.01221,   0.01733
   0.00913,   0.06164,   0.05016,  -0.03354,   0.05016,   0.05836,   0.04195,  -0.02698,  -0.03026,  -0.08113,   0.04687,  -0.04175,  -0.01713,   0.01405,  -0.06308,   0.06985,   0.10595,   0.01569,   0.00749,  -0.01385,   0.02554,   0.01241,  -0.01877,  -0.07621,   0.04359,  -0.03026,   0.00420,  -0.05323,  -0.00400,   0.01405,  -0.03518,   0.03867,   0.08790,  -0.06472,   0.01897,  -0.00728,  -0.01385,  -0.00072,   0.06821,  -0.04995,   0.00749,   0.05508,  -0.07621,  -0.00072,  -0.01221,  -0.00892,   0.04359,  -0.04010,   0.09282,  -0.02533,   0.05180,  -0.07293,   0.00256,  -0.04503,   0.10923,   0.01405,   0.02882,   0.07969,  -0.04831,  -0.01877,  -0.02698,  -0.00236,   0.01405,  -0.00236,  -0.01056,   0.04687,  -0.03354,  -0.01549,   0.00913,   0.08790,   0.06985,   0.03210,   0.00092,  -0.01549,   0.00092,   0.05508,   0.05016,   0.06821,   0.00420,   0.15026,   0.08626,   0.01897,   0.04523,  -0.04503,   0.10431,   0.13385,   0.01077,   0.04031,  -0.02862,   0.04359,  -0.03682,   0.03046,  -0.05487,   0.02390,   0.01077,  -0.01713,   0.01569,   0.01569,  -0.01549,   0.06492,  -0.08277,   0.02882,  -0.01549,   0.03210,   0.01569,   0.03374,  -0.08605,  -0.08441,   0.01241,  -0.04503,  -0.01549,  -0.06144,   0.03374,  -0.02041,  -0.02041,   0.01077,  -0.01549,  -0.02862,  -0.09098,  -0.02862,  -0.01877,   0.08462,   0.00256,  -0.03354,   0.02718,  -0.04667,   0.06328,  -0.04831,   0.01241,   0.02554,   0.03046,  -0.04995,  -0.04667,  -0.01549,   0.06821,   0.07969,  -0.01221,  -0.10247,  -0.03354,   0.03046,   0.03703,   0.03539,  -0.05652,   0.07641,  -0.07293,   0.02390,   0.05672,   0.02390,  -0.00236,   0.08790,   0.01241,  -0.06964,   0.01077,  -0.00564,  -0.07293,   0.01077,   0.04031,   0.03703,  -0.07293,   0.03046,   0.01077,  -0.04995,  -0.04995,  -0.05816,   0.00749,  -0.00236,  -0.02862,   0.02554,  -0.04831,   0.09118,   0.06821,   0.10595,   0.00585,   0.05508,  -0.07621,   0.04195,   0.00585,   0.02882,   0.05672,  -0.10739,  -0.00236,  -0.03354,   0.03703,  -0.05652,   0.03539,   0.02718,  -0.01056,  -0.00728,  -0.03026,  -0.08770,  -0.01713,   0.08462,   0.08134,  -0.14185,   0.01077,   0.00256,  -0.02533,  -0.05487,  -0.02533,  -0.02533,   0.02718,   0.06000,   0.09282,   0.06328,  -0.00236,   0.03867,  -0.01221,   0.02718,  -0.03846,   0.00420,  -0.04010,   0.03539,   0.01897,   0.02718,   0.01733,   0.01405,   0.03046,  -0.03354,  -0.03518,  -0.02698,  -0.02205,   0.05016,  -0.06144,   0.00585,  -0.01056,   0.02718,  -0.00892,   0.03867,  -0.08113,   0.07641,   0.00092,   0.01897,   0.05508,  -0.02862,   0.00420,  -0.03026,  -0.08770,   0.04851,   0.08626,  -0.07457,   0.04031,  -0.02205,   0.00913,   0.04687,   0.05672,  -0.06964,  -0.03518,  -0.00892,   0.09282,   0.00420,  -0.02369,  -0.05323,  -0.04175,  -0.06472,  -0.01549,  -0.00728,   0.01405,  -0.01877,  -0.04010,   0.01241,   0.01569,  -0.05487,  -0.00072,  -0.05980,   0.07641,   0.03539,   0.05508,   0.06657,  -0.03682,   0.00585,   0.05508,   0.05344,  -0.08441,   0.02226,   0.00420,   0.00913,   0.04031,   0.04359,  -0.03026,   0.08298,   0.02390,   0.01077,   0.01733,   0.04523,  -0.02533,  -0.03846,   0.00585,   0.05016,  -0.04831,   0.04687,   0.02062,   0.06492,  -0.00892,   0.05016,   0.01733,  -0.01549,  -0.04010,   0.02718,   0.02882,  -0.04995,  -0.00728,  -0.03682,   0.02062,  -0.00728,   0.06657,   0.03703,   0.06821,  -0.04175,   0.00749,   0.01569,  -0.00236,   0.01405,   0.00420,  -0.01877,  -0.00236,   0.05508,   0.09939,   0.03374,   0.01897,   0.01405,  -0.00728,   0.02882,  -0.03846,   0.05344,  -0.01056,   0.05016,   0.03703,  -0.00236,   0.02226,   0.00913,   0.00420,  -0.00072,  -0.04339,   0.06164,  -0.01549,   0.01077,   0.00092,   0.04195,   0.06657,   0.01733,   0.00585,  -0.01221,   0.08134,  -0.01713,  -0.01385,   0.00256,  -0.06308,   0.09282,  -0.02369,   0.00749,  -0.05980,   0.05180,   0.05508,  -0.00400,  -0.03846,  -0.04503,   0.01733,   0.03703,   0.01077,   0.06821,   0.00092,  -0.08441,  -0.02698,  -0.03026,   0.11908,   0.03703,   0.04523,   0.05344,   0.01569,   0.08134,   0.00092,  -0.04503,   0.05836,   0.02882,   0.00420,  -0.00236,   0.01241,  -0.02533,  -0.00072,  -0.02698,   0.06164,   0.03210,   0.08462,   0.06492,   0.13221,  -0.05816,   0.06492,   0.01733,   0.03046,   0.07641,  -0.05816,   0.00749,  -0.02698,  -0.02369,  -0.02205,  -0.03026,  -0.03190,   0.08134,  -0.08277,   0.00585,  -0.04010,  -0.11888,  -0.00892,  -0.05487,  -0.10411,  -0.00728,  -0.00892,   0.02554,  -0.03026,   0.05508,  -0.04010,   0.04687,  -0.01549,   0.00420,   0.04687,  -0.01385,   0.01077,  -0.06964,   0.00256,   0.02390,  -0.00728,  -0.01385,  -0.06964,  -0.03682,   0.09775,   0.05344,   0.04195,  -0.02205,  -0.02041,   0.03374,  -0.01221,   0.00420,   0.07477,   0.01733,  -0.03518,   0.04523,   0.08790,   0.00913,  -0.04503,   0.01569,   0.04687,  -0.02369,   0.07149,  -0.02369,   0.04359,   0.03539,  -0.04339,  -0.00892,  -0.00400,  -0.04667,   0.03539,   0.02390,   0.06164,  -0.03354,  -0.02041,  -0.13529,  -0.00892,   0.04687,  -0.02698,   0.08626,   0.00256,   0.03046,  -0.11067,   0.00585,   0.04359,   0.12893,  -0.00892,   0.07805,  -0.05159,  -0.09918,   0.00420,   0.01241,   0.02390,   0.02554,   0.05672,  -0.01385,   0.10923,  -0.05323,  -0.03518,  -0.00072,  -0.00400,  -0.04339,   0.01733,  -0.12052,   0.02554,   0.05180,  -0.01549,  -0.05323,  -0.06472,   0.02554,   0.04031,   0.03046,   0.01405,   0.00749,  -0.06964,  -0.04339,  -0.05323,  -0.02205,   0.00256,   0.10103,  -0.00892,   0.00092,   0.00420,   0.07969,   0.04031,  -0.02698,  -0.03518,  -0.02862,   0.04031,  -0.04503,  -0.08441,  -0.01221,   0.00420,  -0.02862,  -0.08113,  -0.03190,  -0.02698,  -0.04995,   0.05016,   0.01569,  -0.05323,  -0.01549,  -0.03682,  -0.01056,  -0.01385,   0.05344,   0.02882,  -0.03354,   0.10759,   0.00420,  -0.03026,   0.07969,   0.04523,  -0.01713,  -0.06800,  -0.03354,  -0.02369,   0.02554,   0.00749,  -0.03846,   0.01733,  -0.06964,   0.04359,   0.02390,   0.01733,  -0.00564,  -0.00564,   0.01241,  -0.00564,  -0.01549,   0.05508,  -0.00400,   0.10103,  -0.00236,   0.01077,  -0.02041,  -0.01713,  -0.03846,  -0.12544,   0.01897,  -0.05323,  -0.01713,  -0.08605,   0.03703,   0.02554,   0.02718,   0.00092,  -0.00728,  -0.02862,  -0.07621,   0.02882,  -0.07621,   0.00585,  -0.02205,   0.06492,   0.08134,   0.04851,  -0.01549,  -0.06472,   0.05180,   0.01077,   0.03867,  -0.05159,   0.03867,  -0.02862,   0.01569,  -0.00400,  -0.03846,   0.06000,   0.04359,  -0.04831,   0.02226,   0.06657,  -0.05323,  -0.04995,  -0.00400,  -0.08605,   0.04195,  -0.09590,  -0.11067,  -0.00236,  -0.01385,   0.03867,  -0.03354,  -0.03026,  -0.00400,   0.06821,   0.05344,  -0.01385,  -0.02698,   0.04851,  -0.06636,   0.00749,   0.01897,  -0.03026,   0.06328,   0.02882,  -0.03354,  -0.08934,   0.05836,  -0.00564,   0.00256,  -0.00892,   0.00913,  -0.06800,   0.03867,   0.01897,  -0.05487,  -0.01056,  -0.08770,  -0.03682,  -0.06800,   0.10267,   0.05672,   0.02390,  -0.04339,  -0.05652,   0.04195,   0.06164,   0.03867,  -0.01385,   0.09775,  -0.02862,  -0.01385,   0.03374,  -0.03682,  -0.00892,   0.00585,   0.00092,   0.02226,  -0.04667,   0.03703,  -0.05159,  -0.03846,  -0.12216,   0.05344,  -0.01056,  -0.02533,   0.00749,  -0.00236,  -0.05159,  -0.01221,   0.00749,  -0.00072,   0.07477,  -0.04667,  -0.01221,   0.02390,   0.02390,   0.07805,  -0.02533,  -0.00236,  -0.03354,  -0.02205,  -0.08934,   0.06492,   0.00749,  -0.07457,   0.00585,   0.00585,   0.01733,  -0.02041,   0.03046,  -0.01221,   0.08298,   0.01569,   0.05836,   0.04687,  -0.00072,  -0.02862,   0.07477,   0.02554,  -0.03354,  -0.05652,  -0.10575,   0.00092,  -0.03026,   0.05180,   0.01241,  -0.03682,  -0.00564,  -0.02533,  -0.03518,   0.11252,   0.01241,  -0.01221,   0.07805,   0.02226,   0.03046,   0.01733,  -0.03682,  -0.04831,  -0.03190,   0.04687,  -0.00564,   0.00256,  -0.02533,   0.01897,   0.09775,   0.02554,   0.03374,  -0.02862,   0.01241,   0.05672,   0.05508,  -0.01877,   0.01569,   0.01077,   0.05836,   0.05508,  -0.01385,   0.06985,  -0.02041,  -0.04995,   0.13549,  -0.02533,  -0.00892,  -0.01385,   0.03703,   0.01077,  -0.00728,   0.03374,   0.08954,  -0.06472,   0.01569,  -0.00892,   0.03046,  -0.09262,   0.10595,  -0.05980,   0.00749,   0.01569,   0.01241,  -0.03190,   0.01077,  -0.04667,  -0.04339,  -0.04175,   0.07805,  -0.01221,  -0.01549,  -0.02369,  -0.03682,  -0.02862,  -0.00072,  -0.01877,  -0.00728,  -0.10739,  -0.04339,  -0.02698,  -0.02041,   0.07313,  -0.05487,   0.07477,   0.02226,  -0.01221,  -0.08934,   0.01569,  -0.02369,  -0.02533,   0.06985,  -0.03846,   0.02226,   0.01405,   0.01241,   0.01241,   0.02062,  -0.04995,   0.05180,   0.02554,  -0.02041,  -0.09098,   0.03539,   0.00092,  -0.00072,   0.01405,  -0.03846,   0.00913,   0.05836,   0.03046,   0.03210,  -0.05487,   0.06164,  -0.01877,  -0.04667,   0.01897,   0.04523,  -0.12872,   0.03374,   0.04195,   0.03374,   0.04523,  -0.07129,   0.01077,   0.00256,   0.06328,  -0.04831,  -0.01056,  -0.01549,   0.00420,  -0.00072,   0.00420,  -0.02369,  -0.02369,  -0.02205,  -0.02533,   0.05672,   0.01733,   0.04195,   0.00420,  -0.03026,   0.01405,  -0.03026,   0.07969,  -0.09098,  -0.05487,  -0.00236,  -0.03026,  -0.01549,  -0.07129,  -0.08113,   0.00749,  -0.02533,  -0.08113,  -0.10411,   0.01077,  -0.00400,   0.01897,   0.01733,  -0.03190,  -0.05652,  -0.00236,  -0.00400,   0.08134,  -0.03190,   0.00585,  -0.01385,  -0.03026,  -0.04339,  -0.02698,  -0.02698,   0.04851,   0.00256,   0.04359,  -0.06964,  -0.00072,  -0.05487,  -0.01385,   0.09282,  -0.00728,  -0.05816,   0.01241,   0.08954,  -0.00236,   0.01405,  -0.08113,   0.02882,  -0.01221,  -0.09098,   0.12072,  -0.03518,  -0.05487,  -0.02041,   0.02226,   0.05672,  -0.01877,  -0.03682,   0.02718,   0.02554,   0.03539,  -0.06800,  -0.00400,   0.04687,  -0.00072,   0.04359,   0.09118,   0.03210,   0.12072,   0.02062,  -0.00236,  -0.01056,   0.01897,  -0.02698,   0.04195,  -0.00236,   0.07969,  -0.04831,   0.04523,  -0.02533,   0.00256,   0.04031,   0.08462,  -0.05323,   0.00420,   0.03210,  -0.05323,   0.03210,   0.00749,  -0.02205,   0.02554,  -0.03190,  -0.03190,  -0.02041,   0.05180,  -0.02041,  -0.04667,  -0.04339,  -0.06800,   0.00585,   0.02390,   0.02554,  -0.06472,  -0.12872,   0.10103,  -0.03518,   0.08954,   0.02882,  -0.02862,  -0.01549,   0.05672,  -0.00564,   0.01241,  -0.01221,  -0.01713,   0.07477,   0.00749,  -0.07785,  -0.00892,   0.06492,  -0.03190,   0.06492,   0.02882,   0.02062,   0.04031,  -0.02698,  -0.00072,  -0.00236,   0.04523,   0.04031,  -0.07785,   0.00913,  -0.03354,   0.16831,  -0.01221,   0.10595,   0.04359,  -0.02698,  -0.00236,  -0.01385,   0.04359,   0.01405,  -0.00400,   0.02390,  -0.03354,   0.00420,   0.06328,  -0.01549,   0.02062,   0.01733,  -0.04831,   0.05672,  -0.04995,   0.00420,   0.00256,  -0.07457,   0.00092,   0.08134,  -0.00728,   0.06821,   0.05180,  -0.05652,  -0.01221,  -0.00564,   0.04195,   0.08462,   0.09446,  -0.00236,  -0.04010,   0.00585,  -0.02698,   0.06000,   0.04851,   0.03210,  -0.02205,   0.03374,  -0.02041,  -0.03026,   0.11908,  -0.00728,  -0.04503,   0.01569,   0.04031,   0.04031,  -0.02698,   0.00749,   0.08134,   0.00092,   0.00585,  -0.03518,  -0.05652,   0.06821,   0.05508,  -0.06472,  -0.00564
  -0.01221,  -0.07293,   0.01077,   0.03703,   0.01241,  -0.00892,  -0.08770,  -0.02698,  -0.00236,   0.00092,   0.05344,  -0.01713,  -0.04339,   0.03046,   0.02882,  -0.00728,  -0.01385,   0.02882,  -0.01713,   0.04359,  -0.06144,  -0.04339,  -0.07785,  -0.02862,  -0.03026,  -0.06800,   0.02226,   0.05016,  -0.09098,   0.01405,  -0.00564,   0.01405,   0.06821,  -0.02533,   0.04195,  -0.01549,  -0.06636,  -0.00564,   0.02390,   0.03703,  -0.06964,   0.05836,   0.04195,   0.04687,   0.04031,   0.04851,   0.03703,  -0.00728,  -0.03026,  -0.04831,   0.01241,  -0.01385,  -0.03518,  -0.02698,  -0.01056,   0.02554,   0.01405,   0.02390,  -0.02205,  -0.01713,   0.02390,   0.00420,   0.03867,   0.01077,  -0.06308,   0.09118,   0.01897,   0.03046,  -0.04667,   0.00585,   0.03867,   0.00749,  -0.00400,  -0.00728,  -0.03518,   0.01733,   0.00585,  -0.05323,  -0.07949,  -0.04503,  -0.06964,   0.01733,  -0.03190,   0.01897,  -0.02041,  -0.04339,  -0.07621,  -0.02041,  -0.00236,   0.03374,  -0.04010,   0.07805,   0.03539,  -0.02533,   0.04523,  -0.01549,   0.05836,   0.00092,   0.03046,  -0.01385,   0.02554,  -0.05816,   0.03539,   0.06492,   0.05508,   0.01405,  -0.02041,  -0.01549,   0.06164,  -0.08113,   0.05508,   0.03374,  -0.01713,  -0.01056,   0.07477,   0.02226,   0.03374,  -0.04667,  -0.02533,   0.12072,  -0.00728,  -0.08934,   0.04359,  -0.05487,  -0.01385,  -0.00728,  -0.04503,  -0.03354,   0.00092,   0.02554,  -0.02533,  -0.02862,  -0.02205,  -0.04831,   0.00256,  -0.05980,   0.03703,   0.03703,   0.06657,  -0.02533,   0.00913,  -0.02698,  -0.02369,  -0.03518,  -0.01877,   0.02226,  -0.02369,  -0.01056,  -0.04667,   0.03867,   0.00913,   0.02554,  -0.01713,   0.06657,   0.01897,  -0.00728,   0.04031,  -0.02533,  -0.07949,  -0.01385,   0.02718,   0.03046,   0.08462,   0.02718,  -0.01056,   0.00749,   0.04195,   0.02882,  -0.01877,   0.02882,  -0.02369,   0.01077,   0.05344,   0.06000,  -0.03518,  -0.00728,   0.05180,   0.02882,   0.09446,  -0.03846,  -0.00728,   0.01405,  -0.05487,  -0.06308,  -0.00236,   0.04523,  -0.01549,   0.04031,  -0.01056,   0.02718,   0.05672,  -0.04831,  -0.04503,   0.00420,  -0.00400,   0.00749,  -0.04175,   0.02226,   0.02390,   0.04687,  -0.00400,   0.05180,   0.03046,  -0.03190,   0.06164,   0.00420,  -0.03354,   0.00585,   0.01405,   0.01569,   0.00256,  -0.00564,  -0.04667,  -0.00236,   0.01569,  -0.02698,   0.06164,   0.00913,   0.01569,  -0.02041,  -0.01385,  -0.06800,   0.02882,  -0.01713,  -0.01713,   0.01569,  -0.03518,   0.02226,  -0.06636,   0.02390,   0.05508,  -0.02862,   0.07313,   0.00585,   0.03210,   0.07969,  -0.03682,  -0.04831,  -0.05159,   0.03046,  -0.04667,   0.01569,  -0.01713,   0.04195,   0.02390,  -0.04995,   0.04851,   0.01897,  -0.01221,  -0.00728,  -0.00892,  -0.02205,  -0.01385,  -0.00728,  -0.01877,  -0.05323,  -0.06800,  -0.03190,   0.07149,  -0.04667,   0.00913,   0.07313,  -0.01877,  -0.01385,   0.04359,  -0.07785,   0.03374,   0.03046,  -0.00400,  -0.01385,  -0.06800,   0.06492,   0.02062,  -0.09590,   0.02390,   0.00749,  -0.00564,  -0.00236,   0.02226,  -0.02041,   0.00585,   0.01077,   0.00585,  -0.07621,  -0.05487,  -0.00072,  -0.00564,   0.04523,   0.07149,  -0.02698,  -0.06308,   0.04195,   0.00420,  -0.02041,  -0.01877,   0.00749,   0.00420,  -0.00892,   0.00585,   0.03703,   0.00585,  -0.02862,  -0.06308,   0.05016,  -0.08934,   0.05672,  -0.04175,   0.03374,  -0.00892,   0.03046,  -0.00892,   0.03374,   0.00256,  -0.04339,   0.00256,  -0.06636,  -0.02698,   0.06164,  -0.00892,   0.05180,   0.03867,   0.00420,  -0.05159,   0.03539,   0.08626,   0.11088,  -0.04175,   0.01241,   0.06985,  -0.04175,   0.04359,   0.00256,  -0.02862,   0.04687,  -0.00072,   0.00749,   0.04687,  -0.01713,  -0.03682,   0.00585,   0.04687,  -0.00236,   0.00420,  -0.02862,  -0.03682,  -0.11231,  -0.01221,  -0.02205,   0.01241,  -0.05323,   0.00749,   0.04851,   0.05672,  -0.03682,  -0.05159,   0.09282,  -0.02205,  -0.00400,  -0.04503,  -0.05159,   0.00256,   0.01897,   0.00913,   0.03374,   0.02390,   0.04031,   0.01733,  -0.03354,   0.03046,  -0.05652,  -0.01713,  -0.00236,   0.01405,   0.06000,   0.02554,   0.02226,  -0.02369,   0.08626,  -0.06472,   0.01241,  -0.03682,   0.01077,  -0.01713,   0.00749,   0.04687,   0.04195,  -0.02862,   0.00420,  -0.03190,   0.01733,   0.02390,  -0.00236,  -0.04339,   0.03046,   0.00256,   0.01077,  -0.01549,  -0.01385,  -0.00728,   0.00749,   0.02062,  -0.05159,  -0.07785,   0.02062,  -0.01221,  -0.00072,  -0.00072,  -0.03682,  -0.04339,  -0.02862,   0.06492,   0.00092,  -0.00728,   0.01241,  -0.03518,  -0.04339,   0.09118,   0.01405,   0.03046,  -0.04831,  -0.02862,  -0.04339,  -0.00892,  -0.01056,   0.06164,  -0.00564,   0.06821,  -0.03190,   0.04195,  -0.05816,  -0.01221,   0.00420,  -0.06144,  -0.04010,  -0.02862,   0.02882,   0.01241,   0.04687,   0.07641,  -0.10082,   0.02718,  -0.02205,  -0.02862,   0.02390,   0.02062,   0.02718,  -0.00072,   0.05836,  -0.01221,   0.02062,   0.02718,  -0.02041,   0.01077,  -0.00400,   0.03210,   0.04687,  -0.03682,  -0.06472,  -0.04667,  -0.00564,   0.04359,   0.09118,  -0.01549,  -0.02041,   0.00749,   0.02062,  -0.05980,  -0.03354,  -0.04175,   0.00749,   0.00749,   0.00420,   0.01405,   0.01897,   0.06821,  -0.00892,  -0.00564,  -0.02369,   0.03046,   0.01241,  -0.03846,   0.02718,  -0.04175,   0.05508,   0.04523,  -0.00072,  -0.00564,   0.02882,   0.08954,  -0.00728,   0.08954,  -0.04831,  -0.00400,  -0.03518,   0.01405,  -0.06144,  -0.01385,  -0.01221,   0.02554,  -0.02369,  -0.06144,  -0.02698,   0.07805,  -0.03682,   0.00256,   0.04851,  -0.02369,  -0.03354,  -0.04339,  -0.05323,  -0.02698,   0.06000,  -0.05159,  -0.02369,   0.06164,   0.04851,   0.06657,  -0.07129,   0.02226,   0.04031,  -0.04667,  -0.01713,   0.00256,   0.02226,  -0.05323,   0.04359,  -0.02533,  -0.03682,   0.01241,  -0.00728,  -0.04831,   0.02062,  -0.02698,   0.04031,  -0.04175,  -0.01056,  -0.00072,  -0.01713,  -0.04339,   0.04851,  -0.04010,  -0.01056,   0.03046,  -0.08441,  -0.04339,   0.00420,  -0.01877,  -0.04831,   0.01733,  -0.00728,   0.02226,   0.05508,   0.00256,   0.02226,  -0.03518,  -0.00236,   0.06164,   0.04359,   0.01569,   0.05836,   0.02062,  -0.03190,  -0.02698,   0.05180,   0.00420,   0.00585,  -0.00564,   0.01897,   0.00585,   0.03210,   0.04687,  -0.04339,   0.01405,  -0.03518,   0.00585,  -0.05159,  -0.01221,  -0.07457,  -0.04175,  -0.00728,  -0.00564,  -0.02041,  -0.01549,   0.00913,  -0.04339,  -0.01056,   0.00749,   0.00585,  -0.01713,  -0.02205,   0.02718,   0.00092,   0.01077,   0.05836,   0.02554,   0.01733,   0.00913,  -0.02533,   0.05344,  -0.01385,   0.03046,   0.06164,  -0.02533,   0.03210,  -0.04010,  -0.04503,  -0.02369,   0.06985,   0.02062,   0.06164,  -0.04831,  -0.01713,   0.00913,   0.00092,   0.05508,   0.03867,  -0.03682,  -0.08934,  -0.01877,  -0.04010,   0.04195,   0.05672,  -0.00892,  -0.01713,   0.11416,  -0.01877,  -0.01056,  -0.03354,   0.01569,   0.01733,   0.02554,   0.04851,   0.09118,  -0.01877,  -0.02369,   0.01733,  -0.02698,   0.03867,   0.01241,  -0.01385,   0.02062,  -0.02533,   0.00092,   0.03046,  -0.02041,  -0.02533,   0.05016,   0.01077,   0.02226,   0.01569,  -0.02369,  -0.03354,   0.01405,   0.03539,  -0.03026,  -0.01549,   0.01733,  -0.05652,   0.06657,  -0.00072,   0.00092,   0.05180,  -0.02533,   0.01077,   0.01241,  -0.02369,  -0.00892,   0.00420,  -0.00072,  -0.01877,   0.06328,  -0.02205,   0.03539,   0.02390,   0.04195,  -0.04831,  -0.06472,  -0.01385,   0.04687,  -0.03354,  -0.03354,   0.01405,   0.02390,   0.01733,   0.06657,  -0.00236,   0.02554,   0.03703,   0.01569,  -0.06472,   0.01405,  -0.01877,   0.01405,  -0.00072,  -0.00400,   0.10431,  -0.04339,   0.01077,   0.00420,   0.01241,  -0.06472,   0.06821,   0.05836,   0.02882,  -0.03354,   0.05180,  -0.04995,  -0.00236,  -0.05652,  -0.04175,   0.05836,  -0.06144,   0.00256,  -0.00400,   0.05016,  -0.03518,  -0.03354,   0.01241,   0.05344,  -0.03354,   0.04687,   0.00749,  -0.06636,   0.00092,   0.02062,  -0.03682,  -0.01385,   0.09118,  -0.06308,   0.01569,  -0.04339,  -0.07293,   0.03210,  -0.05159,   0.01077,  -0.02369,  -0.01221,   0.06164,   0.03539,   0.04851,   0.00913,  -0.01713,  -0.01713,  -0.05487,  -0.04667,   0.02390,   0.04031,  -0.04667,  -0.03354,  -0.07949,   0.02390,   0.02226,  -0.07949,  -0.00400,  -0.04010,   0.09446,   0.03374,   0.03210,  -0.03190,   0.02390,   0.02226,  -0.02533,  -0.00072,   0.01569,   0.01405,   0.00256,   0.02226,   0.03867,  -0.03190,   0.00749,  -0.01056,  -0.04175,   0.01077,  -0.04503,  -0.01056,  -0.01056,   0.02390,  -0.04995,   0.05344,   0.02554,  -0.04831,  -0.02369,   0.01077,  -0.04010,  -0.03354,  -0.02369,  -0.06308,  -0.00564,   0.06164,  -0.04010,   0.02718,  -0.02041,   0.02062,   0.00092,   0.04687,  -0.05816,  -0.00892,  -0.06144,   0.02062,  -0.00400,   0.00749,  -0.08770,  -0.00400,  -0.05159,   0.06000,  -0.02533,  -0.00072,   0.03046,   0.00749,   0.05836,  -0.09590,   0.01077,   0.08298,   0.02390,   0.01569,  -0.04831,   0.11580,   0.02226,  -0.05159,  -0.04175,   0.13713,   0.03539,   0.01077,   0.04851,  -0.08605,  -0.03682,   0.05344,  -0.00236,  -0.04339,   0.02062,  -0.02369,   0.05836,   0.00256,  -0.03518,  -0.03682,  -0.02698,  -0.02533,  -0.07785,  -0.06472,   0.01733,   0.03046,   0.02062,  -0.00400,  -0.03846,  -0.11395,   0.00092,  -0.02533,   0.01077,  -0.02041,   0.01077,   0.08134,  -0.04995,   0.00585,  -0.03190,   0.09282,   0.02390,  -0.01877,   0.03867,  -0.01056,  -0.01221,  -0.02205,  -0.00728,   0.02554,   0.03046,  -0.07293,   0.04031,   0.00585,  -0.01056,  -0.01056,  -0.04339,   0.01897,   0.03374,  -0.00072,  -0.00236,  -0.02041,   0.02062,   0.04851,   0.02718,  -0.01877,   0.02226,   0.07969,  -0.02862,  -0.07129,   0.03046,   0.02062,  -0.04503,  -0.02041,   0.01077,   0.07641,   0.02226,   0.00585,   0.00913,   0.00420,   0.02390,  -0.02369,   0.00913,   0.00585,  -0.02533,   0.02718,   0.05016,  -0.04010,   0.05508,  -0.05816,  -0.00236,   0.05180,   0.03703,   0.00913,   0.02718,   0.04523,   0.03046,  -0.06472,   0.02554,  -0.04995,   0.02882,   0.00749,  -0.06800,   0.04687,   0.02062,   0.02062,   0.05836,  -0.01549,   0.02882,  -0.00892,   0.00585,  -0.07621,   0.00420,   0.01897,   0.05016,  -0.01549,  -0.03190,   0.02718,   0.01241,  -0.07129,  -0.04831,  -0.00072,  -0.04175,  -0.00564,  -0.01221,  -0.04831,   0.09939,   0.03046,  -0.07949,   0.04359,  -0.00236,   0.13385,  -0.02862,   0.00420,  -0.01221,   0.01569,  -0.02369,   0.03703,  -0.01056,  -0.03846,   0.03046,  -0.10247,  -0.03026,  -0.01713,   0.01077,   0.03703,   0.02390,   0.00092,   0.04359,   0.07969,  -0.00236,   0.03374,  -0.06636,   0.04031,   0.01077,   0.01569,  -0.00400,  -0.04831,   0.07969,  -0.02369,   0.00420,   0.00092,   0.01077,  -0.00564,  -0.02698,   0.03046,  -0.03354,   0.01569,  -0.06964,   0.04359,   0.00256,  -0.00892,   0.01077,   0.05016,  -0.00728,  -0.03354,  -0.04667,   0.05836,   0.03046,   0.09282,  -0.08770,   0.02718,   0.07969,   0.00585,   0.04195,  -0.02205,  -0.00892,  -0.03026,   0.00913,  -0.03354,  -0.02205,   0.02062,  -0.01385,  -0.00892,   0.09282,  -0.04503,  -0.02698,   0.06328,  -0.00564,   0.02226,   0.02882,   0.00420,  -0.07457,  -0.05652,  -0.02862,  -0.02205,   0.01077,  -0.05323,  -0.00892,   0.00913,  -0.00892
   0.07313,  -0.02533,  -0.01056,  -0.04503,   0.04031,  -0.01221,  -0.00400,   0.02554,   0.02554,  -0.03026,  -0.02698,   0.03210,   0.03539,   0.01077,  -0.01549,   0.00256,   0.00585,  -0.00564,   0.06164,   0.05672,  -0.00072,  -0.03354,   0.00420,   0.01077,  -0.04175,  -0.01549,  -0.07457,  -0.03682,   0.06821,  -0.06800,  -0.00236,  -0.02698,  -0.01385,  -0.04339,   0.07149,   0.04031,  -0.01385,   0.02062,   0.05672,   0.07149,   0.00092,   0.01405,  -0.02698,   0.00256,   0.02554,  -0.04995,  -0.01385,  -0.00072,  -0.05487,   0.00256,   0.03703,   0.00913,   0.02390,   0.03046,  -0.00564,   0.05836,  -0.01877,   0.02882,   0.06821,   0.03046,  -0.04175,   0.02718,  -0.07949,   0.03210,   0.05836,   0.06657,   0.00749,  -0.02205,   0.03210,   0.00092,   0.01241,   0.03374,  -0.00564,   0.01405,   0.04523,  -0.07293,  -0.00892,  -0.02698,   0.04687,   0.00585,   0.06657,  -0.01877,   0.06328,  -0.06800,   0.05016,  -0.09262,  -0.00072,  -0.00236,   0.02226,  -0.03846,   0.04359,  -0.03354,  -0.06800,  -0.01877,  -0.00892,   0.01733,   0.00749,   0.00092,  -0.04503,  -0.01385,  -0.03354,  -0.06964,   0.00585,   0.00585,   0.01077,   0.03867,   0.04523,   0.00092,   0.07641,   0.07805,   0.00420,  -0.04667,  -0.01877,  -0.02369,  -0.02698,  -0.05816,  -0.01713,   0.02390,   0.02390,   0.04523,   0.03046,   0.00585,   0.00420,   0.00256,   0.10595,   0.04031,   0.05016,   0.03046,  -0.06472,   0.01077,  -0.01385,   0.05672,   0.07641,  -0.06144,   0.02882,   0.05016,  -0.06800,  -0.03354,   0.00749,  -0.04503,  -0.00400,  -0.06472,  -0.04503,   0.05016,   0.00256,   0.02718,   0.09611,   0.04359,  -0.07949,  -0.05159,   0.03374,   0.03374,   0.04359,   0.05508,   0.00256,  -0.05652,   0.04195,   0.07149,   0.02554,   0.04195,  -0.00400,   0.02554,  -0.05980,  -0.02205,  -0.04667,  -0.04667,  -0.05487,  -0.05816,  -0.00072,   0.06164,  -0.04503,   0.05016,  -0.01221,  -0.03354,   0.01897,   0.01077,   0.06164,   0.01077,  -0.02041,  -0.04175,  -0.03682,  -0.01713,   0.05180,   0.10103,   0.06000,   0.03867,  -0.08770,   0.01077,  -0.00072,  -0.04667,   0.00256,   0.04687,   0.00913,   0.05508,  -0.02862,  -0.04831,  -0.01877,  -0.01385,  -0.04503,   0.02554,  -0.04995,  -0.02205,  -0.00728,   0.03374,   0.00420,  -0.04175,  -0.01056,   0.00913,  -0.02862,  -0.03026,   0.05180,   0.01405,  -0.02698,   0.02226,  -0.01385,   0.02390,   0.01897,   0.00913,   0.01241,  -0.09262,   0.03046,  -0.01221,  -0.07293,  -0.07621,   0.01077,   0.04523,  -0.02205,  -0.01713,   0.00913,  -0.03682,  -0.06308,   0.05344,  -0.03518,  -0.04831,   0.02226,  -0.01221,   0.03703,  -0.01549,  -0.03518,  -0.01877,   0.00749,  -0.01385,  -0.00564,  -0.01056,   0.00092,  -0.03682,   0.05508,  -0.01056,  -0.06472,   0.00749,   0.07477,   0.08298,  -0.00400,   0.02390,  -0.06636,   0.02718,  -0.04995,   0.05508,   0.04851,   0.03703,   0.02390,  -0.00564,   0.01733,  -0.04175,  -0.02041,  -0.03190,  -0.00072,   0.04031,   0.03703,   0.00585,  -0.00072,  -0.10575,   0.03210,  -0.07457,  -0.07129,   0.06000,  -0.01713,  -0.05816,  -0.03518,   0.03867,   0.00749,   0.01405,  -0.06144,   0.01733,  -0.02698,   0.03539,   0.02226,  -0.01877,  -0.03354,  -0.04995,  -0.03518,  -0.02533,  -0.05159,   0.00092,  -0.05487,  -0.01221,   0.02882,  -0.00564,   0.07149,   0.00913,   0.03374,  -0.00728,  -0.00728,  -0.03190,  -0.05487,  -0.06472,   0.00913,   0.06328,   0.07149,  -0.06144,   0.06821,  -0.05980,  -0.04995,  -0.00400,   0.06164,   0.09282,   0.01569,  -0.03026,   0.00913,  -0.03518,   0.04523,   0.02718,  -0.00728,  -0.01877,  -0.04175,  -0.02862,   0.07805,   0.08134,  -0.08441,  -0.06800,  -0.04175,   0.00913,   0.00420,  -0.03026,   0.00256,   0.01569,  -0.00400,   0.03374,   0.05180,   0.04359,  -0.03682,  -0.02698,  -0.03518,   0.04031,  -0.06636,   0.04031,   0.01733,   0.01569,   0.04359,   0.02390,   0.02226,   0.02882,   0.03374,   0.08626,  -0.03846,   0.02226,   0.00256,  -0.03026,   0.10103,   0.04687,  -0.03518,   0.06492,  -0.04503,  -0.04175,  -0.00236,  -0.03682,  -0.01877,   0.03210,   0.01733,  -0.03190,   0.00420,  -0.01549,  -0.01549,  -0.01056,  -0.01056,  -0.00892,   0.00420,   0.03703,   0.01897,  -0.00564,   0.00913,   0.01733,  -0.07129,   0.06985,   0.01897,  -0.04339,  -0.07457,  -0.02862,   0.02390,  -0.03190,   0.02062,   0.01241,   0.00256,   0.03374,   0.00585,  -0.06144,   0.01733,   0.01405,   0.01077,  -0.03354,   0.04523,   0.02226,  -0.02698,  -0.04010,  -0.10411,   0.02062,   0.03703,   0.03374,   0.00749,   0.00092,   0.01241,   0.07641,   0.03703,   0.02226,   0.01569,  -0.01713,  -0.01877,   0.00585,  -0.07949,   0.06000,   0.02390,  -0.01385,  -0.01877,  -0.02041,   0.03539,   0.00092,  -0.07949,  -0.02205,   0.07149,  -0.07621,  -0.05980,  -0.00892,   0.04359,   0.05344,   0.04851,  -0.06964,   0.07149,   0.07641,   0.00585,   0.00585,  -0.02369,   0.01405,   0.02390,  -0.00400,  -0.00400,  -0.06964,   0.04195,   0.01569,  -0.02205,  -0.04503,   0.02062,  -0.00892,   0.03374,   0.02390,  -0.00072,   0.03867,   0.04195,   0.01241,   0.03703,   0.02390,   0.04851,  -0.01385,  -0.08934,  -0.08277,  -0.00072,  -0.06308,   0.02390,  -0.03682,   0.00749,  -0.01713,  -0.01385,   0.03374,   0.06657,   0.00256,   0.01569,   0.00913,   0.03703,  -0.03190,  -0.03846,   0.03539,   0.00749,  -0.09426,   0.05672,  -0.03190,  -0.02369,  -0.01385,   0.02554,  -0.00400,  -0.01221,  -0.09098,   0.02226,  -0.03518,   0.03703,  -0.00728,  -0.00400,   0.02718,   0.00585,  -0.00072,   0.01733,   0.05508,   0.05672,   0.08462,  -0.00892,   0.02718,  -0.01877,   0.02554,  -0.03518,  -0.04010,  -0.03190,   0.04031,  -0.06636,  -0.01549,  -0.04667,  -0.05816,  -0.04175,  -0.02862,  -0.03518,  -0.04010,  -0.03190,   0.02390,   0.01405,  -0.03190,  -0.02698,   0.00256,  -0.05980,  -0.00072,  -0.01549,  -0.03846,  -0.00892,   0.04687,  -0.00072,  -0.00728,  -0.00236,   0.02390,   0.06000,  -0.02698,  -0.06800,  -0.03354,  -0.05487,  -0.01549,   0.03703,  -0.05980,   0.01569,  -0.08605,   0.00913,  -0.01549,  -0.04010,   0.01405,   0.04195,   0.01569,   0.06492,   0.01077,   0.00420,  -0.02205,  -0.01549,  -0.00728,  -0.04010,  -0.10082,   0.01733,   0.00749,  -0.06308,   0.01241,  -0.06472,   0.03703,  -0.04339,   0.00749,   0.00585,  -0.00728,  -0.01549,  -0.01713,   0.05672,  -0.01221,   0.03046,  -0.01549,   0.05180,  -0.01221,  -0.00728,  -0.01713,  -0.05487,   0.04195,  -0.02369,  -0.03190,  -0.02698,  -0.00728,  -0.00892,  -0.02533,  -0.03026,   0.02882,  -0.00236,  -0.01713,  -0.01877,  -0.04503,   0.02882,   0.01077,  -0.07129,   0.02554,   0.00913,  -0.00892,  -0.00400,   0.03046,  -0.04175,   0.10267,  -0.05980,   0.01241,   0.00420,   0.07641,   0.05672,  -0.02698,  -0.11395,  -0.03682,  -0.03846,   0.00420,  -0.04667,  -0.04010,   0.03046,   0.00092,  -0.03354,   0.05672,  -0.02533,  -0.03190,   0.07313,  -0.03026,   0.01897,  -0.05652,  -0.04010,  -0.05487,   0.08462,   0.01733,   0.03703,   0.02882,  -0.06308,   0.07313,  -0.02369,  -0.02205,  -0.00400,   0.01897,  -0.00072,  -0.02533,   0.07477,  -0.04175,  -0.00564,   0.01405,   0.01733,  -0.00728,   0.01241,   0.03210,  -0.02369,  -0.02369,   0.02554,  -0.03518,  -0.06308,  -0.00072,   0.00749,   0.01897,  -0.00400,  -0.03846,  -0.03682,  -0.00072,   0.00256,  -0.05159,   0.00420,   0.00092,   0.01569,   0.01241,   0.01077,   0.06000,  -0.06800,  -0.04995,  -0.02698,  -0.00728,   0.01897,  -0.02698,  -0.04831,   0.01733,  -0.01056,  -0.02369,  -0.04995,  -0.00072,  -0.01713,   0.06000,  -0.07949,   0.03539,  -0.06636,   0.01241,  -0.01221,  -0.02533,  -0.00728,   0.02062,  -0.03026,   0.04195,  -0.01056,  -0.07129,   0.03374,   0.02882,  -0.06800,  -0.00892,   0.06000,   0.03374,  -0.02533,   0.00749,   0.00420,   0.00585,  -0.01385,  -0.07293,   0.01733,  -0.03846,  -0.08113,  -0.00892,   0.00585,   0.04523,  -0.02862,   0.04523,   0.02882,  -0.04667,  -0.02205,  -0.07457,  -0.00072,  -0.03190,  -0.06144,   0.01569,   0.01077,  -0.04831,  -0.02205,  -0.06144,   0.04523,  -0.07621,  -0.03026,   0.02226,  -0.00072,   0.02882,  -0.01056,   0.00585,   0.01733,  -0.12380,  -0.04831,   0.06821,  -0.02205,  -0.01056,   0.02390,   0.07313,  -0.05159,  -0.01385,  -0.03682,   0.08134,   0.03374,   0.01897,  -0.03190,   0.09939,   0.01569,   0.03539,  -0.01385,  -0.00892,  -0.02369,  -0.01713,   0.01405,   0.04359,   0.00420,   0.00585,   0.01077,   0.02718,   0.03867,  -0.05323,   0.02718,   0.00092,   0.00256,  -0.01713,   0.10267,   0.05344,  -0.01385,   0.00092,  -0.03190,   0.01241,   0.07313,   0.01569,   0.00585,  -0.07785,  -0.04831,   0.05672,   0.00256,  -0.00564,  -0.03190,   0.00420,   0.00256,  -0.04831,  -0.01221,  -0.00236,  -0.04831,  -0.03354,  -0.00400,   0.00913,  -0.00400,  -0.00236,   0.00420,  -0.02698,   0.04851,   0.09775,  -0.00400,  -0.03026,   0.00585,  -0.00400,   0.02062,  -0.04503,  -0.06636,   0.03046,  -0.03026,  -0.03190,   0.01077,   0.04195,  -0.05159,  -0.01385,   0.05836,   0.06328,  -0.04010,   0.12400,  -0.02369,  -0.02533,  -0.00072,   0.05672,  -0.01877,  -0.07293,  -0.01713,   0.00913,   0.09446,  -0.04010,   0.03374,   0.01733,   0.00749,   0.00256,   0.03374,   0.02062,  -0.01221,  -0.00728,  -0.03354,   0.06985,  -0.02533,  -0.00728,  -0.04831,  -0.00892,  -0.02369,   0.03374,   0.00420,  -0.00072,   0.08954,  -0.02041,  -0.03518,   0.00585,   0.02554,  -0.06636,   0.03703,  -0.07293,  -0.02862,   0.01733,   0.01897,   0.00092,  -0.00728,   0.02226,   0.01897,  -0.02205,   0.01897,   0.04359,   0.00092,   0.01733,   0.04031,  -0.04995,  -0.02205,  -0.03682,   0.01241,   0.01077,  -0.00728,   0.03210,  -0.05159,   0.02226,   0.04523,  -0.02369,   0.01405,  -0.00400,  -0.08113,  -0.01385,   0.03539,  -0.02205,   0.00092,   0.01569,   0.01077,   0.02226,   0.01733,   0.00256,  -0.00072,  -0.02369,  -0.04010,   0.00913,  -0.00564,   0.01897,  -0.03026,  -0.08605,   0.08626,   0.02718,   0.03374,  -0.05816,   0.07641,   0.01077,   0.00585,  -0.06800,   0.05508,   0.01897,   0.06985,   0.02226,  -0.00072,   0.06000,  -0.08113,  -0.00728,   0.01241,  -0.03354,   0.03867,   0.00913,   0.08626,  -0.02205,  -0.00400,  -0.00072,  -0.02862,  -0.02205,   0.02554,   0.00256,   0.04195,   0.05672,  -0.01056,  -0.04831,   0.03374,   0.03539,  -0.05487,   0.01897,   0.01733,  -0.04667,   0.00913,  -0.02698,  -0.02205,  -0.04831,   0.11088,  -0.00072,   0.04523,  -0.03354,  -0.04995,  -0.02205,   0.05180,  -0.06636,   0.02062,  -0.00072,   0.02554,   0.03867,  -0.00728,  -0.05323,   0.04031,  -0.00892,  -0.05652,   0.00585,  -0.00564,  -0.05487,  -0.00892,   0.01733,   0.03374,   0.02554,  -0.03026,   0.00256,   0.06164,  -0.03354,   0.02718,  -0.04010,  -0.01713,   0.02226,  -0.05159,  -0.03354,  -0.09426,  -0.04503,  -0.03518,  -0.06472,   0.00749,   0.01897,  -0.02533,  -0.07785,  -0.03026,   0.04851,   0.05180,   0.02062,  -0.06472,  -0.02041,  -0.00236,  -0.01385,  -0.00236,  -0.00564,   0.00913,   0.04031,  -0.06308,   0.08790,  -0.00564,  -0.04831,  -0.03682,   0.03046,  -0.06144,  -0.00892,   0.00749,   0.07641,  -0.00236,  -0.00728,   0.00585,   0.03374,   0.01733,  -0.00236,  -0.05487,   0.03046,   0.02718,   0.00585,  -0.03026,   0.00585,  -0.00072,   0.04031,   0.07477,   0.01241,   0.00256,  -0.03354,   0.06492,   0.02062,  -0.03354,  -0.03846,  -0.02041,  -0.02205
  -0.02369,   0.01569,   0.03539,  -0.06636,  -0.00892,  -0.00400,   0.01733,   0.01569,   0.03210,   0.00256,   0.03867,  -0.00564,   0.04031,  -0.05159,  -0.04010,  -0.04339,  -0.04831,   0.07149,   0.02718,   0.02554,   0.00749,  -0.02369,  -0.01385,   0.00749,  -0.04175,   0.02390,   0.01897,  -0.01713,   0.05016,   0.06821,   0.00420,  -0.02205,   0.07313,  -0.03682,  -0.00892,   0.04195,   0.09446,  -0.04503,  -0.00400,   0.04031,   0.01733,  -0.00236,   0.05180,  -0.02862,  -0.02533,   0.00749,   0.05344,   0.01733,   0.03374,   0.01733,  -0.04667,   0.07969,   0.01405,  -0.05980,  -0.00564,  -0.00072,   0.01405,  -0.06964,   0.00585,  -0.03190,  -0.01056,  -0.01385,   0.06164,  -0.04339,   0.02062,  -0.01713,  -0.02369,  -0.01713,   0.06328,   0.04523,   0.02226,   0.05836,  -0.03354,   0.01569,  -0.03026,   0.00420,   0.01897,   0.02882,   0.06492,   0.04687,   0.01241,   0.06985,   0.00749,  -0.00236,   0.08790,  -0.00892,   0.03374,   0.00749,   0.03539,   0.08298,   0.02226,  -0.06144,   0.02554,   0.06000,   0.02226,  -0.03518,   0.01077,  -0.01221,  -0.05980,  -0.04995,  -0.03846,  -0.01549,   0.06821,  -0.05980,   0.00420,   0.01077,  -0.05487,  -0.01056,   0.02554,   0.01733,  -0.01549,  -0.02041,  -0.10575,   0.01569,   0.04195,  -0.02369,   0.00913,   0.04851,  -0.01221,  -0.02862,   0.02062,   0.06985,   0.01733,   0.00585,  -0.00564,   0.02718,   0.03703,   0.00585,  -0.00400,   0.04031,   0.02718,   0.07969,   0.02718,   0.05672,  -0.06308,  -0.04667,  -0.02862,  -0.00728,  -0.01385,  -0.02698,  -0.08277,   0.00256,   0.04523,   0.06328,   0.03374,   0.02554,   0.03210,  -0.01221,  -0.00892,  -0.03682,   0.02226,   0.07805,  -0.00892,   0.07969,  -0.00236,  -0.07293,  -0.00400,   0.07313,   0.00749,  -0.04667,  -0.00728,  -0.00728,   0.01569,  -0.01385,  -0.01385,  -0.04503,  -0.02205,  -0.01221,   0.00913,  -0.04995,  -0.04175,  -0.05487,   0.00749,  -0.02369,   0.06328,  -0.10082,  -0.06964,  -0.01385,  -0.00072,   0.01405,   0.00420,  -0.01877,  -0.01713,   0.03374,  -0.01385,   0.01405,   0.01405,  -0.02533,  -0.06800,  -0.04831,   0.02226,   0.02554,   0.01405,  -0.09754,   0.03703,   0.04031,   0.06328,  -0.01877,  -0.03026,   0.01733,   0.04523,  -0.06800,  -0.02205,   0.00913,   0.04195,   0.00092,  -0.08605,   0.07149,  -0.05159,  -0.04339,   0.09118,  -0.06964,   0.03703,  -0.00564,  -0.05159,  -0.03026,  -0.07129,  -0.04995,   0.02226,   0.01897,  -0.03846,   0.00092,  -0.03682,  -0.00072,  -0.05816,  -0.03682,   0.01569,   0.00913,   0.01733,  -0.03190,   0.00092,   0.01569,  -0.01877,   0.03210,   0.00420,   0.06492,   0.02062,  -0.02041,  -0.01713,  -0.05159,  -0.02205,   0.02882,   0.03210,   0.01405,  -0.00072,  -0.00072,   0.03867,  -0.11231,  -0.00236,  -0.01385,  -0.04831,   0.04523,  -0.05652,   0.09282,   0.03046,  -0.07621,  -0.02205,   0.01241,  -0.04667,  -0.01221,   0.05672,  -0.01713,  -0.01549,   0.03703,   0.00913,  -0.02533,  -0.00892,  -0.03518,   0.03867,  -0.01056,  -0.01221,  -0.00564,   0.05016,  -0.03682,  -0.04831,  -0.00236,   0.06985,   0.00256,   0.06000,   0.01569,   0.02226,  -0.07293,  -0.02862,  -0.00728,  -0.00400,   0.08298,  -0.06800,  -0.01385,  -0.03682,   0.02554,  -0.02369,  -0.01385,  -0.00400,   0.03867,  -0.00400,  -0.00892,  -0.01385,  -0.00072,   0.01405,  -0.04010,   0.07149,  -0.02698,  -0.08113,  -0.03518,   0.00913,  -0.02698,   0.06985,  -0.09918,   0.03539,  -0.00400,   0.00749,   0.03046,  -0.04175,   0.00420,  -0.05816,  -0.04667,  -0.02369,   0.03374,   0.00256,   0.07313,   0.03703,   0.02226,   0.03867,  -0.06144,   0.03046,  -0.02041,   0.00256,  -0.03026,  -0.03682,   0.00913,   0.03539,   0.01241,  -0.00236,  -0.08277,   0.00420,   0.04851,   0.00585,   0.06985,   0.01733,  -0.02698,  -0.00728,  -0.06636,   0.02554,   0.02554,   0.02882,  -0.01877,  -0.03026,  -0.01385,   0.00749,  -0.10247,  -0.09754,  -0.01877,  -0.02369,  -0.04010,   0.03703,  -0.00236,   0.04195,  -0.01221,   0.03703,   0.05672,  -0.09590,  -0.04010,  -0.00236,  -0.01385,  -0.00236,  -0.00236,  -0.04339,   0.00585,  -0.06144,  -0.01221,   0.02718,  -0.01549,   0.00256,  -0.05323,   0.03374,  -0.00236,  -0.00072,   0.03539,  -0.03026,  -0.04831,  -0.01221,   0.01077,   0.04687,  -0.02205,   0.03374,  -0.07949,   0.02390,   0.00092,   0.01733,  -0.06308,   0.00092,  -0.02205,  -0.02041,   0.04031,  -0.04503,   0.01405,   0.00749,   0.03539,   0.02882,  -0.00564,  -0.00072,   0.03374,   0.01241,   0.02390,  -0.03682,   0.03703,   0.01241,  -0.04503,   0.02390,   0.00749,   0.02062,  -0.04667,  -0.01713,   0.07477,   0.03703,   0.09446,   0.02390,   0.04031,  -0.02041,  -0.02205,   0.01569,  -0.00072,  -0.04503,  -0.05652,   0.00092,  -0.01713,   0.02062,   0.03867,  -0.04503,  -0.01877,  -0.02533,  -0.02369,  -0.00400,  -0.00892,  -0.00892,  -0.04995,   0.02882,  -0.02698,   0.02062,  -0.09918,  -0.01385,   0.01897,  -0.05323,  -0.00400,   0.03539,   0.01405,   0.01733,  -0.01221,  -0.08441,  -0.03190,  -0.04503,   0.05344,  -0.08605,  -0.01549,   0.03867,  -0.02369,  -0.00072,  -0.04995,   0.00749,  -0.07293,  -0.02369,  -0.08770,   0.02882,   0.03867,   0.10267,  -0.00892,   0.04359,   0.03374,   0.01733,   0.08954,  -0.00564,   0.03867,  -0.02041,  -0.12052,  -0.05980,  -0.11395,  -0.00564,  -0.02862,   0.00913,  -0.00400,  -0.01221,   0.10759,  -0.01713,  -0.01056,   0.06657,   0.02226,  -0.02862,   0.07805,   0.03046,   0.04031,  -0.06964,   0.00913,  -0.01713,   0.01077,   0.04687,  -0.03354,   0.01733,   0.04359,  -0.03518,   0.02554,  -0.03190,  -0.05980,   0.04523,  -0.00728,   0.01733,   0.00749,  -0.05159,   0.00092,   0.01733,   0.03703,  -0.01713,  -0.04503,  -0.00400,  -0.03518,  -0.08113,  -0.04175,   0.03867,  -0.01549,  -0.06964,  -0.02041,   0.05180,   0.07149,  -0.05980,   0.07641,  -0.03190,  -0.02698,   0.06164,  -0.01549,   0.03539,   0.02882,  -0.02698,   0.00749,  -0.00728,  -0.00400,  -0.00400,  -0.00564,  -0.07293,  -0.03682,  -0.02533,  -0.04175,  -0.00400,  -0.00564,  -0.02369,   0.01569,  -0.01221,  -0.04010,  -0.05487,  -0.01877,  -0.00564,   0.04851,   0.01569,  -0.00236,  -0.00236,  -0.02862,  -0.00400,  -0.08770,   0.00092,   0.08134,   0.01733,  -0.03518,   0.10923,   0.09118,  -0.05652,  -0.00564,  -0.07129,   0.05180,   0.00585,  -0.04995,   0.08134,   0.06164,   0.00585,  -0.06964,  -0.01549,  -0.06636,   0.01897,  -0.00892,  -0.01713,   0.03703,   0.03867,  -0.02533,   0.01077,  -0.02533,  -0.01056,  -0.04339,   0.01733,  -0.01056,   0.03867,  -0.03354,  -0.00892,   0.06985,  -0.00400,   0.10595,   0.05344,  -0.03354,   0.01241,  -0.00236,   0.03046,  -0.02698,   0.05016,  -0.00564,   0.02882,   0.04687,   0.04687,   0.02390,   0.07641,   0.00420,   0.01077,   0.06657,  -0.05487,  -0.07785,   0.07477,  -0.01221,   0.03210,   0.00256,  -0.00892,   0.04195,   0.02062,  -0.03682,  -0.00072,  -0.01056,  -0.03682,  -0.03846,   0.02554,  -0.00072,  -0.00072,  -0.00400,   0.03703,   0.00420,  -0.01549,  -0.07457,   0.00585,   0.08298,   0.10431,   0.08790,  -0.12216,  -0.02041,  -0.03354,   0.04687,  -0.00400,  -0.03026,   0.03539,  -0.00400,  -0.05980,   0.01077,   0.04851,  -0.05487,   0.01077,  -0.03026,   0.02718,  -0.02205,  -0.01549,  -0.06308,  -0.06308,  -0.04667,   0.06328,  -0.05487,   0.01897,  -0.04010,  -0.02205,   0.06657,  -0.00892,   0.04851,   0.07805,  -0.04010,   0.02062,   0.02062,  -0.09262,   0.00420,   0.01897,  -0.02533,  -0.03026,  -0.02369,   0.07477,   0.01405,   0.00585,  -0.04667,   0.04851,   0.06492,  -0.08113,  -0.04995,   0.04359,   0.05016,  -0.01056,  -0.04339,   0.05180,  -0.01877,   0.01241,  -0.00728,   0.03703,  -0.07621,   0.02718,  -0.05816,   0.02554,  -0.01385,  -0.01221,   0.07641,  -0.07129,   0.01569,   0.03539,   0.04851,  -0.03682,  -0.00728,   0.01733,   0.00256,   0.08626,   0.00256,  -0.03518,  -0.04995,  -0.03682,  -0.03518,   0.00585,  -0.00564,  -0.07621,  -0.08277,   0.04195,   0.00585,   0.00420,   0.08626,   0.08298,   0.03539,   0.00913,   0.04031,   0.01241,   0.03210,   0.03046,  -0.00564,   0.01241,   0.07969,  -0.03518,  -0.06308,   0.01569,  -0.00564,  -0.02698,  -0.05323,   0.02554,   0.02554,  -0.08770,  -0.01549,   0.00585,   0.01077,  -0.04503,  -0.01221,   0.04523,   0.00420,   0.06657,  -0.06636,  -0.04339,  -0.00236,   0.02882,   0.03374,   0.03210,   0.06821,   0.02554,   0.02062,  -0.10247,  -0.01549,   0.11580,  -0.00400,  -0.00072,   0.10595,   0.03046,   0.04359,   0.06492,   0.04031,   0.00092,  -0.05323,  -0.02205,  -0.04339,  -0.03846,   0.09611,  -0.02205,   0.03046,   0.10923,   0.00420,   0.01569,  -0.05159,  -0.05323,   0.01897,  -0.02369,  -0.00072,   0.08298,   0.07313,  -0.00892,   0.00913,  -0.02041,  -0.07949,   0.03867,  -0.01056,   0.02718,   0.01405,   0.05672,   0.00420,   0.00256,  -0.00400,   0.09446,   0.04687,  -0.04010,   0.00749,  -0.03026,  -0.01549,  -0.11559,   0.01405,  -0.03026,  -0.04175,  -0.03190,   0.04031,   0.03867,   0.04031,   0.09611,  -0.02041,  -0.04010,   0.07805,  -0.03190,  -0.03026,   0.00749,   0.05180,  -0.02698,  -0.00892,  -0.02862,  -0.03026,  -0.01221,   0.01405,   0.04523,   0.01569,   0.01077,   0.01077,   0.04687,   0.07313,   0.06821,   0.01077,  -0.00236,  -0.04831,   0.03703,  -0.00728,   0.02554,   0.03703,   0.02390,  -0.02369,  -0.01385,  -0.05980,  -0.07129,  -0.03190,   0.06164,   0.02554,   0.00256,  -0.03518,   0.00749,  -0.04503,  -0.00892,  -0.01877,  -0.02862,   0.04195,   0.03867,   0.06164,  -0.07457,   0.03539,  -0.00564,   0.00420,  -0.00564,   0.05672,   0.04359,  -0.00728,  -0.04010,   0.01077,  -0.00236,   0.01405,   0.02390,   0.01569,  -0.03354,   0.00092,  -0.01385,  -0.01385,  -0.04503,   0.00749,  -0.05816,  -0.03026,   0.01405,   0.00749,  -0.04503,  -0.05652,  -0.05816,  -0.07621,   0.03374,  -0.00072,  -0.01713,   0.01569,  -0.01056,   0.04031,   0.03703,   0.07149,   0.04359,   0.00585,  -0.02533,  -0.03846,  -0.01056,  -0.04010,  -0.02862,  -0.02369,  -0.04995,  -0.01056,  -0.01221,   0.06492,  -0.05816,   0.01077,  -0.02698,   0.00913,  -0.01713,   0.01077,   0.02062,  -0.02205,   0.05016,  -0.00236,   0.00749,   0.04195,   0.00092,   0.01569,   0.01897,  -0.05980,   0.01569,  -0.00072,  -0.08113,  -0.01385,  -0.03518,   0.01569,  -0.04175,   0.05672,  -0.03354,  -0.00728,   0.00913,  -0.04503,   0.00092,   0.03210,   0.00913,   0.04195,  -0.06964,   0.07641,  -0.08770,  -0.03846,  -0.09426,  -0.01221,   0.01569,  -0.04831,  -0.01385,   0.01405,   0.06328,  -0.01877,   0.03539,   0.04851,   0.03539,   0.00092,   0.03210,  -0.02533,   0.00585,   0.04359,   0.02226,  -0.06144,  -0.07785,  -0.01877,  -0.00728,   0.02226,   0.00749,  -0.04010,  -0.02533,  -0.00400,   0.00092,  -0.05816,   0.03539,  -0.00072,   0.00092,   0.00420,  -0.00564,  -0.02862,  -0.02369,   0.09118,  -0.05652,  -0.01221,   0.01241,   0.01405,   0.04687,  -0.01877,   0.04687,   0.00092,   0.05344,   0.01897,  -0.03190,   0.02390,  -0.01385,   0.00092,  -0.03518,  -0.09098,   0.00585,   0.04687,  -0.02205,  -0.07129,  -0.05487,  -0.04339,   0.03046,  -0.04339,  -0.00728,   0.02390,   0.07641,  -0.02205,   0.01569,   0.05180,  -0.01549,   0.01569,   0.07641,  -0.01056,   0.01569,   0.02226,  -0.00400,  -0.00564,   0.00749,  -0.00892,  -0.01056,  -0.06308,  -0.05980,  -0.04503,   0.02062,  -0.00236,   0.00256,  -0.03682,  -0.02533,   0.03703
  -0.00400,   0.05508,   0.00913,   0.04687,   0.00913,   0.01897,   0.01897,   0.02554,   0.01241,  -0.04995,   0.08626,  -0.06472,  -0.06308,  -0.03682,   0.04359,   0.00256,   0.00749,   0.03046,   0.03703,   0.05016,  -0.05652,   0.04195,   0.08954,   0.02554,  -0.00564,   0.03539,  -0.11395,   0.04523,   0.00749,   0.11744,   0.01569,   0.01897,   0.06328,  -0.08441,  -0.02369,  -0.06800,  -0.11067,  -0.04175,   0.00585,   0.01733,   0.02226,   0.00092,   0.06821,   0.00256,  -0.00236,   0.01077,  -0.01877,   0.04195,  -0.07785,   0.02718,  -0.01385,   0.05672,  -0.01221,  -0.08770,   0.06000,   0.02554,   0.03867,   0.05508,  -0.02205,   0.06000,  -0.01385,   0.07641,   0.00913,   0.01241,   0.05836,   0.07477,   0.01241,  -0.10575,   0.02226,  -0.01877,  -0.02862,  -0.03026,   0.01733,  -0.05816,  -0.07457,   0.07969,  -0.04175,   0.09446,  -0.02205,  -0.02041,  -0.02862,  -0.03846,  -0.01056,  -0.03026,   0.00092,  -0.03518,   0.00749,   0.01897,  -0.05159,  -0.00892,   0.02554,   0.02062,  -0.02369,   0.00585,   0.05180,  -0.08770,  -0.05816,   0.02718,  -0.05323,  -0.07129,   0.05016,   0.02226,  -0.01056,  -0.03354,  -0.03190,   0.02226,   0.02062,   0.03539,   0.04359,   0.05344,  -0.03026,   0.00585,   0.02554,  -0.10903,  -0.02041,   0.00092,  -0.04339,   0.12565,   0.01569,   0.01241,   0.02390,   0.11252,  -0.00400,  -0.01877,   0.06164,  -0.01385,   0.00092,  -0.01221,  -0.03354,  -0.02533,   0.05180,   0.05508,   0.01569,   0.06328,   0.05344,  -0.01385,  -0.05980,   0.00092,   0.01569,  -0.03846,  -0.04175,   0.03046,  -0.03518,   0.01897,  -0.03682,  -0.04503,  -0.07293,   0.01569,   0.01569,  -0.00400,   0.01405,   0.13221,   0.09446,   0.03046,  -0.02533,   0.01733,  -0.03190,   0.00420,   0.04687,  -0.03190,   0.03046,   0.05016,   0.00420,  -0.14349,   0.04851,  -0.03190,   0.01733,  -0.00400,  -0.01221,   0.01733,   0.03210,  -0.02041,  -0.01221,  -0.03354,   0.01241,   0.02390,  -0.03354,   0.01733,  -0.08605,   0.02226,   0.02390,   0.07641,  -0.00236,  -0.06636,  -0.01385,   0.00256,  -0.00072,   0.01733,   0.00256,   0.02062,   0.01733,  -0.03354,   0.06821,   0.03210,   0.05672,   0.00092,   0.13713,  -0.03682,  -0.02862,   0.03210,  -0.06308,  -0.06636,   0.08790,   0.00585,  -0.03518,  -0.08934,   0.00585,   0.01897,   0.00092,   0.05016,   0.05344,  -0.05323,   0.06821,  -0.05487,  -0.04175,  -0.04667,  -0.02862,  -0.05816,   0.00585,  -0.07457,  -0.01877,  -0.01713,   0.01405,   0.10595,  -0.02698,  -0.03518,   0.08298,  -0.03354,  -0.05159,  -0.07129,   0.05344,  -0.03518,   0.03374,  -0.05980,  -0.01221,  -0.03682,   0.03703,   0.00092,  -0.00564,   0.00913,   0.03210,   0.04359,   0.01897,  -0.04010,   0.00749,  -0.00892,  -0.02369,   0.04359,  -0.01713,  -0.01549,   0.12729,   0.00420,  -0.02041,   0.10103,   0.00092,   0.02226,  -0.01549,  -0.01221,  -0.04175,   0.00256,  -0.00072,  -0.00236,   0.09611,   0.05016,  -0.00400,   0.08298,  -0.02533,  -0.06964,  -0.00236,   0.11252,  -0.03190,   0.03867,  -0.02041,   0.02390,   0.03046,  -0.02041,  -0.00892,   0.03210,   0.02226,   0.03046,  -0.08113,   0.00256,   0.00749,   0.00749,  -0.01877,  -0.06636,   0.06492,   0.03046,  -0.02369,   0.00420,   0.02554,   0.03539,  -0.00072,   0.09118,  -0.05159,   0.05016,   0.00913,  -0.01056,   0.00256,  -0.04831,  -0.02533,  -0.05652,   0.03374,  -0.00072,  -0.03190,   0.01897,  -0.02205,  -0.03026,  -0.00564,   0.02718,   0.02554,  -0.00236,   0.06492,   0.00256,  -0.08441,   0.03046,   0.00913,  -0.01056,   0.03046,  -0.01385,  -0.07785,  -0.02205,   0.05508,   0.01405,  -0.00728,  -0.03026,  -0.02862,   0.08298,  -0.04010,   0.06657,   0.01405,   0.03539,   0.00749,  -0.10247,   0.04523,  -0.04010,   0.12729,   0.05508,   0.00092,  -0.03190,  -0.00072,   0.01405,   0.02390,  -0.07949,   0.07313,  -0.04503,   0.08462,  -0.05323,   0.03867,  -0.02533,   0.00092,   0.02554,  -0.02369,   0.02062,   0.07641,  -0.00564,   0.02390,  -0.06800,  -0.02533,  -0.02533,   0.00585,  -0.05980,  -0.09590,   0.08954,   0.00913,   0.00092,   0.01405,   0.02554,  -0.04995,  -0.00072,  -0.00728,  -0.00236,   0.00092,   0.02718,  -0.00564,   0.00913,  -0.05980,  -0.00564,  -0.00400,   0.00749,  -0.03190,  -0.04339,  -0.07129,  -0.01713,  -0.00400,  -0.06308,  -0.05323,  -0.01877,  -0.04503,   0.03539,  -0.08441,  -0.04503,   0.09282,  -0.06144,  -0.02862,  -0.04010,  -0.00728,  -0.06144,  -0.04667,   0.05180,  -0.03354,   0.01569,   0.11580,   0.06821,   0.05672,   0.05836,  -0.02533,   0.09118,   0.04523,  -0.02041,   0.00092,  -0.01877,  -0.06308,  -0.07949,  -0.07457,   0.01405,   0.11744,   0.03046,   0.00256,   0.02390,   0.00420,   0.03539,   0.07477,   0.10923,  -0.01549,  -0.03518,  -0.01549,   0.02062,  -0.00236,   0.06657,   0.05016,  -0.00400,  -0.02862,   0.05180,  -0.03518,  -0.00236,   0.00420,  -0.01549,  -0.01877,  -0.09590,  -0.00072,  -0.00892,  -0.06472,  -0.01877,  -0.03682,  -0.00892,   0.05672,   0.03539,  -0.02862,   0.02554,  -0.02862,   0.01897,  -0.10411,  -0.01385,  -0.06308,  -0.09262,  -0.00892,  -0.00892,   0.13713,  -0.03682,  -0.08441,   0.00749,  -0.01549,   0.05508,   0.01733,  -0.00400,  -0.03682,   0.01569,   0.03867,  -0.02041,   0.00585,  -0.01221,   0.07641,  -0.07129,  -0.02041,  -0.11395,   0.05836,   0.02718,   0.12072,   0.07477,   0.00256,   0.01241,  -0.02041,   0.12072,  -0.01056,   0.06492,  -0.05652,  -0.04831,  -0.01877,  -0.01549,   0.00913,  -0.07785,   0.01241,  -0.04503,   0.05016,  -0.05980,  -0.01056,   0.01569,   0.00092,  -0.05816,  -0.04010,  -0.02862,   0.12893,   0.00749,  -0.05323,   0.00913,   0.02390,  -0.00564,  -0.01713,   0.06492,   0.02554,   0.00585,   0.01405,  -0.02205,  -0.03354,   0.05836,   0.00913,  -0.00892,   0.04031,  -0.04667,   0.05180,   0.01077,   0.01241,  -0.06964,   0.00913,   0.02226,  -0.02698,   0.07477,  -0.04831,  -0.00400,  -0.01877,  -0.06472,  -0.00072,  -0.01056,   0.06328,   0.01405,  -0.00236,   0.01569,   0.06985,  -0.04175,  -0.07457,  -0.00072,  -0.01549,  -0.10903,   0.04523,  -0.04010,  -0.04831,   0.04687,   0.01569,  -0.05487,  -0.05980,  -0.05816,  -0.03682,  -0.00236,  -0.00400,  -0.03682,  -0.09590,  -0.03846,  -0.02862,   0.01077,   0.03210,  -0.01877,   0.02882,   0.02718,  -0.04667,  -0.00728,   0.01405,   0.10759,   0.02554,   0.03210,  -0.00892,  -0.01385,  -0.15170,  -0.06144,   0.02718,   0.08954,   0.00749,   0.05672,   0.02390,  -0.01877,   0.06000,  -0.02698,   0.06492,   0.05016,   0.03867,  -0.02698,  -0.03026,  -0.03354,   0.09282,  -0.05323,   0.05016,   0.06492,  -0.01877,  -0.02205,  -0.09262,   0.04851,   0.02882,  -0.02369,  -0.02862,  -0.01549,   0.02882,   0.04851,   0.01897,   0.02554,   0.02390,  -0.07785,   0.04523,   0.04523,   0.03046,   0.06164,   0.00749,  -0.01221,  -0.04831,   0.10103,   0.07641,  -0.04995,   0.00420,   0.01077,  -0.01221,  -0.03190,  -0.05816,   0.02718,   0.00256,  -0.03190,  -0.01713,   0.00256,   0.02226,  -0.06472,   0.03210,   0.03210,  -0.06144,  -0.03354,  -0.04831,  -0.08113,  -0.04995,  -0.04667,   0.06164,   0.01569,  -0.02369,   0.04031,  -0.04667,   0.04851,   0.04359,  -0.03518,   0.02226,   0.01897,   0.01733,   0.04031,   0.02718,  -0.03026,  -0.02533,   0.08790,   0.05508,   0.00092,  -0.06472,  -0.10247,   0.00092,   0.04851,   0.03210,   0.00749,   0.03867,   0.01897,  -0.00892,   0.04195,   0.02554,  -0.02698,  -0.00236,   0.02226,   0.00420,  -0.00400,   0.07477,   0.04687,   0.00913,  -0.01385,  -0.04010,  -0.03846,   0.04031,   0.02554,   0.01569,  -0.02369,  -0.00892,   0.04359,  -0.03682,   0.01569,   0.03046,  -0.02041,   0.01077,   0.02718,   0.02226,   0.05672,  -0.04667,   0.01569,  -0.05487,   0.06985,  -0.00892,   0.01897,  -0.01221,   0.02390,  -0.03190,  -0.01877,  -0.04175,  -0.01056,   0.00420,  -0.02369,  -0.00892,  -0.05487,  -0.00892,   0.00256,  -0.00892,  -0.00236,   0.00585,   0.03210,  -0.02698,  -0.05980,   0.02554,  -0.03682,  -0.13201,  -0.01385,  -0.02698,  -0.01221,   0.03703,   0.02882,  -0.04339,   0.00256,  -0.07129,  -0.04995,  -0.06636,  -0.00892,   0.03539,   0.06000,   0.01077,   0.03539,  -0.05980,  -0.03682,  -0.02369,  -0.04667,  -0.01385,  -0.04175,  -0.04995,   0.00420,  -0.00236,   0.07313,   0.03046,  -0.04667,   0.00420,  -0.00728,   0.08134,   0.03703,   0.00913,  -0.07949,  -0.05323,   0.01241,  -0.05652,   0.02390,   0.01405,   0.07969,  -0.02041,  -0.02041,  -0.01221,  -0.02041,  -0.04010,   0.02062,  -0.04995,  -0.09918,  -0.01221,  -0.00072,   0.05016,  -0.00400,  -0.02369,   0.05180,  -0.00564,   0.03210,  -0.04339,  -0.09098,   0.00420,  -0.04995,   0.00913,  -0.03354,  -0.05323,  -0.05487,  -0.03026,   0.03703,  -0.00728,  -0.03682,  -0.03026,  -0.06472,   0.06164,   0.05344,   0.00749,   0.05016,   0.07641,   0.07969,   0.04195,   0.00256,  -0.06308,   0.00749,   0.01405,  -0.05980,  -0.02041,  -0.00564,   0.01733,  -0.03518,   0.00256,  -0.01221,   0.01077,  -0.01549,  -0.04175,   0.12893,   0.02390,   0.06821,  -0.01056,   0.04687,  -0.02041,  -0.04503,  -0.01385,   0.00585,  -0.09590,  -0.02041,   0.04851,  -0.02698,   0.02882,   0.03867,  -0.00400,   0.02554,   0.03046,  -0.05652,   0.04031,  -0.01385,   0.07969,   0.01569,   0.06000,  -0.00072,  -0.06636,   0.00913,  -0.02205,  -0.03682,   0.00913,  -0.05652,  -0.01549,   0.05180,  -0.10739,  -0.00728,   0.02554,   0.01241,   0.07477,  -0.09426,  -0.03190,  -0.01056,   0.04851,  -0.01056,  -0.06144,  -0.05652,  -0.02369,   0.00749,  -0.00400,   0.00092,  -0.04339,   0.03539,   0.03046,  -0.02369,   0.02554,   0.02718,   0.00913,  -0.02041,  -0.01713,   0.00256,   0.00092,  -0.08605,  -0.01549,  -0.03846,  -0.01877,  -0.09262,  -0.01877,  -0.04175,   0.02390,   0.04687,   0.05180,   0.02882,   0.05180,  -0.05816,  -0.01877,  -0.01877,   0.04031,   0.04195,  -0.00072,  -0.05980,  -0.02369,  -0.03026,   0.03539,   0.04687,  -0.03846,   0.02554,  -0.09754,  -0.04175,  -0.01385,   0.01569,   0.00420,  -0.06964,  -0.04010,   0.06985,  -0.01549,  -0.02205,   0.03210,   0.06000,   0.03374,   0.06821,   0.04687,  -0.01385,  -0.03846,  -0.04667,  -0.04503,   0.02226,   0.00749,  -0.09426,  -0.00236,  -0.03846,  -0.03026,  -0.00564,  -0.01056,   0.04523,   0.03867,  -0.06636,   0.00092,  -0.07457,  -0.00236,   0.05016,   0.03539,  -0.00400,   0.00256,  -0.00072,   0.09282,   0.00749,   0.07641,   0.00092,  -0.08605,  -0.06308,   0.08134,   0.00913,  -0.02041,   0.04359,  -0.04010,   0.00585,   0.03703,   0.06328,   0.02718,   0.04031,  -0.03518,   0.05180,   0.03703,   0.03046,   0.05344,   0.03539,   0.02062,  -0.05487,   0.01405,  -0.05323,  -0.07129,  -0.06472,   0.04687,  -0.07129,  -0.01877,  -0.03518,   0.02390,  -0.04667,  -0.00564,  -0.02533,   0.00256,   0.00749,  -0.04010,   0.00256,   0.08298,   0.03210,   0.00585,   0.12236,  -0.06308,   0.06164,   0.02062,  -0.04339,  -0.07621,  -0.03026,  -0.05652,   0.10267,  -0.07457,   0.02390,   0.01241,  -0.05323,   0.03374,  -0.03190,   0.00913,  -0.01221,  -0.01056,  -0.03190,  -0.01877,   0.01077,  -0.02533,  -0.00400,  -0.03190,  -0.09590,   0.06328,  -0.05816,   0.05180,  -0.04831,  -0.02205,   0.08462,   0.06164,   0.02226,  -0.02205,   0.02062,  -0.02862,  -0.04010,   0.03210,  -0.02041,   0.01897,   0.02390,   0.01569,  -0.01549,  -0.05652,   0.03046,   0.02390,  -0.01056,   0.02554,  -0.03354,  -0.00564,   0.02062
  -0.05323,  -0.02862,   0.00092,   0.04031,   0.04687,  -0.08113,  -0.02205,   0.01897,  -0.04339,  -0.01221,  -0.04831,  -0.02041,  -0.01221,   0.03210,  -0.06308,  -0.04175,   0.05016,  -0.05487,  -0.01221,   0.00585,  -0.02041,   0.01733,  -0.00892,  -0.00892,  -0.02862,  -0.00400,   0.02390,  -0.01713,   0.00585,  -0.05323,   0.03210,  -0.01549,   0.00092,   0.02882,  -0.01713,  -0.00892,  -0.01877,  -0.03190,  -0.03682,  -0.00072,  -0.08113,  -0.05323,  -0.05487,  -0.05980,  -0.00892,   0.02882,  -0.07129,   0.01241,   0.00749,  -0.05652,  -0.00236,  -0.02369,  -0.01713,  -0.04010,  -0.05816,   0.00749,   0.05836,  -0.00236,   0.05344,   0.04359,   0.03703,   0.01077,  -0.03354,  -0.03026,   0.01241,  -0.01877,  -0.00564,   0.16011,   0.03374,  -0.04175,   0.00749,   0.02554,   0.03703,  -0.01549,  -0.00892,   0.02390,  -0.02698,   0.03703,   0.02390,   0.04687,   0.02882,   0.01405,  -0.00564,  -0.01385,   0.01405,  -0.03026,  -0.00564,   0.04195,   0.00913,   0.02226,   0.02226,  -0.00728,   0.05016,   0.02062,  -0.02533,  -0.06800,   0.00749,  -0.02862,   0.06164,  -0.07129,  -0.02205,  -0.06636,   0.01569,   0.00420,  -0.01056,   0.00420,  -0.01877,  -0.00072,  -0.02862,   0.01077,   0.03210,  -0.10082,  -0.00236,   0.00092,   0.00585,  -0.06308,   0.04359,  -0.03518,  -0.05816,   0.06000,   0.09446,  -0.10247,  -0.03026,  -0.02533,  -0.02862,   0.06164,  -0.02698,  -0.03518,   0.07805,  -0.04175,   0.03867,   0.00585,  -0.02698,  -0.03518,  -0.04995,   0.02390,   0.06000,  -0.02698,   0.05344,  -0.00072,  -0.02205,  -0.00236,  -0.00236,   0.02226,  -0.02369,   0.06328,  -0.06144,   0.02390,   0.01897,   0.00585,  -0.05980,  -0.04503,   0.04195,  -0.00564,   0.02062,   0.11416,   0.04523,  -0.05652,  -0.04503,   0.00420,   0.02390,  -0.07293,  -0.03190,   0.04031,  -0.00236,  -0.02698,  -0.04831,  -0.02533,   0.08298,  -0.04667,   0.03703,  -0.06636,   0.02882,  -0.02369,  -0.00400,  -0.07457,   0.00256,   0.06164,  -0.08934,   0.02390,   0.06657,   0.06985,   0.00585,  -0.03846,   0.01405,   0.01241,   0.01733,   0.02226,   0.07477,   0.07641,  -0.03190,  -0.02698,  -0.04831,   0.02554,   0.05836,   0.06985,  -0.04339,  -0.00236,   0.00256,   0.05344,  -0.01877,   0.10595,  -0.05323,  -0.00236,   0.00913,  -0.06472,   0.00749,   0.05344,   0.01077,   0.01569,  -0.02533,  -0.03026,  -0.01385,  -0.04995,   0.02390,   0.00092,  -0.00892,   0.01897,   0.01241,  -0.04503,  -0.01713,  -0.03026,  -0.01877,   0.05016,  -0.02862,  -0.02041,   0.02390,   0.00420,   0.02062,   0.05344,  -0.04175,   0.01733,  -0.00236,   0.02062,   0.02226,  -0.00892,  -0.00236,  -0.02205,   0.05508,   0.06000,  -0.06308,  -0.00728,  -0.00236,  -0.00564,   0.05508,  -0.02698,  -0.00400,  -0.04175,  -0.09590,  -0.06308,  -0.03518,  -0.01549,   0.03046,   0.01077,   0.01405,   0.01569,   0.01405,   0.01897,   0.00256,   0.01241,  -0.00892,  -0.04503,  -0.03026,   0.03210,   0.02390,  -0.06308,  -0.05323,  -0.01713,  -0.04175,   0.02226,   0.08790,  -0.01385,   0.01405,   0.04195,   0.02390,   0.00256,   0.01241,  -0.02369,   0.01405,   0.06164,  -0.01549,   0.01569,   0.03539,  -0.02369,  -0.03354,  -0.00728,   0.01569,  -0.04010,  -0.01713,   0.04851,   0.02882,   0.05016,  -0.03846,  -0.03026,  -0.00400,   0.02718,  -0.03354,   0.01241,  -0.08770,  -0.01056,  -0.00728,  -0.00728,  -0.01056,  -0.00892,  -0.00400,  -0.02533,   0.01569,  -0.04339,  -0.05159,  -0.07621,  -0.01713,  -0.00892,   0.01733,   0.01077,  -0.00564,   0.07313,   0.05344,   0.03210,   0.01241,   0.04523,  -0.03682,   0.03046,  -0.04010,  -0.00892,  -0.08113,  -0.02698,  -0.02698,  -0.01549,   0.00420,   0.00913,  -0.04995,  -0.07785,  -0.06964,  -0.01221,   0.00420,   0.06164,   0.00256,   0.02226,   0.00092,  -0.04339,   0.03374,  -0.07621,   0.00585,  -0.07785,   0.06985,  -0.02041,   0.03210,  -0.04995,   0.02718,  -0.00236,   0.03867,   0.01733,   0.03703,  -0.05816,   0.03046,  -0.00400,   0.00585,   0.00913,   0.02226,   0.07149,  -0.02369,   0.01077,  -0.04831,   0.03703,  -0.02041,   0.05508,  -0.00564,  -0.01549,  -0.01221,   0.06328,  -0.01221,   0.00092,  -0.00072,  -0.00236,   0.06657,  -0.00400,   0.00913,  -0.02205,  -0.03518,   0.10103,   0.02718,   0.00749,   0.00749,   0.03703,  -0.01549,   0.02554,   0.02226,  -0.04175,   0.04359,  -0.01713,   0.01897,  -0.00564,  -0.05487,   0.09775,   0.05016,   0.01897,   0.03374,   0.03539,  -0.01549,   0.01241,  -0.01056,  -0.02862,  -0.00892,   0.02226,   0.01733,  -0.01221,   0.00585,   0.00749,  -0.01221,   0.02718,   0.01241,   0.06492,  -0.05816,  -0.06636,   0.00913,  -0.01385,  -0.06472,   0.03703,  -0.00564,   0.00749,   0.01241,  -0.03846,  -0.02533,  -0.00728,   0.03210,   0.10267,   0.00585,   0.01733,  -0.02369,   0.03703,  -0.04175,  -0.03190,   0.04195,   0.02226,  -0.01549,   0.05344,   0.00585,  -0.04339,  -0.00072,   0.01569,  -0.02862,   0.06328,   0.03867,   0.05344,  -0.02041,   0.04523,   0.04523,  -0.01713,  -0.03518,   0.00913,   0.02390,  -0.01877,   0.00420,   0.07805,  -0.08605,   0.05344,   0.02390,   0.03539,  -0.00236,   0.03703,   0.04031,   0.02390,   0.08790,  -0.06964,  -0.03026,  -0.05816,   0.02554,  -0.08277,  -0.06144,   0.02390,   0.00585,  -0.00728,  -0.03354,   0.03210,  -0.00236,  -0.06472,   0.02554,  -0.00236,  -0.02698,  -0.04503,  -0.04995,   0.02882,  -0.00236,  -0.02369,  -0.00564,  -0.00564,   0.00256,  -0.09590,   0.06000,   0.06821,   0.02882,  -0.05487,   0.06657,  -0.03354,   0.03539,  -0.03682,   0.02390,  -0.06308,   0.02882,  -0.05323,  -0.00728,  -0.04995,   0.03703,  -0.00400,   0.00585,  -0.02698,  -0.00400,  -0.00072,  -0.01385,  -0.04503,   0.00092,   0.06328,   0.01241,   0.01405,   0.01405,   0.04687,   0.06657,  -0.02533,   0.00749,   0.03210,  -0.02205,   0.01897,   0.05016,  -0.05652,   0.03867,  -0.01877,   0.01897,  -0.01877,  -0.01385,  -0.01221,  -0.02533,   0.03539,   0.02226,   0.01733,  -0.05159,   0.03867,  -0.00072,   0.03046,   0.03703,  -0.04175,  -0.05652,  -0.03190,  -0.02698,  -0.03354,   0.04031,  -0.05980,   0.04031,  -0.09426,   0.02718,   0.08954,   0.06492,   0.12236,   0.02226,  -0.07129,  -0.00728,   0.01569,   0.00256,  -0.02862,   0.06164,   0.03210,   0.01569,  -0.04503,   0.04523,  -0.01713,   0.08462,  -0.04339,  -0.00892,  -0.03354,  -0.01221,  -0.04831,  -0.03026,  -0.09754,   0.00092,   0.02882,  -0.00400,   0.02718,   0.03046,  -0.00400,  -0.02041,  -0.02205,  -0.01385,   0.02554,   0.04031,   0.00749,  -0.02041,  -0.00564,   0.02226,   0.00749,   0.01569,  -0.01713,  -0.05652,   0.01733,   0.00256,  -0.02041,   0.02882,  -0.00072,   0.02718,  -0.01056,  -0.05159,   0.00585,   0.02882,  -0.01877,  -0.01549,   0.02062,  -0.06964,  -0.02533,   0.06164,   0.03703,  -0.06636,  -0.00892,  -0.01385,   0.02882,   0.00092,  -0.00072,   0.05180,  -0.03518,   0.02554,  -0.01385,  -0.02041,  -0.02862,  -0.02041,   0.04359,   0.05016,   0.02226,   0.00913,   0.09118,   0.06000,   0.05344,  -0.04667,  -0.01385,  -0.06964,  -0.00400,   0.03374,   0.01569,   0.04031,  -0.02533,   0.00092,   0.00749,   0.01241,   0.00749,  -0.05816,   0.02226,   0.09446,   0.02390,  -0.03846,   0.02554,   0.04195,  -0.02041,   0.03703,   0.01733,  -0.05159,  -0.00564,  -0.01056,   0.05344,   0.05016,   0.02390,  -0.05487,   0.00256,   0.01241,  -0.06144,   0.03210,   0.00749,   0.03210,   0.03046,   0.00256,   0.00749,  -0.00892,  -0.02698,  -0.05816,   0.04687,   0.03703,   0.04195,   0.03374,   0.02718,  -0.01713,   0.03867,   0.06000,  -0.02041,  -0.01056,   0.04687,  -0.00892,  -0.03354,   0.03210,   0.06985,   0.00256,   0.02062,  -0.03518,   0.02882,  -0.00892,  -0.04175,   0.05180,  -0.00072,  -0.02369,   0.06328,   0.02554,   0.05180,   0.01077,  -0.00564,   0.04195,   0.00585,   0.06164,  -0.01549,  -0.02041,   0.02226,   0.03210,   0.07641,  -0.00728,   0.06492,   0.05508,  -0.03518,   0.02554,  -0.01877,   0.05016,  -0.03190,   0.02226,   0.04195,   0.05344,   0.05180,   0.02062,   0.02882,  -0.03518,  -0.07129,   0.03703,  -0.00236,  -0.00236,   0.03539,  -0.00564,   0.02390,   0.05836,   0.00913,   0.02882,   0.01733,   0.02554,   0.02718,   0.00913,   0.01405,   0.06492,   0.06492,   0.03539,  -0.04339,  -0.00728,  -0.01877,   0.06657,  -0.01221,  -0.01221,   0.02226,  -0.03354,   0.01897,   0.09118,   0.03046,  -0.03518,   0.02390,   0.02554,  -0.03846,  -0.05980,  -0.01877,   0.06985,   0.02554,   0.05016,   0.05180,   0.03374,   0.01569,  -0.06144,  -0.02698,  -0.04995,   0.03703,  -0.04503,   0.02390,  -0.01221,   0.02226,  -0.02205,  -0.03026,   0.01897,  -0.00728,   0.03539,  -0.01385,  -0.00564,  -0.11724,  -0.03354,  -0.00072,   0.00585,   0.00092,  -0.02533,  -0.03190,  -0.10575,   0.06492,  -0.01221,   0.06328,  -0.03354,  -0.03354,   0.03046,   0.02882,  -0.07949,  -0.00728,   0.09611,  -0.00400,  -0.05487,  -0.01549,   0.11252,   0.02554,  -0.01221,   0.02882,  -0.00072,   0.02554,  -0.07457,   0.03703,  -0.04667,   0.03046,  -0.00400,   0.02390,   0.02882,  -0.01877,   0.03046,   0.03539,  -0.06636,  -0.05487,   0.00913,  -0.03518,  -0.02205,  -0.03518,  -0.04010,  -0.00564,   0.03046,  -0.05159,   0.03703,   0.07149,  -0.06800,   0.05836,   0.05180,  -0.00400,   0.09446,  -0.04339,  -0.03026,   0.01405,  -0.07129,   0.02390,  -0.04831,  -0.00236,  -0.01056,  -0.03190,   0.03046,   0.00749,  -0.01221,   0.01241,  -0.00072,  -0.03518,  -0.04667,   0.01077,  -0.03190,   0.01405,   0.01077,   0.01241,  -0.04175,   0.08462,   0.04359,  -0.06964,  -0.03354,  -0.01385,  -0.00072,   0.00420,   0.02226,   0.05016,  -0.01385,  -0.01549,   0.00913,   0.03046,  -0.04667,  -0.02369,   0.00913,  -0.04175,   0.00749,   0.01405,   0.04031,   0.03374,   0.01569,  -0.11724,   0.03374,  -0.02369,   0.06000,  -0.00564,  -0.04339,   0.07477,  -0.00564,  -0.01056,  -0.03682,  -0.05159,   0.03703,   0.00913,   0.02390,  -0.03682,  -0.02862,  -0.06308,  -0.01713,   0.01569,   0.00256,  -0.02369,  -0.02698,  -0.01221,   0.03210,  -0.02205,   0.04687,   0.03046,   0.07477,  -0.01549,   0.03046,   0.06985,   0.01241,   0.00749,  -0.02533,   0.03046,  -0.04175,   0.03374,   0.02390,   0.00420,  -0.06144,   0.00749,   0.08954,   0.04195,  -0.01549,   0.02226,  -0.04339,   0.08462,  -0.04995,   0.02882,  -0.05652,   0.05344,  -0.04667,   0.03374,   0.04195,  -0.00236,   0.01897,   0.01405,  -0.02698,   0.05508,   0.00585,  -0.07129,   0.00749,  -0.02369,  -0.06472,  -0.00892,   0.04523,   0.00420,  -0.06800,   0.00749,   0.00256,   0.03867,   0.01241,   0.04195,   0.10431,  -0.06308,   0.01241,  -0.06308,   0.06000,   0.04031,  -0.07949,  -0.00072,   0.06328,   0.04031,  -0.03026,   0.10595,  -0.02533,  -0.00564,   0.06000,   0.00256,   0.06657,  -0.00236,  -0.02205,  -0.00892,   0.03374,  -0.07621,  -0.01713,   0.05180,   0.06164,  -0.02369,   0.00749,  -0.02698,   0.05180,   0.01077,   0.01897,  -0.02862,   0.01733,  -0.04010,   0.04359,   0.06657,   0.05508,  -0.02205,   0.01405,  -0.02698,  -0.00892,   0.04031,   0.01405,  -0.04831,   0.02718,  -0.06964,   0.02390,  -0.10575,  -0.04175,   0.05344,   0.00585,   0.00913,   0.04195,  -0.00400,   0.06492,  -0.00236,  -0.00564,  -0.04010,  -0.05652,   0.04851,   0.03539,  -0.11888,   0.04031,   0.02390,   0.05508,  -0.03190,   0.09939,  -0.01221,   0.00749,   0.03374,   0.06000,   0.00256,  -0.00236,  -0.00072,  -0.03190,   0.01569
   0.04851,  -0.00072,   0.02554,  -0.05816,   0.00913,   0.05508,  -0.01713,   0.05016,  -0.04667,   0.00913,  -0.01385,  -0.04010,  -0.06636,   0.05508,   0.00913,  -0.02533,   0.04851,  -0.01713,  -0.00564,  -0.04503,   0.00585,  -0.03518,  -0.03518,   0.00256,  -0.02698,  -0.07293,  -0.05159,  -0.02862,   0.05508,   0.01733,  -0.03190,   0.01897,  -0.00072,  -0.03026,   0.00913,   0.04031,   0.00749,  -0.01549,  -0.01056,  -0.02369,  -0.01549,   0.01405,  -0.00564,   0.09939,   0.00913,  -0.01385,  -0.02205,  -0.03354,  -0.02041,  -0.03190,  -0.01713,  -0.04503,   0.01733,   0.01241,   0.01241,  -0.00072,  -0.05652,   0.05016,  -0.02369,   0.01405,   0.02554,   0.01569,   0.04523,  -0.05652,  -0.00892,   0.06821,   0.03374,  -0.00564,  -0.01056,  -0.02698,  -0.05487,   0.00749,   0.01733,  -0.04667,   0.00913,  -0.05323,  -0.01877,   0.01405,   0.06000,  -0.02041,   0.01241,   0.04359,  -0.04995,  -0.00564,  -0.00072,   0.08462,  -0.01221,   0.05836,  -0.04831,   0.01241,  -0.00564,  -0.05487,  -0.08277,   0.04195,  -0.03026,   0.04359,  -0.00072,   0.07313,   0.00913,   0.05016,  -0.04995,   0.01405,   0.04031,  -0.01056,  -0.05323,  -0.03518,  -0.04667,   0.03703,   0.03210,   0.00585,  -0.03682,  -0.05323,   0.02226,  -0.03190,  -0.02041,   0.01733,  -0.06636,   0.07641,   0.07477,  -0.04339,   0.01077,   0.00092,   0.01077,   0.03703,   0.01733,  -0.00072,   0.04523,  -0.02041,   0.02062,  -0.07129,   0.00256,  -0.01385,  -0.02205,   0.07641,  -0.02533,  -0.03354,   0.02554,   0.00749,  -0.01549,  -0.01056,  -0.09754,   0.02554,  -0.09426,  -0.03190,   0.06821,  -0.03518,  -0.04175,   0.00749,  -0.03518,   0.01405,   0.02718,  -0.04010,   0.03210,  -0.01056,  -0.02041,  -0.00892,   0.00749,  -0.07621,  -0.05159,   0.06492,   0.00749,   0.03867,  -0.00400,   0.03539,   0.03046,  -0.00072,   0.04851,  -0.04010,  -0.04831,  -0.05980,  -0.00564,   0.04031,  -0.02369,   0.01077,   0.01569,   0.01733,   0.02062,   0.04031,  -0.04667,   0.00749,  -0.07129,   0.07641,  -0.00072,   0.04523,   0.01897,  -0.06472,   0.04851,   0.05180,   0.01733,  -0.04503,  -0.04503,  -0.01877,  -0.01877,  -0.01056,   0.02226,  -0.02041,   0.03703,  -0.01549,   0.00585,   0.02062,   0.05344,  -0.03518,   0.03374,   0.06328,  -0.01056,   0.01077,   0.03046,   0.04031,   0.02226,  -0.02533,   0.07313,  -0.00236,   0.01733,  -0.01713,  -0.06636,   0.00585,  -0.01221,  -0.00072,   0.00913,  -0.04995,  -0.01221,  -0.01549,  -0.10082,  -0.04667,   0.00420,  -0.03354,   0.00749,  -0.02698,   0.02554,  -0.03026,   0.01897,   0.01077,  -0.01056,   0.00092,   0.00092,  -0.02533,   0.06000,   0.06328,   0.05672,   0.08462,  -0.04667,   0.03046,  -0.04831,  -0.01385,   0.01241,   0.04687,   0.01405,  -0.02862,   0.04851,   0.02062,   0.01569,   0.00749,   0.03374,   0.02226,  -0.00728,  -0.02041,  -0.00236,  -0.00564,   0.03539,   0.06492,  -0.00400,   0.01569,  -0.03354,   0.02882,   0.01897,   0.00585,  -0.04995,   0.06821,  -0.04010,  -0.00564,  -0.03518,   0.02882,   0.00256,  -0.06472,  -0.02369,  -0.03026,  -0.02205,   0.08134,  -0.04503,   0.03703,   0.01241,  -0.02862,  -0.01056,  -0.02862,  -0.05652,   0.02390,  -0.03846,  -0.03190,  -0.03846,   0.01897,  -0.01056,  -0.06800,  -0.03354,  -0.04010,  -0.07621,  -0.05487,  -0.01221,  -0.01056,   0.05016,  -0.02369,  -0.05323,   0.06000,  -0.00728,  -0.02205,  -0.01877,  -0.11395,  -0.01056,  -0.03682,   0.06000,  -0.05652,  -0.04831,  -0.02041,   0.01733,   0.04195,   0.04195,   0.01077,  -0.12872,   0.00420,  -0.04831,   0.00256,   0.03210,   0.00420,  -0.02369,  -0.01056,   0.03703,  -0.06308,   0.03046,  -0.04503,  -0.01877,   0.03046,   0.04359,  -0.07457,  -0.06636,   0.08298,  -0.06636,  -0.03518,  -0.01385,  -0.02533,   0.01241,   0.02718,  -0.05487,  -0.01056,   0.00256,  -0.02698,  -0.00236,   0.00585,  -0.05159,  -0.08770,   0.03374,   0.01897,  -0.03682,  -0.02205,   0.02718,   0.00256,  -0.02205,   0.09939,   0.05180,   0.00749,  -0.02041,  -0.00400,  -0.00892,   0.01405,   0.00092,   0.01569,  -0.01713,  -0.00236,  -0.03026,  -0.03190,  -0.01877,  -0.09590,   0.03046,  -0.06144,  -0.01385,   0.01077,  -0.01221,  -0.02698,  -0.00564,   0.05180,  -0.01056,   0.05016,   0.00256,  -0.00892,   0.07149,  -0.02698,  -0.06636,   0.01897,  -0.00892,   0.04523,   0.00256,  -0.00728,  -0.11888,   0.00913,   0.03539,   0.04195,   0.02226,   0.03703,   0.00256,   0.04195,   0.05508,   0.03703,   0.04687,  -0.01713,  -0.00236,   0.04851,   0.05508,   0.01405,  -0.03190,  -0.04503,   0.00420,   0.04359,  -0.00400,   0.01241,   0.00420,   0.02062,   0.06985,   0.08954,   0.05016,   0.08134,   0.05016,   0.05508,   0.00092,  -0.00564,  -0.00400,   0.02226,   0.02554,   0.01733,   0.02718,  -0.01221,  -0.04175,  -0.04995,  -0.04010,   0.03046,  -0.02862,  -0.04503,   0.01897,  -0.03354,  -0.04175,  -0.04010,  -0.00072,  -0.01221,  -0.02205,   0.10923,   0.06985,  -0.05980,  -0.01221,   0.01733,  -0.00892,   0.02718,  -0.08934,  -0.00728,   0.02226,  -0.00892,   0.02390,  -0.03846,  -0.00728,   0.01241,  -0.05816,   0.10103,  -0.06964,   0.02554,  -0.02533,  -0.00728,  -0.01221,  -0.00728,  -0.01221,  -0.03846,   0.02226,  -0.01549,  -0.01549,   0.01897,   0.03539,   0.03867,  -0.04175,  -0.02041,   0.00256,   0.00913,   0.01241,   0.06985,  -0.02698,  -0.03682,   0.01241,   0.06000,  -0.00400,  -0.01713,   0.00585,   0.02062,   0.05672,  -0.01221,  -0.03846,  -0.14185,  -0.00072,  -0.02698,   0.06328,  -0.03846,  -0.00072,   0.01569,   0.03046,   0.05344,   0.01077,  -0.02041,   0.00092,  -0.01549,  -0.00728,  -0.04010,   0.10103,   0.02554,  -0.04503,  -0.04667,  -0.04503,  -0.02041,  -0.03682,   0.00913,  -0.03354,   0.02390,   0.09118,   0.04687,   0.00913,  -0.06964,  -0.02369,   0.01405,  -0.13857,   0.02882,  -0.07129,  -0.00236,   0.01241,   0.00913,  -0.03026,   0.01077,  -0.03190,   0.08626,  -0.01713,  -0.03354,  -0.02369,   0.02554,   0.00256,   0.00749,   0.01733,   0.03046,   0.04687,  -0.03190,   0.03374,  -0.06800,  -0.05159,  -0.04175,  -0.04667,   0.03374,   0.01241,   0.02882,  -0.02698,  -0.01549,  -0.04667,   0.02718,   0.03374,   0.01897,   0.03210,   0.06328,  -0.04339,  -0.04339,   0.07477,   0.02226,   0.03046,   0.03539,   0.01733,  -0.04667,   0.05672,  -0.01221,  -0.03026,  -0.01549,  -0.04339,   0.03539,  -0.01221,   0.00913,   0.02718,   0.01405,  -0.02533,  -0.05487,   0.02554,   0.03539,   0.00749,  -0.01713,  -0.04339,   0.04195,   0.01405,  -0.04995,  -0.05652,  -0.08770,   0.00913,  -0.00564,  -0.00728,  -0.01221,   0.07641,   0.00092,   0.00913,   0.11744,   0.01897,   0.02718,  -0.10411,  -0.05652,  -0.00236,   0.01733,  -0.03354,  -0.00400,   0.04851,  -0.04995,   0.01077,  -0.06800,   0.06164,  -0.06144,  -0.00564,   0.06164,  -0.00236,  -0.01549,   0.00749,   0.05672,  -0.05323,  -0.00892,   0.00420,  -0.02862,   0.00585,   0.02390,   0.02062,  -0.02862,  -0.01713,   0.01733,   0.09118,   0.05672,   0.06821,   0.00092,  -0.00400,   0.04359,  -0.05159,   0.07641,   0.03867,   0.05344,   0.09118,   0.01897,   0.00420,   0.02390,  -0.02205,   0.00092,  -0.01549,   0.06985,  -0.05323,  -0.07457,  -0.00400,  -0.01877,  -0.00072,   0.03867,   0.00420,   0.04851,   0.01405,   0.00749,  -0.04175,   0.00585,   0.09775,  -0.02698,   0.06164,   0.05344,   0.00913,  -0.00728,   0.05836,  -0.04010,  -0.03682,   0.02554,  -0.15334,   0.01733,  -0.01221,   0.00585,  -0.04503,  -0.03518,   0.01897,  -0.03026,   0.02882,   0.06000,   0.13385,  -0.03846,   0.03374,  -0.02041,  -0.00400,   0.09446,  -0.06144,   0.00585,   0.09939,  -0.10247,  -0.08605,  -0.04339,   0.00420,  -0.08605,   0.00585,  -0.03190,  -0.02862,  -0.08605,  -0.01549,   0.01077,  -0.02698,   0.07969,  -0.05159,  -0.01877,  -0.02041,   0.05344,  -0.03026,   0.02226,  -0.00236,   0.03374,   0.04851,   0.00256,  -0.08605,  -0.04175,   0.01569,   0.01897,  -0.03026,  -0.04339,  -0.01221,  -0.04995,  -0.06636,   0.05836,  -0.00728,   0.01897,   0.02062,  -0.05323,   0.01241,  -0.03846,   0.01077,   0.01897,  -0.00892,  -0.02698,   0.08134,   0.00749,  -0.02533,  -0.01877,  -0.05159,  -0.00564,  -0.00728,   0.09775,  -0.06636,  -0.04831,  -0.00728,   0.04359,  -0.01877,   0.05016,  -0.01549,  -0.00236,  -0.00728,   0.00092,  -0.05980,   0.05836,   0.03374,  -0.05652,   0.05180,  -0.02041,   0.07313,   0.02554,   0.00256,   0.01405,   0.02554,  -0.03846,   0.01241,  -0.02369,  -0.04831,  -0.07949,  -0.01549,  -0.01549,  -0.00892,   0.01405,  -0.02698,  -0.02862,   0.01405,  -0.02862,   0.02718,  -0.05487,   0.02554,   0.00256,   0.06164,  -0.09098,   0.03539,  -0.00728,  -0.02862,  -0.00400,   0.03539,  -0.06800,  -0.01877,  -0.11395,  -0.02533,  -0.03354,  -0.03846,   0.00585,   0.03867,   0.00913,  -0.01221,   0.02062,   0.06000,   0.03046,  -0.07621,   0.08626,  -0.05159,   0.00420,  -0.02698,   0.01405,   0.02062,   0.00420,   0.01897,   0.01569,   0.00749,   0.00420,  -0.04339,  -0.06636,   0.04359,   0.02554,   0.10267,  -0.01221,   0.01569,   0.00585,  -0.01713,   0.00585,   0.01569,  -0.01056,  -0.01549,   0.00749,   0.03867,   0.02554,  -0.01877,  -0.05816,   0.02554,  -0.02862,   0.05672,  -0.03682,  -0.01221,   0.03374,  -0.02698,   0.02718,   0.05672,  -0.01877,   0.05016,  -0.00400,  -0.04175,   0.01405,   0.07641,   0.03539,  -0.02862,   0.02882,  -0.07129,   0.03374,  -0.01385,   0.11744,  -0.03026,  -0.02041,   0.09118,  -0.09098,   0.02226,  -0.05980,  -0.04503,   0.05016,   0.04851,  -0.02205,  -0.09426,   0.04359,  -0.00892,  -0.04503,   0.00420,  -0.03026,  -0.01549,   0.01569,   0.03374,  -0.06636,   0.01241,   0.01077,  -0.06472,   0.08790,  -0.05980,   0.00092,   0.02882,   0.01733,  -0.00400,   0.00749,   0.07149,  -0.02533,   0.00256,  -0.02369,  -0.01549,   0.02718,  -0.05323,   0.03210,   0.00420,  -0.07621,   0.00913,  -0.00892,   0.01733,  -0.04010,   0.05016,   0.00420,   0.08626,  -0.04667,  -0.04175,  -0.03190,  -0.03846,   0.01897,  -0.00400,   0.07641,  -0.01221,  -0.01221,  -0.03518,  -0.04175,   0.01077,  -0.08277,   0.06164,  -0.00564,  -0.03354,   0.00749,   0.05836,  -0.05980,  -0.01221,   0.03046,  -0.04010,   0.04687,  -0.03682,   0.03046,   0.00585,   0.02062,   0.00913,  -0.00400,  -0.03354,   0.07641,   0.00256,   0.03539,   0.05016,   0.00420,   0.02882,   0.00749,   0.04687,   0.05180,   0.03210,  -0.03190,  -0.04995,   0.00585,   0.01569,   0.00256,   0.00585,  -0.02533,   0.03703,  -0.00072,   0.09118,  -0.04831,   0.01569,   0.04687,  -0.06964,   0.00585,  -0.03190,   0.04031,  -0.06636,  -0.06800,  -0.04339,  -0.06144,  -0.02533,   0.04851,  -0.06472,  -0.04010,  -0.01713,  -0.02698,   0.00256,   0.00913,   0.03210,   0.00092,   0.09775,  -0.02698,   0.01241,  -0.06144,  -0.03190,   0.01569,   0.07969,  -0.01713,  -0.00400,  -0.01713,   0.02226,  -0.01877,   0.04687,  -0.04667,   0.01569,   0.02718,   0.06657,   0.00256,   0.03046,  -0.03026,  -0.00236,  -0.03354,  -0.03682,   0.03703,  -0.06636,   0.00420,   0.01241,   0.04195,  -0.02205,  -0.02698,   0.02554,  -0.01549,   0.00256,   0.01569,  -0.02205,   0.01733,  -0.03354,  -0.03682,  -0.03518,   0.03210,  -0.02862,  -0.01877,   0.01569,   0.01405,  -0.01385,  -0.03354,   0.02882,   0.00092,  -0.02698,  -0.02698,  -0.03682,   0.00092,   0.03703,  -0.01221,   0.04687,  -0.03846,  -0.03518,   0.09939,  -0.01549,  -0.00236,   0.00913,  -0.03518
   0.01733,   0.01733,  -0.10247,   0.01569,   0.02554,  -0.00728,   0.02062,  -0.01385,  -0.04175,   0.03374,  -0.03846,   0.00256,  -0.02698,  -0.11231,  -0.02533,  -0.00564,   0.01569,  -0.00236,  -0.03518,   0.01569,  -0.03846,   0.00420,   0.05180,   0.00092,   0.05344,   0.03046,   0.03703,  -0.10739,   0.05016,  -0.03190,   0.00585,  -0.00728,  -0.07129,   0.02718,  -0.02533,  -0.05652,   0.11908,  -0.01877,  -0.02533,   0.03210,   0.01897,   0.08626,  -0.00892,   0.03210,  -0.01549,  -0.01877,  -0.08605,  -0.02041,  -0.12544,   0.00913,   0.01733,  -0.02205,   0.03703,  -0.04831,  -0.02369,  -0.06636,   0.09118,  -0.04339,   0.02062,   0.02718,   0.04523,   0.07641,  -0.04995,   0.00913,  -0.04995,  -0.05159,  -0.03682,  -0.00892,  -0.01056,  -0.03518,  -0.02698,  -0.04503,   0.01569,   0.02718,  -0.04995,   0.03867,  -0.01385,   0.05016,   0.03046,   0.08626,   0.05672,   0.04523,  -0.01713,   0.00913,   0.01569,   0.00420,  -0.01221,   0.04359,   0.01241,   0.02226,  -0.08605,  -0.01056,   0.03374,   0.04851,   0.00256,   0.03374,   0.05344,  -0.02205,   0.07969,   0.00420,   0.03867,  -0.03190,   0.00913,   0.00749,  -0.03026,  -0.06144,   0.04031,  -0.02041,   0.00913,   0.07969,   0.01569,  -0.03026,  -0.01713,  -0.05323,   0.01241,   0.04031,   0.11416,  -0.02041,   0.06821,   0.07477,  -0.06144,  -0.01549,   0.02882,  -0.04995,   0.00420,   0.00092,  -0.00400,   0.03374,   0.06985,   0.01077,  -0.02533,  -0.04010,  -0.02862,  -0.00072,  -0.07785,  -0.00236,   0.03867,   0.00256,  -0.04175,  -0.01549,   0.03210,   0.04359,  -0.05159,   0.00256,   0.00913,  -0.00072,   0.00256,   0.01241,   0.01241,   0.05016,  -0.05159,   0.04359,   0.02390,   0.00092,  -0.00892,   0.03046,  -0.03846,  -0.02698,  -0.09426,   0.00256,   0.07641,   0.03046,   0.02390,  -0.01877,   0.06164,  -0.04175,   0.02882,  -0.08113,   0.02390,   0.00420,  -0.01385,  -0.02041,   0.03867,  -0.03846,  -0.04175,  -0.02698,   0.05836,  -0.00072,   0.04195,   0.01569,   0.00585,  -0.04831,   0.01077,   0.01897,  -0.05159,  -0.09098,   0.00420,  -0.00728,   0.05836,  -0.02205,  -0.01713,  -0.12544,  -0.04831,  -0.06144,  -0.05159,   0.00256,   0.00256,   0.04031,   0.02554,  -0.02862,   0.06985,  -0.02205,  -0.01549,   0.00092,  -0.00728,   0.04031,  -0.00892,  -0.00072,  -0.03518,  -0.04175,   0.08462,   0.06821,  -0.02698,  -0.06472,   0.02390,  -0.06964,   0.04523,   0.03210,  -0.00728,  -0.03846,   0.02554,  -0.01549,  -0.02205,  -0.07293,  -0.04010,   0.01569,  -0.02533,   0.07149,   0.03703,   0.03046,  -0.04831,   0.02390,  -0.01877,  -0.03354,   0.01405,  -0.00892,  -0.01713,  -0.01385,   0.05016,  -0.04667,   0.02062,   0.03539,   0.01569,  -0.00072,   0.01405,   0.04031,   0.01733,  -0.04995,  -0.06964,   0.01405,  -0.04339,   0.04195,  -0.04175,  -0.02369,  -0.05487,   0.05344,  -0.06308,   0.02554,   0.04851,  -0.01221,   0.05180,   0.06492,  -0.03190,  -0.03026,   0.04851,   0.05180,  -0.03846,   0.08626,  -0.00236,   0.01733,   0.00092,  -0.02698,  -0.03846,   0.05180,  -0.00564,   0.02226,   0.06164,   0.00749,  -0.01385,  -0.01221,  -0.04175,  -0.03354,  -0.00236,  -0.02533,  -0.04339,   0.01241,   0.01733,  -0.03354,   0.00913,   0.00749,  -0.02369,  -0.01877,   0.00256,  -0.01221,   0.01077,  -0.03682,   0.03046,  -0.05980,  -0.01549,   0.04851,  -0.01221,  -0.02041,  -0.03354,  -0.06636,   0.00585,   0.08954,  -0.02041,   0.09611,   0.00256,  -0.00236,   0.05672,  -0.02041,  -0.02533,  -0.05487,   0.01241,  -0.04175,   0.01897,  -0.06964,  -0.08605,   0.07313,   0.02554,  -0.00728,  -0.01549,   0.04851,  -0.05652,   0.00585,   0.01077,  -0.10739,   0.09118,  -0.01056,  -0.02205,  -0.06636,   0.02554,  -0.02369,   0.01897,   0.04195,  -0.03682,   0.02554,  -0.03190,  -0.00236,  -0.00072,  -0.03354,  -0.01549,  -0.03682,   0.03210,   0.05836,  -0.01549,  -0.06144,  -0.10247,   0.04687,   0.06657,  -0.00564,  -0.01713,  -0.06472,  -0.02205,  -0.08770,   0.02554,  -0.04831,  -0.01385,  -0.03682,   0.03046,   0.00420,  -0.03682,   0.03046,   0.01241,  -0.02205,  -0.01056,  -0.03354,  -0.02698,  -0.01877,   0.00092,  -0.01221,  -0.02041,   0.03703,  -0.04831,  -0.01056,  -0.01385,   0.04195,   0.08462,   0.05016,   0.02718,   0.07477,   0.01405,   0.05672,  -0.01549,  -0.00072,   0.03539,  -0.00564,   0.01569,  -0.03026,   0.00256,  -0.05816,   0.01077,  -0.04175,   0.00913,   0.00092,  -0.02533,  -0.08277,  -0.01713,  -0.03846,  -0.02369,   0.00749,   0.05016,  -0.00728,   0.04359,   0.06328,   0.09118,  -0.07785,   0.02718,  -0.05816,  -0.03354,  -0.03518,   0.02882,   0.05508,   0.04359,   0.04195,   0.03374,   0.02882,  -0.07785,  -0.03190,   0.02882,  -0.02533,   0.04851,   0.00420,  -0.01056,   0.05344,  -0.00072,   0.07477,  -0.02205,  -0.01385,   0.07641,   0.00256,  -0.04831,   0.07641,   0.01733,  -0.02205,  -0.00564,  -0.06472,  -0.03518,   0.02718,  -0.03846,  -0.00564,  -0.01056,   0.02226,  -0.04503,  -0.04010,  -0.01385,   0.00092,   0.04851,  -0.04175,  -0.02862,  -0.00072,   0.00585,  -0.01877,   0.01897,   0.07313,   0.06000,  -0.01385,   0.01241,   0.07641,  -0.06964,   0.05672,  -0.08277,   0.03867,  -0.04010,   0.00420,   0.01077,   0.00092,  -0.06800,  -0.05323,   0.00256,   0.03046,   0.01241,  -0.04175,   0.01897,  -0.01877,  -0.05487,   0.03539,   0.01897,   0.03046,   0.06164,  -0.01385,   0.05180,   0.03210,   0.02390,  -0.02862,  -0.06472,   0.00749,  -0.00400,  -0.06308,  -0.01549,  -0.00564,  -0.02041,   0.05508,   0.00092,   0.04031,   0.03210,  -0.03846,   0.03210,   0.00913,  -0.02369,   0.00092,  -0.02533,   0.04851,  -0.01877,  -0.04503,   0.08790,  -0.03190,   0.02882,  -0.00564,  -0.04010,   0.01405,  -0.02698,   0.06821,   0.05180,   0.01405,   0.02390,   0.05016,   0.01733,   0.02062,  -0.02205,   0.02718,   0.03539,  -0.01221,  -0.00564,  -0.02533,   0.01241,   0.00749,  -0.02862,  -0.06472,  -0.05816,   0.00749,   0.01077,   0.01405,   0.02718,   0.01569,   0.02226,   0.01241,  -0.05159,   0.01569,  -0.03846,   0.02718,   0.01405,  -0.05323,   0.02062,  -0.07949,  -0.03190,   0.05344,   0.07477,  -0.08605,  -0.11067,  -0.03518,  -0.04175,  -0.01221,   0.01897,   0.02226,  -0.02698,  -0.05323,   0.01569,   0.02718,   0.02226,  -0.04175,  -0.00564,   0.05016,   0.06492,   0.00420,  -0.02369,  -0.02205,  -0.04010,   0.01405,   0.01897,   0.01733,  -0.03518,   0.01569,  -0.04503,   0.02062,   0.04359,  -0.02862,   0.02062,  -0.07949,   0.00585,   0.00585,   0.01733,  -0.04339,   0.00092,  -0.01221,   0.04687,  -0.04995,   0.03703,  -0.00564,   0.00092,  -0.01549,   0.07477,   0.01569,  -0.05323,  -0.09918,  -0.02041,  -0.05159,   0.03210,   0.00256,  -0.03846,  -0.02205,  -0.01056,  -0.01549,   0.02882,   0.04359,   0.05016,  -0.06308,   0.07149,  -0.04175,   0.05508,  -0.05816,  -0.02041,  -0.04010,  -0.13036,  -0.04995,  -0.01056,  -0.02369,  -0.03026,  -0.01549,  -0.05159,  -0.03846,   0.02718,   0.01241,  -0.03026,   0.03046,  -0.04995,  -0.02369,   0.04851,   0.02062,  -0.08277,   0.13385,  -0.00892,   0.00585,   0.08462,   0.02226,  -0.07457,   0.00749,  -0.08441,  -0.06964,   0.08134,   0.02062,   0.02718,   0.06328,   0.08462,   0.02226,  -0.02862,  -0.01385,  -0.03518,  -0.02205,   0.02390,  -0.01549,  -0.02205,  -0.06964,   0.06492,   0.02226,  -0.09262,   0.04195,   0.03867,  -0.04503,  -0.02698,  -0.04010,  -0.05652,  -0.00400,   0.02718,   0.02554,  -0.03682,  -0.05652,   0.03374,  -0.03026,  -0.04010,   0.03374,  -0.01549,  -0.00236,   0.00585,   0.04031,   0.04687,  -0.00892,   0.04195,   0.02062,  -0.10739,   0.02062,   0.00256,   0.06000,   0.02226,   0.08790,  -0.04667,   0.02554,  -0.04831,   0.16011,   0.03374,   0.00585,   0.06164,  -0.08441,  -0.01056,   0.02554,  -0.04667,  -0.06800,  -0.05816,  -0.09262,   0.06164,   0.01405,   0.05344,   0.00092,   0.01405,  -0.00236,   0.00256,  -0.00400,   0.06985,   0.02882,   0.03539,   0.06000,  -0.00892,  -0.01713,  -0.08605,  -0.00072,   0.05180,  -0.06964,   0.00256,  -0.08277,  -0.03846,  -0.01713,   0.03539,  -0.05652,   0.02390,  -0.03846,  -0.02533,  -0.03026,   0.06492,  -0.01877,   0.01405,  -0.03354,  -0.07949,   0.09775,   0.12236,   0.04031,   0.01077,   0.07641,   0.00749,   0.02390,  -0.02041,   0.00585,   0.00256,  -0.04010,   0.09939,   0.12072,  -0.03846,  -0.05652,   0.00420,  -0.00892,  -0.09262,  -0.05816,   0.05672,  -0.04339,  -0.03846,  -0.07949,   0.06328,  -0.01877,  -0.04503,   0.07477,   0.04523,   0.07969,   0.08626,   0.06985,  -0.02041,   0.01569,  -0.02369,  -0.03518,   0.03046,   0.00092,   0.00256,  -0.04175,   0.05344,  -0.06308,  -0.03190,   0.05836,  -0.04831,  -0.03846,  -0.05487,   0.05836,   0.06657,   0.01733,   0.02062,   0.07477,   0.02718,   0.01733,   0.06164,   0.04359,   0.01077,   0.01733,  -0.04010,   0.06492,   0.04851,   0.05180,   0.01077,   0.00913,   0.06328,  -0.00728,   0.02554,  -0.05487,   0.04359,   0.07805,  -0.01221,   0.00420,  -0.04503,  -0.05159,   0.02226,  -0.07129,  -0.02533,  -0.03026,   0.00092,   0.00420,   0.04359,   0.00749,   0.20606,   0.02062,   0.00749,  -0.00892,  -0.02369,   0.07477,  -0.03846,   0.07641,   0.02718,  -0.02533,  -0.05323,  -0.04667,   0.00913,   0.02226,   0.05508,   0.01897,   0.05672,   0.00256,  -0.00892,   0.04031,  -0.00892,  -0.00236,  -0.08605,  -0.00892,   0.03210,  -0.00728,  -0.03682,  -0.01877,  -0.04831,  -0.05323,   0.07641,   0.06164,   0.00749,   0.02226,   0.03210,   0.00256,   0.00749,   0.02062,  -0.02041,  -0.03682,   0.02882,   0.00092,  -0.07129,  -0.06964,  -0.05652,  -0.04995,   0.02554,   0.03374,  -0.01056,  -0.02862,  -0.01713,   0.06492,  -0.02205,  -0.05980,   0.01569,   0.04523,  -0.08770,   0.04851,  -0.02369,  -0.04995,  -0.05487,   0.05016,   0.04195,  -0.02369,  -0.06964,  -0.02041,   0.11252,   0.00913,   0.05508,  -0.02862,   0.06985,  -0.01877,   0.01241,  -0.08277,   0.04359,  -0.01877,   0.03210,   0.01241,  -0.01385,  -0.00564,  -0.03846,  -0.03190,  -0.05159,   0.02554,   0.00092,   0.01077,  -0.06964,  -0.02205,   0.03046,  -0.05323,   0.02554,  -0.04010,  -0.02205,   0.09939,   0.04523,   0.02062,  -0.04503,  -0.02862,  -0.01385,   0.02390,   0.03703,  -0.02205,   0.03046,  -0.05159,  -0.09262,  -0.03846,   0.05344,   0.02882,   0.05016,  -0.08934,   0.02554,  -0.00236,  -0.03518,   0.01241,   0.00749,   0.02718,   0.01569,  -0.05487,  -0.04831,   0.01077,   0.00256,  -0.00072,  -0.02862,   0.02226,   0.03867,  -0.01713,   0.02554,   0.00913,   0.07805,  -0.01385,   0.04359,   0.07805,   0.03374,   0.00092,  -0.05816,  -0.02862,   0.06164,  -0.00072,  -0.02041,  -0.00564,   0.00913,  -0.02205,  -0.07785,   0.03867,  -0.05323,   0.04359,   0.06657,   0.01077,  -0.04503,   0.07805,  -0.03026,   0.00092,   0.05344,  -0.05159,  -0.01549,   0.00749,   0.00420,   0.04359,  -0.02533,  -0.07293,   0.05016,  -0.10247,  -0.06636,  -0.01549,   0.01733,   0.01077,   0.10595,   0.07313,   0.00913,  -0.01877,   0.06821,   0.00420,   0.00420,  -0.05323,  -0.06964,   0.03867,  -0.02205,   0.00585,   0.03046,   0.05836,  -0.02862,   0.02226,   0.10595,   0.02718,  -0.05980,   0.04851,   0.14534,  -0.04667,  -0.00400,   0.04523,   0.04031,   0.02882,  -0.02698,  -0.03846,  -0.02041,  -0.08277,  -0.01713,  -0.03846,  -0.03354,  -0.11067,  -0.00400,   0.08954,   0.07969,  -0.04010,  -0.03518,  -0.06472,   0.04687,  -0.00892,   0.01077,  -0.03518
  -0.00400,   0.02226,   0.04195,   0.03046,  -0.01056,  -0.03190,  -0.01056,  -0.03846,  -0.01549,  -0.01385,  -0.03026,  -0.02041,   0.02554,  -0.07949,  -0.03026,   0.04195,   0.01733,   0.07641,  -0.08277,  -0.02369,   0.00913,  -0.01713,  -0.06144,   0.06328,  -0.04339,  -0.01056,  -0.00564,   0.01077,   0.00420,  -0.00728,  -0.01056,  -0.00564,   0.00749,   0.01733,   0.02226,  -0.07457,   0.03374,  -0.02041,  -0.06472,   0.00749,  -0.02041,   0.07641,   0.03210,  -0.01221,   0.07149,   0.00749,  -0.05652,   0.04031,   0.00092,  -0.04503,   0.00256,   0.01897,  -0.05816,   0.07149,   0.04851,   0.01733,   0.01405,   0.04195,   0.02226,   0.02390,  -0.00564,   0.03703,  -0.03518,  -0.05159,  -0.02698,   0.04195,  -0.03026,  -0.00728,   0.01569,  -0.02369,  -0.01056,   0.03210,   0.05344,   0.08298,  -0.00564,   0.02062,  -0.03190,  -0.00892,  -0.04831,  -0.05159,  -0.09426,   0.06821,  -0.01713,   0.03046,   0.00092,  -0.01056,   0.04359,   0.04031,  -0.03190,   0.06000,   0.02554,  -0.02698,   0.12400,   0.02554,   0.00256,  -0.04831,  -0.01221,  -0.02369,  -0.01056,   0.07149,   0.02062,   0.04359,  -0.00728,   0.03374,   0.06164,   0.06164,  -0.11067,  -0.00564,  -0.01056,  -0.06636,   0.02062,   0.01569,  -0.00892,   0.04359,  -0.03354,   0.00749,  -0.01877,   0.02390,   0.03374,  -0.09426,  -0.05652,  -0.04175,   0.01897,  -0.06636,   0.03867,   0.07313,  -0.07949,   0.00749,  -0.00564,  -0.05487,  -0.01549,   0.01733,  -0.04503,   0.02554,   0.04523,  -0.03846,   0.03703,   0.05672,   0.05016,  -0.06472,  -0.03190,  -0.00728,   0.00585,   0.05508,   0.03210,   0.04031,  -0.01713,  -0.07621,   0.06000,  -0.00564,  -0.00236,   0.00749,  -0.00564,   0.03703,   0.03210,   0.05016,  -0.00728,   0.00913,   0.00749,   0.00092,   0.04523,  -0.06636,  -0.00564,  -0.05652,  -0.00892,  -0.00400,   0.03046,  -0.01385,  -0.07293,  -0.04339,   0.01077,   0.00585,  -0.00072,  -0.02533,   0.02554,  -0.09426,  -0.03518,   0.02554,  -0.06800,   0.02226,   0.08298,   0.00256,  -0.07293,   0.02226,   0.07477,   0.02390,  -0.03518,  -0.00564,  -0.00400,   0.00585,   0.01241,  -0.02205,  -0.00564,   0.05672,   0.01897,   0.06000,   0.00585,   0.05508,  -0.02205,  -0.01877,   0.07641,   0.00585,   0.03539,   0.09282,  -0.05487,  -0.06800,  -0.02041,  -0.13857,   0.02062,   0.06985,  -0.03682,   0.01241,  -0.01221,   0.02062,   0.05836,   0.03210,  -0.05323,  -0.04503,   0.06328,  -0.04667,   0.04031,   0.00585,   0.01897,  -0.03354,   0.01077,   0.01569,  -0.05159,   0.01733,   0.09446,  -0.06144,   0.00913,  -0.00236,   0.03046,  -0.02041,  -0.02369,  -0.04175,  -0.00236,  -0.01713,   0.01077,   0.03703,  -0.09918,  -0.00072,  -0.04995,  -0.03190,   0.04359,  -0.01549,   0.01897,   0.01077,   0.00749,  -0.02698,   0.04359,  -0.01549,   0.06000,  -0.02205,  -0.02041,   0.00092,   0.03867,   0.03867,   0.07477,  -0.01877,   0.01405,  -0.02533,  -0.00728,   0.04851,  -0.02862,   0.07477,  -0.00564,  -0.00072,   0.02882,   0.00420,  -0.01385,  -0.09426,  -0.05487,   0.01241,   0.00256,   0.00913,  -0.02205,   0.03867,   0.01569,  -0.00564,  -0.03682,  -0.00236,  -0.04503,   0.02718,  -0.06964,   0.11908,  -0.03846,  -0.02533,  -0.03354,  -0.00072,   0.06492,   0.00092,  -0.05652,  -0.04339,   0.02062,  -0.06636,   0.04359,   0.02226,  -0.01713,   0.00092,   0.01733,   0.03210,  -0.02041,   0.00256,  -0.06964,   0.03374,  -0.12544,  -0.06472,  -0.04010,   0.03374,   0.06328,   0.00420,  -0.01877,  -0.05652,  -0.00400,  -0.01221,  -0.02205,   0.03046,   0.06492,   0.03703,   0.01733,   0.01241,   0.03703,   0.04195,   0.06492,   0.09118,  -0.01877,  -0.01549,  -0.04175,  -0.02698,   0.00256,  -0.08113,   0.05180,   0.01405,  -0.03682,   0.06492,  -0.00072,   0.00420,   0.02062,   0.00749,   0.05180,  -0.02369,   0.00749,   0.00420,  -0.02369,   0.05836,   0.07313,   0.02718,   0.01241,  -0.01056,  -0.06308,   0.01733,  -0.05159,  -0.03026,  -0.01385,   0.05672,   0.01733,  -0.02862,   0.01405,  -0.04667,   0.00256,  -0.04831,   0.03703,  -0.02369,  -0.01056,  -0.00236,   0.02062,  -0.03190,   0.02718,   0.05836,   0.02062,  -0.03354,  -0.03026,  -0.00728,   0.04031,  -0.02533,   0.01897,   0.02226,   0.01241,   0.08298,   0.02718,  -0.00564,   0.02554,   0.01733,  -0.03846,  -0.00236,   0.03867,  -0.03026,  -0.02862,   0.04195,   0.02062,  -0.01056,   0.01405,   0.00749,  -0.03682,   0.05836,   0.05672,   0.05180,   0.01241,  -0.01385,  -0.04831,   0.07313,  -0.01549,  -0.03190,  -0.03354,   0.01077,   0.04359,  -0.10082,   0.03703,  -0.00400,  -0.02041,   0.01405,  -0.00236,   0.05508,   0.01733,  -0.03190,   0.06657,   0.05836,  -0.07949,  -0.02369,   0.02226,   0.01077,  -0.02205,   0.02062,  -0.02041,   0.01733,  -0.01713,   0.04359,  -0.02369,  -0.05652,   0.03539,  -0.00564,  -0.01713,  -0.02369,   0.05672,   0.04359,   0.01569,   0.03867,  -0.00564,   0.00913,  -0.04175,  -0.02205,   0.00420,  -0.01877,  -0.02041,   0.02226,  -0.16647,   0.03210,  -0.03354,   0.03539,  -0.00236,  -0.05980,   0.02718,   0.04687,  -0.03682,  -0.00072,  -0.02533,   0.04359,  -0.02698,   0.07805,  -0.00728,  -0.03190,   0.01241,   0.01733,  -0.00236,  -0.03190,  -0.06308,  -0.03026,   0.04359,  -0.01549,  -0.08113,  -0.03682,   0.03210,  -0.02041,  -0.01385,  -0.03026,  -0.02369,   0.02226,  -0.03682,  -0.04339,  -0.05487,   0.06164,  -0.05159,  -0.04831,   0.02226,  -0.01385,   0.09118,  -0.00400,   0.03046,  -0.02205,   0.01077,   0.05180,   0.03046,  -0.01549,  -0.03354,  -0.01549,   0.00913,   0.00749,  -0.04175,   0.09446,  -0.02369,  -0.02041,   0.04523,  -0.02698,  -0.00728,   0.01569,  -0.02041,  -0.06144,   0.02554,   0.05016,   0.04687,   0.00749,   0.07149,  -0.07129,  -0.01877,   0.03374,  -0.01385,   0.05508,   0.01733,  -0.01549,  -0.01056,  -0.02698,  -0.04667,  -0.05980,  -0.05980,   0.04195,  -0.01713,   0.00749,   0.01077,  -0.02862,   0.03703,  -0.01221,  -0.02698,  -0.00728,  -0.04667,   0.04195,  -0.03026,   0.04851,  -0.01221,   0.00913,   0.03046,   0.01405,  -0.03190,   0.00256,   0.05344,   0.01897,   0.00913,  -0.02862,   0.00585,   0.02882,   0.00585,   0.07477,  -0.09918,  -0.02533,  -0.01056,   0.02390,  -0.05652,   0.02390,   0.02226,  -0.01385,   0.07641,   0.11908,   0.01077,  -0.01385,   0.03374,   0.01897,  -0.07129,   0.00092,  -0.00564,  -0.03354,  -0.03518,  -0.00236,  -0.02533,   0.01241,  -0.01549,  -0.02205,  -0.04175,   0.07805,  -0.01056,  -0.01056,   0.03046,   0.00256,  -0.01056,  -0.02369,  -0.00400,   0.06164,   0.02882,  -0.00236,   0.05508,   0.00420,   0.01897,   0.06000,   0.04851,  -0.06472,   0.03046,  -0.03026,   0.03867,   0.02554,  -0.04667,   0.00420,  -0.00728,  -0.04010,   0.02226,  -0.02533,   0.00420,  -0.03190,  -0.02698,  -0.03190,   0.07149,   0.06000,   0.00585,  -0.02369,   0.01077,   0.01405,  -0.05159,  -0.03682,  -0.01221,   0.03046,   0.02554,   0.00092,   0.00092,  -0.04175,   0.01241,  -0.02369,   0.01077,  -0.00236,   0.05508,   0.03210,  -0.04010,   0.07477,   0.02226,  -0.07293,   0.03539,  -0.02698,  -0.02369,  -0.00236,  -0.02041,  -0.04667,   0.00749,  -0.01549,   0.05180,  -0.02698,  -0.03026,   0.07313,  -0.01549,   0.06328,  -0.06308,  -0.00564,   0.03867,   0.03046,  -0.04995,   0.02390,  -0.01385,   0.05180,  -0.02205,   0.06492,  -0.00236,   0.01733,   0.01077,   0.01405,   0.02062,   0.01077,   0.00585,  -0.06472,  -0.00072,  -0.03682,  -0.02041,   0.00092,   0.03046,   0.01077,   0.00420,   0.01569,   0.01405,  -0.04503,  -0.00400,  -0.07129,  -0.00728,  -0.02862,  -0.02369,  -0.13693,   0.01077,  -0.04010,  -0.04175,   0.03539,  -0.04995,   0.03210,   0.02554,  -0.00728,  -0.03026,  -0.01221,   0.02062,   0.03046,   0.04195,   0.01733,   0.01897,  -0.08770,  -0.05159,  -0.04503,   0.04031,   0.03046,   0.03046,  -0.02533,  -0.05487,  -0.00564,  -0.00236,   0.02226,   0.03867,  -0.00728,   0.04359,   0.08626,  -0.04339,  -0.02205,  -0.00564,  -0.00072,   0.05016,   0.02226,   0.04359,   0.01733,  -0.01056,  -0.02041,   0.02554,   0.04687,  -0.05980,  -0.02862,  -0.00400,  -0.04667,   0.01569,   0.01405,  -0.02205,   0.07969,   0.00420,  -0.01549,   0.04687,  -0.01713,  -0.03190,   0.02062,  -0.01713,   0.02882,   0.07149,  -0.04010,   0.01241,   0.02226,  -0.03846,   0.02882,   0.05180,  -0.01877,   0.00585,   0.02062,   0.06821,  -0.02205,   0.00585,  -0.06308,  -0.08441,  -0.01549,   0.01077,  -0.01549,   0.01897,   0.00585,   0.02226,  -0.01385,   0.05180,  -0.05487,   0.07477,  -0.07129,   0.00092,   0.05672,  -0.00400,   0.01569,   0.00420,   0.02882,  -0.00728,  -0.00728,  -0.03354,  -0.02041,  -0.04831,  -0.06964,  -0.02205,   0.05016,  -0.01385,  -0.01221,  -0.04010,   0.02226,  -0.03354,  -0.00236,  -0.00072,  -0.05487,   0.02718,  -0.02698,   0.02226,   0.02062,   0.04523,  -0.02533,   0.04523,  -0.09918,   0.05672,  -0.08113,   0.02390,   0.06328,  -0.01056,   0.01733,   0.05180,   0.00420,  -0.02862,  -0.04339,  -0.07129,   0.00913,   0.03703,  -0.01385,   0.09282,   0.02390,  -0.01549,  -0.06800,   0.03867,  -0.00072,   0.05508,   0.02390,  -0.03682,  -0.05159,  -0.01056,  -0.02862,   0.04851,  -0.10082,  -0.02041,   0.05180,  -0.04667,   0.02390,  -0.05323,  -0.01056,   0.05180,   0.05508,  -0.00564,  -0.05159,  -0.04503,   0.03374,  -0.05816,   0.04031,   0.05016,  -0.02862,  -0.02041,   0.00913,  -0.01713,  -0.02369,  -0.03518,   0.02226,  -0.09098,  -0.05323,   0.01405,  -0.05323,  -0.03354,   0.04687,  -0.03026,   0.02226,   0.02718,  -0.00072,   0.04359,   0.06328,  -0.00236,   0.03374,  -0.00400,   0.03210,   0.03046,   0.09446,  -0.00236,   0.02554,   0.03210,   0.00256,  -0.02862,  -0.02369,  -0.03354,   0.04359,   0.02718,  -0.04503,  -0.05487,   0.00420,  -0.03846,  -0.05487,   0.00913,   0.02062,  -0.06964,   0.00092,  -0.05487,   0.04031,   0.00256,  -0.02205,  -0.06636,   0.01733,  -0.04010,   0.01405,  -0.01385,   0.01077,   0.01241,  -0.00564,   0.04523,   0.05508,   0.01077,   0.04359,   0.02718,  -0.07293,  -0.04010,  -0.01549,  -0.07621,  -0.04995,   0.00256,   0.01405,   0.02554,  -0.01713,  -0.01056,   0.02062,  -0.04503,  -0.02369,  -0.00236,  -0.05159,   0.01897,  -0.04175,  -0.05652,  -0.01877,  -0.00728,   0.00913,  -0.06308,  -0.03682,  -0.00072,   0.08462,  -0.02369,  -0.06308,   0.00256,  -0.03846,  -0.04010,  -0.00400,  -0.03518,   0.00749,  -0.01549,  -0.02205,  -0.07129,   0.02882,   0.00913,  -0.09590,  -0.06472,   0.04851,   0.03867,   0.08134,  -0.02041,  -0.00564,  -0.08934,   0.02390,   0.00913,  -0.06636,   0.00913,   0.02554,  -0.01221,   0.00913,  -0.00236,   0.04687,  -0.03682,  -0.00892,  -0.01877,   0.07805,  -0.02698,   0.02554,   0.06328,  -0.04339,  -0.00892,   0.04359,   0.02226,  -0.04339,   0.02718,   0.04851,   0.02062,  -0.00892,  -0.04831,   0.02554,   0.03374,  -0.04010,   0.01733,  -0.01549,  -0.04010,  -0.10411,   0.02554,   0.02226,  -0.03846,  -0.01713,  -0.02862,   0.03046,   0.02062,  -0.03682,  -0.06472,   0.01077,   0.00420,  -0.04503,  -0.07457,   0.07969,  -0.04339,   0.01733,  -0.01549,   0.02226,  -0.04175,  -0.04339,  -0.02205,   0.06000,  -0.01713,   0.03867,  -0.01713,   0.03539,   0.04851,  -0.07457,  -0.04831,  -0.02862,   0.00092,  -0.03846,   0.00749,  -0.04175,  -0.09590,   0.02226,  -0.03846,  -0.05487,  -0.07129,  -0.00564,  -0.02041,  -0.00236,   0.04195,   0.00420,  -0.03518,  -0.01713,  -0.03846,  -0.02862
  -0.12380,   0.02718,  -0.02205,  -0.02041,  -0.07621,  -0.09262,  -0.05323,  -0.00728,   0.05016,   0.03046,   0.07641,  -0.00564,   0.01405,  -0.03026,  -0.01549,   0.00585,  -0.00400,   0.00585,  -0.02205,   0.02390,   0.01077,   0.04031,   0.07149,  -0.06144,   0.06985,  -0.00236,   0.06657,  -0.01713,   0.02882,  -0.01877,   0.06164,   0.00913,   0.03539,   0.09775,  -0.00564,   0.07477,  -0.02862,   0.04359,  -0.00892,   0.01897,   0.07477,   0.03703,  -0.07621,  -0.02862,  -0.02862,   0.07477,   0.01733,   0.01569,  -0.03682,  -0.05816,   0.01733,   0.02226,  -0.00072,  -0.05980,  -0.05652,   0.01897,  -0.00236,  -0.02698,   0.07805,   0.01405,  -0.04667,   0.02882,  -0.03518,   0.01077,   0.03703,   0.02554,  -0.05487,  -0.04995,  -0.01549,  -0.02369,  -0.03682,  -0.04667,   0.11416,   0.00420,  -0.03026,   0.02882,   0.05672,  -0.04995,  -0.03846,   0.06985,  -0.00728,  -0.02205,  -0.02041,  -0.05652,  -0.03026,   0.05344,  -0.08770,  -0.02369,   0.03867,  -0.01877,   0.04687,   0.03046,  -0.04503,   0.02882,  -0.00564,   0.07313,   0.01241,  -0.02041,  -0.03354,   0.04359,  -0.09098,  -0.05980,   0.02554,   0.03210,  -0.02698,   0.05508,  -0.00564,  -0.02041,   0.07969,  -0.07129,  -0.00892,  -0.05159,   0.01077,   0.04031,   0.03703,   0.00092,  -0.05652,   0.08626,   0.01733,  -0.05323,  -0.04175,   0.03374,  -0.06636,   0.04031,   0.02554,   0.01897,   0.00749,   0.03210,  -0.04503,  -0.02533,  -0.04831,  -0.07621,  -0.03026,  -0.02041,   0.02062,   0.06657,   0.06328,   0.03046,  -0.04175,  -0.00072,  -0.00728,   0.01569,   0.01405,   0.01241,  -0.09590,   0.05016,   0.01241,  -0.00892,   0.00256,  -0.05980,  -0.00400,   0.02882,   0.00749,  -0.02533,  -0.01221,   0.03539,  -0.01056,   0.04031,   0.00256,   0.02226,  -0.03190,   0.03374,   0.03374,  -0.02041,  -0.04667,   0.02390,   0.08790,  -0.00728,   0.00585,  -0.04503,   0.03539,  -0.01221,   0.01733,  -0.07293,  -0.03026,  -0.00728,  -0.01549,  -0.00236,   0.01241,   0.09939,  -0.04995,   0.02390,   0.09611,  -0.04503,   0.04359,   0.00092,   0.07149,  -0.02369,   0.07969,  -0.02369,  -0.02698,   0.03867,  -0.01385,   0.03046,   0.07641,   0.03539,  -0.11724,  -0.01877,  -0.06964,  -0.01221,   0.01077,   0.01241,  -0.03354,  -0.03682,   0.08298,  -0.04010,   0.05344,  -0.03518,   0.01077,  -0.09262,   0.04523,   0.03210,  -0.10739,  -0.04175,  -0.05159,  -0.04831,   0.02390,   0.07477,  -0.02041,   0.06000,   0.00420,  -0.04995,   0.00585,  -0.02862,  -0.01056,   0.02882,  -0.03682,   0.03867,   0.02390,  -0.00400,  -0.01385,  -0.03354,   0.03539,   0.03374,  -0.04503,  -0.09098,  -0.05980,   0.00585,  -0.05652,   0.04851,  -0.01385,   0.03703,  -0.00400,   0.06164,  -0.03190,  -0.01385,  -0.08277,   0.01077,   0.02226,   0.00092,   0.02882,   0.00749,   0.03210,   0.01241,   0.04851,   0.03374,   0.00092,  -0.02369,  -0.01056,   0.03210,   0.03703,  -0.00564,  -0.07129,   0.05836,   0.02226,  -0.01385,   0.00256,  -0.04010,  -0.00072,  -0.00564,   0.03046,  -0.00400,  -0.01385,   0.03046,   0.00913,   0.05344,  -0.03026,  -0.00564,   0.00256,   0.02882,  -0.02862,   0.00420,   0.04195,   0.00913,  -0.02533,   0.04195,   0.02882,  -0.02041,   0.01241,  -0.05980,   0.05672,   0.05016,   0.02554,   0.04851,  -0.02369,   0.00256,   0.02226,   0.03210,   0.04031,   0.01241,   0.06328,   0.04687,  -0.03190,   0.04687,  -0.03846,  -0.04503,   0.00420,   0.03046,   0.06164,   0.07477,   0.05508,   0.01897,  -0.00400,  -0.00072,  -0.08605,  -0.02205,  -0.01713,  -0.03190,  -0.03846,   0.00585,  -0.04010,   0.05672,  -0.03518,   0.02554,  -0.01549,   0.04523,   0.00420,  -0.00400,  -0.02369,  -0.05323,   0.02554,  -0.07457,   0.06657,   0.03539,   0.09939,  -0.01385,  -0.04339,  -0.04831,  -0.02369,   0.02718,   0.04031,  -0.00728,  -0.00564,   0.02718,   0.03703,  -0.03190,  -0.06964,   0.04359,   0.03210,   0.06328,  -0.01056,   0.05508,   0.01405,  -0.01221,   0.03374,  -0.04503,   0.03703,  -0.04503,  -0.00072,  -0.01221,  -0.03190,  -0.02862,  -0.01877,  -0.04667,   0.01077,   0.03374,   0.00749,  -0.00564,  -0.05980,   0.02226,  -0.08441,  -0.06144,  -0.03354,   0.05508,  -0.00728,  -0.04175,  -0.04667,   0.00585,  -0.04175,  -0.00072,   0.01733,  -0.01877,  -0.02369,   0.03210,  -0.07785,  -0.01877,  -0.01385,   0.09775,  -0.03682,  -0.08113,   0.07149,  -0.07621,   0.04195,  -0.01221,  -0.01385,  -0.02041,  -0.00728,  -0.01056,   0.03703,  -0.03190,  -0.01713,   0.01569,  -0.04339,   0.06000,   0.00913,   0.02226,  -0.00728,  -0.01221,   0.00092,  -0.06800,   0.12400,  -0.01056,  -0.05816,   0.02554,  -0.03190,  -0.01221,   0.04031,   0.06657,   0.07477,   0.01241,   0.01569,  -0.02369,   0.04851,   0.01405,  -0.00072,  -0.10082,   0.02882,  -0.00400,  -0.02369,  -0.05816,   0.05180,   0.02554,   0.05672,  -0.04339,  -0.05816,  -0.01221,   0.01241,   0.02554,   0.05344,  -0.03190,   0.04195,   0.06164,  -0.02533,   0.05836,   0.04523,   0.03867,   0.06164,   0.06492,  -0.00236,   0.01569,   0.00092,   0.03374,   0.02062,  -0.00728,  -0.11559,   0.01569,   0.03867,   0.04195,   0.03210,   0.02226,   0.00256,   0.02390,  -0.01713,   0.07805,  -0.02862,  -0.02533,  -0.02533,  -0.00400,   0.03703,   0.05508,  -0.00892,  -0.02533,   0.01733,   0.03210,   0.01733,   0.01405,  -0.07129,  -0.07293,   0.05344,  -0.08934,   0.04195,  -0.04339,  -0.01385,   0.00749,   0.00420,  -0.01877,  -0.00728,  -0.03518,  -0.00236,  -0.03190,  -0.00564,  -0.05816,   0.03703,   0.06492,  -0.04995,   0.04031,  -0.09426,  -0.00236,   0.01405,  -0.04667,  -0.12380,  -0.00728,   0.07149,  -0.00236,   0.00749,   0.02226,   0.00092,  -0.07129,  -0.01877,   0.03210,   0.00092,   0.02882,  -0.01385,   0.02554,  -0.00072,  -0.02369,  -0.02369,  -0.03682,  -0.04339,   0.00913,   0.02062,   0.02554,  -0.04503,  -0.01549,   0.01077,  -0.05652,  -0.02205,  -0.02533,  -0.02698,   0.00256,   0.03539,  -0.02533,  -0.04010,  -0.02369,   0.00585,   0.01241,   0.03374,  -0.00400,   0.03867,   0.09446,   0.00749,  -0.08770,   0.01077,   0.01077,   0.05344,   0.01077,   0.05016,   0.01405,  -0.01713,   0.03210,   0.07641,   0.04523,   0.02062,  -0.02205,   0.07477,   0.04851,   0.00913,  -0.01221,   0.04195,   0.00749,  -0.02533,   0.01569,  -0.05652,  -0.03682,   0.01569,   0.03539,  -0.02205,   0.02062,  -0.05816,   0.00420,   0.05836,   0.00092,  -0.02862,  -0.01056,   0.03539,  -0.03518,   0.04851,   0.00256,  -0.03354,   0.00420,  -0.04010,   0.01733,   0.05344,   0.00585,   0.00092,  -0.01056,   0.08462,  -0.02205,  -0.06964,  -0.06800,  -0.03846,   0.02062,   0.04195,   0.05180,  -0.08934,  -0.04503,  -0.01877,  -0.04175,   0.02882,  -0.01056,   0.01733,   0.06328,   0.04523,  -0.03846,  -0.00564,   0.03374,   0.03046,   0.04359,  -0.02533,  -0.01056,   0.05180,  -0.02369,  -0.03846,  -0.00400,   0.01733,  -0.01385,  -0.02533,   0.01897,   0.05344,  -0.03026,  -0.06472,  -0.07129,   0.03046,  -0.04339,   0.12565,   0.07969,  -0.02698,  -0.01877,  -0.00400,  -0.00236,  -0.00072,  -0.02369,  -0.08277,   0.00256,   0.00585,   0.01077,   0.00749,  -0.02533,   0.01405,  -0.01877,  -0.12216,  -0.03354,  -0.02369,  -0.03354,   0.04031,  -0.03682,   0.00749,   0.08790,  -0.00728,  -0.05323,  -0.06964,   0.01405,  -0.02041,   0.01569,   0.02554,  -0.02698,  -0.04010,  -0.00400,  -0.04995,  -0.07621,  -0.05980,   0.00913,   0.00585,   0.01241,   0.05672,  -0.04995,   0.00420,   0.02390,   0.03703,  -0.09918,   0.02554,   0.10923,  -0.02041,  -0.03518,   0.09282,  -0.04667,   0.08298,   0.03539,   0.06000,   0.05508,  -0.00400,  -0.03518,  -0.06636,  -0.01713,   0.08626,   0.00913,  -0.02205,  -0.04667,   0.00585,   0.07805,   0.03374,  -0.02205,  -0.01385,   0.03210,   0.07149,   0.06164,   0.02226,  -0.06800,  -0.03190,  -0.02698,   0.09775,   0.02554,   0.03374,   0.06328,   0.06492,   0.00092,   0.02882,   0.03374,   0.00585,  -0.03682,  -0.06144,  -0.01385,  -0.03026,  -0.08277,  -0.03518,  -0.03026,  -0.02369,  -0.03026,  -0.02698,   0.07313,   0.02718,  -0.04503,  -0.02862,  -0.02369,  -0.02205,  -0.03354,  -0.02862,  -0.01877,  -0.03190,  -0.03190,   0.03210,  -0.04175,   0.02882,  -0.02041,  -0.01877,  -0.02698,  -0.05323,  -0.00400,  -0.00236,   0.03210,   0.04031,  -0.02205,   0.08462,  -0.06964,  -0.02698,   0.00585,   0.04851,  -0.06964,  -0.01056,  -0.01713,  -0.04339,   0.03210,  -0.02698,  -0.00400,  -0.04339,  -0.02041,  -0.00072,  -0.02205,  -0.00072,   0.02062,  -0.05816,  -0.04503,  -0.00892,  -0.04339,   0.05836,   0.05836,   0.00092,  -0.07785,  -0.09098,   0.03046,  -0.04175,   0.03210,   0.06000,  -0.01713,  -0.01877,  -0.00892,  -0.03354,   0.01241,   0.02062,   0.05836,   0.00420,   0.00256,  -0.04010,   0.03867,   0.07477,   0.02882,  -0.00564,   0.03374,   0.01733,  -0.02369,   0.05672,   0.02882,  -0.09754,   0.02062,  -0.00072,  -0.00072,  -0.05487,  -0.02369,  -0.10903,  -0.00400,  -0.03026,   0.07149,   0.04687,  -0.01877,   0.04031,   0.14534,  -0.05487,  -0.01056,   0.03374,  -0.04831,   0.04687,  -0.02369,   0.02226,  -0.00728,   0.03046,  -0.11888,  -0.00400,  -0.02698,   0.06164,  -0.00564,  -0.00892,   0.02390,  -0.02041,  -0.00892,  -0.04831,  -0.04667,   0.00256,   0.08462,   0.03867,   0.00913,  -0.00564,  -0.00564,  -0.00892,   0.04031,   0.01733,   0.01733,  -0.01877,   0.03046,  -0.02041,  -0.03354,   0.01733,   0.04195,  -0.00564,  -0.01877,  -0.11724,   0.07805,   0.04851,  -0.03190,  -0.03846,  -0.10903,   0.00913,   0.05180,   0.04851,  -0.02533,  -0.04667,   0.00749,   0.03703,  -0.02862,   0.07477,   0.00256,   0.01733,  -0.04503,   0.04359,   0.05836,   0.00585,  -0.05652,   0.05836,  -0.00892,   0.00749,   0.02062,   0.01241,  -0.03354,   0.06985,   0.01897,   0.04359,   0.00420,   0.02718,   0.00585,  -0.01056,   0.06000,   0.03374,   0.04359,   0.01897,   0.01569,   0.02390,   0.03703,   0.09118,  -0.06636,  -0.08113,  -0.02533,   0.04195,  -0.01056,   0.03539,   0.03703,   0.02226,   0.02718,  -0.05652,   0.02554,  -0.02533,   0.01405,   0.01733,  -0.00072,   0.01733,  -0.00728,   0.03539,   0.00913,   0.03703,  -0.01385,  -0.04175,   0.01241,   0.05180,   0.03867,   0.02882,   0.10595,   0.01241,   0.01241,  -0.04175,  -0.00564,  -0.02369,  -0.04667,   0.01077,  -0.04995,  -0.00892,  -0.06144,  -0.01877,  -0.03682,   0.02554,   0.04687,  -0.00728,   0.04523,  -0.01877,  -0.00072,  -0.05487,  -0.00400,  -0.01713,   0.06328,  -0.02369,   0.05508,  -0.00236,  -0.05652,   0.03210,   0.01241,  -0.00564,   0.00749,  -0.01549,  -0.06800,   0.05672,  -0.00564,  -0.04010,   0.01077,   0.01897,   0.00256,   0.06164,  -0.12380,   0.00913,  -0.01877,  -0.04995,  -0.05487,   0.06000,   0.01569,   0.07641,  -0.06144,  -0.02041,  -0.06308,   0.06821,  -0.05159,   0.01405,  -0.00236,   0.03867,  -0.01056,   0.04195,   0.02718,  -0.04503,  -0.04831,   0.03867,  -0.03682,   0.05672,   0.00420,  -0.03846,   0.02882,  -0.02698,   0.01897,   0.01897,  -0.04995,   0.05836,   0.00585,  -0.00072,  -0.01221,   0.04851,   0.00913,  -0.03026,   0.02390,  -0.03846,  -0.00400,   0.02226,   0.04523,   0.01733,  -0.03026,   0.03703,   0.05344,   0.04359,   0.01077,   0.03703,  -0.05816,  -0.03354,  -0.05159,   0.02554,  -0.02041,  -0.02041,  -0.06964,  -0.04339,  -0.02205,   0.00256,  -0.01549,   0.01569,  -0.07949,  -0.02533,  -0.02041,   0.03703,  -0.01877,  -0.04339,  -0.02041,   0.00256,   0.06492
   0.03539,  -0.04995,  -0.00400,   0.01733,  -0.05652,   0.06000,  -0.00728,   0.03539,  -0.03518,   0.02554,  -0.03190,  -0.05159,  -0.06472,  -0.00400,   0.02554,  -0.05980,   0.03867,  -0.03190,   0.02554,   0.02718,  -0.02041,   0.01897,   0.01569,  -0.07457,  -0.01549,   0.05672,  -0.07785,  -0.00892,   0.02390,  -0.05980,   0.01241,  -0.00400,   0.01733,   0.00256,   0.03046,  -0.01056,   0.03867,  -0.02041,   0.00092,  -0.01221,  -0.05487,  -0.04339,   0.02554,   0.00256,  -0.02041,  -0.06308,  -0.07457,  -0.04339,   0.02554,  -0.01221,   0.06328,  -0.01713,   0.06492,  -0.03354,   0.02554,   0.00420,   0.04687,  -0.01877,  -0.03190,   0.00256,  -0.06472,   0.05016,  -0.04339,  -0.00072,   0.00092,  -0.03354,  -0.04503,   0.06985,  -0.07457,   0.03210,   0.05180,   0.02390,  -0.01221,  -0.05980,  -0.02862,  -0.08113,  -0.02205,   0.01569,  -0.01221,   0.00749,   0.03046,   0.02718,   0.02390,  -0.01056,  -0.04175,  -0.05487,   0.07805,  -0.00400,  -0.02369,   0.01405,  -0.02862,  -0.01549,   0.06657,   0.03046,  -0.02205,   0.01077,  -0.04175,   0.05344,  -0.07621,  -0.04503,  -0.03518,  -0.04503,  -0.00564,  -0.00400,   0.03374,  -0.01877,   0.02226,  -0.04667,  -0.05980,   0.04523,  -0.03354,   0.02882,  -0.01385,  -0.03682,  -0.01549,   0.03539,   0.08462,  -0.04339,   0.01897,  -0.03190,  -0.01221,  -0.04667,  -0.02369,   0.01077,   0.02390,   0.03703,  -0.01385,   0.05016,  -0.05323,   0.03374,   0.01405,   0.00749,  -0.02205,   0.06821,  -0.01056,  -0.03682,   0.05672,  -0.04667,   0.00913,  -0.01385,   0.04687,  -0.06144,  -0.02369,   0.01241,   0.05016,   0.00256,   0.00585,   0.04031,   0.01077,  -0.02698,  -0.01221,   0.03210,   0.02718,   0.02718,   0.04031,   0.02390,   0.00256,  -0.04175,  -0.01877,   0.06657,  -0.02205,  -0.00892,  -0.05159,  -0.07621,  -0.09098,   0.01077,   0.02390,  -0.01056,   0.08298,  -0.00236,   0.02718,  -0.01056,  -0.00892,   0.02062,  -0.00564,   0.01241,   0.00092,  -0.02533,  -0.00072,   0.02390,  -0.05816,  -0.04339,  -0.00236,   0.00092,  -0.02369,  -0.01549,  -0.02041,  -0.01713,   0.07477,   0.00256,  -0.02041,   0.03374,   0.00913,   0.01733,  -0.03190,   0.04359,   0.04523,  -0.01713,  -0.01385,  -0.04503,  -0.02862,   0.00092,  -0.11888,   0.03539,   0.04195,  -0.05487,  -0.03846,  -0.01713,  -0.06472,   0.03210,   0.10595,   0.01077,  -0.01549,  -0.05487,   0.02226,  -0.01221,   0.07477,  -0.02205,  -0.01056,  -0.00400,  -0.01713,  -0.00072,  -0.01877,   0.03539,   0.05344,   0.06985,   0.01733,   0.01897,   0.05180,   0.09446,   0.07149,   0.01569,   0.03374,   0.02882,   0.04687,   0.03703,  -0.06472,  -0.07129,  -0.00072,   0.02390,   0.02062,   0.00256,  -0.12544,   0.00092,  -0.00400,   0.02062,   0.00420,   0.02554,  -0.01549,  -0.00892,   0.01569,  -0.01385,  -0.04010,  -0.00400,  -0.01221,  -0.03026,  -0.05487,  -0.00236,  -0.00564,   0.02554,  -0.01549,   0.00256,  -0.03026,   0.01241,   0.07149,  -0.00728,   0.03046,   0.05016,   0.01569,   0.11088,  -0.03026,   0.03210,  -0.03682,  -0.04995,   0.03867,  -0.02205,  -0.04831,   0.02062,  -0.06308,  -0.05980,  -0.05816,  -0.01221,  -0.02369,   0.09282,   0.03046,  -0.03190,  -0.05323,   0.06328,   0.02718,   0.01733,   0.03210,   0.00913,   0.08462,  -0.05816,  -0.03518,   0.00092,  -0.04010,  -0.02862,   0.00913,   0.05344,   0.03539,   0.00913,   0.00585,   0.06492,   0.04523,   0.03210,  -0.04503,  -0.07621,  -0.05323,  -0.02862,   0.04359,  -0.05980,   0.04523,  -0.03026,   0.00585,  -0.03846,   0.05508,  -0.03682,   0.05180,  -0.00728,  -0.00236,  -0.00400,  -0.00892,  -0.02862,  -0.04995,  -0.05159,  -0.00072,  -0.04831,   0.03046,  -0.00728,   0.01077,  -0.00892,  -0.01385,   0.12236,  -0.03190,  -0.00236,   0.00585,  -0.03846,  -0.02698,   0.02882,   0.02062,   0.04195,   0.01569,   0.00913,  -0.08113,  -0.04010,  -0.06308,  -0.01221,   0.02062,   0.04195,   0.00749,   0.11744,  -0.00892,  -0.04339,   0.04523,  -0.01385,   0.02226,  -0.04667,   0.00913,  -0.01713,  -0.00072,   0.03046,  -0.04339,   0.00092,   0.04031,  -0.06472,   0.02226,   0.01569,  -0.01385,   0.01569,  -0.03518,  -0.01713,   0.01405,  -0.04503,  -0.02533,  -0.02862,   0.02718,  -0.03026,  -0.02533,  -0.04995,  -0.02369,   0.05672,  -0.06800,  -0.06472,   0.02718,   0.01077,  -0.05323,   0.03210,   0.04687,   0.00913,   0.00092,   0.01569,  -0.04667,  -0.01549,   0.03210,  -0.00564,   0.06821,   0.02390,   0.04359,  -0.06308,  -0.05816,   0.09611,   0.01569,   0.00092,   0.01405,  -0.05980,   0.02226,   0.00585,   0.03374,   0.09118,   0.05508,  -0.00564,  -0.03846,  -0.03682,  -0.07293,   0.06328,  -0.08770,   0.01733,   0.03046,   0.02882,   0.01569,  -0.00892,  -0.05159,  -0.02698,  -0.07457,   0.00913,  -0.01713,  -0.03354,  -0.03026,   0.02226,  -0.00072,  -0.01221,   0.01897,   0.00256,   0.11088,  -0.00400,   0.00913,  -0.04175,   0.04031,  -0.01221,   0.04851,  -0.03190,   0.03703,  -0.04667,   0.04031,   0.05672,   0.06492,  -0.02533,   0.02882,   0.02226,  -0.03354,   0.02390,   0.02554,   0.02062,  -0.08770,   0.06328,  -0.03354,   0.01733,   0.03703,  -0.00236,   0.02226,   0.00749,   0.05180,  -0.00236,   0.02718,   0.02390,   0.01569,  -0.01385,   0.01077,  -0.00072,   0.00256,   0.03703,  -0.01385,   0.02882,  -0.03846,  -0.01713,   0.01733,   0.01733,   0.04851,  -0.03190,  -0.00892,  -0.03354,   0.03539,   0.07313,   0.00913,  -0.03026,   0.04687,  -0.04010,   0.00256,  -0.01385,  -0.05980,   0.00913,  -0.03026,  -0.02369,  -0.02698,  -0.05487,  -0.00892,  -0.04995,   0.02390,   0.03210,   0.06985,   0.06657,  -0.01549,  -0.01549,  -0.04010,  -0.00236,  -0.00728,  -0.00072,  -0.04995,  -0.09262,   0.06000,   0.02718,  -0.01713,  -0.05980,  -0.00892,   0.04851,  -0.01877,   0.05016,  -0.02862,   0.03374,   0.02882,  -0.05159,  -0.04010,   0.02554,  -0.02698,  -0.05323,   0.03539,  -0.07293,   0.07641,  -0.05652,   0.00749,   0.01241,  -0.01877,   0.05180,  -0.01221,  -0.00564,  -0.02698,  -0.02205,   0.04359,   0.04195,   0.01733,  -0.01221,   0.00585,  -0.03682,   0.06000,   0.01569,  -0.03518,   0.04851,  -0.06964,   0.02062,  -0.03846,   0.00420,   0.05508,  -0.03026,  -0.10903,   0.01897,   0.02718,   0.05836,   0.00749,   0.00749,  -0.00564,   0.08298,   0.02390,   0.05180,  -0.04995,   0.04031,  -0.11067,   0.03374,   0.05672,   0.04359,  -0.02698,   0.02554,  -0.01713,  -0.03190,  -0.02041,   0.05016,  -0.01056,  -0.01221,   0.02554,   0.03374,   0.01897,  -0.00564,  -0.04667,   0.06000,  -0.02369,  -0.03026,  -0.04339,  -0.07785,   0.05016,   0.00092,  -0.04667,   0.03046,  -0.02698,  -0.02205,  -0.07129,   0.07313,  -0.05980,  -0.03026,  -0.05487,  -0.06472,   0.04359,  -0.08441,  -0.04010,  -0.07785,   0.00749,   0.06657,  -0.00892,   0.00913,  -0.06636,   0.01077,   0.01241,  -0.00072,  -0.00892,   0.06328,  -0.02041,  -0.09098,  -0.04339,  -0.02698,  -0.00072,   0.02882,  -0.03190,   0.03046,  -0.02698,   0.03539,   0.07313,   0.01405,  -0.01877,   0.02226,  -0.03354,  -0.11231,   0.12729,   0.02390,   0.00749,  -0.00892,  -0.01713,   0.02062,  -0.04175,   0.01241,  -0.02698,  -0.02041,   0.04031,   0.01733,  -0.01221,  -0.03518,  -0.01877,   0.00749,  -0.04010,  -0.00236,   0.04523,  -0.04503,   0.06328,   0.07805,  -0.03026,   0.03867,  -0.01549,  -0.01056,  -0.04995,  -0.01056,   0.03046,  -0.00892,  -0.10411,   0.00256,  -0.00236,  -0.04503,  -0.05487,   0.02226,  -0.06144,  -0.04831,  -0.02862,   0.02062,   0.01405,   0.01405,   0.02390,  -0.05816,   0.11416,  -0.05652,  -0.02205,   0.06821,   0.00420,  -0.04831,   0.00585,   0.00585,  -0.03682,  -0.02041,   0.00913,   0.03046,  -0.06472,   0.03703,   0.03210,   0.02390,   0.03210,  -0.06636,   0.04031,   0.02226,  -0.00236,   0.01241,   0.00420,  -0.00892,   0.01405,   0.04687,  -0.00400,   0.04359,  -0.01713,   0.00749,   0.01569,  -0.01056,   0.06821,   0.02882,  -0.00236,   0.05672,   0.02226,  -0.02862,  -0.01221,   0.13713,  -0.00892,   0.03374,   0.07477,   0.02390,   0.03210,   0.00420,   0.02718,   0.01241,   0.00913,   0.01733,  -0.11067,  -0.04995,  -0.02533,  -0.06308,  -0.10903,  -0.00728,   0.01241,   0.04523,   0.00749,   0.04851,  -0.06472,   0.04031,  -0.00072,   0.00913,   0.05180,  -0.03354,   0.00420,   0.02062,  -0.01549,   0.03374,  -0.00400,  -0.00728,  -0.03190,  -0.07621,   0.04195,  -0.00400,   0.00420,   0.03374,   0.05672,   0.09775,   0.01241,  -0.02533,  -0.04995,   0.01077,   0.03374,   0.00092,   0.00092,   0.00256,   0.05180,   0.08626,  -0.02862,  -0.00564,   0.04523,   0.06164,  -0.01549,   0.11908,  -0.04339,  -0.01713,   0.03867,   0.00585,   0.04687,   0.01241,   0.04195,  -0.00564,   0.03210,  -0.04175,  -0.00400,   0.06492,   0.02554,   0.00420,  -0.03026,  -0.01877,   0.01405,   0.00420,   0.06000,   0.09446,   0.05344,  -0.01056,  -0.04339,  -0.02862,  -0.02862,   0.00420,  -0.04667,   0.02554,  -0.02698,  -0.05159,   0.05180,   0.08134,   0.06985,  -0.02698,  -0.00236,   0.00256,  -0.06636,  -0.05816,  -0.02205,   0.04195,   0.01733,  -0.04667,   0.06985,   0.01077,   0.01733,   0.03210,   0.05836,  -0.03354,  -0.04995,  -0.05816,  -0.04831,   0.03210,  -0.07293,  -0.13036,  -0.01549,   0.03703,   0.03867,   0.03539,   0.03374,  -0.01056,  -0.00400,   0.00092,  -0.00892,   0.01405,  -0.06144,   0.02390,   0.02554,   0.03703,  -0.07785,   0.06000,  -0.01549,   0.07641,   0.02226,  -0.05980,  -0.00236,   0.05180,   0.02554,  -0.04339,   0.00420,   0.00420,  -0.01221,  -0.03190,   0.09282,  -0.06472,  -0.01713,  -0.02533,  -0.04831,   0.02554,   0.05344,  -0.03518,   0.07969,   0.04195,  -0.01221,   0.00749,  -0.00728,  -0.02698,   0.01733,   0.05016,   0.05344,   0.02390,   0.03210,  -0.03354,   0.07477,  -0.03354,   0.00256,   0.03703,  -0.01221,   0.01569,  -0.02205,   0.04687,   0.01077,  -0.02205,  -0.05323,   0.04687,  -0.04010,   0.03539,   0.00420,   0.00585,  -0.02369,   0.06985,  -0.03190,  -0.01385,   0.04031,  -0.00072,   0.01405,  -0.08770,  -0.01713,   0.05180,  -0.03026,   0.04359,   0.02226,   0.03374,  -0.02041,   0.02882,   0.04195,   0.01733,  -0.00400,   0.00420,  -0.03518,  -0.02205,   0.01077,  -0.02205,   0.04687,  -0.01877,  -0.00072,   0.05508,  -0.04339,  -0.00892,  -0.07785,  -0.01549,  -0.00236,  -0.01221,  -0.00564,   0.00092,  -0.01221,  -0.03190,   0.00749,   0.03703,   0.01241,   0.04359,  -0.04503,  -0.06472,   0.04359,   0.03867,  -0.02862,  -0.08113,   0.02882,  -0.06144,  -0.05323,  -0.02862,  -0.02369,  -0.01713,   0.02718,   0.03210,  -0.06472,   0.06328,  -0.02369,   0.00092,   0.04687,   0.01569,  -0.04831,  -0.04175,  -0.08277,   0.05180,  -0.01221,   0.08462,  -0.04995,  -0.01713,  -0.02862,  -0.02041,  -0.01056,   0.02390,  -0.02862,   0.01733,  -0.00400,   0.05508,   0.01241,  -0.02698,  -0.08441,  -0.00892,   0.04523,   0.00420,   0.01733,   0.02882,   0.03374,  -0.02041,   0.04359,   0.05344,  -0.03846,  -0.04503,   0.04031,  -0.02533,   0.07313,   0.00256,   0.03210,   0.01733,   0.02062,   0.02882,   0.02390,   0.01077,  -0.05816,   0.04687,   0.06328,  -0.00892,   0.02062,  -0.02698,   0.07149,  -0.05816,  -0.04175,   0.00256,  -0.08113,  -0.02698,   0.05508,  -0.03518,  -0.02698,   0.00913,   0.00420,   0.00092,   0.05344,  -0.05487,  -0.00236,   0.00092,   0.03046,   0.03374,   0.04851,  -0.01385,   0.01897,  -0.01549,  -0.01713,  -0.03354,   0.02226,   0.04359,   0.05508,  -0.00728
  -0.08934,   0.06164,  -0.02369,  -0.01221,  -0.01221,   0.05016,  -0.02205,  -0.00072,   0.02882,  -0.03518,   0.03374,   0.00749,   0.01405,  -0.02041,   0.05672,   0.00420,   0.00585,   0.06000,   0.00256,   0.00585,  -0.03846,   0.08462,  -0.05652,   0.02062,   0.02390,  -0.02698,  -0.09918,  -0.00072,   0.10759,   0.06164,   0.04523,  -0.06308,   0.00256,  -0.01221,   0.02226,   0.02882,  -0.07785,   0.02226,   0.04031,   0.02554,   0.03210,  -0.01056,  -0.00892,   0.01897,  -0.00564,   0.07313,   0.00420,  -0.05159,   0.01897,  -0.06144,   0.06164,   0.00092,   0.05180,  -0.02369,   0.02062,   0.03374,   0.01569,   0.00749,   0.02226,   0.00585,   0.01897,  -0.04995,  -0.00072,   0.02226,  -0.03518,   0.03539,  -0.16154,   0.03374,  -0.04175,  -0.04831,   0.01733,   0.04687,  -0.03518,   0.09118,  -0.04503,   0.04195,   0.06821,  -0.01385,   0.04031,  -0.01221,  -0.00400,   0.04687,  -0.04667,   0.03374,  -0.02369,   0.02554,   0.02554,   0.01569,   0.03046,   0.04523,   0.03210,   0.01569,  -0.01056,  -0.01713,  -0.00236,  -0.05159,   0.00749,  -0.03026,   0.03703,  -0.04667,  -0.00728,  -0.08441,   0.05672,  -0.05652,  -0.09098,  -0.05487,   0.04195,   0.01077,  -0.04175,  -0.04010,   0.02226,   0.02226,  -0.01549,   0.02554,   0.06000,   0.02390,   0.01897,   0.01569,  -0.04339,  -0.02041,   0.02390,   0.00585,  -0.02698,  -0.09262,  -0.01549,  -0.03846,   0.03046,  -0.05159,  -0.03026,  -0.00564,  -0.04010,  -0.02205,  -0.03190,  -0.02862,   0.03867,   0.03374,   0.02718,  -0.02205,  -0.05159,  -0.01549,   0.01569,  -0.00072,   0.02226,   0.03539,   0.05508,  -0.03682,  -0.03682,   0.15518,  -0.02698,   0.05836,   0.04851,   0.03210,  -0.07621,   0.05836,   0.00749,  -0.03846,   0.06657,   0.02882,   0.01405,   0.01897,  -0.01056,   0.07313,  -0.04339,  -0.07293,  -0.00400,  -0.02041,   0.00749,  -0.04995,   0.06492,  -0.04831,  -0.00564,   0.10103,   0.02390,   0.03867,   0.03703,   0.04523,   0.02390,   0.03046,  -0.02862,  -0.01385,   0.09611,   0.03046,   0.02882,   0.06657,   0.02390,  -0.05487,  -0.03026,   0.02718,  -0.03354,   0.01405,  -0.00728,  -0.06964,  -0.07457,   0.00092,   0.01569,  -0.04010,  -0.04831,  -0.04995,   0.00749,  -0.01221,  -0.01056,  -0.02533,  -0.01877,  -0.01877,   0.06657,   0.00420,  -0.04010,  -0.03682,   0.01897,   0.03374,   0.01897,   0.04031,   0.03867,  -0.00564,   0.03539,   0.00256,  -0.05323,   0.02554,   0.03046,   0.04851,   0.08462,  -0.04339,  -0.06800,  -0.02041,   0.02554,   0.09939,   0.03046,  -0.06964,  -0.01549,   0.01897,  -0.09098,  -0.03190,  -0.01221,  -0.05487,  -0.03026,   0.00420,   0.04523,   0.01241,  -0.03026,  -0.06308,   0.02062,   0.00256,   0.06492,  -0.03190,   0.02062,   0.00256,  -0.03518,   0.04195,  -0.00400,  -0.01221,  -0.01385,   0.05836,  -0.00236,   0.00420,  -0.00236,   0.08790,  -0.05323,   0.09611,  -0.02041,  -0.09426,   0.03867,   0.08954,  -0.07129,  -0.00892,  -0.00728,  -0.03026,  -0.04503,   0.02882,   0.06821,  -0.01549,   0.02226,  -0.03682,  -0.06964,  -0.06800,  -0.00728,   0.01241,   0.02554,  -0.07293,  -0.07621,  -0.00564,  -0.00892,   0.05016,   0.06657,   0.06164,  -0.01056,   0.01897,  -0.02369,  -0.05323,  -0.08277,   0.00749,   0.00585,   0.02390,   0.04523,   0.01569,   0.01733,  -0.05816,  -0.05487,   0.03046,   0.05344,  -0.06308,   0.07313,   0.00913,  -0.01056,   0.02882,  -0.02205,  -0.04010,  -0.00728,  -0.09590,   0.01569,   0.02390,   0.03539,  -0.02698,  -0.00728,  -0.00892,  -0.00236,   0.04851,  -0.00236,  -0.02862,  -0.01549,   0.05344,   0.03210,   0.11252,   0.05180,  -0.04010,  -0.07129,   0.03867,  -0.04995,   0.01241,   0.05508,   0.01897,   0.05344,   0.00585,  -0.02698,   0.02882,  -0.01221,   0.04359,  -0.00072,   0.03539,  -0.02041,   0.01077,   0.01897,   0.08298,   0.00585,   0.04687,  -0.03026,   0.02390,  -0.00564,   0.01897,  -0.01877,  -0.02369,  -0.02862,  -0.00564,  -0.10411,  -0.00236,  -0.02041,   0.04359,   0.01077,   0.00585,   0.01733,   0.01405,   0.06164,   0.01077,  -0.01713,   0.01569,   0.00913,  -0.00236,   0.01897,  -0.02205,  -0.04010,  -0.02369,  -0.09262,  -0.04995,   0.00585,  -0.06308,  -0.05487,   0.03374,   0.01733,   0.04031,  -0.02041,  -0.04503,   0.02554,   0.03210,  -0.01549,   0.00256,   0.04359,   0.00913,   0.04359,  -0.01056,  -0.04995,   0.01733,  -0.09754,  -0.06308,   0.01241,   0.03374,   0.01733,  -0.02205,   0.02554,   0.04031,   0.02718,   0.03210,  -0.01877,  -0.00892,   0.01733,   0.03046,  -0.02205,  -0.04831,  -0.02862,  -0.04831,   0.00585,   0.08462,  -0.02698,   0.02062,   0.01241,  -0.12216,   0.05016,   0.06328,   0.03046,   0.02718,   0.08790,   0.00913,   0.00420,   0.00913,  -0.04010,  -0.01713,  -0.02533,   0.05344,  -0.07457,   0.06328,   0.10759,   0.04359,  -0.06636,   0.01241,   0.00749,  -0.05980,  -0.03518,  -0.01713,   0.11416,   0.00420,  -0.07129,  -0.00400,   0.00585,   0.05344,  -0.00728,  -0.10739,  -0.07129,   0.00420,  -0.01877,  -0.03682,   0.03046,  -0.03518,  -0.05487,  -0.01221,   0.01405,   0.01241,   0.06492,   0.02226,  -0.01056,  -0.04831,  -0.08770,   0.00585,   0.06657,  -0.02862,  -0.05487,  -0.03518,   0.08626,  -0.00072,  -0.06636,  -0.02698,  -0.02205,  -0.01385,  -0.06800,   0.00913,   0.01405,   0.00420,   0.02554,   0.00913,   0.01897,  -0.04995,  -0.05487,  -0.06308,   0.00092,   0.04031,  -0.08934,  -0.02041,  -0.07949,   0.03210,  -0.01221,  -0.08605,   0.00420,   0.01897,  -0.00400,   0.02882,   0.01241,  -0.02533,   0.03539,   0.07149,   0.02882,  -0.00236,   0.01897,   0.02226,  -0.02369,   0.02554,   0.08954,   0.00256,  -0.03190,   0.00585,   0.00913,   0.03539,   0.08790,  -0.04995,  -0.04175,  -0.03354,   0.07477,  -0.00728,   0.03867,  -0.01221,   0.01569,  -0.02698,   0.04687,   0.01897,  -0.04010,   0.01405,   0.01241,  -0.04667,   0.03374,   0.07805,  -0.02369,  -0.04339,  -0.02698,  -0.01713,   0.05344,  -0.04339,  -0.02533,   0.01077,   0.00585,   0.01733,  -0.00400,  -0.04010,   0.02718,  -0.02862,  -0.07293,  -0.02862,   0.00585,   0.02718,  -0.05323,  -0.00236,   0.04851,   0.00420,  -0.01221,  -0.00072,   0.01733,  -0.06144,  -0.04831,  -0.06308,  -0.02698,   0.05344,  -0.05816,   0.06657,  -0.05487,  -0.04339,   0.01897,  -0.02533,  -0.06636,  -0.04995,   0.05180,  -0.03518,   0.00585,  -0.05652,   0.05180,   0.03539,   0.01569,  -0.01713,  -0.01877,  -0.02698,   0.00585,  -0.02041,  -0.06964,  -0.03026,   0.00585,   0.04195,   0.03374,  -0.00728,  -0.00072,   0.08134,  -0.02533,   0.04523,   0.02554,   0.10103,   0.01241,  -0.03026,  -0.01221,   0.02390,   0.02718,  -0.09098,   0.03539,  -0.09590,  -0.00236,  -0.01385,  -0.00072,  -0.00564,   0.01405,  -0.01056,  -0.03190,   0.06985,   0.01241,   0.08626,   0.03374,   0.01569,   0.08790,  -0.00236,   0.06985,   0.01897,   0.06164,  -0.01713,  -0.03846,   0.02226,   0.03046,  -0.01877,  -0.05980,  -0.02698,   0.01077,  -0.00072,   0.03046,   0.01733,  -0.03518,   0.03210,   0.03046,   0.02882,   0.01733,  -0.02698,  -0.07785,   0.06164,   0.02882,  -0.08277,  -0.00400,   0.02882,  -0.08770,   0.00585,  -0.04175,  -0.00564,  -0.01877,   0.01405,   0.10595,  -0.04010,  -0.00728,   0.03539,   0.02062,  -0.08441,  -0.01385,  -0.03846,   0.01897,  -0.00400,   0.02226,   0.03703,  -0.10739,   0.03210,   0.10595,   0.01569,   0.01241,  -0.00072,   0.04687,   0.04523,   0.01897,   0.02062,  -0.02205,   0.02718,  -0.08770,  -0.00236,  -0.01056,   0.05508,   0.04523,  -0.04995,  -0.01221,   0.02062,   0.03867,   0.06328,   0.03539,   0.02062,  -0.04831,   0.04523,   0.03867,  -0.04995,  -0.04175,  -0.05159,   0.03210,   0.00749,  -0.05159,  -0.05816,  -0.00236,   0.09118,  -0.05816,  -0.06800,  -0.03846,   0.04851,  -0.01385,   0.03046,   0.06985,   0.01077,  -0.02533,   0.02718,  -0.01385,   0.01241,   0.03210,  -0.05159,   0.00749,   0.02226,   0.02718,  -0.01385,   0.03867,   0.01241,   0.02226,  -0.05816,   0.02062,   0.03539,   0.07641,   0.00585,  -0.01877,  -0.04503,   0.01077,   0.04359,   0.03046,   0.06985,  -0.02041,   0.02882,   0.02882,  -0.02041,   0.00256,   0.01077,  -0.01056,  -0.00728,   0.03867,  -0.02533,  -0.01385,   0.01733,  -0.00072,  -0.04831,  -0.01221,   0.00256,   0.04195,   0.00420,  -0.05159,   0.06164,  -0.02533,  -0.03846,   0.01077,   0.05836,  -0.01221,   0.01897,   0.05508,   0.06164,  -0.00236,   0.01897,  -0.00400,   0.05180,   0.04031,  -0.05816,   0.03867,  -0.01221,   0.02390,  -0.03190,   0.02062,  -0.06964,  -0.00072,  -0.04010,   0.05016,  -0.00892,   0.01733,   0.02062,   0.03539,  -0.04995,  -0.06964,   0.00092,  -0.00072,   0.02062,   0.00585,  -0.05159,   0.04195,   0.00749,   0.09118,   0.00420,  -0.00892,   0.04359,   0.04851,   0.04359,   0.06657,   0.07477,  -0.01549,   0.04031,  -0.01549,   0.05180,  -0.05816,  -0.06800,   0.07313,   0.02554,  -0.01713,  -0.00400,  -0.05323,   0.04031,  -0.03026,  -0.02698,  -0.01713,  -0.04667,   0.07313,  -0.00892,  -0.02862,   0.00749,   0.04523,   0.03703,  -0.00400,   0.00092,  -0.01385,   0.05508,  -0.02698,   0.03046,  -0.00892,   0.00585,  -0.02205,  -0.01056,   0.04523,   0.00420,  -0.05159,  -0.06800,  -0.00892,   0.03374,   0.06821,   0.04851,   0.01405,   0.01077,  -0.02369,   0.00749,  -0.05816,  -0.01221,  -0.05816,  -0.00728,  -0.02041,  -0.04010,   0.03374,   0.07969,   0.00092,  -0.04010,   0.01897,  -0.04175,  -0.02533,   0.00913,  -0.02369,   0.01405,   0.05344,  -0.05980,   0.00256,  -0.01549,  -0.01056,  -0.06308,   0.05836,  -0.04667,  -0.00236,   0.02226,   0.04031,   0.00749,  -0.06964,   0.05836,   0.02390,   0.04359,  -0.04503,   0.06657,   0.05672,   0.08790,  -0.00236,   0.00420,  -0.04503,   0.00092,   0.01241,   0.07313,  -0.00400,   0.06000,  -0.01713,  -0.04010,   0.11580,  -0.08441,  -0.06308,  -0.01221,  -0.01385,   0.05836,  -0.03190,  -0.04503,  -0.07129,  -0.05159,   0.03703,  -0.01221,   0.03046,  -0.07129,  -0.03354,   0.01733,   0.03867,  -0.03518,   0.00913,   0.04359,  -0.02205,   0.01405,   0.01569,  -0.01385,  -0.00892,  -0.02369,  -0.02533,  -0.06964,  -0.01713,  -0.01713,   0.11088,   0.08134,   0.06164,   0.04031,   0.00256,   0.04359,  -0.00728,   0.02554,   0.04523,   0.00256,  -0.01221,  -0.02205,  -0.07785,  -0.06308,   0.08462,  -0.04339,  -0.08277,  -0.01713,  -0.06636,  -0.04831,  -0.06144,  -0.03354,   0.06164,   0.00092,  -0.01221,   0.02554,  -0.10575,   0.06657,   0.05508,  -0.02041,  -0.02041,  -0.09426,  -0.02369,  -0.05159,  -0.03026,   0.00585,   0.04523,  -0.01877,   0.02390,   0.04851,  -0.00728,   0.04523,  -0.04175,  -0.05980,   0.04359,   0.00256,   0.01733,  -0.01549,   0.03210,  -0.06472,   0.00420,  -0.03354,   0.09775,   0.02718,   0.03374,  -0.04339,   0.00749,  -0.00236,   0.00092,   0.04031,   0.06492,   0.06657,   0.04031,  -0.04010,  -0.02862,   0.03539,   0.03046,   0.03374,  -0.00236,  -0.02205,   0.08954,  -0.00892,  -0.07129,  -0.02698,  -0.01056,   0.00913,   0.04687,  -0.00892,   0.03374,   0.02554,  -0.06800,   0.02390,   0.05672,   0.00092,   0.00420,  -0.03846,  -0.02369,  -0.01385,   0.00420,  -0.03846,  -0.01877,   0.01405,   0.04523,   0.02226,  -0.02698,   0.03210,   0.02062,  -0.00236,   0.03867,  -0.05652,  -0.01877,   0.00420,   0.00913,  -0.05652,  -0.01385,   0.07969,   0.00092,   0.02226,   0.03867,   0.04523,   0.08626,   0.02554,  -0.07457,   0.07969,   0.03703,  -0.02533,   0.01569,   0.03867
  -0.10903,   0.07641,  -0.04175,  -0.00728,  -0.03190,  -0.02041,   0.01569,   0.05508,  -0.01056,   0.04687,   0.02062,  -0.03354,   0.06164,  -0.08277,   0.05672,  -0.05159,  -0.01549,   0.05016,  -0.01056,   0.06657,   0.01405,   0.02554,  -0.02698,   0.01733,  -0.03354,  -0.00400,  -0.04010,  -0.00072,  -0.03846,  -0.03026,  -0.08113,  -0.01221,  -0.00400,   0.11252,   0.00913,  -0.06636,   0.04851,  -0.07129,   0.08626,  -0.02533,   0.06985,   0.01077,  -0.05487,   0.05836,   0.01241,  -0.00400,  -0.03518,  -0.07621,  -0.10739,  -0.03682,  -0.01877,   0.04359,  -0.00892,  -0.02369,  -0.00564,   0.07149,  -0.00564,   0.02226,  -0.04339,  -0.03682,   0.02062,  -0.01056,   0.01077,   0.04359,  -0.02205,   0.04359,   0.00420,  -0.04667,   0.03703,   0.00913,   0.00092,   0.03046,  -0.01713,  -0.02862,   0.04031,   0.02882,   0.01897,   0.08298,   0.02226,   0.00420,  -0.02862,   0.02718,  -0.04175,   0.09118,   0.01569,  -0.00072,   0.03703,   0.00420,   0.01897,   0.03867,  -0.01549,  -0.04667,  -0.03682,  -0.08934,   0.02882,  -0.04010,  -0.09426,   0.05016,   0.06821,  -0.03518,   0.04359,  -0.02698,   0.03046,   0.00913,  -0.01877,  -0.00400,  -0.02533,  -0.00892,  -0.00400,   0.03867,   0.03046,   0.02718,   0.05344,  -0.01713,  -0.05323,   0.00092,   0.02554,   0.04687,   0.00585,  -0.05159,  -0.00072,  -0.03518,   0.07477,  -0.00400,   0.00749,  -0.02698,  -0.01385,   0.02226,  -0.02698,  -0.01221,   0.02226,  -0.08277,   0.02390,  -0.00072,  -0.04175,  -0.01549,   0.01241,   0.00749,   0.06164,  -0.04175,   0.00913,   0.03374,  -0.01549,   0.00092,  -0.00236,  -0.01877,   0.04359,  -0.02205,  -0.04995,   0.02554,   0.05672,   0.00420,  -0.08441,  -0.03026,   0.03374,  -0.03026,   0.11744,  -0.01713,   0.01077,   0.04523,  -0.07457,  -0.05159,   0.00256,  -0.05652,   0.02062,  -0.00400,  -0.04010,   0.01733,  -0.00400,  -0.01877,  -0.07621,  -0.04667,   0.07313,  -0.01877,   0.00256,  -0.07293,  -0.00236,   0.01241,  -0.03682,   0.05836,  -0.06144,   0.01897,   0.10431,   0.01569,   0.04851,   0.05180,  -0.02369,   0.02062,  -0.09426,  -0.06472,  -0.02369,   0.00749,   0.00092,   0.02226,  -0.01221,   0.02882,   0.02554,  -0.01221,  -0.06636,  -0.05816,  -0.00236,   0.00749,   0.06000,  -0.00564,   0.05016,  -0.02041,  -0.04503,   0.04031,  -0.03518,  -0.01713,  -0.00400,  -0.02533,   0.03867,  -0.05816,   0.04359,   0.03867,   0.01077,   0.05672,  -0.01877,  -0.03518,   0.01897,   0.11744,   0.06492,  -0.07129,  -0.01385,  -0.02369,   0.04031,  -0.01713,   0.01077,  -0.02041,  -0.01713,   0.01897,   0.00749,   0.00749,  -0.03190,   0.05180,  -0.00072,  -0.01713,  -0.03846,  -0.03026,   0.01077,   0.02554,   0.02062,  -0.03846,   0.02718,  -0.03682,   0.05836,  -0.00728,   0.06164,  -0.01056,   0.06657,  -0.06308,  -0.00072,   0.02554,  -0.03354,  -0.09098,  -0.07457,   0.07477,   0.01897,   0.10267,  -0.02533,  -0.00892,   0.01241,  -0.04010,   0.00420,  -0.00892,  -0.06964,   0.00749,  -0.01713,  -0.00728,   0.07641,  -0.03026,  -0.04010,   0.07477,  -0.00892,   0.05508,   0.06328,   0.01405,   0.05672,  -0.03190,   0.00256,   0.04195,   0.04851,  -0.03026,  -0.03518,   0.02882,  -0.00236,  -0.03354,  -0.00728,  -0.03190,  -0.04995,   0.02554,  -0.05487,   0.01241,   0.01405,  -0.01385,  -0.02698,   0.08298,   0.05180,  -0.04175,   0.03046,  -0.03846,  -0.00564,   0.01405,   0.04359,  -0.09590,  -0.03354,   0.03210,  -0.01385,  -0.01056,  -0.00892,  -0.01877,   0.04031,  -0.03682,  -0.04175,  -0.06472,   0.01569,  -0.01385,   0.02554,   0.06000,  -0.00400,   0.01241,  -0.03354,  -0.00564,   0.03867,   0.01733,  -0.07949,   0.02718,   0.00749,   0.04359,   0.06492,  -0.02698,  -0.03026,  -0.02205,  -0.00236,   0.00585,   0.02882,   0.00420,   0.03210,  -0.05487,   0.08298,  -0.05652,   0.00092,   0.03374,  -0.03846,  -0.03846,   0.05836,  -0.00892,  -0.06472,   0.01241,  -0.03518,  -0.00892,  -0.01877,  -0.01385,   0.04851,  -0.03354,   0.01405,   0.04195,   0.02390,   0.06821,   0.01077,  -0.05652,   0.03046,  -0.07785,   0.06821,  -0.06144,  -0.00892,   0.00092,  -0.02698,  -0.01385,  -0.01713,  -0.05487,   0.00092,  -0.04010,   0.03046,  -0.04339,  -0.00400,   0.01405,  -0.00236,   0.07805,  -0.00728,   0.00092,   0.01405,  -0.05159,  -0.06144,  -0.04175,   0.03374,   0.01405,   0.01241,   0.01241,  -0.04010,  -0.01713,   0.05508,  -0.01877,  -0.02862,   0.04851,  -0.00892,  -0.00400,  -0.01549,   0.04523,   0.04687,   0.00092,   0.03703,  -0.02698,   0.07149,   0.05672,  -0.02862,  -0.00892,  -0.05323,  -0.03682,   0.01077,  -0.00072,   0.01569,   0.07969,  -0.02533,   0.01569,   0.05180,  -0.01713,   0.01077,  -0.00728,   0.03210,   0.00256,  -0.04339,  -0.01056,  -0.02698,   0.06985,   0.06000,   0.08462,   0.01569,  -0.01877,  -0.00564,   0.02226,   0.02226,   0.00256,  -0.01221,   0.02390,   0.02226,   0.01733,   0.05672,   0.07805,  -0.05652,  -0.05323,   0.00913,  -0.00072,   0.04687,  -0.00236,  -0.06636,   0.02718,  -0.05323,  -0.02862,  -0.02533,  -0.05323,   0.06328,  -0.01713,  -0.03026,  -0.04667,  -0.02041,   0.05180,   0.03867,  -0.01221,   0.01241,   0.03867,  -0.00400,   0.07805,  -0.02041,  -0.00236,  -0.05816,   0.02226,   0.02226,   0.07149,  -0.04995,   0.04687,   0.00749,   0.01077,   0.02882,   0.05016,   0.00749,  -0.00072,  -0.06472,   0.01241,   0.06657,   0.02554,  -0.04503,   0.08790,   0.04195,   0.06164,   0.05836,   0.06492,   0.04359,   0.04195,   0.01897,   0.02062,  -0.00564,  -0.06308,  -0.03026,  -0.00072,  -0.03682,   0.00585,  -0.02041,   0.04523,  -0.01713,   0.00092,  -0.00400,  -0.01877,  -0.06964,  -0.00236,   0.02226,  -0.01221,   0.04031,  -0.07621,   0.06164,   0.02390,   0.03539,   0.03046,   0.08134,   0.03539,   0.02226,   0.08626,   0.01405,   0.04359,  -0.02698,  -0.00728,   0.02062,  -0.01385,   0.02554,  -0.05816,   0.02718,  -0.01221,  -0.04175,  -0.03190,  -0.00072,   0.06492,   0.03046,  -0.05980,  -0.06472,   0.00585,  -0.04667,   0.00256,   0.05344,   0.02226,   0.01241,  -0.02862,   0.02062,   0.01897,   0.03867,  -0.00400,  -0.00236,   0.01241,  -0.07949,   0.04359,  -0.00564,   0.02390,   0.04523,  -0.04667,   0.03703,   0.00256,   0.09939,   0.04031,   0.00092,  -0.02698,  -0.02862,  -0.01713,  -0.05323,  -0.04010,   0.00420,   0.06164,  -0.00728,  -0.08113,   0.04359,  -0.06964,  -0.02369,  -0.06964,   0.07149,   0.06657,   0.02062,   0.08298,  -0.03354,  -0.03846,   0.02226,  -0.01221,  -0.06964,  -0.00236,  -0.00236,  -0.04667,  -0.02862,  -0.06964,  -0.01877,  -0.04010,  -0.07785,  -0.01221,   0.06492,   0.00092,   0.01897,   0.01897,  -0.02369,   0.06492,   0.03867,  -0.02205,   0.02062,  -0.02698,   0.01897,   0.01241,   0.01569,   0.07149,  -0.02698,   0.01077,   0.09446,   0.03539,   0.03374,  -0.12544,  -0.01056,   0.05672,   0.03374,  -0.01713,   0.03210,  -0.11067,   0.08790,  -0.05323,  -0.08441,  -0.04339,   0.03374,   0.01405,   0.05344,   0.09282,  -0.02205,  -0.00400,  -0.04667,  -0.02041,  -0.01549,   0.00092,  -0.00564,  -0.01877,  -0.00400,  -0.02698,   0.03210,  -0.00400,   0.02882,  -0.01877,   0.08298,   0.05016,   0.04195,  -0.06308,   0.00749,   0.00749,   0.02882,   0.03867,  -0.04010,   0.03539,   0.01241,  -0.02862,   0.01077,  -0.01056,   0.01241,   0.00749,  -0.02205,  -0.01056,  -0.03846,   0.04195,   0.04031,  -0.01877,  -0.02533,  -0.03518,  -0.04831,  -0.01549,   0.10431,   0.00749,   0.04031,   0.02062,  -0.04339,  -0.05816,  -0.03354,  -0.06144,   0.06164,  -0.00400,   0.04359,  -0.00564,   0.08298,   0.01733,  -0.04175,   0.07149,  -0.01877,   0.09282,   0.04195,  -0.01877,   0.03046,  -0.05323,  -0.05652,   0.03210,  -0.01221,  -0.01713,  -0.03026,  -0.01549,   0.08790,  -0.02862,   0.03703,  -0.00072,   0.12565,   0.01241,   0.01077,   0.00585,  -0.04339,  -0.05487,  -0.00728,  -0.03518,  -0.04010,  -0.06800,  -0.00564,  -0.05159,   0.02062,   0.00256,  -0.05159,   0.04687,   0.01405,  -0.01549,   0.00256,  -0.05652,  -0.01877,   0.00420,   0.05508,   0.04031,   0.03374,  -0.00564,   0.02882,  -0.04831,   0.04851,  -0.08441,  -0.06636,   0.02718,  -0.00236,  -0.05487,   0.02554,   0.01405,   0.00749,   0.02390,  -0.03190,  -0.08770,  -0.08934,   0.01897,  -0.09426,  -0.00892,  -0.00564,   0.03046,   0.06000,  -0.00072,  -0.01385,   0.04687,   0.00913,  -0.03682,   0.00585,  -0.02041,  -0.02205,  -0.03190,  -0.02533,   0.02554,   0.01241,  -0.03682,  -0.04831,   0.00092,  -0.00400,   0.00585,   0.01077,   0.03046,   0.05180,   0.07149,   0.03374,   0.01241,   0.00420,   0.06328,   0.08134,  -0.02698,  -0.02041,  -0.00892,  -0.04010,  -0.03518,  -0.00564,  -0.05323,  -0.04010,  -0.02041,  -0.01221,   0.01569,  -0.06800,  -0.12380,   0.04523,   0.01569,   0.05016,  -0.00236,   0.07641,   0.06000,  -0.03354,  -0.04175,  -0.02041,  -0.03354,   0.04523,   0.00749,   0.00092,   0.01405,   0.00585,  -0.10082,   0.02390,  -0.00564,  -0.04831,   0.03374,  -0.05159,  -0.03026,   0.03703,   0.05836,   0.00913,   0.03703,   0.00092,  -0.03682,  -0.05487,   0.03539,   0.03539,   0.04031,   0.02718,   0.02062,  -0.04503,  -0.00236,   0.01733,   0.06000,  -0.08605,  -0.00728,   0.02390,   0.04359,  -0.02862,   0.02882,  -0.00400,  -0.01221,   0.00092,   0.03703,  -0.02533,  -0.00072,   0.03210,   0.03046,   0.03374,  -0.00564,   0.00092,   0.02226,   0.09775,   0.02062,  -0.00236,  -0.04010,   0.02390,   0.12236,  -0.00728,   0.06985,   0.05344,  -0.01713,  -0.02041,  -0.04010,  -0.06964,  -0.03354,   0.03046,   0.02882,   0.13057,   0.01405,  -0.01056,  -0.02698,   0.04523,   0.01569,   0.00585,  -0.03518,  -0.09098,  -0.02862,  -0.02862,   0.05344,   0.02718,   0.03539,  -0.02533,   0.01405,  -0.00728,  -0.00236,  -0.02698,  -0.01713,  -0.04667,  -0.04831,   0.05016,   0.07313,  -0.06636,  -0.00072,   0.06985,  -0.00728,   0.00092,   0.00913,  -0.02698,   0.00585,  -0.01385,  -0.06472,   0.07477,   0.03210,  -0.09918,  -0.02041,  -0.00072,  -0.01385,   0.03046,  -0.04667,  -0.00892,   0.07149,  -0.05487,   0.02062,   0.07477,  -0.02369,  -0.03190,  -0.08605,   0.01405,   0.00913,   0.00420,   0.02226,  -0.03518,  -0.05980,  -0.02205,   0.05836,  -0.01385,   0.01405,   0.06328,   0.00749,   0.01569,  -0.06636,   0.03210,   0.05016,  -0.05159,  -0.00892,  -0.00072,  -0.03682,  -0.03190,  -0.04503,  -0.02698,  -0.00728,  -0.07949,   0.00092,   0.01405,   0.00092,  -0.03846,   0.06000,  -0.02698,   0.03703,  -0.02533,   0.05344,  -0.02369,  -0.09590,   0.03867,  -0.04175,  -0.00892,   0.00749,  -0.02862,   0.05344,  -0.03846,   0.05836,   0.06164,   0.01897,   0.08298,  -0.05816,   0.00749,  -0.01549,  -0.06308,   0.00585,  -0.03026,   0.04195,   0.00256,  -0.04831,  -0.00400,   0.02226,   0.02390,   0.04851,  -0.00072,  -0.00728,  -0.03190,  -0.00892,  -0.03190,   0.01077,  -0.02862,  -0.04010,   0.05016,   0.02390,   0.05016,   0.07313,   0.07641,  -0.11724,   0.02718,   0.11744,  -0.02698,  -0.00400,  -0.00072,  -0.04667,  -0.02698,  -0.02205,  -0.01385,  -0.03190,  -0.05159,  -0.04831,   0.00585,   0.07313,  -0.01056,  -0.02533,   0.04851,   0.06000,  -0.05487,   0.03539,   0.01077,   0.01569,  -0.02205,   0.06821,  -0.02698,  -0.04503,   0.08954,  -0.00728,   0.05836,   0.00092,   0.06000,   0.05180,  -0.01549,   0.01405,  -0.01713,  -0.02862,  -0.01713,  -0.02862,   0.00420,   0.00585,  -0.01056,   0.01569,   0.01405,   0.04031,   0.03046,  -0.05487
  -0.01877,   0.05508,   0.01077,  -0.03518,  -0.03354,   0.07477,   0.00913,   0.04195,  -0.01877,  -0.02041,   0.00092,  -0.06144,   0.08626,   0.03539,  -0.06636,  -0.04503,  -0.02533,   0.03374,  -0.00400,  -0.02041,   0.04031,   0.06328,   0.05344,   0.02226,   0.06985,  -0.10082,  -0.09262,   0.03703,  -0.03026,  -0.04175,  -0.00072,   0.00092,  -0.03518,   0.04851,  -0.03026,   0.03210,   0.10759,   0.02226,  -0.00728,   0.01077,  -0.02533,   0.01405,  -0.01549,   0.03867,  -0.00400,   0.07805,  -0.00564,  -0.04339,  -0.06308,  -0.04995,   0.09939,  -0.01056,   0.00913,  -0.01221,  -0.00236,   0.00092,  -0.01221,   0.03046,  -0.03518,   0.03374,  -0.05487,  -0.03026,   0.00585,  -0.04667,   0.01897,   0.03703,   0.04523,  -0.08113,   0.04687,   0.00585,  -0.00728,  -0.00400,   0.06164,   0.02226,   0.07969,  -0.00892,  -0.02533,   0.06821,  -0.04995,  -0.01385,   0.01569,  -0.07457,  -0.02862,   0.03703,  -0.00400,  -0.01056,  -0.07129,   0.02718,  -0.10575,  -0.03518,  -0.02533,  -0.05816,   0.02062,   0.03210,   0.01241,  -0.04339,   0.05508,  -0.07785,   0.00585,   0.03867,   0.03867,  -0.04339,   0.03539,   0.01077,  -0.00564,   0.07149,   0.01241,   0.00420,   0.02062,   0.06164,  -0.02533,  -0.02533,  -0.02862,  -0.04175,  -0.09262,   0.00913,  -0.05323,   0.06328,   0.00420,  -0.01056,  -0.06800,   0.00420,  -0.04010,   0.08790,   0.03703,  -0.00564,   0.03046,   0.03539,  -0.02862,  -0.09590,  -0.00728,   0.01897,   0.00092,  -0.00728,   0.03374,   0.08954,  -0.00072,   0.01241,   0.00256,  -0.07621,   0.09611,  -0.02205,   0.08954,   0.02062,  -0.00236,  -0.02041,   0.03046,  -0.08770,  -0.01877,  -0.01713,   0.01077,  -0.04339,  -0.00728,   0.00256,   0.05672,  -0.05980,   0.03374,   0.05180,  -0.02369,  -0.01056,   0.00749,  -0.00728,  -0.06964,  -0.08934,  -0.01713,  -0.03190,   0.02226,   0.01077,  -0.05159,  -0.02533,  -0.01549,  -0.00236,  -0.01549,  -0.00072,  -0.05487,  -0.02041,   0.08134,   0.02882,  -0.01056,  -0.02369,  -0.03682,   0.00913,   0.02062,   0.03703,  -0.04339,  -0.05159,   0.00092,  -0.08441,  -0.01385,   0.04687,   0.02390,  -0.00400,  -0.01056,  -0.02205,   0.08298,  -0.04175,  -0.08605,   0.01569,   0.09775,  -0.02369,  -0.06308,   0.01733,  -0.00892,  -0.02533,  -0.00892,  -0.08277,  -0.02533,   0.01241,  -0.00728,   0.03210,   0.04851,   0.01405,  -0.04175,  -0.03026,  -0.00072,  -0.03190,   0.02882,  -0.01385,  -0.00400,  -0.05159,   0.02554,   0.02062,   0.01733,  -0.10411,   0.01569,   0.03210,  -0.02041,   0.00913,   0.00749,  -0.05159,   0.03210,   0.02718,  -0.03846,   0.06492,  -0.04831,  -0.01549,   0.07313,  -0.02369,   0.02718,  -0.03518,  -0.01385,  -0.03846,  -0.05323,   0.00420,  -0.01549,  -0.02369,   0.03210,  -0.04339,  -0.03682,  -0.04339,   0.07641,  -0.02862,  -0.00728,   0.09282,  -0.05323,   0.00092,  -0.08113,   0.00913,  -0.01056,   0.00913,   0.05508,  -0.12216,  -0.01877,  -0.04995,  -0.03518,  -0.05980,   0.02390,   0.03210,   0.00585,   0.00256,  -0.00072,   0.00585,  -0.03354,  -0.00072,  -0.06800,   0.00913,   0.00913,  -0.03190,  -0.04831,   0.02718,   0.00420,   0.04523,   0.06000,   0.03703,  -0.03682,  -0.05487,   0.00256,   0.00749,   0.04523,   0.01241,  -0.02862,  -0.09754,  -0.04010,   0.00256,   0.08462,  -0.01221,  -0.02698,   0.01405,  -0.01549,  -0.01056,   0.00256,   0.00420,  -0.00400,  -0.00400,   0.00749,   0.06492,  -0.05652,   0.03374,   0.04523,  -0.04831,  -0.07129,   0.03867,   0.01405,  -0.01549,  -0.05816,  -0.04667,   0.01569,   0.00420,  -0.02205,  -0.11559,   0.02390,   0.00749,  -0.02369,  -0.01056,  -0.10411,   0.01733,  -0.01221,   0.07477,   0.04359,   0.04031,   0.01077,  -0.00564,  -0.02041,  -0.06308,   0.04851,   0.01897,   0.07805,  -0.00892,  -0.00728,   0.00092,  -0.02205,  -0.00728,  -0.03518,  -0.06144,  -0.05816,  -0.07293,   0.02554,   0.05180,  -0.00400,   0.07805,  -0.05652,   0.00092,   0.03703,   0.00913,   0.00256,   0.04031,  -0.01385,   0.03374,  -0.01221,  -0.01056,   0.00420,  -0.04503,  -0.02205,   0.05836,  -0.05159,  -0.06308,   0.01569,  -0.00236,  -0.02533,  -0.06308,  -0.04503,  -0.03354,  -0.01877,   0.05344,  -0.04667,   0.02882,   0.00092,  -0.04831,   0.06328,  -0.06144,  -0.06472,  -0.00728,  -0.02698,   0.05672,   0.02718,  -0.15826,  -0.03354,  -0.01713,  -0.00564,   0.09611,  -0.01713,  -0.04995,   0.05836,  -0.01385,   0.01077,   0.06000,   0.03703,  -0.06636,  -0.05980,  -0.00564,   0.06328,  -0.03518,  -0.05980,  -0.00892,  -0.05652,   0.01241,  -0.09262,   0.04359,   0.10267,   0.02062,  -0.04010,   0.03867,   0.05836,   0.03867,   0.00749,   0.03374,  -0.05652,   0.04031,  -0.03846,  -0.04503,   0.01569,   0.04031,  -0.01056,   0.05672,  -0.04503,   0.02390,   0.03046,  -0.00072,   0.09282,   0.04687,   0.03703,   0.08626,  -0.03026,   0.00913,  -0.00564,  -0.02369,   0.07313,   0.04359,  -0.07293,   0.02882,  -0.00564,  -0.01549,   0.00749,   0.01897,   0.00749,  -0.01385,  -0.00564,   0.02718,  -0.01713,   0.02554,   0.02226,   0.03374,   0.02062,  -0.00728,   0.04523,  -0.07293,  -0.04995,  -0.00728,  -0.04667,   0.01405,  -0.03026,  -0.03354,   0.02718,   0.01077,   0.00913,   0.01241,  -0.07293,  -0.03682,   0.00749,  -0.01221,   0.01897,   0.01569,   0.01897,   0.00420,  -0.02533,  -0.04831,   0.01077,  -0.09098,   0.04359,   0.09446,  -0.02041,   0.04687,  -0.05323,   0.07969,  -0.01877,   0.03046,   0.01241,   0.02882,   0.05180,  -0.03354,   0.02718,   0.03046,   0.06000,  -0.03354,  -0.01056,   0.03374,  -0.03026,  -0.02205,  -0.01877,  -0.02533,  -0.09262,   0.03374,   0.02554,   0.03374,  -0.00728,  -0.01877,  -0.02862,   0.04851,  -0.06472,  -0.00728,  -0.02862,  -0.00892,   0.05344,   0.04851,   0.01733,   0.09282,   0.07149,   0.01241,  -0.02205,   0.02718,  -0.05159,   0.01405,  -0.05487,  -0.04175,   0.06328,   0.11252,   0.01405,  -0.03026,  -0.03846,   0.05836,  -0.00400,  -0.01549,  -0.05487,  -0.02205,   0.02882,   0.01405,  -0.02862,  -0.03846,   0.00256,   0.06657,  -0.04995,   0.09118,   0.01897,  -0.04667,   0.03374,  -0.02041,   0.01241,   0.05344,  -0.01221,   0.06164,   0.06492,  -0.02041,  -0.06636,  -0.01877,   0.02554,  -0.00728,   0.03703,  -0.05487,  -0.03354,  -0.04831,   0.01569,   0.06164,   0.01241,  -0.05159,  -0.10411,  -0.02862,   0.05180,  -0.03026,  -0.01713,   0.06328,   0.03210,  -0.13365,   0.04523,  -0.04667,  -0.01221,   0.03210,  -0.00564,  -0.03518,   0.08626,   0.03539,   0.00092,  -0.08441,   0.00913,  -0.04995,   0.03867,   0.01569,  -0.05323,   0.02718,   0.08134,   0.03703,  -0.02369,   0.02882,   0.03703,   0.02226,  -0.04995,  -0.04175,   0.09939,  -0.03846,  -0.06308,   0.05836,  -0.00892,   0.05836,   0.05344,   0.00585,  -0.01221,   0.05672,   0.06492,  -0.00072,   0.05180,  -0.10903,   0.02882,  -0.02533,  -0.03354,  -0.00564,  -0.02205,   0.10595,   0.04523,   0.02226,  -0.01056,   0.00749,   0.02882,   0.02226,   0.04523,   0.05508,  -0.04339,  -0.02369,   0.00420,   0.03703,  -0.07293,   0.01569,   0.02882,  -0.02533,  -0.03682,   0.08298,  -0.06964,   0.02226,   0.01077,  -0.06636,   0.00256,  -0.02862,   0.06000,   0.05344,  -0.02205,  -0.04010,  -0.02041,  -0.04503,  -0.00072,   0.01241,  -0.05159,  -0.01549,   0.03046,  -0.03682,   0.09118,   0.03374,   0.01405,   0.08298,   0.02390,  -0.01056,   0.02554,  -0.02533,   0.01077,   0.05180,   0.02390,   0.02062,   0.01733,  -0.05159,   0.00585,  -0.02205,   0.00585,  -0.00892,   0.03867,   0.02882,   0.04523,  -0.00072,   0.03539,  -0.03026,   0.00256,   0.03210,   0.04359,   0.02226,  -0.02205,   0.02390,   0.00749,   0.06328,  -0.00892,   0.07149,   0.01241,  -0.06636,   0.01569,   0.00092,  -0.00892,  -0.01877,   0.03539,  -0.01056,  -0.05159,  -0.09262,  -0.00072,   0.00585,   0.02062,  -0.04175,  -0.05980,   0.03210,   0.02554,   0.00749,   0.02882,   0.03374,  -0.01713,   0.01405,  -0.03518,  -0.08113,  -0.08441,   0.07805,  -0.00236,   0.04523,  -0.01221,   0.02554,  -0.00728,   0.00092,  -0.03518,  -0.00728,   0.02062,  -0.03354,  -0.01713,   0.04359,   0.05016,   0.03210,   0.03703,  -0.02205,   0.01077,   0.00256,   0.00913,   0.04851,  -0.04503,   0.06328,  -0.05323,  -0.04831,   0.04523,  -0.05652,  -0.07621,  -0.01713,  -0.10411,  -0.03354,  -0.02862,   0.02718,   0.09118,  -0.04503,   0.00913,  -0.03682,   0.07641,   0.03867,  -0.00564,  -0.00236,  -0.03354,  -0.02369,   0.05180,   0.00256,  -0.03354,   0.01077,   0.05180,   0.02062,  -0.02862,  -0.07293,   0.07313,   0.04031,  -0.05323,   0.02554,  -0.02041,  -0.02698,   0.05344,  -0.02862,   0.04523,  -0.00400,  -0.04667,   0.00092,  -0.06636,  -0.00400,   0.00092,  -0.03682,  -0.01221,   0.02882,  -0.02369,  -0.04995,  -0.04503,   0.06164,  -0.02862,  -0.05487,   0.01897,  -0.03190,   0.03046,  -0.04995,  -0.00072,  -0.00072,  -0.01385,  -0.06144,   0.01733,   0.08134,  -0.09918,   0.00420,  -0.00400,   0.09939,  -0.02698,  -0.01877,  -0.06144,  -0.07129,   0.04523,  -0.03354,   0.02390,  -0.06144,  -0.00072,  -0.01877,  -0.04339,   0.06164,  -0.05323,  -0.02041,   0.04687,   0.00585,  -0.02369,  -0.01549,   0.00585,   0.01405,   0.02226,   0.01897,  -0.00892,   0.02554,   0.02554,  -0.05323,   0.01733,  -0.01713,  -0.00072,  -0.01221,  -0.05487,  -0.00072,  -0.03026,   0.03374,  -0.11724,  -0.01877,  -0.05159,   0.00585,   0.03703,  -0.00728,  -0.00892,  -0.03682,  -0.05980,  -0.00236,  -0.02369,  -0.07785,  -0.03190,   0.00749,   0.01897,   0.03867,   0.04851,   0.07313,   0.03539,   0.00256,   0.00749,   0.05016,   0.00749,   0.07969,  -0.03682,  -0.00400,   0.00256,  -0.07129,   0.03210,  -0.02369,   0.01405,   0.02390,  -0.05652,  -0.02205,  -0.09098,  -0.03846,  -0.05159,  -0.04831,  -0.04339,  -0.03026,  -0.02369,  -0.01221,   0.03046,  -0.02205,  -0.01385,   0.04359,  -0.01549,  -0.06144,   0.00420,  -0.03682,  -0.01549,   0.06000,  -0.04667,  -0.02041,   0.01733,  -0.00564,   0.04687,   0.03374,  -0.01713,   0.03046,  -0.06964,  -0.03026,   0.08626,  -0.01549,   0.01897,  -0.02698,  -0.01221,  -0.01221,  -0.01056,  -0.01221,  -0.08441,   0.01077,   0.03867,   0.08134,   0.00256,  -0.01221,   0.01077,  -0.01056,  -0.03190,  -0.04010,   0.03210,  -0.10082,  -0.00236,   0.02226,   0.01405,  -0.06308,   0.00092,  -0.00400,   0.04851,  -0.11724,   0.03046,  -0.05323,  -0.02698,  -0.05323,   0.04359,  -0.04175,   0.00913,  -0.02041,  -0.00728,   0.00913,  -0.05323,   0.01897,   0.06657,  -0.05487,  -0.07293,   0.02062,   0.00420,  -0.02862,  -0.01713,  -0.04010,  -0.03026,  -0.06144,   0.01405,   0.00749,   0.05508,   0.08626,  -0.00236,   0.05836,  -0.02041,  -0.04010,  -0.04010,   0.00585,  -0.01877,   0.01897,   0.08626,   0.05016,  -0.02698,   0.07969,  -0.10082,  -0.00072,  -0.01221,   0.02718,   0.00585,   0.00749,   0.01405,   0.02226,   0.11088,  -0.00072,  -0.02369,  -0.02862,  -0.03518,  -0.03846,  -0.00564,   0.00749,   0.09939,   0.02226,  -0.04667,   0.05836,   0.04523,   0.01405,  -0.01221,   0.10923,  -0.04995,  -0.06636,  -0.09098,  -0.02862,   0.03867,  -0.03026,  -0.10575,   0.06328,  -0.06472,   0.10759,  -0.08113,  -0.03518,  -0.00564,   0.02226,  -0.01713,   0.08134,  -0.03354,  -0.08441,   0.01569,   0.04359,   0.00420,  -0.01713,  -0.02041,  -0.03354,  -0.05323,   0.04031,   0.01733,   0.08954,  -0.03682,   0.01405,  -0.07293,   0.00420,   0.04031,  -0.03354,   0.05672,  -0.08441,  -0.05159,  -0.02533
   0.05180,  -0.05487,  -0.00400,   0.01241,  -0.00236,  -0.02862,  -0.01221,   0.08954,   0.10923,   0.01405,  -0.03846,  -0.02369,   0.07805,   0.03867,  -0.02369,  -0.02698,  -0.09918,   0.02390,   0.03703,   0.02226,  -0.01056,   0.00256,  -0.00892,   0.09446,   0.02718,  -0.04010,  -0.01877,  -0.05323,   0.01897,  -0.10903,  -0.00072,  -0.11067,  -0.02533,   0.05016,   0.01733,   0.00585,   0.05344,  -0.05816,   0.00749,   0.03539,  -0.00236,   0.00749,   0.02554,   0.05672,  -0.07129,  -0.00728,   0.06657,  -0.00892,  -0.02533,  -0.04010,   0.08954,  -0.01221,  -0.03190,  -0.02205,  -0.03190,   0.02554,  -0.00400,   0.04359,   0.04031,  -0.00892,   0.02062,   0.02062,   0.00585,   0.03867,   0.05836,  -0.02862,  -0.04175,   0.10923,  -0.03354,   0.04851,   0.04359,   0.01733,   0.02062,   0.00092,  -0.04503,   0.05180,   0.01405,   0.01897,  -0.04995,  -0.01549,   0.01241,   0.04195,   0.05672,  -0.04175,  -0.07457,  -0.01221,  -0.01549,   0.02062,   0.02062,   0.01569,   0.13057,  -0.03518,   0.05508,   0.04523,  -0.02369,  -0.06472,   0.00749,  -0.00236,   0.00092,   0.02062,   0.03046,  -0.02369,   0.00256,  -0.02041,  -0.03026,  -0.01056,   0.06492,  -0.01056,   0.06985,  -0.00072,   0.00420,  -0.04503,  -0.00072,  -0.07129,   0.01733,   0.01077,  -0.00728,   0.01733,   0.04195,  -0.06964,  -0.05487,   0.00092,  -0.03190,   0.02882,  -0.02205,  -0.05487,   0.04031,   0.05836,  -0.06636,   0.10103,  -0.00236,   0.02554,   0.01241,   0.02718,  -0.05159,   0.04031,  -0.01713,  -0.03682,   0.01733,   0.03046,  -0.00564,   0.05508,  -0.08605,   0.06328,  -0.00728,  -0.00236,   0.03374,  -0.03354,   0.03539,  -0.07785,   0.01733,   0.06657,   0.04687,   0.01569,  -0.02533,   0.03539,   0.03539,  -0.05159,   0.07969,  -0.02369,  -0.04667,  -0.04175,  -0.05159,   0.01077,   0.00585,  -0.00072,   0.05344,   0.06328,  -0.03518,   0.02882,  -0.04339,  -0.06800,  -0.03190,  -0.02698,  -0.06308,   0.02554,  -0.06800,   0.08626,   0.03867,   0.01241,   0.00585,  -0.06144,   0.00256,   0.01405,  -0.00564,   0.01897,   0.00913,  -0.01877,  -0.07293,   0.05016,  -0.00072,   0.01569,   0.00420,   0.06000,   0.03046,  -0.01056,  -0.00728,   0.05672,   0.02390,  -0.00400,  -0.05159,   0.05672,   0.12893,   0.06328,   0.02062,   0.02062,   0.01897,   0.07641,   0.00256,  -0.01877,  -0.07621,   0.00420,   0.04523,  -0.08277,  -0.01713,   0.06985,  -0.00728,  -0.03190,   0.08790,   0.03374,   0.00749,  -0.02862,   0.01241,  -0.03354,  -0.03190,   0.03867,   0.05836,  -0.01877,  -0.01221,  -0.02533,   0.09446,  -0.00400,  -0.03846,  -0.03190,  -0.00072,  -0.05487,   0.04687,  -0.04175,  -0.05159,   0.00585,   0.02554,  -0.06308,  -0.03026,  -0.08605,  -0.00564,   0.00092,   0.02226,   0.04523,   0.00585,  -0.00728,   0.04851,   0.04031,  -0.03026,   0.02226,  -0.06964,   0.04031,   0.07805,   0.02226,   0.00749,  -0.02041,   0.05836,  -0.08934,   0.08134,  -0.07457,  -0.04995,  -0.00564,   0.04523,  -0.02369,   0.02226,  -0.03354,   0.04687,  -0.01221,   0.02882,   0.04523,   0.01897,  -0.00564,   0.02554,  -0.08441,   0.06164,  -0.03846,  -0.04010,  -0.04503,   0.06164,   0.06492,  -0.02862,   0.01733,  -0.11559,  -0.01713,   0.06657,   0.02062,  -0.04503,  -0.00728,  -0.00400,  -0.00892,  -0.01385,   0.05016,  -0.00728,   0.08790,  -0.01877,   0.00749,  -0.01221,  -0.00892,   0.06657,   0.01077,  -0.02041,   0.00092,  -0.01221,  -0.03190,   0.00913,   0.01897,  -0.03190,   0.01077,  -0.07621,  -0.07129,  -0.05652,  -0.05159,  -0.01713,   0.01405,  -0.05652,  -0.02862,   0.00420,  -0.00728,   0.05344,  -0.09426,  -0.00564,  -0.02533,   0.03867,   0.02718,   0.01241,   0.04359,   0.04851,  -0.03518,  -0.02533,  -0.02041,   0.06328,   0.02718,   0.05836,   0.02882,   0.00749,  -0.03682,  -0.00892,  -0.00400,  -0.04503,   0.04359,  -0.00072,   0.03210,   0.09118,   0.00913,  -0.02369,   0.02062,  -0.02862,  -0.02533,   0.04523,  -0.03026,  -0.00236,  -0.02533,   0.05672,  -0.01385,   0.03867,   0.06492,  -0.04503,   0.04031,   0.00420,  -0.06308,   0.04687,   0.07969,  -0.03846,   0.01077,  -0.01056,  -0.03354,  -0.01877,  -0.01056,  -0.00072,   0.00256,  -0.06472,  -0.00072,   0.06657,   0.07805,  -0.01385,   0.01897,   0.07641,   0.00092,   0.04359,  -0.01713,   0.03539,   0.00585,  -0.01221,  -0.02533,  -0.04995,   0.06821,  -0.03846,  -0.00400,   0.01405,  -0.00236,  -0.03190,   0.03867,  -0.02533,  -0.02862,  -0.04010,  -0.03846,   0.09775,   0.00256,   0.01405,  -0.06636,   0.06000,  -0.02533,  -0.00072,   0.00256,   0.06657,   0.05016,   0.00749,  -0.02369,   0.05344,  -0.05323,   0.05180,   0.00092,   0.03703,  -0.00564,   0.05344,   0.00256,  -0.04339,   0.02390,  -0.06472,   0.03374,   0.03867,   0.01077,  -0.04010,   0.00420,  -0.02698,   0.04195,  -0.00400,   0.02554,   0.06000,  -0.01221,  -0.00892,  -0.03682,  -0.05652,   0.01733,   0.00913,   0.03374,   0.10267,  -0.03026,  -0.06964,   0.02718,  -0.02369,  -0.06800,  -0.02041,  -0.03190,   0.02390,  -0.01713,  -0.03682,  -0.01549,   0.04523,  -0.00236,   0.00420,  -0.04339,  -0.06144,  -0.05487,   0.02390,   0.03703,  -0.05816,  -0.02041,   0.06164,   0.02390,   0.00420,  -0.00400,  -0.01221,  -0.06144,  -0.00400,  -0.06636,   0.02718,   0.06000,   0.04359,   0.00420,  -0.02698,  -0.04175,   0.09446,   0.02882,  -0.02533,   0.01897,   0.00913,   0.03046,   0.03210,   0.09282,  -0.05980,   0.03374,   0.01897,   0.03210,  -0.07129,   0.07477,   0.02554,  -0.04175,  -0.04995,   0.01405,  -0.02369,   0.00749,  -0.04831,   0.02554,  -0.09590,   0.00092,   0.02062,  -0.07621,   0.03374,   0.02882,   0.03867,   0.01077,  -0.00892,   0.05672,  -0.03026,   0.03210,   0.08462,   0.02062,   0.00420,  -0.02369,   0.06985,  -0.00236,   0.00092,   0.01897,   0.01077,   0.00585,   0.05508,   0.01733,  -0.01385,  -0.00072,   0.04687,   0.02062,  -0.03190,  -0.05980,  -0.02041,  -0.02698,   0.07313,  -0.03190,  -0.02041,  -0.03518,   0.02390,   0.01241,   0.03539,  -0.06964,  -0.10739,  -0.04339,  -0.00892,   0.01569,  -0.01385,  -0.03026,  -0.02041,  -0.01385,  -0.07129,   0.08954,  -0.06800,  -0.02205,  -0.00564,  -0.04339,  -0.01385,  -0.02369,  -0.00236,  -0.05487,   0.01241,   0.06328,   0.05016,  -0.01713,   0.05344,   0.02718,   0.01897,  -0.07621,  -0.11231,   0.08954,   0.04359,  -0.05323,   0.07313,  -0.00892,   0.06164,  -0.04503,   0.03539,  -0.00728,  -0.02698,   0.01569,  -0.04831,  -0.03682,  -0.05487,   0.02390,   0.03046,  -0.01385,   0.01241,   0.00585,   0.04031,  -0.02533,  -0.03026,  -0.00236,  -0.02205,   0.00420,  -0.03518,  -0.01385,   0.00749,   0.02226,  -0.00728,  -0.02205,   0.00749,   0.05672,  -0.10903,  -0.02533,  -0.02041,   0.08298,   0.03539,   0.04195,  -0.04339,   0.00420,   0.03703,  -0.02041,   0.06985,   0.01405,   0.05016,  -0.04339,   0.07313,  -0.03518,  -0.01877,  -0.00072,   0.01897,  -0.04831,  -0.04175,  -0.06308,   0.04031,   0.08134,   0.04523,   0.03210,   0.01077,  -0.03518,   0.03867,   0.01405,   0.06000,  -0.06144,  -0.05652,  -0.01056,   0.11744,   0.00913,   0.02554,   0.04523,  -0.06964,  -0.05652,  -0.05980,   0.02062,   0.05180,   0.06164,   0.07149,  -0.06800,   0.00749,   0.04687,   0.09446,  -0.02369,  -0.01056,   0.05508,   0.04523,  -0.04995,   0.07805,  -0.02205,  -0.00072,   0.05016,  -0.03354,   0.05344,   0.08298,  -0.02862,  -0.05816,   0.00749,  -0.01549,   0.07641,   0.03867,  -0.00236,  -0.02205,  -0.01549,  -0.00236,  -0.00728,  -0.00892,  -0.00892,   0.02554,  -0.03846,  -0.06472,  -0.00892,   0.02390,   0.00256,  -0.03846,   0.07641,   0.08462,  -0.04503,   0.02062,   0.06000,  -0.04010,  -0.01056,   0.04359,   0.01733,  -0.01221,   0.07477,  -0.00072,  -0.00236,  -0.02369,   0.03703,  -0.07785,  -0.03682,   0.08298,  -0.01877,   0.00256,  -0.04831,   0.02882,  -0.09098,  -0.06308,   0.04195,  -0.04010,  -0.02862,  -0.00564,  -0.02041,  -0.01385,   0.02554,   0.00913,  -0.03518,  -0.08770,  -0.00564,   0.02718,   0.01077,   0.00913,  -0.00728,  -0.01713,   0.04359,   0.02062,   0.07149,  -0.02533,   0.05508,   0.02226,   0.01897,  -0.02862,  -0.03354,  -0.01221,   0.01405,   0.03374,  -0.05652,   0.00092,  -0.07457,  -0.08770,   0.01897,  -0.00072,  -0.00400,  -0.00564,   0.02390,  -0.02041,   0.06985,  -0.07129,   0.00420,   0.01733,  -0.01385,   0.05508,   0.07313,  -0.01385,  -0.01713,  -0.01221,  -0.00400,  -0.04995,   0.08626,  -0.04175,   0.10103,   0.06000,   0.01569,   0.07477,   0.02062,  -0.03846,  -0.01877,   0.02062,   0.03046,  -0.08277,  -0.00072,  -0.03846,   0.00420,  -0.00564,   0.11744,  -0.02041,  -0.00564,  -0.00400,  -0.04010,   0.03374,   0.04687,  -0.02698,  -0.05816,  -0.03026,   0.00092,  -0.05159,   0.01569,   0.05508,  -0.05323,   0.07313,   0.04359,  -0.01221,   0.00913,  -0.01549,  -0.02041,   0.04687,   0.02554,   0.02390,  -0.02205,   0.02390,   0.02226,   0.02390,   0.00092,  -0.05980,   0.04359,   0.02062,  -0.07621,  -0.01877,  -0.03026,   0.03046,  -0.05816,   0.04851,  -0.00564,   0.03046,  -0.06800,   0.02390,   0.04359,  -0.01713,  -0.01385,   0.02390,  -0.02205,  -0.03518,   0.01569,   0.04359,   0.01405,   0.08626,   0.05180,  -0.02533,  -0.00892,  -0.01877,   0.02882,   0.00749,  -0.01056,  -0.05159,  -0.03190,   0.06985,   0.04523,  -0.02041,   0.05344,   0.01077,   0.08954,  -0.03682,  -0.05323,  -0.00892,   0.01569,   0.04687,  -0.00728,  -0.00400,  -0.04503,  -0.02698,  -0.02698,  -0.01221,  -0.05652,  -0.04503,  -0.06472,  -0.04831,  -0.04339,  -0.00072,  -0.04995,  -0.00892,   0.06328,   0.00749,  -0.02205,   0.03703,   0.12400,   0.03703,  -0.02205,  -0.03682,   0.00913,   0.01733,  -0.03026,  -0.01056,  -0.06144,   0.02882,  -0.02369,  -0.04503,  -0.08605,   0.02062,  -0.04667,  -0.06964,  -0.02205,   0.05344,   0.01405,  -0.04667,   0.00585,   0.00585,  -0.00400,   0.01733,  -0.09262,   0.01077,  -0.00564,  -0.03846,  -0.05323,   0.04687,  -0.00400,  -0.04995,  -0.00892,   0.05508,   0.04523,   0.01077,  -0.00892,  -0.06308,   0.07477,  -0.02698,  -0.02862,  -0.02369,   0.01077,  -0.02041,  -0.02862,  -0.05323,  -0.05980,   0.02718,  -0.05980,  -0.04339,  -0.00072,  -0.01877,  -0.04995,  -0.03518,  -0.03846,   0.05180,  -0.04175,   0.01569,  -0.05487,   0.05180,   0.00092,  -0.04503,   0.06985,  -0.03026,  -0.00400,   0.00256,   0.06164,  -0.04503,   0.00092,  -0.02533,   0.04687,   0.01241,   0.00256,   0.01569,  -0.03354,  -0.04667,  -0.02205,  -0.10575,   0.02062,  -0.04831,  -0.04995,   0.01897,   0.02390,   0.01733,  -0.07785,  -0.02533,  -0.06964,   0.07313,   0.00585,  -0.04010,  -0.05652,  -0.01549,  -0.01713,   0.07641,   0.04031,   0.11088,   0.06985,  -0.02369,   0.02718,  -0.02862,   0.02062,  -0.04175,   0.03539,   0.04851,   0.02718,  -0.00072,  -0.03190,   0.01405,   0.02226,  -0.04831,  -0.03190,  -0.00072,  -0.05652,  -0.01221,   0.06657,  -0.04010,  -0.03354,   0.05344,   0.03539,   0.01897,   0.00420,  -0.02533,   0.01077,   0.04851,   0.00256,  -0.00072,   0.07969,   0.02554,   0.03374,   0.08462,  -0.03190,  -0.02041,   0.08298,   0.03210,   0.03046,  -0.00564,   0.11416,  -0.04503,  -0.08441,  -0.02041,   0.00420,  -0.02369,  -0.03846,   0.00749,   0.07149,   0.01077,  -0.04175,  -0.01549,  -0.01713,  -0.05487,  -0.06964,  -0.02041,   0.10759,   0.03210,   0.01405,   0.04523,   0.03703,  -0.01549,  -0.01385,   0.01405,   0.04523,   0.01897,  -0.02369,  -0.00728,   0.00585
  -0.11395,   0.02882,  -0.02041,  -0.03518,  -0.02369,  -0.02041,  -0.00728,   0.03867,   0.04359,   0.05016,  -0.04339,   0.04031,   0.04195,  -0.02369,   0.00092,   0.01405,   0.04851,   0.08790,  -0.01713,  -0.03846,   0.01077,   0.06328,   0.01897,  -0.00400,  -0.04175,  -0.00892,   0.01733,   0.04851,   0.00420,  -0.01549,  -0.06964,   0.01405,   0.00585,   0.02554,   0.02882,   0.03867,   0.02226,   0.06328,  -0.01056,  -0.00892,   0.00585,  -0.03190,   0.02062,  -0.04831,   0.02062,  -0.01549,   0.03210,  -0.06472,   0.04195,   0.09118,   0.03374,  -0.05980,   0.05016,  -0.03026,  -0.00072,  -0.00564,  -0.05323,   0.01897,   0.00913,   0.01405,   0.06164,  -0.07129,  -0.01385,   0.03703,   0.00256,   0.00585,  -0.08277,  -0.05159,  -0.00564,   0.00092,  -0.00072,   0.01897,   0.00256,   0.05180,   0.02062,   0.10759,  -0.02205,   0.04851,  -0.05980,  -0.01713,   0.03374,  -0.03026,   0.00585,   0.04851,   0.00092,  -0.06144,  -0.04339,  -0.00400,  -0.04831,  -0.02041,   0.01733,   0.00256,   0.05672,  -0.04995,  -0.04667,  -0.04175,  -0.04010,  -0.00564,  -0.05487,   0.01733,  -0.02698,  -0.02369,   0.05180,   0.03210,  -0.09590,  -0.02205,  -0.04175,   0.01733,   0.10759,  -0.05980,   0.03539,   0.01241,   0.03539,   0.01241,  -0.02369,  -0.02533,  -0.04010,   0.04031,   0.04195,  -0.00892,  -0.03518,   0.02390,   0.03210,   0.06657,  -0.00400,   0.00585,   0.00256,  -0.05487,   0.02718,   0.00749,   0.03210,   0.01569,   0.06492,   0.03703,  -0.04503,  -0.05159,  -0.04831,  -0.02205,   0.05836,   0.00585,  -0.01549,  -0.02533,   0.06821,  -0.04175,   0.04851,   0.03539,  -0.03190,  -0.00236,  -0.03518,   0.00420,   0.01733,   0.00092,  -0.11067,   0.01241,   0.01241,  -0.02041,  -0.02369,   0.04851,   0.05836,   0.01241,  -0.02698,  -0.00564,   0.07969,  -0.00564,   0.06000,  -0.01056,  -0.05323,   0.03046,   0.02882,   0.00092,   0.03046,   0.04687,   0.00420,  -0.03354,   0.03867,   0.04031,  -0.05487,  -0.00892,   0.04359,  -0.04339,   0.06985,   0.10595,  -0.01713,   0.05344,  -0.05159,   0.01733,  -0.04175,   0.02390,  -0.05652,  -0.09918,   0.01733,  -0.03190,   0.02390,   0.01569,   0.01241,  -0.01056,   0.01897,   0.00420,   0.08626,  -0.05159,   0.04359,   0.05180,  -0.00072,   0.05180,  -0.04667,  -0.07621,  -0.02369,   0.01569,   0.05016,  -0.07621,   0.02390,  -0.03354,   0.01405,  -0.05980,   0.07477,  -0.02862,   0.01077,   0.02718,   0.04687,   0.00585,   0.00585,  -0.00400,  -0.01549,   0.02882,   0.08134,   0.06164,  -0.01221,  -0.00892,   0.06000,   0.01569,   0.04359,   0.00749,  -0.02041,   0.08954,  -0.03846,  -0.03846,  -0.01056,  -0.04175,   0.04851,  -0.03846,  -0.05816,  -0.00892,  -0.02698,   0.00092,   0.06985,   0.00913,  -0.00892,   0.02718,   0.06657,   0.04031,   0.03046,  -0.00728,   0.09611,   0.00420,  -0.01221,  -0.02041,  -0.05980,  -0.01056,   0.07805,   0.09775,   0.04687,  -0.08770,   0.02062,   0.06821,  -0.08605,  -0.04339,   0.01569,   0.02718,   0.03867,   0.02390,  -0.00728,  -0.01549,  -0.04010,   0.02226,   0.06000,   0.04359,   0.12565,   0.00092,  -0.01385,  -0.00564,  -0.04010,  -0.00892,   0.04359,  -0.03026,  -0.05159,  -0.00400,   0.05016,  -0.00564,  -0.00728,  -0.06800,   0.00585,   0.01405,   0.01241,  -0.02698,  -0.10411,   0.02226,  -0.03518,  -0.02698,  -0.03190,  -0.00400,   0.01405,  -0.03026,   0.07805,   0.04523,   0.01077,  -0.02698,  -0.03026,   0.03374,  -0.01221,   0.00913,   0.02554,   0.03210,   0.06985,  -0.04667,  -0.00728,   0.06657,   0.03374,  -0.05159,  -0.01221,  -0.00072,   0.04523,   0.03539,  -0.01221,   0.09446,   0.03374,   0.02062,   0.03374,   0.02390,  -0.04010,  -0.05652,  -0.01877,   0.03703,   0.01241,  -0.03190,   0.05344,  -0.07457,   0.06492,   0.00420,  -0.02533,   0.04687,   0.06821,   0.08298,   0.03046,  -0.01385,  -0.02205,  -0.02205,   0.01241,   0.05016,  -0.02369,   0.03703,   0.00092,  -0.03518,  -0.06636,  -0.01713,   0.01241,  -0.05323,  -0.01056,   0.02226,   0.05180,   0.01241,  -0.09754,  -0.00892,  -0.01385,   0.12236,  -0.02862,   0.03210,   0.05344,  -0.00236,  -0.00072,   0.03210,  -0.01713,  -0.06472,  -0.07293,   0.01405,   0.01569,   0.00420,   0.03867,  -0.01549,   0.00092,  -0.03026,  -0.07621,  -0.03354,  -0.05980,   0.01569,   0.02390,  -0.03846,   0.01077,  -0.03190,  -0.02041,  -0.01385,   0.04031,   0.03374,   0.01897,   0.05180,   0.04195,  -0.00400,  -0.05816,   0.02062,  -0.01221,  -0.00072,   0.02882,  -0.01056,  -0.02862,  -0.05487,  -0.08605,   0.01897,   0.04031,  -0.02205,   0.06164,  -0.02862,   0.02554,  -0.04175,  -0.02533,   0.01897,  -0.06144,  -0.05816,   0.06985,   0.04851,   0.02554,   0.02718,  -0.01549,   0.01569,  -0.01221,  -0.01877,   0.01077,   0.03046,  -0.05816,  -0.00728,  -0.03846,   0.01241,   0.05344,  -0.02533,  -0.02041,   0.04195,   0.00585,   0.04851,  -0.00564,  -0.04175,  -0.00564,   0.06328,   0.08954,   0.04523,   0.03210,  -0.05816,   0.04359,  -0.03190,   0.07805,  -0.03190,  -0.03518,   0.00585,  -0.00236,   0.03046,   0.03374,  -0.05816,   0.02718,  -0.04010,  -0.00892,  -0.01221,   0.01077,   0.04687,  -0.01221,  -0.01385,   0.03210,   0.02882,   0.01405,  -0.01549,  -0.02533,  -0.07293,  -0.05652,  -0.01877,   0.01241,   0.00256,   0.06164,  -0.02533,   0.02062,  -0.01549,  -0.02041,  -0.02041,   0.02390,   0.03867,   0.03374,  -0.00400,   0.02718,   0.09118,   0.03374,   0.01241,   0.00092,   0.01733,   0.01569,   0.08954,  -0.07457,  -0.05487,  -0.02698,   0.09775,  -0.08770,  -0.04995,   0.03210,   0.02390,   0.03539,   0.01733,   0.03539,  -0.00892,   0.02226,   0.01077,  -0.01221,   0.00256,   0.03703,   0.09282,  -0.00072,   0.05180,  -0.07129,  -0.06308,   0.09775,  -0.04995,   0.12236,   0.04523,  -0.05159,  -0.06472,  -0.02533,  -0.01713,   0.00092,  -0.01549,   0.01405,   0.03210,  -0.02698,   0.05672,  -0.00892,  -0.07129,   0.01241,  -0.01221,   0.03703,   0.08134,   0.02226,   0.06000,  -0.04831,  -0.02041,   0.02882,  -0.02369,   0.02554,  -0.05652,  -0.00236,   0.03703,   0.06985,  -0.02369,   0.04195,   0.04359,   0.03046,  -0.01713,  -0.01221,  -0.03190,  -0.02533,  -0.01549,   0.02882,  -0.05487,   0.02718,  -0.03682,  -0.00400,   0.01405,   0.05180,  -0.00400,   0.00092,  -0.00236,  -0.02698,   0.02390,   0.03046,   0.04031,  -0.01713,  -0.04175,   0.05180,  -0.04175,   0.05180,   0.01405,  -0.02369,  -0.03026,   0.01569,   0.06000,  -0.04503,  -0.03354,   0.01897,  -0.02041,   0.04031,  -0.02698,  -0.08277,   0.00092,  -0.01385,  -0.04010,   0.07969,  -0.05487,   0.00092,  -0.00236,   0.05836,   0.02882,   0.01733,   0.01077,  -0.00564,  -0.04175,   0.00913,  -0.07621,  -0.04831,   0.02062,  -0.09590,  -0.05816,  -0.01056,   0.01077,  -0.00564,   0.02062,  -0.05980,  -0.04010,  -0.03518,  -0.03190,   0.00256,   0.03867,   0.03374,   0.02718,  -0.00728,   0.02554,   0.03539,   0.04359,   0.01569,  -0.02698,   0.04195,   0.07313,  -0.04175,   0.04851,  -0.06308,  -0.03026,  -0.03354,   0.02554,  -0.05816,   0.04687,  -0.02205,  -0.04667,  -0.01549,  -0.09262,   0.00092,   0.03374,  -0.01221,  -0.01713,   0.04195,  -0.00072,   0.05180,  -0.00072,  -0.00728,   0.01569,  -0.00400,   0.07149,  -0.02862,  -0.09754,   0.06328,  -0.04010,   0.01733,   0.01241,   0.05508,   0.01077,   0.02882,   0.02554,   0.04031,  -0.02369,   0.08298,  -0.04339,  -0.04667,   0.04031,  -0.06472,  -0.07621,  -0.07129,  -0.06800,  -0.01713,   0.01569,  -0.02862,   0.06657,   0.06985,   0.05016,   0.09775,  -0.02533,  -0.01713,  -0.02862,  -0.06144,  -0.07621,   0.05344,   0.02882,  -0.01549,   0.05016,  -0.05980,   0.00913,  -0.02369,  -0.05323,   0.00913,   0.02390,  -0.05159,  -0.03190,   0.05672,   0.04031,   0.04195,   0.03867,   0.01077,  -0.08605,  -0.02369,  -0.03190,   0.01077,   0.05016,   0.06985,   0.03046,  -0.01549,   0.01241,   0.02718,  -0.02698,  -0.03354,   0.00092,   0.01241,  -0.04339,   0.03046,   0.04359,   0.03046,  -0.02205,  -0.03682,  -0.07949,   0.00749,   0.03703,  -0.01056,   0.00256,  -0.02041,   0.03867,   0.01077,   0.00420,   0.01405,   0.01733,   0.00092,   0.03539,  -0.02533,   0.01569,  -0.03518,   0.06164,  -0.00072,   0.00913,  -0.01221,  -0.07949,   0.06164,  -0.00072,  -0.01221,   0.03046,   0.01569,   0.06985,  -0.07621,   0.03374,   0.03539,  -0.02862,  -0.08770,  -0.00892,  -0.02862,  -0.00892,   0.04851,  -0.01549,   0.06164,  -0.02862,   0.07969,   0.01569,  -0.02369,  -0.02698,   0.07313,   0.01405,   0.00420,  -0.02369,  -0.06800,   0.00749,  -0.02205,   0.05836,  -0.02205,   0.00585,  -0.01549,   0.04687,  -0.05652,   0.02390,   0.05180,   0.04195,  -0.04831,   0.04851,  -0.09262,   0.02554,  -0.04339,  -0.05652,   0.02390,   0.03374,  -0.01221,   0.03374,  -0.00400,   0.04031,   0.00585,  -0.03518,   0.02882,  -0.05652,  -0.00236,   0.08954,   0.09775,   0.02554,   0.01733,  -0.00072,  -0.06636,  -0.04175,   0.02882,  -0.01549,  -0.06308,  -0.06964,  -0.00564,   0.06000,  -0.03846,   0.02882,   0.02226,  -0.02698,   0.05016,   0.01897,   0.01733,  -0.00564,   0.01569,   0.00092,  -0.00236,  -0.05816,  -0.03846,   0.03210,  -0.04831,   0.00256,  -0.00728,   0.01569,   0.06821,   0.04523,   0.01733,  -0.00728,   0.02718,  -0.03846,   0.02390,  -0.00728,  -0.00236,  -0.00728,  -0.02698,  -0.00072,  -0.04339,   0.02554,  -0.00892,   0.01569,  -0.08277,  -0.00564,   0.01077,   0.01733,  -0.05323,  -0.00564,   0.07477,   0.01569,  -0.07293,   0.02226,   0.02718,   0.05508,   0.03046,   0.00256,   0.02226,   0.01569,  -0.03846,   0.02226,   0.04523,  -0.02041,   0.01405,   0.04851,   0.02062,  -0.04339,  -0.01056,   0.02390,   0.11744,  -0.02205,   0.01077,  -0.04831,  -0.07293,  -0.08770,   0.02882,   0.02062,   0.01077,   0.00420,  -0.04503,  -0.00400,  -0.05159,  -0.01877,  -0.02698,   0.02390,  -0.06800,   0.01405,   0.04851,   0.00256,   0.02882,   0.07969,   0.00585,   0.01733,   0.00913,   0.04031,  -0.01221,   0.00420,   0.01405,  -0.04667,  -0.03354,   0.01241,   0.03867,  -0.05159,  -0.08113,  -0.01221,   0.04031,  -0.02698,  -0.08113,  -0.05159,  -0.02698,   0.00913,  -0.01056,   0.01077,  -0.00236,   0.03046,  -0.07293,   0.02554,   0.01733,  -0.03682,  -0.05980,  -0.01877,   0.01405,  -0.01221,   0.01405,  -0.00400,  -0.00728,  -0.00072,   0.00256,  -0.06144,  -0.06964,  -0.00400,   0.04031,  -0.06472,  -0.01549,   0.00913,  -0.03190,   0.02882,  -0.04503,  -0.00892,   0.01733,  -0.03190,   0.04031,  -0.02698,   0.03210,   0.06657,  -0.00728,   0.02390,  -0.01713,   0.02554,   0.01733,   0.03539,  -0.03846,  -0.00728,  -0.00072,  -0.03190,   0.06000,  -0.03190,  -0.03026,  -0.00236,   0.01897,   0.02226,   0.03210,  -0.00236,  -0.08441,  -0.00728,   0.02718,   0.03374,  -0.00400,   0.05508,  -0.09262,   0.05180,   0.00092,   0.02718,  -0.04175,   0.06000,   0.00420,   0.03046,   0.03539,   0.02226,  -0.09918,  -0.06472,   0.02882,  -0.02205,  -0.03846,  -0.04995,   0.05508,   0.03046,  -0.01713,  -0.02862,   0.07477,  -0.07949,   0.06164,   0.06164,   0.01241,   0.02226,  -0.05816,  -0.04667,  -0.01549,  -0.08605,  -0.03682,  -0.00892,   0.05508,   0.02554,  -0.00236,  -0.04995,  -0.05816,  -0.02862,  -0.00400,  -0.00236,  -0.03354,   0.01241,  -0.02041,  -0.02205,   0.00092,  -0.03354,   0.03046,  -0.00728,  -0.04831,  -0.07293,  -0.02041,  -0.05159,  -0.01549,   0.06492,  -0.01385,  -0.05323,  -0.04503,  -0.00236,  -0.04831,  -0.00892
   0.08134,  -0.00728,   0.08790,  -0.01713,  -0.01877,  -0.03190,  -0.02369,   0.11252,  -0.02533,  -0.02369,   0.01077,  -0.01877,   0.04523,  -0.01713,   0.02062,   0.00092,  -0.05159,   0.04851,  -0.05323,  -0.01549,  -0.02369,  -0.02041,   0.02390,  -0.01056,  -0.06964,   0.06657,  -0.02533,   0.05016,   0.00256,  -0.02041,  -0.01221,   0.06985,  -0.07293,   0.00749,   0.00913,  -0.03354,  -0.02862,   0.06492,  -0.04503,  -0.06144,  -0.03026,  -0.01549,  -0.06308,  -0.01056,  -0.03190,  -0.04175,   0.00749,   0.01077,  -0.06144,  -0.02205,  -0.02698,  -0.01713,  -0.01713,  -0.02369,  -0.00072,   0.04195,  -0.02369,  -0.04339,   0.02062,  -0.02041,   0.03210,  -0.01056,   0.01897,   0.04687,   0.03046,   0.05508,  -0.03518,   0.02718,   0.00420,   0.07805,   0.01077,  -0.00400,  -0.00728,  -0.00400,  -0.01713,  -0.00892,  -0.04831,   0.02390,  -0.00728,  -0.05980,  -0.05816,  -0.01056,   0.04687,  -0.07129,  -0.07785,  -0.04667,   0.00420,  -0.02698,   0.04687,  -0.00564,  -0.02041,   0.03374,  -0.02041,   0.02062,  -0.04667,  -0.03190,   0.00256,   0.08462,  -0.00892,   0.01569,  -0.03026,   0.02390,  -0.06964,   0.00913,  -0.02862,  -0.06144,  -0.02862,   0.01405,  -0.01221,  -0.01877,  -0.08770,   0.02226,  -0.00072,  -0.04010,  -0.02041,  -0.04339,   0.04359,  -0.05323,   0.05344,   0.00585,   0.05180,   0.06328,  -0.07293,  -0.00236,   0.00585,  -0.00072,  -0.06800,  -0.04995,  -0.05816,  -0.04339,   0.05672,   0.09775,  -0.01385,   0.03867,   0.08298,  -0.04010,   0.01077,  -0.04667,  -0.09754,   0.01077,   0.07641,   0.06821,   0.02226,  -0.02369,  -0.05487,  -0.01549,  -0.03190,   0.09118,  -0.01549,   0.01077,   0.00585,   0.06492,  -0.04995,   0.00913,  -0.00892,  -0.05487,   0.03046,  -0.01056,  -0.07457,   0.00913,  -0.00564,  -0.00564,   0.02390,  -0.04339,   0.01405,   0.04031,  -0.01385,   0.03046,   0.07149,   0.02390,   0.03374,   0.03210,  -0.02041,  -0.02205,   0.05180,   0.00585,   0.05016,   0.04031,   0.03703,   0.05180,   0.01897,  -0.10082,   0.01569,   0.03374,   0.00256,   0.00585,   0.01897,  -0.01221,  -0.00072,   0.05508,  -0.08770,   0.04687,  -0.02698,   0.01241,  -0.00400,  -0.00236,  -0.07457,  -0.00236,  -0.02041,  -0.00400,  -0.10903,   0.03539,   0.03046,  -0.06964,   0.01241,  -0.06472,  -0.00728,  -0.08934,  -0.01713,   0.01077,   0.01405,   0.02718,   0.00420,  -0.03682,   0.06164,   0.04195,   0.01241,  -0.00728,  -0.01877,  -0.01713,   0.07149,  -0.01221,  -0.02369,  -0.01056,   0.01733,  -0.01385,  -0.01549,   0.04687,   0.02062,  -0.01877,  -0.08441,   0.00585,  -0.05323,   0.01897,   0.03046,  -0.04339,   0.02882,  -0.03682,  -0.02533,   0.03539,   0.07149,   0.03374,  -0.01056,  -0.02862,   0.02226,  -0.04995,   0.03210,   0.03867,   0.02554,  -0.00400,   0.01897,  -0.00892,  -0.02533,  -0.00236,   0.02062,   0.01241,   0.00092,   0.09118,   0.01241,   0.03867,  -0.11888,   0.04687,   0.01241,   0.06000,   0.00256,   0.02390,  -0.09426,   0.04523,   0.02226,  -0.03846,  -0.07457,  -0.06144,  -0.03354,   0.05672,   0.01897,   0.02062,   0.07313,   0.04031,   0.03374,  -0.11888,   0.00585,  -0.00072,  -0.01877,   0.05508,  -0.02533,  -0.04503,   0.02226,  -0.00072,   0.05180,   0.02062,   0.03046,   0.00913,  -0.04667,  -0.03846,  -0.00564,  -0.03354,  -0.06472,   0.03046,  -0.02205,  -0.01877,  -0.06472,   0.16667,  -0.05159,  -0.02533,   0.00092,  -0.02862,   0.05672,   0.06328,  -0.04175,   0.03046,   0.10759,   0.01077,  -0.06636,   0.00256,  -0.04339,   0.02554,   0.01405,  -0.02533,   0.06164,  -0.03026,   0.05836,  -0.01056,  -0.03026,   0.01077,   0.01733,  -0.04010,   0.02226,  -0.04339,   0.01897,   0.03539,  -0.04995,  -0.03190,   0.00585,  -0.05487,  -0.00072,   0.06000,   0.01405,   0.03046,   0.04523,  -0.00728,   0.02882,   0.05508,   0.07149,  -0.01385,  -0.02533,  -0.07621,  -0.02698,   0.02718,  -0.02041,  -0.01056,  -0.00400,   0.02062,  -0.02041,  -0.01549,   0.05508,  -0.01385,  -0.04175,  -0.04831,  -0.00892,   0.01077,   0.02882,   0.04359,   0.00585,  -0.07785,  -0.05487,  -0.07949,   0.01405,  -0.01385,   0.02882,   0.01241,   0.03210,   0.03539,   0.09775,  -0.02041,   0.01241,  -0.03354,   0.04195,  -0.03518,   0.08462,  -0.06308,   0.00913,  -0.06964,  -0.06308,  -0.00564,  -0.10739,   0.02554,  -0.02205,   0.03703,   0.03867,  -0.14021,   0.03210,   0.14206,  -0.01877,   0.05180,  -0.04667,   0.02062,  -0.00728,  -0.04010,   0.01405,   0.02882,   0.00256,  -0.06800,  -0.05816,   0.00585,   0.09939,  -0.06308,  -0.09918,   0.04031,   0.02062,   0.00092,   0.01241,   0.05180,  -0.01713,  -0.01385,  -0.00072,  -0.03190,  -0.02369,  -0.00072,   0.06657,  -0.06472,   0.02226,   0.04031,  -0.01385,   0.02882,   0.03210,   0.08134,   0.00585,   0.04359,  -0.04175,   0.01077,   0.02226,  -0.00892,  -0.00892,   0.00420,  -0.02041,   0.08954,  -0.07457,   0.00913,  -0.00728,  -0.04339,  -0.00236,   0.02062,  -0.01385,  -0.05323,   0.12400,  -0.01713,  -0.05323,   0.03210,  -0.03026,   0.00585,  -0.04175,   0.04687,   0.05180,   0.03703,  -0.02533,   0.04851,   0.02390,  -0.00400,   0.05672,  -0.02041,  -0.02862,  -0.03354,  -0.01713,   0.01569,   0.11252,  -0.03190,  -0.00400,  -0.02533,  -0.03026,   0.02718,  -0.04667,   0.01077,  -0.00072,  -0.04503,   0.04687,  -0.00400,  -0.03190,   0.04195,   0.03210,   0.02882,  -0.10411,   0.00749,  -0.01221,  -0.03682,  -0.02698,   0.05180,   0.06328,   0.00092,  -0.03354,  -0.04010,   0.02390,   0.04359,  -0.08113,  -0.00564,  -0.03026,   0.03046,   0.02554,  -0.02533,   0.05836,   0.06164,  -0.05816,  -0.04010,   0.06164,  -0.04995,  -0.03026,   0.01897,   0.07313,   0.05180,   0.01405,   0.03046,   0.06492,  -0.00400,   0.04523,  -0.04339,  -0.08441,  -0.03682,   0.01569,  -0.08277,   0.01405,   0.01733,   0.04851,   0.04359,   0.06000,  -0.02369,   0.06164,   0.02390,   0.06821,   0.00256,   0.00913,   0.00585,   0.01241,   0.06328,   0.08790,   0.01405,  -0.02041,   0.00913,  -0.00400,  -0.00892,  -0.06636,  -0.05159,   0.01733,   0.02554,  -0.04831,   0.02226,   0.02554,   0.04359,  -0.03354,  -0.00400,  -0.01549,  -0.02698,   0.04851,  -0.00400,   0.01405,   0.03210,   0.03539,   0.06164,  -0.02862,   0.09282,   0.01733,   0.03867,  -0.01713,  -0.06308,  -0.01221,  -0.00400,  -0.01056,   0.02390,  -0.10575,   0.00585,  -0.03026,   0.01733,   0.03867,  -0.02862,  -0.00236,  -0.05816,   0.00092,   0.01077,   0.00913,  -0.03026,   0.00092,  -0.06144,   0.03374,  -0.01713,  -0.01056,  -0.04010,  -0.02533,   0.01241,   0.01897,   0.06164,   0.07477,  -0.06800,  -0.04995,   0.02226,  -0.06308,   0.01405,  -0.01056,   0.04195,  -0.00892,   0.01241,   0.08626,  -0.00728,  -0.02041,   0.00749,  -0.00236,  -0.06636,  -0.05980,   0.00092,  -0.00072,   0.05672,   0.01569,   0.04359,   0.02226,   0.05016,  -0.06472,   0.05672,  -0.05323,   0.06985,  -0.04503,   0.10267,   0.02718,   0.06657,  -0.02041,  -0.00728,  -0.00072,   0.10103,  -0.04667,  -0.04175,  -0.03026,   0.10595,  -0.00564,   0.10103,   0.08954,   0.05836,   0.05836,   0.06821,  -0.01056,   0.00749,  -0.01713,  -0.04175,   0.03210,   0.03046,  -0.00892,  -0.02369,  -0.03026,   0.01733,   0.01077,  -0.07785,  -0.05323,  -0.07293,  -0.02862,  -0.00072,  -0.04831,  -0.04667,  -0.03026,   0.02882,   0.04195,   0.02554,   0.00420,   0.06328,   0.04195,   0.04031,  -0.00728,  -0.03682,   0.07313,  -0.00564,  -0.08441,   0.03374,   0.03374,  -0.01877,   0.00749,   0.02226,  -0.02041,   0.05672,  -0.00728,  -0.00072,  -0.02698,  -0.03190,  -0.01877,  -0.09590,  -0.00564,   0.00749,  -0.02041,  -0.00728,  -0.00728,  -0.00072,  -0.00564,  -0.07293,  -0.03518,  -0.02862,   0.04851,   0.06657,  -0.00072,   0.11744,  -0.04339,   0.00749,  -0.04831,   0.02226,  -0.03190,   0.01569,  -0.00400,  -0.00728,   0.05672,  -0.03518,  -0.03682,   0.04359,  -0.05323,   0.09446,  -0.02205,   0.06164,  -0.00400,  -0.06308,   0.00749,  -0.02369,  -0.04503,  -0.10903,   0.01405,  -0.00564,   0.02718,  -0.03026,  -0.00072,   0.00256,  -0.05323,  -0.01713,  -0.01385,  -0.05816,   0.02226,   0.01733,  -0.03518,   0.01897,   0.00749,  -0.06472,   0.03539,   0.00092,   0.00585,   0.05672,   0.00420,   0.06985,   0.06985,  -0.02862,   0.01241,   0.04031,   0.08134,   0.08954,   0.01897,  -0.05652,  -0.01385,  -0.03518,  -0.04503,  -0.03846,  -0.01549,   0.02226,  -0.00564,  -0.05323,   0.05016,  -0.03846,   0.03046,  -0.04339,   0.03539,   0.07313,  -0.00564,   0.06164,   0.05180,   0.00256,  -0.02369,   0.06000,   0.01405,   0.06164,   0.03539,  -0.07293,   0.01405,   0.00585,   0.08134,  -0.01713,  -0.06144,  -0.02205,   0.03867,  -0.01877,  -0.02369,  -0.00072,   0.00420,  -0.01549,  -0.04339,  -0.00236,  -0.00072,   0.10267,  -0.02862,   0.02554,   0.04031,  -0.03026,  -0.00400,  -0.02533,  -0.00564,   0.05672,  -0.02205,   0.04687,  -0.02205,  -0.00072,   0.01077,  -0.05980,   0.06000,  -0.00892,   0.04359,   0.11580,  -0.08441,   0.00256,   0.06164,  -0.06472,   0.03046,   0.02390,  -0.02533,   0.00420,  -0.04831,  -0.05816,   0.08134,   0.11580,  -0.01549,   0.03374,   0.06821,  -0.06308,   0.05672,   0.00420,   0.01405,  -0.03026,  -0.00564,  -0.01221,   0.01897,  -0.07457,  -0.04010,   0.05016,   0.01241,   0.07641,  -0.07949,  -0.03190,  -0.01056,  -0.01877,   0.02226,  -0.02533,   0.00256,  -0.06964,  -0.02041,   0.06657,   0.03210,   0.06000,   0.00913,  -0.01056,  -0.01221,  -0.00564,  -0.07129,  -0.01221,  -0.02862,   0.00256,   0.01077,   0.06657,  -0.04667,  -0.08770,   0.01405,   0.01077,  -0.02862,   0.00913,  -0.02205,  -0.02698,   0.02226,  -0.04831,   0.06000,  -0.01877,   0.00913,   0.06821,  -0.00236,  -0.04175,  -0.01713,   0.06000,   0.00749,   0.03046,  -0.08113,  -0.05487,  -0.00728,   0.01077,  -0.07621,  -0.07457,   0.01241,   0.06000,   0.01241,  -0.04831,  -0.01877,  -0.03682,  -0.02205,  -0.04995,   0.01733,   0.01077,  -0.03518,   0.02554,  -0.06308,   0.01241,  -0.04175,  -0.03846,   0.01405,   0.03539,  -0.05159,  -0.04339,  -0.04667,   0.00092,  -0.03354,  -0.02041,   0.02226,   0.04031,   0.00256,  -0.04503,  -0.00892,   0.02390,   0.00585,   0.03867,  -0.07293,   0.04359,  -0.05816,  -0.03026,   0.01733,   0.02062,   0.00092,   0.08954,  -0.02862,  -0.02041,  -0.02698,  -0.04503,  -0.02698,  -0.03518,   0.03867,   0.01897,  -0.05323,  -0.00892,   0.02882,   0.02390,   0.02062,   0.02062,   0.01897,   0.08298,  -0.05323,   0.00256,   0.01077,   0.00092,   0.04359,   0.00092,  -0.04339,  -0.06144,  -0.06636,   0.02390,   0.01897,   0.00420,   0.01569,   0.00913,   0.02062,  -0.00400,  -0.01385,  -0.01713,   0.05836,   0.04851,   0.02226,  -0.01056,   0.00749,  -0.04995,   0.01241,   0.06985,  -0.00564,  -0.00728,   0.10759,  -0.06472,  -0.02041,  -0.07785,   0.04687,  -0.04667,  -0.01221,  -0.05652,  -0.08113,  -0.00892,  -0.03354,  -0.01549,   0.01077,  -0.03846,  -0.00236,   0.00092,   0.06657,   0.00749,  -0.03190,  -0.02533,  -0.03518,  -0.07457,   0.01569,   0.02882,   0.08626,  -0.00892,   0.06000,   0.00420,   0.00585,   0.06328,  -0.01385,  -0.09098,  -0.07621,  -0.05323,   0.04851,  -0.02041,   0.04359,   0.01241,   0.02882,   0.04851,  -0.04667,  -0.02369,   0.01897,  -0.02698,   0.05016,   0.05508,  -0.03682,   0.02718,   0.11252,  -0.08441,   0.00256,   0.03210,  -0.08605,  -0.07293,  -0.06636,   0.00420,   0.02390,   0.03046,   0.03374,   0.00420,   0.03374,  -0.03846
   0.08626,   0.02882,   0.02390,   0.04359,   0.03539,   0.00913,   0.08790,  -0.01056,   0.01405,   0.08954,  -0.05980,  -0.03518,  -0.00892,   0.00585,   0.05508,   0.00256,  -0.00564,   0.02882,   0.00256,  -0.07129,   0.03867,  -0.00236,   0.01405,  -0.04010,   0.00420,   0.00749,   0.06328,  -0.00400,  -0.06308,   0.08626,  -0.05323,   0.03539,   0.02718,   0.00256,   0.05344,  -0.01385,   0.08954,  -0.04503,  -0.00400,  -0.04010,  -0.00072,  -0.03846,  -0.04667,  -0.03354,   0.03046,  -0.02369,   0.06492,   0.01405,   0.01405,  -0.01056,  -0.00236,   0.02226,  -0.06636,  -0.02698,   0.00913,   0.02062,   0.02226,  -0.07621,  -0.05323,  -0.08113,  -0.02698,  -0.01221,   0.01241,  -0.00236,  -0.04503,   0.02226,   0.01569,  -0.00728,   0.00420,   0.00256,   0.05180,  -0.01221,   0.03539,  -0.04667,   0.01569,  -0.00892,  -0.01713,   0.04523,   0.06657,  -0.02533,  -0.03354,  -0.01877,   0.02390,   0.03210,  -0.02205,   0.02226,  -0.04995,   0.07641,  -0.05487,   0.05344,   0.00913,   0.06985,  -0.04667,   0.00585,   0.00256,   0.10923,  -0.02041,   0.03539,  -0.02369,   0.01733,   0.00092,  -0.06308,  -0.03026,  -0.03518,  -0.00072,   0.11416,  -0.03354,   0.03210,   0.09446,  -0.08113,  -0.05980,   0.01405,   0.03867,   0.01077,  -0.06472,   0.02882,   0.00256,   0.08462,   0.08954,   0.08462,   0.01897,  -0.02533,   0.00749,  -0.02205,  -0.08441,  -0.03846,  -0.03682,   0.07969,  -0.07621,   0.05344,  -0.00400,   0.05508,   0.01733,  -0.07621,  -0.06472,  -0.00728,  -0.00728,   0.00256,   0.00420,   0.04031,  -0.03846,  -0.02205,   0.03867,  -0.08934,  -0.01877,   0.02554,   0.00256,   0.05508,  -0.00236,  -0.02862,  -0.06800,   0.05344,   0.00256,  -0.00236,   0.05016,   0.03210,  -0.04010,  -0.01713,   0.01077,  -0.01221,  -0.02862,   0.01077,   0.01569,  -0.00236,  -0.04010,   0.08134,   0.05508,   0.03867,   0.04851,   0.03539,   0.03539,   0.07805,   0.05180,   0.02882,   0.02554,   0.06164,   0.04031,   0.13877,   0.04195,  -0.03354,  -0.04175,   0.06821,   0.07969,   0.04687,  -0.00564,  -0.03846,  -0.02205,   0.00420,  -0.03354,   0.05016,   0.03374,   0.09775,  -0.03518,  -0.08934,   0.08626,  -0.02369,   0.00256,  -0.00892,  -0.01549,   0.02062,  -0.00400,  -0.02862,   0.02062,   0.02554,   0.04195,   0.06985,   0.02226,  -0.13857,   0.06985,   0.05180,   0.03867,  -0.01549,  -0.00892,   0.02226,   0.00256,  -0.00072,  -0.06308,   0.00420,   0.07805,  -0.00564,   0.00749,  -0.03354,   0.02882,  -0.00400,   0.08954,   0.01241,  -0.05980,  -0.07129,  -0.00236,  -0.00892,   0.01077,  -0.02698,   0.07641,  -0.04995,   0.00585,   0.04687,  -0.04995,  -0.01713,   0.10103,   0.08134,   0.00585,   0.02554,   0.01897,  -0.01549,   0.02554,  -0.04831,   0.04523,   0.00913,   0.07149,   0.00585,  -0.04175,  -0.03026,  -0.08441,  -0.02862,  -0.03682,   0.01241,  -0.05487,   0.00092,   0.01241,  -0.00892,   0.01569,  -0.02041,  -0.03354,   0.03210,   0.08626,   0.00256,  -0.09590,  -0.03026,   0.06821,   0.00256,   0.00092,   0.04359,  -0.05323,  -0.00728,   0.02882,  -0.06144,   0.04687,  -0.03026,   0.01241,   0.06000,  -0.00072,   0.01569,   0.01405,   0.02718,  -0.02369,   0.00420,   0.07149,  -0.03846,   0.05508,   0.05016,   0.03539,  -0.01221,   0.02718,   0.03046,  -0.02041,  -0.03846,   0.00092,   0.02226,  -0.04503,   0.03046,   0.00913,   0.03703,  -0.06800,   0.01077,  -0.03518,  -0.03846,   0.03703,   0.04523,   0.03210,   0.01241,   0.07805,  -0.03354,   0.01897,  -0.00728,   0.04031,   0.01405,  -0.00400,   0.00585,   0.00420,  -0.00400,  -0.07457,   0.06328,   0.00420,  -0.02698,  -0.00728,  -0.00072,   0.05836,   0.04195,   0.02882,   0.06000,  -0.08605,  -0.00400,  -0.03846,  -0.01385,  -0.01056,   0.04523,   0.05180,   0.05836,  -0.00400,  -0.00564,   0.00420,  -0.02533,   0.12893,   0.00749,  -0.00400,   0.03539,   0.03703,   0.08462,  -0.02862,  -0.04010,  -0.02369,   0.07149,  -0.01221,  -0.01877,   0.00256,  -0.03026,  -0.05980,   0.03867,   0.00256,   0.03210,  -0.03682,  -0.01056,  -0.07293,  -0.03846,   0.07969,   0.01733,   0.10759,   0.05344,   0.04031,  -0.01549,   0.02226,   0.00092,  -0.01221,   0.02718,   0.08790,   0.06492,   0.00749,   0.01733,  -0.00892,  -0.00564,   0.04851,  -0.01385,   0.03703,  -0.02205,   0.07477,   0.00913,  -0.02205,  -0.01221,   0.02718,   0.01405,  -0.02698,  -0.00564,  -0.02698,   0.05508,   0.00585,   0.06657,  -0.05159,  -0.02205,   0.02062,   0.01241,  -0.03682,   0.05672,   0.07805,  -0.03846,  -0.03026,   0.02062,   0.05180,   0.02226,   0.03703,   0.05344,  -0.02205,  -0.03846,   0.03539,  -0.06800,   0.00585,  -0.00400,   0.03867,   0.02062,   0.00749,   0.03210,  -0.01713,   0.06164,   0.03374,  -0.11395,   0.04523,  -0.02862,   0.05180,  -0.01056,  -0.04175,  -0.08770,  -0.12380,   0.01241,   0.01569,   0.03703,  -0.02369,   0.02554,  -0.03846,  -0.00892,   0.01733,   0.03374,  -0.02533,   0.04687,   0.05672,   0.05180,   0.02554,  -0.05487,  -0.01713,  -0.01549,   0.03046,  -0.04175,  -0.00400,   0.07313,  -0.00072,  -0.03190,   0.02882,  -0.00564,  -0.07293,  -0.00072,   0.04359,  -0.03518,   0.00749,   0.05016,   0.03374,   0.02226,   0.08298,  -0.01385,  -0.02369,  -0.07949,   0.00420,  -0.02698,   0.05344,  -0.00400,   0.00585,  -0.05487,  -0.05323,  -0.05652,  -0.01549,  -0.00892,  -0.04010,  -0.01713,   0.00092,  -0.01385,   0.01897,   0.00420,   0.02882,   0.01241,   0.02882,   0.00092,   0.04195,  -0.01385,  -0.00564,   0.00092,   0.01405,   0.06000,   0.02554,   0.03867,   0.04851,   0.05508,  -0.02533,   0.09939,  -0.04667,   0.00749,   0.01077,   0.03703,  -0.04339,  -0.08277,  -0.00564,   0.03046,   0.08790,   0.08626,   0.05344,  -0.05816,   0.06164,  -0.00072,   0.02554,  -0.05323,  -0.02862,  -0.01221,   0.01405,   0.01569,  -0.06144,   0.00420,  -0.08277,  -0.00072,   0.03374,  -0.00892,  -0.01385,   0.01897,  -0.00236,   0.09775,   0.06328,   0.04031,   0.02390,   0.02718,  -0.01713,  -0.00892,  -0.02533,  -0.03190,  -0.03682,   0.09282,   0.01733,  -0.00400,   0.06164,   0.02062,   0.01569,  -0.06472,   0.03539,  -0.03026,   0.07149,   0.01897,   0.04359,  -0.01549,   0.04359,   0.02062,   0.03374,  -0.00072,  -0.06800,   0.01569,   0.02390,   0.01241,  -0.06472,  -0.04010,  -0.02369,   0.01405,  -0.03518,  -0.04175,  -0.00728,  -0.03026,   0.01241,  -0.03190,   0.04031,  -0.02041,  -0.00072,  -0.02698,   0.04851,   0.00585,  -0.01221,  -0.05159,   0.02390,   0.05016,  -0.00564,  -0.04339,   0.03867,  -0.01385,   0.04359,   0.03867,  -0.05980,  -0.03846,  -0.00728,   0.01405,  -0.00892,  -0.00072,   0.04359,  -0.05323,  -0.00236,  -0.06144,   0.02882,  -0.01056,   0.06492,   0.05016,  -0.07621,  -0.01877,   0.03374,   0.00420,   0.00420,   0.01077,   0.07313,  -0.04175,  -0.00892,   0.00749,  -0.08934,  -0.01056,   0.01733,   0.02226,  -0.04831,   0.12729,  -0.02698,   0.03210,  -0.00564,   0.08626,   0.07641,  -0.04010,  -0.01221,   0.05180,  -0.03190,   0.08954,   0.08626,   0.04523,   0.03210,  -0.02369,  -0.04831,   0.01405,   0.03703,   0.00420,   0.03210,  -0.09262,   0.04851,   0.05016,  -0.01549,  -0.07949,   0.05344,   0.07149,  -0.07785,   0.07641,  -0.01713,  -0.05652,   0.11416,   0.03539,  -0.04667,   0.07149,   0.02390,   0.00256,  -0.04339,  -0.01056,  -0.07621,   0.03539,   0.00585,  -0.06800,   0.08134,  -0.02533,   0.04031,  -0.03354,   0.00913,  -0.03846,   0.11744,   0.00913,   0.00092,  -0.04175,  -0.00892,  -0.02698,   0.05016,  -0.03682,  -0.06964,  -0.04010,  -0.06144,   0.07313,  -0.07785,   0.08954,  -0.01713,  -0.02698,   0.00420,   0.04195,   0.05344,   0.01897,   0.04031,   0.03374,   0.04195,  -0.00728,  -0.02862,  -0.01221,  -0.04010,   0.05672,  -0.00564,   0.05508,  -0.03518,   0.07805,   0.02882,   0.05508,   0.05016,   0.05508,  -0.02041,   0.01077,  -0.03026,  -0.01713,   0.03867,  -0.01713,   0.01405,   0.03539,   0.00092,  -0.04995,   0.02554,  -0.05487,  -0.03682,   0.05016,  -0.00564,  -0.00236,   0.06000,   0.02390,   0.02390,   0.04195,   0.03703,   0.00585,  -0.02862,   0.00092,   0.04031,   0.08298,   0.07641,   0.03374,  -0.01221,   0.08462,   0.06164,   0.06164,   0.02390,   0.13877,  -0.05159,  -0.05159,   0.05508,   0.02718,   0.03703,   0.00256,   0.04523,   0.03539,  -0.05652,  -0.06144,   0.00913,  -0.03518,  -0.01549,  -0.05652,   0.00585,   0.00749,  -0.06964,   0.00256,   0.00585,   0.03867,   0.01405,  -0.02862,   0.06657,   0.03703,  -0.02533,   0.06000,   0.00585,   0.08298,  -0.15498,   0.05836,  -0.07949,  -0.04010,  -0.03682,   0.02062,  -0.04503,  -0.03682,  -0.05159,   0.08298,   0.04031,   0.00749,  -0.02205,   0.06492,  -0.03682,  -0.03190,  -0.02205,   0.05672,  -0.03190,  -0.00564,   0.01241,  -0.01877,   0.00092,   0.01569,   0.00256,   0.00585,  -0.02205,  -0.06144,   0.03703,   0.00913,  -0.03354,   0.01569,  -0.00564,  -0.05816,  -0.02369,   0.03210,  -0.06472,  -0.02205,   0.04523,  -0.05159,  -0.07293,   0.02718,  -0.02533,   0.00749,  -0.05652,   0.03046,  -0.07129,   0.03046,   0.01569,  -0.00236,   0.06000,   0.04195,   0.05016,   0.04195,  -0.07293,   0.00749,   0.08954,  -0.09262,  -0.05323,  -0.05159,  -0.01549,   0.01897,  -0.09098,  -0.05159,   0.01569,  -0.04503,  -0.02369,   0.01241,   0.08134,   0.01241,   0.04687,   0.00256,  -0.04175,  -0.04175,  -0.00072,  -0.03026,   0.02226,  -0.04831,   0.03867,  -0.04175,   0.03539,  -0.07129,  -0.03026,   0.03210,   0.04851,  -0.04175,   0.03046,  -0.05652,   0.00092,   0.04523,   0.01241,  -0.10247,   0.02062,   0.06000,   0.00092,   0.04359,  -0.05487,   0.00749,   0.00092,   0.05016,   0.03046,   0.01733,  -0.09098,  -0.03354,   0.04195,  -0.05816,   0.00749,   0.07149,  -0.03518,  -0.00728,  -0.01713,  -0.03354,  -0.02205,   0.03703,  -0.00400,  -0.09918,   0.04031,  -0.02369,   0.04851,  -0.00400,  -0.04010,   0.08626,  -0.02533,  -0.02698,   0.06164,   0.00256,   0.09118,   0.00092,   0.09118,  -0.00072,   0.01733,  -0.04339,  -0.08277,   0.04359,  -0.06800,   0.01569,   0.00749,   0.00585,  -0.03682,  -0.06636,  -0.03682,   0.04359,  -0.04503,  -0.00728,   0.05508,   0.00420,   0.00092,  -0.04175,  -0.04667,   0.00256,   0.00913,  -0.04667,   0.10267,  -0.00400,   0.01241,  -0.01221,  -0.09426,   0.04359,  -0.02533,   0.07313,  -0.04995,   0.07641,   0.02390,   0.02554,  -0.01221,   0.01897,  -0.08441,  -0.10903,   0.01569,   0.05508,   0.05016,   0.00256,  -0.00728,   0.01077,   0.01897,  -0.02862,  -0.06144,  -0.01713,  -0.09426,   0.00749,  -0.04503,   0.03210,   0.00749,  -0.03846,  -0.01385,   0.01897,   0.00420,  -0.05652,  -0.00564,   0.00256,   0.09939,   0.05016,  -0.04339,   0.00913,   0.05508,   0.02062,  -0.00564,  -0.00072,  -0.01549,  -0.09590,   0.00420,  -0.03682,  -0.01221,   0.00585,   0.00256,   0.05016,   0.02390,  -0.02862,  -0.03518,   0.00913,  -0.01056,  -0.00892,  -0.02369,  -0.01385,   0.01241,  -0.05816,  -0.02369,   0.04359,  -0.01549,   0.00913,   0.00913,  -0.02369,  -0.01877,  -0.05816,  -0.00400,   0.01241,  -0.00892,   0.01733,   0.00256,  -0.00236,  -0.01385,  -0.06636,  -0.03682,  -0.09426,   0.00749,  -0.01549,  -0.06800,   0.01077,   0.00913,  -0.03190,  -0.03190,   0.14206,  -0.06144,  -0.06636,  -0.01056,   0.00749,   0.02062,   0.03703,   0.06821,   0.06164,  -0.00564,  -0.01385,  -0.00400,  -0.03682,   0.00913,   0.10431,  -0.04503,  -0.09098,   0.02226,  -0.07129,   0.06821,  -0.01877
  -0.00564,   0.04031,   0.02062,   0.02718,  -0.09098,  -0.03190,  -0.00728,   0.03046,   0.04195,  -0.02698,  -0.05652,  -0.01549,  -0.02041,   0.05180,  -0.01549,   0.05180,  -0.00564,   0.04359,  -0.05652,   0.06000,   0.02062,  -0.01549,  -0.01221,   0.02226,   0.04851,   0.00256,  -0.00892,  -0.00236,  -0.11395,   0.01733,   0.03703,   0.05672,  -0.01549,  -0.00072,  -0.05487,  -0.09754,   0.07149,  -0.04503,   0.00585,   0.07477,  -0.07621,  -0.00236,   0.04687,  -0.02369,   0.06328,   0.01077,   0.04195,   0.04195,   0.06492,  -0.04667,   0.00092,   0.05180,   0.01733,   0.00749,   0.02226,   0.00585,  -0.02862,  -0.04010,   0.02062,  -0.06636,  -0.04010,  -0.05980,   0.08626,   0.04851,   0.01733,  -0.04995,   0.00420,  -0.00728,  -0.04339,   0.00585,  -0.04175,  -0.00400,  -0.04667,   0.01569,   0.06657,   0.04523,  -0.10411,  -0.02533,  -0.00728,  -0.03518,  -0.05323,  -0.04503,  -0.03518,  -0.00892,   0.03539,  -0.06636,   0.02390,   0.04687,   0.07641,  -0.06472,   0.00420,  -0.07621,  -0.02369,   0.02554,   0.02882,  -0.07293,   0.01733,  -0.02205,  -0.01056,   0.00420,   0.00092,   0.03210,  -0.03846,   0.00585,   0.07969,  -0.00400,   0.01569,   0.03867,   0.01405,   0.09446,  -0.00892,  -0.00400,   0.01241,  -0.07949,   0.01733,   0.00256,   0.02226,  -0.04667,  -0.01549,   0.04523,   0.01897,   0.01733,   0.00913,  -0.00236,  -0.06144,   0.01405,   0.00749,   0.00092,  -0.04667,  -0.01713,   0.04195,   0.04031,   0.00913,   0.02226,   0.07805,   0.01241,  -0.04503,   0.00420,   0.05508,   0.03703,   0.06985,  -0.00236,  -0.03354,  -0.03190,   0.06492,  -0.04339,  -0.04667,  -0.03190,  -0.05487,   0.01405,   0.00585,  -0.01713,   0.03210,  -0.02533,   0.00420,  -0.06472,   0.10595,   0.07477,  -0.04503,   0.02554,   0.09118,  -0.04995,  -0.01221,   0.03867,   0.04031,   0.05672,   0.03703,   0.05180,   0.01405,   0.00420,  -0.01713,   0.05180,  -0.03026,  -0.03846,  -0.01221,   0.00585,   0.01897,  -0.01549,  -0.04175,  -0.01877,  -0.02533,   0.08298,  -0.06144,  -0.04010,   0.00749,   0.00913,  -0.01056,   0.02554,   0.06164,   0.04031,   0.01241,  -0.00236,  -0.01221,  -0.01221,   0.02390,  -0.02369,  -0.02533,   0.02718,   0.01405,   0.04031,   0.01733,   0.02390,   0.01897,  -0.05159,  -0.04010,  -0.05980,   0.03210,  -0.07129,  -0.02533,   0.04687,  -0.01385,  -0.02205,  -0.01549,  -0.02862,   0.04359,   0.04031,   0.02062,  -0.11067,   0.03867,  -0.01385,   0.03046,   0.04687,  -0.00892,   0.01241,  -0.00400,  -0.03846,  -0.01549,  -0.03846,   0.06985,  -0.03518,   0.07805,   0.05672,   0.02226,   0.01405,  -0.00236,  -0.04831,   0.05016,   0.04359,  -0.09262,   0.01241,  -0.02369,  -0.06144,  -0.02369,   0.00913,  -0.01221,   0.02390,  -0.04175,  -0.08441,   0.03539,  -0.01056,  -0.06308,   0.00585,   0.04359,  -0.03518,  -0.02041,   0.04195,   0.02390,  -0.01713,  -0.01221,   0.04687,  -0.00564,  -0.07621,  -0.07949,   0.02882,  -0.06144,  -0.01713,   0.08134,   0.00092,   0.04031,  -0.06964,   0.00585,   0.06492,  -0.00072,   0.03867,  -0.00072,   0.02226,  -0.05816,   0.04851,  -0.04010,  -0.07129,  -0.00564,  -0.02205,   0.04687,   0.03046,   0.01897,   0.06657,  -0.05323,   0.00256,  -0.06800,  -0.04175,  -0.02533,  -0.07785,  -0.08277,  -0.00072,  -0.00892,   0.02554,  -0.02205,   0.08626,  -0.02862,   0.04851,   0.02718,   0.00913,  -0.02041,   0.03703,  -0.04175,   0.08462,   0.03539,  -0.02862,   0.05344,   0.00585,   0.01733,   0.04195,   0.00092,   0.03374,   0.01077,   0.04031,   0.06492,  -0.00072,  -0.07457,  -0.02369,  -0.03846,  -0.02205,  -0.06964,  -0.13365,  -0.00072,  -0.04995,   0.03210,   0.00749,   0.02226,   0.06000,   0.00585,  -0.08441,  -0.09262,  -0.01549,   0.01405,   0.00256,  -0.06964,   0.01077,  -0.01549,   0.06000,  -0.01056,  -0.04995,   0.01241,  -0.02862,  -0.03190,   0.03867,   0.10431,  -0.01056,  -0.01056,  -0.00236,  -0.04010,   0.04359,   0.00420,   0.01569,   0.05016,   0.02554,   0.08462,   0.04523,  -0.05323,   0.03703,  -0.01221,  -0.04175,   0.00420,   0.03374,  -0.08113,  -0.06636,  -0.03190,  -0.03682,   0.02718,   0.02390,  -0.01877,   0.06000,  -0.00400,   0.05508,  -0.01877,   0.01241,   0.01569,  -0.02698,   0.01733,  -0.03190,   0.01733,   0.07477,  -0.01877,  -0.01221,  -0.02205,   0.08790,  -0.05323,  -0.03682,   0.01897,   0.02718,   0.01077,   0.04031,   0.02390,  -0.02205,   0.04359,   0.03374,  -0.05980,  -0.04175,  -0.02369,  -0.02862,  -0.00892,   0.01405,   0.00420,  -0.00564,  -0.05487,  -0.03190,   0.07969,  -0.01385,   0.00256,  -0.01385,   0.07641,  -0.02369,  -0.02205,   0.03539,   0.04031,   0.02554,   0.06492,  -0.01221,  -0.09262,  -0.00400,   0.04359,  -0.00892,   0.02062,  -0.00892,   0.04523,  -0.04831,   0.09446,  -0.05652,  -0.02533,   0.00913,   0.01077,  -0.02533,  -0.02205,  -0.03026,  -0.00892,  -0.01713,  -0.00892,  -0.02041,   0.06657,  -0.02205,  -0.03518,  -0.05487,  -0.03190,  -0.01056,   0.01405,   0.05344,   0.04687,  -0.06472,  -0.09426,   0.08790,   0.06657,  -0.07949,   0.00913,  -0.03518,  -0.05159,  -0.04175,   0.02882,  -0.05652,  -0.04503,   0.05016,  -0.03518,  -0.05652,  -0.01056,  -0.06308,   0.00092,  -0.02041,   0.05836,   0.03539,   0.01241,   0.02554,  -0.08113,  -0.04831,   0.03539,  -0.00728,   0.03210,   0.00585,   0.02554,   0.01241,  -0.02862,  -0.07949,   0.09775,   0.02226,  -0.02041,   0.01569,   0.00913,  -0.04175,   0.11744,   0.01241,   0.03046,  -0.08770,  -0.04831,  -0.00892,  -0.06308,   0.01077,  -0.00236,  -0.06308,  -0.10739,   0.01733,   0.00749,   0.03374,  -0.00400,   0.02718,  -0.01713,   0.00092,   0.03867,  -0.08113,   0.05180,  -0.03846,  -0.01385,  -0.01385,  -0.01877,   0.05508,   0.01733,   0.13057,  -0.04831,   0.01569,  -0.02698,   0.06821,   0.02554,  -0.01385,   0.00420,  -0.07949,  -0.01713,   0.03210,   0.01733,  -0.01877,  -0.03682,  -0.04339,   0.03867,   0.04687,   0.01897,  -0.05159,  -0.03518,   0.01733,   0.02062,  -0.01385,   0.02718,  -0.02205,   0.00585,   0.00420,   0.05836,   0.04523,   0.04687,  -0.05159,  -0.04010,   0.00585,   0.01405,   0.02390,   0.01241,   0.00420,  -0.01877,  -0.02862,  -0.00564,   0.05180,   0.01897,  -0.04995,   0.00092,   0.06000,   0.06657,  -0.02369,   0.02226,   0.00913,   0.06000,  -0.04831,   0.00585,  -0.00564,  -0.01877,   0.04687,   0.03210,   0.00749,  -0.10247,   0.00420,   0.00256,   0.00585,  -0.06472,  -0.07785,   0.03046,   0.00585,  -0.03682,   0.09118,  -0.03682,   0.05508,  -0.02862,  -0.03682,  -0.01056,   0.00256,   0.03046,  -0.02698,  -0.01221,  -0.05159,   0.09939,   0.03374,   0.04195,  -0.04010,  -0.03026,   0.01733,  -0.02041,   0.01405,  -0.03026,  -0.03846,   0.05344,   0.05344,  -0.01713,  -0.03518,  -0.04831,   0.02882,  -0.02369,  -0.08605,  -0.04010,  -0.01877,  -0.05323,   0.03539,  -0.02369,  -0.00400,  -0.03190,  -0.03026,  -0.01549,  -0.09754,  -0.03846,   0.00749,  -0.07621,  -0.02369,  -0.01221,  -0.00892,  -0.00400,  -0.07785,   0.01405,   0.05672,   0.05508,   0.01897,   0.08626,  -0.07621,  -0.03026,  -0.03026,   0.00913,  -0.04175,   0.05836,   0.02062,   0.01405,   0.06492,  -0.00564,  -0.01385,  -0.04995,  -0.05487,   0.08954,   0.00749,   0.04031,   0.01241,   0.00585,   0.02062,   0.00420,  -0.03026,   0.02718,  -0.01056,   0.06821,   0.01897,  -0.04995,   0.03867,   0.03046,   0.00092,   0.04359,   0.04195,  -0.02205,   0.07641,   0.01405,  -0.01221,   0.00256,   0.05180,   0.04687,  -0.01877,   0.03703,   0.01241,   0.05672,  -0.01713,   0.00585,   0.01733,   0.05672,   0.01405,  -0.04339,  -0.07621,  -0.09098,   0.04195,   0.02882,   0.03046,  -0.00564,  -0.03846,  -0.00564,  -0.03518,  -0.02041,  -0.04175,   0.01733,  -0.04995,   0.01569,   0.01897,   0.05672,   0.01569,  -0.03026,  -0.01549,  -0.02533,  -0.11559,   0.00256,  -0.02533,   0.01241,   0.02226,   0.06657,   0.01077,  -0.00236,   0.04523,  -0.01385,  -0.04831,   0.05016,   0.05836,  -0.00728,  -0.02862,   0.02226,  -0.03682,   0.05016,  -0.06472,  -0.03518,  -0.01056,  -0.03682,  -0.05323,  -0.07293,   0.05672,   0.00749,  -0.00072,   0.05180,  -0.01877,  -0.05980,  -0.06472,   0.03867,   0.02882,   0.05016,   0.00913,   0.01733,   0.06821,   0.04851,   0.10595,  -0.00236,   0.03539,   0.07313,  -0.04831,   0.01733,  -0.01056,   0.02390,   0.05016,   0.03210,   0.00749,   0.05836,   0.05016,   0.02226,   0.04523,   0.00749,  -0.01877,  -0.01221,   0.02554,   0.04687,   0.01077,  -0.06472,  -0.03354,  -0.01221,   0.06985,   0.00420,   0.00749,  -0.01221,  -0.10411,  -0.04010,   0.04031,   0.02062,  -0.02862,  -0.00564,   0.01897,  -0.07621,  -0.12544,   0.03046,  -0.01385,  -0.02205,   0.03539,  -0.04831,  -0.04010,   0.00913,  -0.04010,  -0.04831,  -0.06636,   0.01241,  -0.01056,  -0.00892,   0.02390,   0.00420,   0.02718,  -0.02041,   0.05180,  -0.04831,  -0.01221,   0.06164,  -0.02698,  -0.04010,  -0.03518,   0.07477,  -0.03190,  -0.01549,  -0.05816,  -0.01549,  -0.00728,  -0.01713,  -0.05980,  -0.01713,   0.03210,  -0.02205,  -0.05816,   0.04687,  -0.02533,  -0.04010,  -0.03846,   0.05016,   0.02062,   0.01733,  -0.01877,   0.02718,   0.01733,  -0.03354,   0.08954,   0.05672,   0.03539,  -0.00564,   0.01733,   0.00420,  -0.01713,   0.01569,   0.03374,   0.04195,   0.00256,   0.07969,  -0.02205,   0.00420,  -0.00728,   0.08462,  -0.06308,   0.07477,  -0.01713,   0.03374,   0.01733,  -0.00564,   0.06164,  -0.06144,   0.01569,  -0.00400,   0.08462,  -0.04995,   0.01569,  -0.03518,  -0.00728,   0.00420,   0.00256,  -0.09262,   0.02718,  -0.05487,   0.05508,   0.05836,  -0.00400,  -0.01056,  -0.06964,  -0.05816,   0.05672,   0.00420,  -0.01877,   0.01241,  -0.00728,  -0.07621,  -0.01549,   0.01733,   0.07149,   0.05016,   0.06492,  -0.00728,   0.04359,   0.03374,   0.03210,  -0.04175,  -0.01221,   0.06164,   0.01733,  -0.03682,  -0.07457,   0.05344,   0.01077,   0.02226,   0.07969,  -0.01385,   0.01733,  -0.01056,   0.04523,   0.03046,  -0.03354,   0.00585,  -0.02698,  -0.02369,   0.00913,   0.01569,   0.02226,   0.08626,   0.03703,   0.01241,   0.03703,  -0.02698,  -0.01056,   0.01405,   0.04031,   0.07477,  -0.03026,  -0.04503,  -0.01713,   0.09446,   0.02718,  -0.05487,   0.02390,   0.05016,  -0.02533,   0.05180,   0.05508,  -0.01221,   0.05180,  -0.00236,   0.06000,   0.06657,   0.06000,   0.02062,  -0.01549,  -0.06144,  -0.04831,  -0.01713,   0.05180,  -0.03518,  -0.05652,   0.05836,   0.02062,   0.00420,  -0.01056,  -0.00072,   0.08298,   0.00092,   0.04359,   0.00092,   0.02718,   0.02062,  -0.04503,  -0.00072,   0.01897,   0.02390,  -0.00892,   0.02226,  -0.04995,   0.01405,  -0.04503,  -0.05980,  -0.05159,   0.00256,   0.10431,  -0.00728,   0.03539,   0.02882,   0.02718,  -0.01877,   0.01733,  -0.04339,   0.02882,  -0.01385,   0.02390,  -0.01877,  -0.00072,   0.00585,  -0.04010,   0.02554,  -0.00564,  -0.04339,  -0.02205,  -0.04010,  -0.02698,  -0.03026,  -0.03846,   0.06657,  -0.01549,  -0.02533,  -0.05980,   0.04687,  -0.04010,  -0.02369,   0.03046,  -0.00072,   0.00092,  -0.01549,   0.05344,  -0.01056,  -0.02533,   0.04031,   0.02390,  -0.03518,   0.00420,   0.02554,  -0.08277,   0.03046,   0.01241,  -0.01877,  -0.03190,   0.00913,   0.03046,   0.00585,  -0.07785,  -0.07293,  -0.08605,  -0.02698,   0.02226,  -0.00236,   0.03703,   0.00420,  -0.05159,  -0.04339,  -0.01549,  -0.04339,  -0.00236,   0.06000,   0.07641,  -0.04667,  -0.00072
  -0.04503,  -0.04010,   0.01405,  -0.01221,   0.00585,  -0.02369,  -0.08113,   0.00256,  -0.08934,   0.00913,   0.03210,  -0.06636,  -0.04175,  -0.02533,  -0.01056,   0.01897,   0.08298,  -0.03846,   0.00092,  -0.04667,  -0.01385,  -0.02698,   0.00092,   0.03374,   0.04359,  -0.00236,   0.04523,  -0.01221,   0.01405,  -0.02862,  -0.03682,   0.03539,  -0.04667,  -0.00728,  -0.03354,  -0.01385,   0.04195,   0.04031,   0.06985,  -0.03026,  -0.02698,  -0.02698,   0.01733,  -0.00236,  -0.03190,   0.00420,  -0.04339,  -0.00564,   0.00420,   0.02390,   0.00913,   0.01569,  -0.03682,  -0.02862,   0.01897,  -0.01877,   0.01077,  -0.01385,  -0.01385,  -0.00236,  -0.01549,  -0.01549,  -0.00728,  -0.01877,   0.02062,   0.01241,   0.01897,  -0.02698,  -0.03518,  -0.08113,   0.04031,  -0.01713,   0.00092,  -0.01221,  -0.02205,  -0.01056,   0.01733,   0.03210,  -0.02369,  -0.01877,  -0.03190,   0.00749,   0.04031,   0.01569,   0.08462,  -0.04010,  -0.05323,  -0.01385,   0.02390,  -0.03190,  -0.05323,   0.00420,   0.05672,  -0.05980,  -0.01221,  -0.01385,  -0.00400,   0.01569,  -0.00400,  -0.02205,   0.02390,  -0.02862,  -0.03026,  -0.00236,   0.02882,   0.00749,   0.06985,  -0.03846,  -0.06472,  -0.00072,  -0.02369,  -0.02369,   0.00256,  -0.04667,   0.06000,   0.01405,   0.02718,   0.01405,   0.01733,   0.00913,  -0.00564,  -0.03026,  -0.01056,   0.03046,   0.05836,   0.02390,  -0.05816,  -0.03354,  -0.03190,  -0.01549,   0.02554,   0.00092,  -0.05816,   0.03867,  -0.03190,  -0.01385,  -0.01385,   0.00256,   0.03867,  -0.01713,   0.02062,   0.02882,  -0.00400,   0.00256,  -0.00892,   0.02718,  -0.06472,  -0.04175,  -0.04667,   0.02554,   0.00585,  -0.06800,   0.00420,   0.04687,   0.05344,  -0.03354,  -0.01713,  -0.02205,   0.01077,   0.03374,   0.00749,   0.03867,   0.07805,  -0.04175,   0.01897,   0.04195,  -0.04995,  -0.00728,  -0.04995,  -0.01713,   0.00913,   0.02718,   0.02390,  -0.11724,   0.05180,  -0.04995,  -0.00892,  -0.01385,   0.00420,   0.04031,   0.05016,   0.02718,  -0.00728,  -0.07785,   0.03703,  -0.04831,   0.05672,  -0.00728,   0.05016,  -0.00728,   0.04687,  -0.04339,  -0.06308,  -0.03190,   0.06985,   0.02390,  -0.01877,  -0.06144,  -0.05323,   0.00913,   0.09282,   0.03210,  -0.03026,  -0.01056,  -0.02698,   0.01241,  -0.00728,   0.01733,  -0.06144,   0.05836,  -0.10739,  -0.00400,  -0.02862,  -0.06472,  -0.02205,   0.08134,  -0.02862,  -0.01056,   0.01241,   0.02554,   0.04359,  -0.02862,   0.03539,  -0.03026,   0.01241,  -0.00728,   0.01897,  -0.00072,   0.06657,  -0.02041,  -0.06964,  -0.03518,   0.07805,  -0.01385,   0.01569,  -0.02698,   0.05344,   0.02062,  -0.06472,  -0.03026,  -0.03026,  -0.01713,  -0.03354,   0.00585,   0.02554,   0.03867,   0.07969,   0.02882,  -0.01385,  -0.00728,  -0.03190,   0.03867,   0.07149,   0.03374,  -0.00236,   0.13385,   0.03703,  -0.00400,  -0.07129,   0.06164,   0.02390,   0.04195,   0.05836,   0.03210,   0.03046,   0.04031,  -0.04995,  -0.00072,  -0.00400,  -0.00072,   0.05180,   0.00585,   0.07149,  -0.07129,  -0.01713,  -0.04995,   0.03703,   0.09611,   0.00256,  -0.01549,  -0.01056,   0.07641,  -0.00400,   0.03046,   0.04359,   0.01897,  -0.02698,   0.04031,   0.02554,   0.05836,   0.02718,  -0.03846,  -0.05159,  -0.05816,   0.01569,   0.02226,  -0.00236,  -0.04010,   0.00913,   0.03046,  -0.07129,  -0.00400,   0.00092,  -0.04010,  -0.01056,   0.04851,  -0.09262,   0.01569,  -0.01549,   0.01077,  -0.00236,  -0.04339,   0.02882,  -0.03846,   0.03210,   0.03374,  -0.07293,  -0.07293,   0.05344,   0.05508,  -0.01549,   0.01733,  -0.04995,   0.07477,  -0.07457,  -0.10411,   0.07641,  -0.03354,  -0.02862,  -0.06636,  -0.06636,  -0.01877,   0.02062,   0.03867,  -0.00564,   0.09611,  -0.00728,   0.00256,   0.01077,   0.04359,  -0.00728,   0.09118,   0.06657,   0.03539,  -0.04175,  -0.06636,   0.00913,  -0.04831,   0.01241,  -0.02698,   0.05180,  -0.02862,  -0.02862,   0.02882,   0.02226,  -0.02862,  -0.01713,  -0.03518,  -0.01713,   0.00092,  -0.00072,  -0.05816,   0.01569,  -0.01549,   0.01897,   0.02718,  -0.03682,   0.02718,   0.10923,  -0.00728,   0.07477,  -0.03190,  -0.05652,  -0.00400,   0.02226,   0.02718,  -0.00400,   0.02226,  -0.01385,   0.11744,  -0.00892,  -0.05980,  -0.03354,   0.03210,  -0.02041,  -0.02041,  -0.00564,   0.02718,   0.06000,   0.02062,  -0.04010,  -0.05487,   0.03539,  -0.01221,   0.06000,   0.04359,   0.00749,  -0.01056,   0.00092,  -0.01385,   0.01405,  -0.00400,   0.07477,   0.02718,   0.02882,  -0.01549,  -0.00236,   0.05508,   0.03046,  -0.03190,  -0.07129,  -0.00400,   0.06985,   0.02390,  -0.04339,   0.01897,  -0.01385,   0.02062,  -0.03682,   0.00092,   0.03703,  -0.02862,   0.00913,   0.01241,  -0.00892,  -0.02205,  -0.03026,   0.02226,  -0.03846,  -0.01877,  -0.04831,   0.04031,  -0.01056,  -0.02369,   0.06164,   0.07149,   0.00420,  -0.04667,   0.05344,   0.00913,  -0.05816,  -0.01549,   0.05016,   0.06985,   0.03210,  -0.01056,   0.02226,  -0.04831,  -0.02862,   0.06000,  -0.05652,  -0.01713,   0.01405,   0.03210,   0.02062,  -0.05816,  -0.01385,   0.06657,   0.05016,   0.04359,   0.03046,  -0.02369,  -0.00728,   0.02718,  -0.02698,   0.01077,  -0.05159,  -0.03846,  -0.00236,  -0.00236,  -0.01713,   0.04851,   0.00420,   0.04195,  -0.02205,  -0.03354,   0.08626,  -0.01877,   0.03374,   0.07149,  -0.02698,  -0.03026,   0.06821,  -0.05816,  -0.02533,  -0.03190,  -0.00892,  -0.01713,  -0.02205,   0.05508,   0.04031,   0.03374,   0.01897,   0.00420,  -0.06144,  -0.01549,  -0.00072,   0.04687,   0.00420,  -0.00728,   0.00256,  -0.01221,  -0.00892,  -0.10903,   0.06821,   0.09282,  -0.00728,  -0.02205,   0.02882,  -0.04667,   0.01897,  -0.01385,   0.03046,   0.00585,  -0.05487,  -0.00400,   0.00092,  -0.02862,  -0.03190,   0.04687,  -0.03846,  -0.05816,   0.02882,   0.00749,   0.07313,   0.03867,  -0.02533,  -0.00728,  -0.04831,   0.00913,  -0.02862,  -0.07949,   0.05508,   0.00913,  -0.00892,   0.06164,  -0.02369,   0.09446,   0.01077,   0.02390,   0.02718,  -0.04339,  -0.03190,   0.04195,  -0.04995,  -0.01221,  -0.01713,  -0.02862,   0.00913,  -0.00236,   0.04851,   0.01569,  -0.03026,   0.00585,   0.02718,   0.05672,  -0.02862,  -0.00728,   0.05180,   0.03374,  -0.00564,   0.00420,   0.04031,   0.00420,   0.02882,   0.05508,   0.04359,   0.01897,  -0.00236,  -0.01221,  -0.02369,   0.00092,   0.00256,   0.01897,  -0.04175,  -0.01385,  -0.02369,  -0.00892,   0.06328,  -0.03026,  -0.06964,  -0.01385,   0.02390,   0.02718,  -0.09262,   0.01897,  -0.03354,  -0.00564,   0.00256,  -0.03682,   0.08462,  -0.02533,   0.03046,   0.02882,  -0.00236,   0.00913,  -0.05652,   0.00256,   0.03539,   0.02390,  -0.01056,  -0.05323,   0.02226,  -0.01056,   0.01897,  -0.00892,  -0.05652,   0.01569,   0.01897,  -0.02533,   0.01569,   0.06000,  -0.01221,   0.00420,  -0.01221,   0.02062,  -0.03518,   0.07313,  -0.07785,  -0.02205,  -0.00728,   0.00913,   0.05508,   0.03703,   0.01897,   0.04031,   0.00585,  -0.02533,   0.04031,  -0.05980,  -0.02369,  -0.01713,  -0.02041,   0.00749,  -0.01221,   0.05672,  -0.04175,  -0.05487,   0.05508,   0.01241,   0.03210,   0.03539,   0.02226,  -0.01713,  -0.01056,  -0.05816,  -0.02041,   0.01569,   0.08298,   0.00256,  -0.00564,   0.01241,   0.02554,  -0.01221,  -0.02698,   0.03210,   0.04851,   0.06657,   0.04031,  -0.04175,  -0.00400,   0.02062,   0.00749,  -0.04831,   0.01569,   0.06328,   0.02882,  -0.03518,  -0.01549,   0.09775,  -0.00072,  -0.00892,   0.02226,  -0.00236,   0.04195,   0.00420,   0.03210,  -0.00400,   0.02882,   0.06000,   0.03374,   0.01897,   0.07477,   0.01897,   0.01077,  -0.01877,  -0.02862,  -0.01221,  -0.08441,   0.00749,   0.00256,  -0.03190,   0.03046,  -0.02862,   0.02882,   0.06657,  -0.02533,  -0.01385,  -0.05487,   0.02554,   0.04851,   0.07805,   0.01077,   0.05836,   0.00256,  -0.00072,  -0.02698,   0.00749,  -0.01713,   0.03539,   0.05672,   0.02882,   0.03210,  -0.00072,   0.00749,  -0.06472,   0.05508,  -0.00728,  -0.00892,  -0.02041,   0.07641,  -0.04667,   0.01897,   0.01077,  -0.06472,   0.06657,   0.04195,   0.06000,  -0.04175,   0.02882,  -0.06472,  -0.02862,  -0.01056,   0.03210,  -0.00236,   0.00420,   0.03703,   0.03374,   0.01405,   0.03046,   0.05344,  -0.01713,  -0.01221,  -0.00072,   0.05344,   0.01241,   0.01241,   0.01733,  -0.04831,  -0.02533,  -0.02533,  -0.05652,   0.05836,  -0.01056,   0.03210,   0.04851,  -0.05816,  -0.03026,  -0.01056,  -0.04010,   0.00585,   0.00092,   0.01569,   0.03539,  -0.01056,  -0.01549,   0.01405,   0.10103,   0.01897,  -0.04010,  -0.03190,  -0.00728,  -0.01877,  -0.01056,   0.02390,  -0.04175,  -0.06472,   0.07641,   0.08298,   0.05836,  -0.03518,  -0.00892,   0.03210,   0.00256,   0.01733,  -0.02862,  -0.02862,   0.05344,  -0.01056,   0.00092,   0.00420,   0.08790,   0.02882,   0.06492,  -0.07785,  -0.03190,   0.06821,  -0.02041,  -0.01056,   0.01569,   0.03046,   0.03539,  -0.03354,   0.05344,  -0.02698,   0.00092,   0.03374,  -0.04667,  -0.05652,  -0.04503,  -0.01056,   0.07969,   0.06492,   0.00256,  -0.05816,   0.12893,   0.03374,   0.05836,  -0.00400,  -0.03354,  -0.03354,   0.03374,  -0.03518,  -0.07293,  -0.02862,   0.00585,  -0.06308,  -0.03682,   0.00092,  -0.01877,   0.04523,  -0.07785,  -0.01221,   0.03703,  -0.03026,  -0.01713,  -0.01385,   0.07641,   0.00585,   0.05016,  -0.03518,   0.00585,   0.02718,  -0.02533,   0.00420,  -0.03682,   0.05344,  -0.01385,  -0.04831,   0.03867,   0.05180,  -0.02041,   0.01077,  -0.00564,  -0.01221,  -0.01385,  -0.05652,  -0.03026,  -0.00728,  -0.01221,  -0.01385,   0.07313,  -0.02533,   0.00749,  -0.01877,   0.02062,   0.02554,   0.03539,  -0.03354,  -0.03026,  -0.02041,   0.00256,   0.00749,  -0.00236,   0.00092,  -0.01713,   0.00092,   0.00913,  -0.07129,  -0.00564,  -0.04503,   0.00749,  -0.09754,   0.04687,   0.01569,  -0.03026,   0.02554,  -0.03682,   0.04359,  -0.03518,   0.03539,  -0.00564,  -0.04175,   0.04195,   0.00749,   0.00256,  -0.02369,   0.05672,  -0.05323,  -0.00728,  -0.02533,   0.04851,  -0.02698,   0.03210,   0.02062,  -0.02698,   0.05836,   0.06328,   0.08626,   0.00092,   0.01733,   0.05672,  -0.00564,  -0.04995,  -0.00072,   0.03374,  -0.00892,  -0.05487,   0.02226,   0.00585,   0.01241,  -0.01713,   0.00749,  -0.08113,  -0.04175,  -0.00728,  -0.02205,   0.02882,   0.01569,  -0.08934,  -0.01221,   0.02226,   0.00256,   0.02882,  -0.04339,  -0.03026,  -0.00072,   0.01405,   0.01569,   0.04359,   0.03374,  -0.02041,   0.04031,  -0.00728,   0.00420,   0.06000,   0.03210,  -0.01877,   0.03703,   0.00585,  -0.04831,   0.02882,  -0.03354,  -0.01549,  -0.00564,   0.04851,  -0.04010,   0.02554,  -0.14021,   0.03703,   0.02390,  -0.08770,   0.03867,  -0.01056,   0.01241,  -0.00728,   0.04195,   0.01733,  -0.01549,   0.02718,  -0.00236,   0.00420,  -0.07785,   0.01733,  -0.07457,  -0.02698,   0.05016,  -0.03190,  -0.02369,   0.01077,  -0.06636,  -0.02533,  -0.00728,  -0.02698,  -0.02369,   0.07969,   0.03046,   0.02554,  -0.01877,   0.02882,  -0.03354,  -0.00564,   0.03374,  -0.00564,  -0.03354,   0.01733,  -0.03518,  -0.02369,   0.01733,  -0.08605,  -0.10247,   0.04523,   0.06985,   0.02554,  -0.03518,  -0.02205,  -0.01056,   0.00749,  -0.04667,   0.02226,   0.02554,  -0.01877,   0.03539,   0.08462,   0.01733,  -0.06472,  -0.06636,   0.02554,  -0.04010,  -0.03518,  -0.02205,  -0.00236,  -0.04339,  -0.03518
  -0.03846,  -0.02698,   0.05672,  -0.05323,  -0.08934,  -0.00236,   0.01405,   0.02390,   0.01733,  -0.03026,   0.02554,  -0.00564,   0.04523,   0.02226,  -0.05980,   0.04359,  -0.03354,   0.08626,  -0.01877,  -0.01713,   0.02882,   0.05836,  -0.05980,   0.00749,  -0.00400,   0.08462,   0.02226,  -0.01056,   0.04687,   0.00256,   0.06821,   0.00420,  -0.05159,   0.08298,   0.00092,  -0.02369,  -0.00236,  -0.02041,  -0.02369,  -0.03518,  -0.03518,  -0.02041,  -0.05487,  -0.03190,  -0.05159,   0.02554,  -0.04831,   0.05344,   0.03046,   0.03210,  -0.03190,  -0.06308,  -0.02041,  -0.02862,   0.01897,   0.00585,  -0.01713,   0.03210,   0.02554,  -0.01549,   0.02718,   0.02718,  -0.00564,  -0.03682,   0.02226,   0.00092,  -0.07949,   0.02882,  -0.01056,  -0.04995,  -0.00400,   0.05344,  -0.07785,   0.02062,   0.02226,  -0.01549,  -0.00728,   0.00585,   0.01733,  -0.04175,  -0.06308,   0.00256,   0.04031,   0.01241,  -0.08113,  -0.05159,  -0.03518,   0.07969,  -0.00892,   0.05508,  -0.04175,  -0.03354,  -0.02698,   0.04359,  -0.04010,   0.02718,   0.02882,  -0.03190,   0.01405,  -0.03354,   0.06328,  -0.02533,  -0.03026,   0.05836,  -0.02369,   0.03867,  -0.01877,  -0.02533,   0.01897,  -0.05652,  -0.04831,  -0.09754,  -0.00236,   0.01897,  -0.04175,  -0.03354,  -0.00564,  -0.03518,   0.02718,   0.01733,   0.03210,   0.06000,   0.01077,  -0.03354,   0.04031,  -0.09262,   0.03539,  -0.02862,   0.02882,  -0.03518,  -0.02533,   0.06821,  -0.05652,  -0.03518,   0.05836,   0.01569,  -0.02041,   0.05016,   0.04523,  -0.00564,   0.02554,  -0.01385,  -0.01713,   0.00749,   0.01569,  -0.00072,   0.02062,   0.01405,  -0.02041,  -0.02369,   0.05344,   0.05344,   0.04031,  -0.00400,  -0.01221,  -0.01056,   0.03867,   0.01241,   0.03539,  -0.04667,   0.02226,  -0.01221,  -0.01056,   0.02718,   0.02882,   0.01569,   0.04851,  -0.04667,  -0.04503,  -0.01221,  -0.06472,  -0.02369,   0.00913,   0.04195,  -0.03846,  -0.04667,  -0.05980,   0.03374,   0.01897,   0.03867,  -0.00728,  -0.01549,  -0.06800,  -0.02533,  -0.03190,  -0.02369,  -0.03354,  -0.03190,  -0.03846,  -0.06800,   0.05016,   0.00420,   0.02882,  -0.00400,   0.00092,  -0.00072,  -0.02533,  -0.00400,  -0.03846,  -0.00072,   0.01405,  -0.03190,   0.01077,   0.09611,  -0.02205,   0.02062,  -0.00236,  -0.06800,  -0.04339,  -0.00728,  -0.03354,   0.01569,   0.04687,  -0.07457,  -0.01221,   0.01077,   0.03374,   0.03867,  -0.03846,   0.07969,   0.02718,   0.00585,  -0.01877,   0.03046,  -0.02698,   0.06821,  -0.00892,  -0.05487,   0.04359,   0.01733,   0.00585,  -0.05652,   0.00749,   0.02554,  -0.02862,   0.04687,  -0.01549,  -0.03846,  -0.02205,   0.03374,   0.05508,   0.03539,   0.04031,  -0.03190,  -0.01549,  -0.00892,   0.00092,   0.00092,  -0.05980,   0.03539,   0.06821,   0.10595,  -0.01713,   0.00256,  -0.03190,   0.02554,  -0.09590,  -0.04010,   0.00092,  -0.01877,   0.05180,  -0.01221,  -0.06472,   0.00585,   0.04031,   0.06985,  -0.00892,  -0.10247,  -0.01056,   0.07641,   0.01077,  -0.03682,  -0.04175,  -0.03518,  -0.01221,   0.06657,   0.05508,  -0.05159,   0.02718,  -0.01549,  -0.02862,   0.04687,  -0.03190,   0.01241,   0.04031,  -0.01056,  -0.09590,  -0.00564,  -0.02041,  -0.00892,  -0.00400,  -0.08934,   0.01405,   0.02882,   0.03539,   0.06164,   0.03703,   0.00420,   0.02062,   0.05836,  -0.03190,   0.01569,   0.06000,  -0.01385,  -0.04175,  -0.04339,  -0.04831,  -0.06636,  -0.00072,  -0.02205,  -0.01877,   0.08626,   0.01077,   0.01241,  -0.00892,  -0.02205,  -0.03354,  -0.01877,   0.02062,   0.05016,   0.03703,  -0.01221,   0.00749,  -0.01385,  -0.02698,   0.02718,   0.01569,   0.02882,  -0.01056,  -0.00236,   0.04687,   0.00749,   0.00420,  -0.03518,   0.05344,   0.06164,   0.02390,  -0.01385,   0.01241,   0.02390,   0.02390,  -0.03846,  -0.03354,  -0.04667,   0.03210,   0.04687,  -0.01221,  -0.00400,  -0.00400,   0.03374,   0.05180,  -0.04010,  -0.03682,   0.01733,  -0.05323,  -0.05487,  -0.02533,   0.00749,  -0.02205,   0.11416,   0.05344,  -0.01385,   0.02718,   0.01569,   0.04031,  -0.08605,   0.02718,  -0.02369,  -0.04339,  -0.05816,   0.06492,  -0.04339,   0.00420,   0.00585,   0.03703,  -0.00728,   0.04523,   0.01077,  -0.03518,  -0.04503,  -0.04831,   0.08134,  -0.04667,   0.01733,   0.00092,  -0.05159,   0.02554,  -0.07785,  -0.03846,  -0.04175,  -0.01549,  -0.02698,  -0.04010,   0.05016,  -0.02369,   0.05180,   0.01077,  -0.00072,  -0.04995,   0.01733,  -0.04339,   0.02390,   0.01405,   0.06164,  -0.07621,  -0.02041,  -0.07457,  -0.02205,   0.10759,  -0.00564,   0.03539,   0.03703,   0.08790,  -0.01221,   0.00092,  -0.00072,   0.01405,   0.06000,   0.00092,  -0.03682,  -0.03354,   0.03539,   0.06000,   0.08626,  -0.05980,   0.09118,  -0.00564,   0.02554,   0.05344,   0.00585,   0.02062,   0.00256,   0.03703,   0.07149,  -0.04339,  -0.03354,   0.01897,   0.05836,  -0.06636,  -0.01877,  -0.04010,  -0.02698,  -0.03518,  -0.02862,   0.03539,  -0.06144,   0.01405,  -0.08277,   0.08298,  -0.00236,  -0.03846,   0.03539,  -0.04667,  -0.04831,  -0.05652,  -0.05816,   0.07805,  -0.01056,  -0.02698,   0.00913,  -0.02205,   0.02062,   0.00256,  -0.01713,  -0.03190,  -0.00072,   0.00092,   0.03374,  -0.05816,   0.01569,  -0.04831,  -0.00728,   0.00585,  -0.07785,   0.04195,   0.05508,  -0.03190,   0.03539,   0.04195,   0.06164,  -0.00728,   0.01733,   0.04031,   0.06164,   0.03210,   0.03867,   0.06985,  -0.01056,   0.05508,  -0.02533,  -0.05159,  -0.02205,   0.04031,   0.01733,  -0.06636,  -0.03682,  -0.00236,   0.04687,   0.00749,   0.02390,   0.00256,  -0.04503,  -0.04175,  -0.04503,  -0.00400,   0.00092,  -0.02533,  -0.00400,   0.02390,  -0.04175,  -0.02041,   0.04195,   0.03867,  -0.06636,  -0.03190,   0.00585,   0.01405,  -0.03026,  -0.01549,   0.03867,   0.06657,   0.02882,  -0.02862,  -0.01056,  -0.02533,  -0.02698,  -0.00236,  -0.03518,  -0.05980,  -0.01056,   0.02226,  -0.02041,   0.06821,  -0.02698,  -0.01877,   0.07805,   0.04031,   0.04523,   0.04687,  -0.01385,  -0.02369,  -0.00892,  -0.04995,   0.00420,   0.07313,  -0.00892,  -0.04995,   0.06328,   0.06492,   0.04851,   0.02882,   0.00092,  -0.04503,  -0.00728,   0.07149,   0.01569,   0.01405,   0.04031,   0.04687,  -0.04503,   0.04195,   0.01241,   0.01569,  -0.02533,  -0.00564,   0.02390,  -0.00072,   0.04195,  -0.01549,   0.05016,  -0.08277,  -0.04831,   0.00913,  -0.03518,  -0.07293,  -0.00892,  -0.05980,   0.00092,   0.04359,   0.02390,  -0.00072,   0.03539,   0.04195,  -0.01385,  -0.04667,  -0.02698,  -0.03190,  -0.00072,   0.06492,   0.05344,  -0.00236,   0.06492,   0.00092,  -0.04503,   0.00585,  -0.05487,  -0.02205,   0.03539,  -0.00400,  -0.00236,  -0.00892,  -0.00400,  -0.03026,  -0.04175,  -0.02533,  -0.00072,  -0.06964,   0.03046,  -0.02205,   0.01569,  -0.06144,   0.01077,   0.06492,  -0.06800,  -0.01056,  -0.02533,   0.05836,  -0.04667,   0.01569,  -0.00236,  -0.01221,   0.03867,   0.07149,   0.04523,   0.02226,   0.04851,   0.03046,  -0.01221,  -0.00892,   0.01405,  -0.00072,  -0.04667,   0.02718,   0.03539,  -0.07457,  -0.01056,   0.05016,   0.03374,   0.00913,  -0.03846,  -0.00400,  -0.03518,  -0.00400,  -0.00728,   0.02718,  -0.00728,  -0.02698,   0.00585,  -0.00564,  -0.00400,   0.00913,  -0.02205,  -0.04503,   0.03539,  -0.04995,  -0.00400,   0.04195,   0.06985,  -0.01385,  -0.03354,  -0.04995,  -0.03190,   0.00256,  -0.01056,   0.04359,   0.04523,  -0.03846,   0.00420,   0.03374,  -0.01713,  -0.05323,  -0.04995,  -0.01385,  -0.05487,  -0.00564,  -0.05652,  -0.01385,  -0.01713,   0.03867,   0.01077,   0.02882,  -0.02698,  -0.04831,  -0.04503,  -0.03846,   0.02718,   0.00913,  -0.02698,  -0.01877,   0.01569,  -0.01877,  -0.00072,   0.06657,   0.00092,   0.07313,   0.00420,   0.01733,  -0.06636,   0.02062,  -0.08113,  -0.04339,  -0.03190,  -0.02533,  -0.04667,   0.00092,  -0.01713,   0.01405,  -0.03190,  -0.00072,  -0.03682,  -0.02041,   0.03539,  -0.08441,   0.05672,   0.05180,  -0.06144,   0.03867,  -0.06800,   0.01077,   0.00420,  -0.00564,  -0.09098,   0.01077,   0.01897,  -0.01549,  -0.00564,  -0.00564,  -0.01877,  -0.03682,  -0.04995,  -0.00236,  -0.02205,  -0.03518,  -0.01549,  -0.00400,   0.10431,  -0.02041,  -0.04995,   0.03210,   0.01241,  -0.03026,  -0.00236,   0.02554,  -0.02862,  -0.09098,   0.05016,   0.03703,  -0.04667,  -0.02533,  -0.01056,  -0.01877,  -0.00072,   0.02062,   0.06328,   0.04031,   0.00585,   0.02718,  -0.05159,  -0.05816,  -0.03846,  -0.00072,  -0.06800,  -0.07293,   0.02390,   0.10103,   0.00420,   0.01241,   0.00749,  -0.02533,   0.00420,  -0.05323,  -0.02862,   0.08462,   0.10431,   0.09775,  -0.02369,  -0.03190,  -0.03026,  -0.00400,   0.01897,   0.02390,  -0.01549,   0.01241,  -0.08113,  -0.05159,   0.00092,   0.02062,  -0.04339,   0.02390,   0.01405,   0.04031,   0.02226,   0.02226,   0.06985,  -0.03354,  -0.00236,  -0.02698,  -0.00892,  -0.01221,   0.03210,  -0.02533,  -0.03682,   0.02390,  -0.00892,  -0.01713,   0.02882,   0.01569,   0.03374,  -0.04667,   0.01897,  -0.02698,  -0.01713,  -0.07785,  -0.00400,  -0.02041,   0.02718,  -0.05323,  -0.00728,   0.01897,   0.08298,  -0.00072,   0.00256,  -0.00564,   0.07149,  -0.03190,  -0.04010,   0.02226,  -0.02369,  -0.04339,   0.00913,   0.03210,  -0.00564,  -0.07949,   0.07313,   0.04359,   0.01077,  -0.02698,  -0.04339,  -0.00564,   0.03867,   0.02390,  -0.08113,  -0.00564,  -0.04010,   0.01733,  -0.03026,  -0.01549,   0.00913,   0.00749,  -0.04175,  -0.01549,   0.00585,  -0.00072,   0.06000,  -0.01877,  -0.03026,  -0.04995,  -0.00564,   0.01733,   0.07805,   0.04359,  -0.00236,  -0.01385,  -0.03518,   0.02718,  -0.03190,   0.00749,  -0.04339,  -0.02041,   0.06821,   0.04687,   0.01897,   0.00092,   0.07477,   0.04031,  -0.06308,   0.01897,  -0.11231,  -0.03190,   0.00420,   0.06985,  -0.07129,   0.01077,   0.00256,  -0.04339,  -0.00892,  -0.02862,   0.07641,   0.04851,   0.01569,   0.00256,   0.02882,   0.02554,   0.00749,  -0.04831,   0.00420,  -0.05980,  -0.01221,  -0.00728,  -0.01713,   0.00092,  -0.03682,   0.01733,  -0.05980,   0.00585,   0.04195,   0.05836,   0.01897,  -0.05980,   0.00420,   0.01077,  -0.04503,  -0.05816,   0.04523,   0.06328,  -0.00400,  -0.01549,   0.03210,   0.07641,  -0.04175,  -0.01549,   0.01077,  -0.06472,  -0.00236,  -0.01056,   0.06657,   0.03046,   0.03539,   0.02882,  -0.02533,  -0.02862,  -0.02369,   0.00420,   0.02554,  -0.00072,  -0.04010,  -0.02041,  -0.06308,  -0.00892,  -0.02205,   0.02226,   0.02226,  -0.02533,   0.00749,  -0.04831,   0.04687,   0.00585,   0.02718,   0.00585,  -0.00072,  -0.02205,  -0.00400,  -0.08113,   0.02882,  -0.03518,   0.02062,   0.06985,  -0.00892,  -0.09098,  -0.00236,  -0.08934,   0.06657,  -0.00400,   0.06657,  -0.05323,   0.04687,  -0.05487,  -0.02041,   0.02718,   0.03539,   0.01569,  -0.02205,   0.02390,   0.07969,  -0.08605,   0.02882,   0.06985,   0.04687,   0.01241,  -0.03354,  -0.00400,   0.02390,  -0.00728,   0.00092,   0.01733,   0.02882,   0.05836,  -0.05323,  -0.02205,   0.04195,  -0.02698,  -0.06964,   0.01897,   0.01897,  -0.01385,  -0.02041,  -0.03354,   0.03539,   0.01405,   0.09118,   0.00749,   0.04851,  -0.06800,  -0.04339,   0.04195,  -0.05816,   0.01241,   0.00585,   0.03046,  -0.02041,  -0.00728,  -0.05323,   0.04359,   0.03867,  -0.04667,  -0.02533,  -0.07129,   0.00913,  -0.04175,  -0.03026,   0.01569,   0.02062,   0.02390,  -0.03518
  -0.05487,  -0.01221,   0.01077,  -0.00072,   0.01733,  -0.01385,  -0.05487,  -0.09098,   0.04195,   0.02226,   0.00092,   0.01897,   0.03867,   0.06164,   0.00092,  -0.05323,   0.00256,   0.04031,   0.02718,  -0.02533,   0.03867,   0.02554,   0.00749,   0.00749,  -0.05816,   0.04851,   0.03539,   0.04851,   0.04523,   0.06985,  -0.03026,  -0.07621,   0.01733,   0.04359,   0.06657,  -0.06472,   0.04031,   0.01733,   0.01897,  -0.02533,  -0.02205,  -0.01549,   0.05180,   0.00913,   0.08462,   0.02062,   0.05344,   0.02062,  -0.02698,  -0.05323,   0.04523,  -0.01385,  -0.02369,   0.05508,  -0.04503,  -0.05816,  -0.03518,   0.00913,  -0.03518,   0.09939,   0.00913,   0.06657,   0.03374,   0.01077,  -0.03682,  -0.04831,  -0.00400,  -0.00072,   0.00913,   0.02718,   0.03046,   0.02554,  -0.08605,   0.02226,   0.00585,   0.06328,   0.04031,   0.04523,  -0.04667,  -0.09590,  -0.02041,   0.03867,  -0.03026,   0.01077,  -0.01221,  -0.03846,  -0.04339,  -0.02205,  -0.01385,  -0.01056,   0.06164,  -0.07457,   0.07149,   0.00585,  -0.03682,   0.00585,  -0.06800,   0.02882,  -0.00400,  -0.01713,  -0.04995,   0.02718,  -0.00400,   0.00092,   0.01569,  -0.09918,  -0.04175,   0.09611,  -0.05323,  -0.01713,  -0.05159,   0.08954,  -0.03682,  -0.04175,  -0.00564,  -0.02205,   0.06000,  -0.02041,   0.05836,  -0.01549,   0.02062,  -0.04339,  -0.02533,  -0.03846,   0.06000,   0.01569,  -0.03026,   0.01897,  -0.03354,   0.03046,  -0.06308,   0.04687,   0.05016,  -0.00728,   0.01405,  -0.04995,   0.03867,  -0.01713,   0.01897,  -0.00400,   0.01241,  -0.04175,  -0.02862,  -0.01549,   0.11088,   0.00256,   0.00913,   0.03539,  -0.01221,  -0.02205,   0.02062,   0.01897,   0.01733,  -0.00072,   0.00256,  -0.01385,  -0.04995,   0.03210,  -0.04339,   0.06985,   0.03703,  -0.03190,   0.06985,  -0.07621,   0.00256,   0.06492,  -0.02698,   0.04359,   0.01077,   0.02062,   0.01077,  -0.03354,   0.00256,  -0.02862,  -0.04339,   0.02554,   0.02390,   0.03374,  -0.00892,  -0.01385,  -0.01549,  -0.03846,  -0.00892,   0.00092,  -0.00564,   0.02718,  -0.04831,  -0.01877,  -0.08277,   0.00256,   0.05180,   0.03210,  -0.06472,   0.01241,  -0.00236,   0.08626,   0.05672,   0.05180,   0.01405,   0.04359,  -0.04175,   0.05016,   0.04523,   0.05016,   0.00092,   0.01569,  -0.05487,   0.00913,   0.02390,  -0.07457,  -0.01056,   0.02062,  -0.02041,   0.02718,  -0.01713,  -0.00728,   0.00256,  -0.06308,   0.02882,   0.02718,  -0.00728,  -0.00564,   0.00256,  -0.01713,  -0.07785,   0.00913,  -0.03518,  -0.01549,  -0.05323,  -0.01056,  -0.00400,  -0.02698,   0.00585,  -0.06472,  -0.03354,  -0.00400,  -0.04503,   0.06328,   0.01405,  -0.06800,   0.03374,  -0.04667,  -0.01877,   0.04687,   0.02226,   0.06164,   0.01733,  -0.01056,   0.00749,   0.05672,  -0.00236,  -0.03518,   0.02390,   0.04195,  -0.05159,   0.00913,   0.06821,   0.00092,   0.05836,  -0.01221,  -0.08605,  -0.08934,   0.03539,   0.01405,  -0.00400,   0.07313,  -0.08113,  -0.06636,  -0.03682,   0.01077,  -0.00072,   0.02554,  -0.02041,   0.01077,   0.01569,   0.03703,  -0.03190,   0.02554,  -0.02533,  -0.02041,   0.04195,  -0.01877,   0.00585,  -0.06144,  -0.11888,  -0.02533,   0.06492,   0.07477,  -0.01549,   0.03539,  -0.02862,  -0.05980,   0.07641,  -0.04831,   0.01569,  -0.04667,   0.07149,  -0.06308,   0.05836,  -0.08277,  -0.02205,   0.00256,  -0.02698,   0.02882,  -0.01221,  -0.02205,   0.02062,  -0.00072,  -0.01713,   0.05508,   0.06657,  -0.02041,   0.03210,  -0.01877,  -0.01056,   0.01241,  -0.02041,   0.02718,  -0.04995,   0.00420,  -0.04010,  -0.04995,   0.00256,  -0.03846,  -0.04667,  -0.02369,  -0.01385,   0.01897,  -0.01385,   0.03046,   0.02226,   0.02718,   0.07805,  -0.05652,  -0.00236,  -0.07457,  -0.03026,   0.07477,   0.06000,  -0.09754,   0.03539,  -0.06308,  -0.00400,  -0.07621,   0.06821,  -0.07949,  -0.01549,  -0.02369,  -0.00892,  -0.00564,   0.01569,   0.03374,  -0.06472,   0.03046,   0.06328,  -0.03026,  -0.02369,   0.03046,  -0.00072,  -0.02041,  -0.02041,   0.03210,   0.01569,   0.02390,  -0.01877,  -0.04995,   0.04523,  -0.00400,  -0.00728,  -0.00400,   0.02718,  -0.07457,  -0.06964,   0.06821,  -0.00564,   0.03867,   0.00092,   0.03210,  -0.02205,   0.02390,   0.01241,   0.01897,  -0.03518,   0.07149,   0.00420,   0.01733,  -0.04995,   0.00749,   0.01569,   0.02062,   0.00256,   0.06000,  -0.01221,   0.01077,  -0.01385,  -0.01056,   0.06492,   0.00749,   0.05836,  -0.01877,   0.02390,  -0.02041,  -0.04995,   0.00913,  -0.06800,  -0.02369,  -0.00728,  -0.00236,   0.02226,  -0.01713,   0.02882,  -0.05159,  -0.00892,  -0.02205,  -0.03518,  -0.03846,   0.01733,  -0.01056,   0.01241,  -0.00400,  -0.03190,   0.00256,  -0.00236,  -0.01385,  -0.02205,   0.00585,  -0.03190,  -0.01385,   0.03374,   0.01405,  -0.05159,  -0.01221,  -0.00564,  -0.04667,  -0.05323,   0.00749,  -0.01549,  -0.08934,  -0.02041,   0.02390,  -0.12052,  -0.01549,   0.01077,  -0.07621,  -0.03846,  -0.02533,   0.04195,   0.02390,  -0.01221,  -0.03518,  -0.03518,   0.03210,  -0.00400,  -0.00892,   0.01733,   0.01897,   0.01241,   0.04359,  -0.00072,  -0.00892,  -0.00236,  -0.05652,  -0.01221,  -0.03026,  -0.10575,   0.00420,  -0.05487,   0.05508,  -0.07949,  -0.00892,   0.00420,  -0.03682,  -0.05652,   0.03703,   0.03374,  -0.08770,   0.01077,   0.00256,  -0.02041,  -0.01221,   0.04851,  -0.01056,  -0.00236,   0.04195,   0.04851,   0.02718,   0.04851,  -0.05652,   0.01077,   0.02226,  -0.00564,   0.00913,   0.00913,  -0.08113,   0.04851,   0.05672,   0.02390,  -0.04010,  -0.03190,  -0.04010,  -0.07457,  -0.03846,   0.02882,  -0.03190,  -0.00892,   0.03210,  -0.04175,   0.04195,  -0.04339,   0.01569,   0.07477,  -0.00236,   0.01569,   0.01241,   0.02062,   0.02390,  -0.01877,   0.02226,  -0.03518,  -0.00072,  -0.07949,   0.00913,   0.02718,   0.02554,  -0.03682,   0.01733,   0.00092,  -0.01056,  -0.02369,  -0.00400,   0.01077,  -0.02205,  -0.01713,   0.06985,  -0.04339,  -0.00400,   0.04359,  -0.01221,  -0.06636,   0.09775,  -0.04175,   0.01241,  -0.02205,  -0.03026,   0.07149,   0.01897,   0.06328,   0.01077,   0.06328,   0.01241,   0.09118,  -0.02205,  -0.08934,  -0.03354,   0.01077,   0.00420,   0.06492,   0.00749,   0.05180,  -0.05323,   0.06000,   0.05836,  -0.01221,  -0.00400,   0.01241,   0.06000,   0.06164,   0.00749,   0.00420,  -0.04010,  -0.08770,   0.05180,  -0.00728,  -0.03354,  -0.00728,  -0.04339,  -0.07293,   0.04031,   0.07149,  -0.05816,  -0.04831,  -0.00564,  -0.04010,  -0.01385,  -0.01877,  -0.03026,   0.01405,  -0.00072,   0.01897,  -0.04175,  -0.00236,  -0.03190,  -0.07949,  -0.02862,   0.01569,  -0.00564,  -0.07621,   0.00749,   0.03046,   0.03046,  -0.01549,   0.00913,  -0.01713,   0.07313,   0.00749,  -0.01056,  -0.03354,  -0.02698,  -0.02205,  -0.01549,   0.01241,  -0.03354,  -0.00236,   0.01405,   0.01569,   0.06328,  -0.02698,   0.04031,   0.10103,   0.03867,   0.03374,   0.00092,   0.04195,   0.06164,   0.00749,   0.01241,  -0.00400,  -0.04010,   0.04359,   0.01241,   0.04687,   0.02226,   0.07149,   0.00092,   0.00256,   0.01077,   0.01733,   0.05672,   0.04195,  -0.06144,   0.01077,  -0.02533,  -0.09098,  -0.01713,  -0.08277,   0.00749,  -0.05980,   0.03539,   0.00585,  -0.06308,  -0.01877,   0.05016,   0.01733,   0.04523,   0.06328,  -0.00892,  -0.05323,   0.01733,  -0.04667,   0.06985,   0.06985,  -0.07457,   0.04851,  -0.01549,  -0.01877,  -0.03190,  -0.02041,  -0.04339,  -0.00564,  -0.01385,  -0.04010,   0.01405,  -0.05159,   0.03539,  -0.06144,  -0.02862,   0.05508,   0.00749,   0.10759,   0.07969,   0.07313,   0.01077,   0.03539,   0.07313,  -0.02041,   0.07805,  -0.04339,  -0.03518,  -0.00072,  -0.03026,  -0.10082,   0.06164,  -0.00072,   0.00749,   0.03539,  -0.00728,  -0.06636,  -0.03354,  -0.06472,   0.04687,   0.05508,  -0.02369,   0.05672,   0.03046,  -0.01877,  -0.01877,  -0.02533,  -0.04831,  -0.02041,  -0.06144,  -0.00564,  -0.01385,  -0.01549,  -0.02698,  -0.05323,   0.04031,  -0.06636,  -0.03026,  -0.03682,   0.01569,  -0.06144,   0.06985,   0.00913,  -0.03026,   0.02062,  -0.02369,   0.01077,  -0.00564,   0.04851,   0.06328,  -0.01549,   0.01077,  -0.02205,   0.02390,  -0.05652,  -0.04175,   0.01077,  -0.01056,  -0.02205,  -0.03846,  -0.08113,   0.01077,  -0.02041,   0.01897,   0.03374,   0.03703,  -0.04503,  -0.06636,  -0.06144,   0.00420,   0.03046,  -0.02862,   0.02882,   0.02062,   0.01405,   0.03046,   0.00256,   0.02062,  -0.03682,   0.01241,   0.06328,  -0.03190,  -0.06308,  -0.05323,  -0.09426,   0.04523,  -0.06144,   0.05836,   0.06000,   0.04687,   0.06164,  -0.05652,   0.06492,   0.02554,  -0.03682,   0.02226,  -0.01713,  -0.04995,  -0.00072,  -0.03354,  -0.02041,  -0.03354,   0.01569,  -0.02862,  -0.01549,  -0.06964,   0.03046,   0.01077,  -0.02205,   0.00749,  -0.03190,   0.07149,   0.00749,   0.03539,  -0.01056,   0.06985,  -0.03846,   0.02882,   0.02226,  -0.05980,  -0.03846,  -0.04995,  -0.01221,   0.03210,  -0.02533,   0.02882,  -0.02533,  -0.03026,  -0.02698,  -0.01713,  -0.01549,   0.04687,   0.02718,   0.01733,   0.06492,   0.00749,  -0.04831,   0.01733,  -0.00236,  -0.01877,   0.02882,  -0.00728,  -0.01713,  -0.00400,   0.00256,  -0.02533,   0.04195,  -0.04175,   0.01569,   0.00913,  -0.04010,   0.08954,   0.01405,   0.02226,   0.00420,   0.00913,  -0.07129,  -0.03190,   0.04687,   0.04523,   0.00913,   0.03374,   0.01077,  -0.00072,  -0.00892,  -0.04503,   0.05180,  -0.03518,  -0.01713,  -0.03682,  -0.02205,   0.01569,  -0.05159,  -0.02862,  -0.09426,   0.01077,  -0.00892,  -0.02533,  -0.00564,  -0.00728,   0.04031,   0.10103,  -0.01056,  -0.00400,   0.01569,  -0.03518,  -0.00728,  -0.00564,   0.07641,  -0.06636,  -0.07293,  -0.02205,   0.04851,   0.04523,   0.06492,  -0.00564,  -0.00236,  -0.00564,   0.06985,  -0.05159,   0.06657,   0.03539,  -0.10247,  -0.00728,   0.06328,   0.02226,   0.02390,   0.10431,   0.06164,  -0.01877,   0.02062,  -0.00072,   0.00256,   0.00256,   0.04195,   0.03046,  -0.00400,  -0.07785,   0.06000,  -0.02369,  -0.01549,   0.00749,  -0.10411,   0.07477,  -0.00564,  -0.00236,   0.02718,  -0.04995,   0.06821,  -0.04175,  -0.00892,  -0.07949,   0.03703,   0.04195,  -0.01877,  -0.01549,   0.00585,   0.10267,  -0.01056,  -0.02041,  -0.01221,   0.04687,  -0.02369,  -0.03354,   0.01077,  -0.04339,  -0.01385,  -0.05323,   0.09446,  -0.00236,   0.02062,   0.03867,  -0.03846,   0.00256,  -0.01877,  -0.04667,   0.01241,   0.02554,   0.02390,  -0.02369,  -0.00564,  -0.06144,  -0.04175,  -0.02369,   0.06985,   0.04523,  -0.06144,  -0.03190,   0.01733,  -0.10247,   0.05180,  -0.03846,  -0.02369,   0.02718,   0.00913,   0.04851,  -0.06308,   0.02882,  -0.00400,   0.02882,   0.02554,  -0.03682,  -0.06308,  -0.00892,  -0.03518,  -0.02698,  -0.00564,  -0.00728,   0.01405,  -0.02369,   0.06492,   0.07477,  -0.08277,   0.02718,   0.04687,   0.06164,  -0.09262,  -0.01877,  -0.04010,  -0.02533,  -0.01549,   0.05672,   0.01733,  -0.00236,   0.01241,   0.00913,  -0.04010,   0.06000,   0.05016,  -0.09590,   0.01241,   0.00092,   0.00420,  -0.03354,  -0.04995,  -0.02862,   0.01241,  -0.00236,   0.06000,  -0.03518,  -0.01877,  -0.07293,   0.07641,  -0.03026,   0.01569,  -0.01221,  -0.03190,  -0.06308,   0.03210,   0.06000,  -0.03354,   0.04359,   0.01733,   0.10759,   0.07641,   0.00749,  -0.06964,   0.06328,   0.04851,   0.03539,  -0.04010,  -0.06964,   0.03703,  -0.03190
  -0.00728,  -0.07621,   0.00420,   0.05180,   0.00749,  -0.00564,  -0.02205,   0.01569,  -0.02041,  -0.03354,  -0.05323,  -0.03354,  -0.03846,   0.02554,   0.08790,   0.01405,  -0.01549,   0.02718,  -0.00400,   0.00420,   0.05180,   0.02062,  -0.04339,   0.01405,   0.02062,   0.01733,  -0.02862,   0.00256,   0.06000,   0.00913,   0.03539,   0.03867,  -0.03518,   0.04031,   0.00749,  -0.01549,  -0.02698,   0.01405,   0.02390,  -0.01385,   0.08626,   0.05180,  -0.08934,  -0.00400,   0.02718,  -0.04339,   0.02554,   0.00749,  -0.06144,  -0.04667,   0.04851,   0.00420,  -0.01713,  -0.06308,  -0.03190,   0.02226,   0.00256,  -0.10411,   0.04687,   0.06985,  -0.00072,   0.06821,  -0.03190,  -0.00072,   0.01077,   0.02226,   0.02390,  -0.09918,  -0.01056,   0.02718,   0.04851,   0.03374,  -0.02369,  -0.00400,   0.02882,   0.00092,   0.05016,  -0.05816,   0.01897,   0.03374,   0.07313,   0.00585,   0.02062,  -0.02205,  -0.00072,   0.04851,  -0.00400,   0.03210,   0.00256,   0.10595,   0.03867,  -0.00728,   0.01241,   0.01897,   0.03867,   0.03374,   0.00092,   0.06821,  -0.04503,  -0.04995,   0.02554,  -0.02041,   0.04523,  -0.00072,  -0.14021,   0.03046,   0.02390,   0.03374,  -0.03518,  -0.05980,  -0.01056,  -0.04503,  -0.01056,   0.02390,  -0.04339,  -0.04175,   0.03703,  -0.03354,   0.01241,   0.02554,  -0.07457,   0.03539,  -0.02041,  -0.01056,  -0.01056,   0.02718,   0.01405,  -0.07293,  -0.05816,   0.05508,   0.06000,   0.05180,   0.01405,   0.05016,   0.03867,   0.00585,   0.04031,  -0.05652,   0.01733,   0.01569,  -0.05652,   0.00749,   0.05016,  -0.05323,   0.03210,   0.02882,   0.05344,   0.00420,   0.00585,   0.04687,  -0.04339,   0.03210,   0.05836,   0.01405,  -0.05816,   0.01077,   0.01733,  -0.01713,   0.05344,  -0.02369,  -0.00236,  -0.00892,  -0.01549,   0.03867,   0.04031,  -0.04175,  -0.09918,  -0.03190,  -0.00236,  -0.05816,   0.01077,  -0.03682,  -0.10247,  -0.05980,   0.00256,  -0.03682,   0.00585,   0.06821,   0.02554,  -0.01385,  -0.01385,  -0.08277,   0.06821,  -0.00236,   0.04359,  -0.01877,  -0.12544,   0.00749,   0.02062,  -0.00892,  -0.01221,   0.03539,  -0.04175,  -0.03354,  -0.01221,   0.02226,   0.00092,  -0.02041,  -0.02369,   0.03046,  -0.00236,   0.04359,  -0.02533,   0.04031,  -0.02369,   0.02554,   0.02226,   0.06657,  -0.02041,  -0.04010,   0.02390,   0.00749,   0.01405,   0.01569,   0.03539,   0.00585,  -0.05159,  -0.00892,   0.00913,   0.05508,  -0.01221,  -0.04503,   0.00420,  -0.01056,   0.02554,  -0.00728,   0.03867,  -0.05323,  -0.02205,   0.07313,  -0.06308,   0.03703,  -0.03354,   0.01733,  -0.05323,  -0.01056,  -0.07293,  -0.04667,   0.05180,  -0.06308,   0.03374,  -0.03354,   0.01405,   0.02554,   0.02390,  -0.03026,  -0.02369,  -0.01713,  -0.03846,  -0.03026,  -0.02698,   0.05344,  -0.05323,   0.10103,   0.00420,  -0.05159,   0.02882,   0.05836,  -0.00564,   0.01077,   0.01241,  -0.00236,   0.01077,   0.04359,  -0.05487,   0.01569,  -0.02698,  -0.02041,   0.00420,  -0.03518,  -0.05323,   0.00749,   0.02226,  -0.03518,   0.01241,  -0.01385,   0.01569,  -0.00892,  -0.00728,   0.01897,  -0.00728,  -0.05323,  -0.07293,  -0.00236,   0.01569,   0.01897,   0.02554,  -0.00892,   0.01897,   0.04031,  -0.04995,   0.02882,  -0.02862,  -0.04503,  -0.10082,   0.00420,  -0.06636,  -0.00728,   0.08790,  -0.00236,   0.00092,   0.03539,   0.04195,   0.00256,  -0.02862,   0.01569,  -0.01056,   0.02390,  -0.04831,  -0.02533,   0.02226,   0.00092,   0.10267,  -0.02698,   0.03867,   0.02390,  -0.03354,  -0.04995,  -0.01713,  -0.01877,  -0.05816,  -0.00892,  -0.00728,  -0.00564,   0.04523,  -0.02041,  -0.08770,  -0.04339,   0.02554,   0.06000,  -0.11395,   0.04687,   0.00749,  -0.05487,   0.05180,   0.03046,  -0.02369,  -0.01549,   0.03867,  -0.01056,   0.03539,   0.01733,  -0.07949,  -0.07785,   0.01569,   0.06000,   0.04031,   0.05344,  -0.02041,   0.04031,  -0.00728,   0.05672,   0.02554,   0.05180,   0.04195,   0.01733,  -0.00892,  -0.05323,  -0.00400,  -0.00728,  -0.01713,   0.02718,  -0.08113,   0.04359,  -0.00400,   0.00420,   0.01569,   0.01569,  -0.01056,  -0.00400,   0.08134,  -0.02533,  -0.02041,  -0.02041,  -0.01549,   0.04851,   0.00913,  -0.01549,   0.11908,  -0.04503,   0.02390,  -0.02533,   0.02226,   0.04687,   0.09446,   0.01405,  -0.02369,   0.02882,  -0.00892,   0.05180,  -0.07293,   0.08134,  -0.05487,   0.02554,   0.04195,   0.07805,  -0.06472,  -0.02698,  -0.00072,   0.03046,   0.03046,  -0.00236,  -0.02698,  -0.04995,   0.04523,   0.01569,  -0.00728,   0.03046,  -0.02533,   0.00749,  -0.03354,   0.05836,  -0.01221,   0.01569,  -0.03190,  -0.04339,   0.01733,  -0.04667,  -0.01549,  -0.05159,  -0.04010,   0.07641,   0.06985,   0.08790,   0.05180,  -0.01385,   0.02554,   0.05344,  -0.01713,  -0.00728,  -0.00564,  -0.00564,   0.07313,   0.09282,   0.05180,  -0.02041,  -0.02533,   0.02062,  -0.12216,  -0.08770,  -0.11888,  -0.00400,  -0.02205,  -0.05652,   0.03539,  -0.03190,  -0.07293,   0.00585,   0.01569,   0.01733,   0.02226,   0.01077,   0.00092,  -0.00072,   0.00092,  -0.07949,  -0.01056,  -0.05487,   0.02718,  -0.02369,   0.00420,  -0.04339,   0.00092,   0.05672,   0.02226,   0.02718,   0.03046,   0.01405,   0.01077,  -0.05323,  -0.02041,   0.00913,  -0.06472,  -0.03846,  -0.09098,  -0.01056,   0.05180,   0.04687,  -0.02205,   0.04195,  -0.01385,   0.01733,  -0.02041,  -0.00236,   0.00092,   0.06328,   0.04031,  -0.02369,  -0.03518,   0.01897,  -0.00072,   0.03046,   0.04687,  -0.01713,   0.03046,  -0.02698,   0.02554,  -0.01385,  -0.07621,  -0.07129,   0.00585,  -0.07621,   0.00092,  -0.03354,   0.01733,   0.07149,   0.04195,   0.04195,  -0.00400,  -0.00728,  -0.04503,   0.02226,  -0.04010,  -0.04667,   0.00092,   0.02554,   0.06657,   0.05016,  -0.01385,  -0.05816,  -0.04667,  -0.03026,  -0.00072,   0.02062,   0.07969,   0.00913,  -0.01056,   0.01241,  -0.06472,  -0.01877,  -0.01056,   0.01077,  -0.02369,   0.01241,   0.05016,   0.01405,   0.01077,   0.07313,  -0.04339,  -0.05323,   0.02554,  -0.04010,  -0.03518,  -0.00564,   0.08134,  -0.03354,  -0.01549,  -0.07785,  -0.02369,  -0.00728,  -0.09098,   0.06657,   0.05016,   0.04851,  -0.02533,   0.02718,  -0.10411,  -0.07949,   0.04851,  -0.04010,   0.09282,  -0.02533,  -0.01221,  -0.08113,   0.00913,  -0.01221,  -0.06308,  -0.05652,   0.06492,  -0.03682,  -0.00564,  -0.01549,  -0.06800,  -0.00892,  -0.01549,   0.01241,   0.02390,   0.03539,   0.02554,  -0.01385,   0.02882,  -0.00728,   0.09282,   0.01405,  -0.02698,   0.02226,   0.01405,   0.05508,   0.01405,  -0.01221,   0.01405,  -0.02698,   0.12893,   0.01241,  -0.02533,  -0.06308,  -0.00728,  -0.02862,   0.01569,  -0.00564,   0.03867,   0.01077,  -0.02698,   0.01733,  -0.05323,   0.03867,  -0.02862,   0.04359,  -0.00236,  -0.04339,   0.06821,   0.00420,   0.03374,  -0.07293,   0.01897,  -0.02533,  -0.01549,  -0.02041,   0.01405,   0.07313,  -0.04339,   0.00749,  -0.02369,   0.00256,   0.00749,   0.03210,  -0.01221,  -0.01385,   0.00256,  -0.02862,  -0.04175,  -0.03354,   0.05836,  -0.01221,   0.02882,   0.07969,  -0.05323,  -0.08113,   0.03210,  -0.01056,   0.04687,  -0.02698,   0.00749,   0.00585,   0.04359,   0.04687,  -0.05980,   0.03539,  -0.04010,  -0.04175,  -0.07129,   0.03703,   0.02390,   0.05672,   0.06328,   0.03046,  -0.00728,   0.01733,  -0.03190,  -0.00236,  -0.02698,   0.02718,  -0.06636,  -0.00892,  -0.00072,   0.03374,  -0.02533,  -0.04339,  -0.01056,   0.01569,  -0.07129,   0.08626,  -0.02205,  -0.00236,  -0.00564,   0.03210,  -0.06636,  -0.00400,   0.00092,   0.04687,   0.00749,   0.00913,  -0.02698,   0.02226,   0.03539,   0.00749,  -0.04667,  -0.05652,  -0.04503,   0.04523,  -0.00236,  -0.00564,   0.06164,  -0.01056,   0.00913,   0.02882,  -0.00072,   0.00749,   0.02226,  -0.03026,  -0.00728,   0.03210,   0.09939,   0.01733,   0.01077,  -0.04010,   0.01733,  -0.03518,  -0.01056,  -0.03190,   0.00749,   0.11088,  -0.05816,  -0.05159,  -0.07785,  -0.02862,   0.00092,   0.09118,   0.00913,   0.06657,   0.06328,  -0.03518,  -0.01221,  -0.01549,  -0.04010,  -0.04667,   0.02718,   0.07313,  -0.03026,  -0.13529,   0.02226,   0.06164,  -0.00072,  -0.00564,  -0.02533,   0.03539,  -0.09262,   0.03046,  -0.01385,  -0.04503,   0.01897,  -0.03518,  -0.01056,   0.03703,  -0.02698,   0.01405,  -0.02698,   0.02390,  -0.03354,  -0.03190,  -0.01877,   0.04195,  -0.01713,   0.03374,  -0.01877,  -0.07621,  -0.02533,  -0.04831,  -0.01385,   0.05016,   0.01077,   0.04195,  -0.07785,  -0.01877,   0.02226,  -0.01877,   0.01569,  -0.01056,  -0.01877,   0.03703,  -0.03026,   0.04687,   0.04195,   0.00913,  -0.05159,  -0.00400,   0.01897,  -0.02698,  -0.01713,   0.01733,  -0.03354,   0.03374,   0.00092,   0.10759,   0.01569,   0.05508,   0.01569,   0.03867,  -0.06472,   0.01897,  -0.00072,  -0.01221,   0.03539,   0.02062,  -0.09590,  -0.00072,  -0.01549,   0.02226,  -0.02862,   0.03210,   0.09118,  -0.06308,  -0.05323,   0.00256,  -0.01713,   0.02390,   0.07641,  -0.04010,  -0.05323,   0.02718,  -0.04175,   0.10103,  -0.01056,   0.06821,   0.00092,  -0.02041,  -0.06636,   0.02062,   0.00913,  -0.04010,  -0.04339,   0.07313,  -0.00728,  -0.03026,   0.07477,  -0.01221,   0.01405,   0.03539,  -0.01877,  -0.05652,   0.00420,  -0.05652,  -0.08770,   0.02554,  -0.00400,   0.00420,   0.05508,   0.03046,   0.02390,   0.05836,  -0.00728,  -0.02698,  -0.01877,   0.01077,   0.07969,   0.00092,  -0.04339,  -0.02205,  -0.00892,   0.03703,  -0.10903,  -0.01385,   0.02390,  -0.01713,  -0.07129,   0.00092,  -0.09098,   0.01897,   0.03539,   0.01405,  -0.07785,   0.07149,   0.01077,   0.02718,   0.01241,  -0.04667,  -0.06800,  -0.01385,  -0.03682,   0.00585,   0.03539,  -0.02862,  -0.01549,  -0.05159,  -0.04010,  -0.00892,  -0.07785,   0.02882,  -0.01549,  -0.05652,   0.03703,  -0.05816,   0.04031,  -0.07293,  -0.05159,   0.01569,  -0.01385,   0.06657,   0.00420,   0.01405,  -0.01713,   0.06164,   0.01241,  -0.02041,  -0.01549,  -0.01877,   0.03374,   0.03539,   0.04031,  -0.02205,   0.04687,  -0.07621,   0.00092,  -0.01056,   0.01569,  -0.07457,   0.02062,   0.06164,   0.01241,   0.05016,   0.00913,   0.02062,  -0.00892,  -0.06308,   0.02718,  -0.02862,  -0.06308,  -0.08605,   0.00913,   0.00256,   0.01405,  -0.02041,  -0.01549,  -0.01877,   0.01405,  -0.00072,  -0.08113,  -0.04010,   0.02062,   0.05016,  -0.03846,   0.01733,   0.05344,   0.03210,   0.03210,  -0.00564,   0.00585,   0.07149,  -0.00400,   0.02226,  -0.00072,  -0.02698,   0.00585,   0.07805,   0.04195,   0.00749,   0.01569,   0.01405,  -0.03026,  -0.01056,  -0.05980,  -0.01221,   0.01569,  -0.03846,  -0.03026,   0.11088,  -0.06472,   0.10431,  -0.01385,  -0.04339,  -0.01549,   0.00585,  -0.00728,   0.03374,   0.00913,   0.00256,   0.05180,  -0.03354,   0.00585,   0.01569,   0.03210,   0.02390,   0.03867,   0.05180,   0.03210,   0.00585,  -0.00892,  -0.00400,  -0.00072,  -0.03846,   0.01241,   0.05672,   0.02882,   0.00749,   0.02226,   0.03374,   0.05672,  -0.05159,  -0.02698,   0.03539,   0.03046,   0.02882,  -0.02369,   0.02390,   0.06821,  -0.08113,   0.04031,   0.06657,   0.01405,   0.03703,  -0.07785,   0.01569,  -0.02698,  -0.07129,   0.03046,  -0.00072,   0.07313,  -0.05652,  -0.05323,  -0.05323,  -0.03354,   0.04359,   0.03867,  -0.01713,  -0.01549,  -0.00236,   0.01077,  -0.02369,   0.04359,   0.00256,  -0.00400,  -0.04503,  -0.01385,  -0.08113
